   3500.  0.00  -5.06905  -4.11557  -3.16092  -2.45295  -2.07969  -0.61303  -0.35537
   3500.  0.50  -4.97670  -4.09962  -3.20700  -2.51579  -2.15401  -0.62286  -0.35823
   3500.  1.00  -4.88552  -4.08071  -3.24443  -2.56536  -2.21313  -0.62496  -0.35400
   3500.  1.50  -4.78013  -4.04474  -3.25929  -2.59047  -2.24599  -0.61494  -0.33941
   3500.  2.00  -4.65721  -3.98620  -3.24585  -2.58739  -2.24934  -0.59129  -0.31325
   3500.  2.50  -4.51579  -3.90111  -3.19846  -2.55176  -2.21897  -0.55182  -0.27388
   3500.  3.00  -4.36175  -3.79265  -3.11784  -2.48353  -2.15449  -0.49568  -0.22040
   3500.  3.50  -4.20792  -3.66505  -2.99806  -2.37281  -2.04375  -0.41875  -0.14938
   3500.  4.00  -4.06175  -3.52306  -2.83857  -2.21474  -1.87996  -0.32413  -0.06473
   3500.  4.50  -3.95498  -3.40625  -2.68703  -2.05417  -1.70842  -0.24743   0.00005
   3500.  5.00  -3.92095  -3.35278  -2.59117  -1.93554  -1.57587  -0.20080   0.03642
   3750.  0.00  -4.31952  -3.37754  -2.39775  -1.75007  -1.37197  -0.36613  -0.17594
   3750.  0.50  -4.23537  -3.35641  -2.41091  -1.77377  -1.40063  -0.37269  -0.18012
   3750.  1.00  -4.16592  -3.34554  -2.43347  -1.80399  -1.43534  -0.37700  -0.18103
   3750.  1.50  -4.09998  -3.33555  -2.45809  -1.83561  -1.47162  -0.37809  -0.17805
   3750.  2.00  -4.03172  -3.32105  -2.47989  -1.86458  -1.50564  -0.37531  -0.17106
   3750.  2.50  -3.96122  -3.30003  -2.49376  -1.88512  -1.53099  -0.36633  -0.15834
   3750.  3.00  -3.88272  -3.26656  -2.49329  -1.89144  -1.54184  -0.34923  -0.13840
   3750.  3.50  -3.80525  -3.22386  -2.47374  -1.87582  -1.52877  -0.31902  -0.10690
   3750.  4.00  -3.73665  -3.17074  -2.42367  -1.82243  -1.47374  -0.26689  -0.05627
   3750.  4.50  -3.66393  -3.10044  -2.34328  -1.73459  -1.38135  -0.20570  -0.00018
   3750.  5.00  -3.61326  -3.04683  -2.27367  -1.65339  -1.29393  -0.15733   0.04246
   4000.  0.00  -3.78145  -2.88367  -1.97655  -1.41045  -1.05728  -0.22694  -0.06791
   4000.  0.50  -3.70267  -2.85815  -1.97692  -1.41764  -1.06778  -0.23317  -0.07444
   4000.  1.00  -3.64006  -2.84526  -1.98521  -1.42798  -1.07952  -0.23706  -0.07817
   4000.  1.50  -3.58800  -2.83996  -1.99828  -1.44065  -1.09250  -0.23977  -0.08015
   4000.  2.00  -3.53740  -2.83561  -2.01273  -1.45438  -1.10634  -0.24137  -0.08050
   4000.  2.50  -3.49439  -2.83452  -2.02891  -1.46914  -1.12088  -0.24152  -0.07891
   4000.  3.00  -3.45523  -2.83276  -2.04412  -1.48335  -1.13512  -0.23863  -0.07384
   4000.  3.50  -3.42288  -2.83211  -2.05785  -1.49475  -1.14614  -0.23006  -0.06289
   4000.  4.00  -3.39606  -2.82769  -2.06130  -1.49295  -1.14286  -0.20877  -0.03985
   4000.  4.50  -3.37510  -2.81334  -2.04356  -1.46440  -1.11093  -0.16794   0.00069
   4000.  5.00  -3.34777  -2.78675  -2.01079  -1.42076  -1.06383  -0.12397   0.04261
   4250.  0.00  -3.36767  -2.53525  -1.69854  -1.19668  -0.86726  -0.13260   0.00684
   4250.  0.50  -3.29290  -2.50399  -1.69339  -1.20117  -0.87661  -0.14135  -0.00207
   4250.  1.00  -3.23557  -2.48678  -1.69671  -1.20837  -0.88623  -0.14672  -0.00765
   4250.  1.50  -3.18817  -2.47857  -1.70550  -1.21719  -0.89568  -0.15015  -0.01126
   4250.  2.00  -3.14368  -2.47317  -1.71555  -1.22582  -0.90408  -0.15289  -0.01409
   4250.  2.50  -3.10595  -2.47234  -1.72749  -1.23454  -0.91149  -0.15496  -0.01607
   4250.  3.00  -3.07885  -2.47752  -1.74108  -1.24260  -0.91695  -0.15545  -0.01637
   4250.  3.50  -3.06129  -2.48731  -1.75621  -1.25071  -0.92178  -0.15412  -0.01451
   4250.  4.00  -3.05543  -2.50328  -1.77287  -1.25776  -0.92438  -0.14875  -0.00835
   4250.  4.50  -3.05788  -2.51938  -1.78486  -1.25758  -0.91912  -0.13310   0.00801
   4250.  5.00  -3.06768  -2.53058  -1.78637  -1.24388  -0.90012  -0.10186   0.03938
   4500.  0.00  -3.03815  -2.27932  -1.50376  -1.04620  -0.73529  -0.06247   0.06073
   4500.  0.50  -2.97246  -2.24822  -1.49641  -1.04981  -0.74437  -0.07406   0.04961
   4500.  1.00  -2.92321  -2.22980  -1.49672  -1.05596  -0.75383  -0.08172   0.04226
   4500.  1.50  -2.88359  -2.21964  -1.50214  -1.06371  -0.76330  -0.08687   0.03728
   4500.  2.00  -2.84827  -2.21386  -1.51010  -1.07186  -0.77203  -0.09068   0.03354
   4500.  2.50  -2.81417  -2.21012  -1.51910  -1.07972  -0.77964  -0.09401   0.03017
   4500.  3.00  -2.78769  -2.21201  -1.53003  -1.08686  -0.78495  -0.09572   0.02833
   4500.  3.50  -2.76933  -2.21876  -1.54216  -1.09307  -0.78811  -0.09585   0.02806
   4500.  4.00  -2.76228  -2.23289  -1.55702  -1.09894  -0.78939  -0.09333   0.03059
   4500.  4.50  -2.76485  -2.25301  -1.57350  -1.10363  -0.78815  -0.08796   0.03597
   4500.  5.00  -2.77758  -2.27698  -1.58906  -1.10460  -0.78230  -0.07558   0.04841
   4750.  0.00  -2.75129  -2.07133  -1.35832  -0.93810  -0.64483  -0.01283   0.09690
   4750.  0.50  -2.69678  -2.04445  -1.35160  -0.94149  -0.65329  -0.02665   0.08374
   4750.  1.00  -2.65630  -2.02759  -1.35060  -0.94679  -0.66201  -0.03656   0.07449
   4750.  1.50  -2.62523  -2.01769  -1.35361  -0.95339  -0.67081  -0.04375   0.06789
   4750.  2.00  -2.59909  -2.01180  -1.35897  -0.96060  -0.67937  -0.04940   0.06269
   4750.  2.50  -2.57393  -2.00727  -1.36509  -0.96760  -0.68716  -0.05427   0.05811
   4750.  3.00  -2.55164  -2.00531  -1.37211  -0.97395  -0.69331  -0.05789   0.05456
   4750.  3.50  -2.53440  -2.00753  -1.38053  -0.97933  -0.69706  -0.05947   0.05284
   4750.  4.00  -2.52340  -2.01462  -1.39076  -0.98398  -0.69864  -0.05866   0.05349
   4750.  4.50  -2.52032  -2.02794  -1.40339  -0.98798  -0.69789  -0.05518   0.05678
   4750.  5.00  -2.52520  -2.04720  -1.41797  -0.99100  -0.69467  -0.04908   0.06260
   5000.  0.00  -2.48648  -1.88692  -1.24038  -0.85824  -0.58431   0.01342   0.11373
   5000.  0.50  -2.44544  -1.86815  -1.23784  -0.86334  -0.59340  -0.00100   0.09952
   5000.  1.00  -2.41415  -1.85593  -1.23863  -0.86930  -0.60224  -0.01224   0.08871
   5000.  1.50  -2.39114  -1.84904  -1.24193  -0.87582  -0.61069  -0.02093   0.08053
   5000.  2.00  -2.37357  -1.84550  -1.24670  -0.88256  -0.61875  -0.02798   0.07400
   5000.  2.50  -2.35832  -1.84320  -1.25179  -0.88894  -0.62605  -0.03390   0.06849
   5000.  3.00  -2.34476  -1.84171  -1.25669  -0.89441  -0.63198  -0.03863   0.06400
   5000.  3.50  -2.33318  -1.84177  -1.26182  -0.89885  -0.63607  -0.04171   0.06097
   5000.  4.00  -2.32470  -1.84446  -1.26764  -0.90208  -0.63779  -0.04233   0.06024
   5000.  4.50  -2.31980  -1.85086  -1.27504  -0.90450  -0.63729  -0.04036   0.06200
   5000.  5.00  -2.31904  -1.86169  -1.28443  -0.90625  -0.63459  -0.03586   0.06619
   5250.  0.00  -2.23701  -1.71717  -1.13952  -0.79715  -0.54437   0.01491   0.10924
   5250.  0.50  -2.21312  -1.70955  -1.14318  -0.80499  -0.55463   0.00234   0.09611
   5250.  1.00  -2.19401  -1.70496  -1.14796  -0.81276  -0.56421  -0.00836   0.08525
   5250.  1.50  -2.18029  -1.70345  -1.15373  -0.82038  -0.57305  -0.01725   0.07644
   5250.  2.00  -2.17085  -1.70415  -1.16010  -0.82780  -0.58125  -0.02471   0.06919
   5250.  2.50  -2.16439  -1.70594  -1.16627  -0.83450  -0.58842  -0.03089   0.06326
   5250.  3.00  -2.15973  -1.70782  -1.17151  -0.83996  -0.59412  -0.03585   0.05850
   5250.  3.50  -2.15618  -1.70973  -1.17586  -0.84398  -0.59798  -0.03920   0.05525
   5250.  4.00  -2.15391  -1.71202  -1.17939  -0.84623  -0.59946  -0.04039   0.05402
   5250.  4.50  -2.15253  -1.71542  -1.18297  -0.84715  -0.59871  -0.03922   0.05502
   5250.  5.00  -2.15225  -1.72087  -1.18742  -0.84702  -0.59574  -0.03557   0.05839
   5500.  0.00  -2.00602  -1.56296  -1.05385  -0.75106  -0.52042  -0.00489   0.08586
   5500.  0.50  -1.99947  -1.56672  -1.06367  -0.76138  -0.53128  -0.01384   0.07533
   5500.  1.00  -1.99379  -1.57066  -1.07279  -0.77092  -0.54127  -0.02220   0.06598
   5500.  1.50  -1.99081  -1.57577  -1.08179  -0.77998  -0.55056  -0.02975   0.05785
   5500.  2.00  -1.99020  -1.58184  -1.09073  -0.78866  -0.55928  -0.03661   0.05075
   5500.  2.50  -1.99183  -1.58837  -1.09903  -0.79642  -0.56689  -0.04246   0.04484
   5500.  3.00  -1.99468  -1.59450  -1.10616  -0.80293  -0.57315  -0.04734   0.04000
   5500.  3.50  -1.99845  -1.60008  -1.11185  -0.80770  -0.57743  -0.05059   0.03678
   5500.  4.00  -2.00270  -1.60470  -1.11557  -0.81012  -0.57905  -0.05175   0.03559
   5500.  4.50  -2.00667  -1.60859  -1.11789  -0.81052  -0.57822  -0.05069   0.03652
   5500.  5.00  -2.01017  -1.61234  -1.11942  -0.80904  -0.57480  -0.04714   0.03981
   5750.  0.00  -1.80147  -1.42829  -0.98435  -0.71895  -0.51051  -0.04029   0.04894
   5750.  0.50  -1.80936  -1.44122  -0.99820  -0.73008  -0.52022  -0.04456   0.04184
   5750.  1.00  -1.81536  -1.45271  -1.01097  -0.74074  -0.52984  -0.04954   0.03477
   5750.  1.50  -1.82216  -1.46420  -1.02315  -0.75106  -0.53924  -0.05478   0.02809
   5750.  2.00  -1.83045  -1.47592  -1.03485  -0.76095  -0.54823  -0.05997   0.02197
   5750.  2.50  -1.84011  -1.48751  -1.04561  -0.76998  -0.55639  -0.06485   0.01657
   5750.  3.00  -1.85028  -1.49840  -1.05520  -0.77792  -0.56345  -0.06922   0.01195
   5750.  3.50  -1.86073  -1.50818  -1.06303  -0.78407  -0.56864  -0.07234   0.00872
   5750.  4.00  -1.87055  -1.51614  -1.06854  -0.78783  -0.57134  -0.07370   0.00731
   5750.  4.50  -1.87939  -1.52232  -1.07172  -0.78904  -0.57129  -0.07285   0.00806
   5750.  5.00  -1.88699  -1.52683  -1.07265  -0.78746  -0.56803  -0.06925   0.01147
   6000.  0.00  -1.61950  -1.31204  -0.93193  -0.70132  -0.51498  -0.08842   0.00104
   6000.  0.50  -1.64362  -1.33262  -0.94566  -0.70961  -0.51979  -0.08597  -0.00058
   6000.  1.00  -1.65956  -1.35014  -0.96048  -0.72004  -0.52761  -0.08662  -0.00461
   6000.  1.50  -1.67455  -1.36703  -0.97513  -0.73091  -0.53628  -0.08875  -0.00930
   6000.  2.00  -1.69054  -1.38396  -0.98935  -0.74170  -0.54509  -0.09168  -0.01406
   6000.  2.50  -1.70746  -1.40059  -1.00278  -0.75207  -0.55368  -0.09509  -0.01866
   6000.  3.00  -1.72475  -1.41647  -1.01509  -0.76157  -0.56155  -0.09851  -0.02276
   6000.  3.50  -1.74152  -1.43067  -1.02546  -0.76939  -0.56787  -0.10130  -0.02593
   6000.  4.00  -1.75697  -1.44276  -1.03363  -0.77515  -0.57218  -0.10290  -0.02766
   6000.  4.50  -1.77073  -1.45231  -1.03884  -0.77798  -0.57349  -0.10235  -0.02719
   6000.  5.00  -1.78209  -1.45893  -1.04089  -0.77753  -0.57136  -0.09916  -0.02411
   6250.  0.50  -1.49393  -1.23816  -0.90730  -0.70136  -0.53161  -0.13744  -0.05161
   6250.  1.00  -1.52352  -1.26102  -0.91996  -0.70769  -0.53362  -0.13151  -0.05033
   6250.  1.50  -1.54642  -1.28232  -0.93550  -0.71766  -0.54002  -0.12951  -0.05219
   6250.  2.00  -1.56890  -1.30356  -0.95161  -0.72884  -0.54809  -0.12957  -0.05517
   6250.  2.50  -1.59188  -1.32471  -0.96762  -0.74039  -0.55689  -0.13108  -0.05873
   6250.  3.00  -1.61518  -1.34520  -0.98278  -0.75157  -0.56561  -0.13341  -0.06238
   6250.  3.50  -1.63810  -1.36428  -0.99630  -0.76150  -0.57332  -0.13575  -0.06545
   6250.  4.00  -1.65944  -1.38113  -1.00761  -0.76956  -0.57935  -0.13746  -0.06749
   6250.  4.50  -1.67819  -1.39471  -1.01564  -0.77460  -0.58249  -0.13736  -0.06751
   6250.  5.00  -1.69359  -1.40456  -1.02001  -0.77619  -0.58223  -0.13495  -0.06514
   6500.  0.50  -1.36502  -1.15831  -0.87963  -0.70179  -0.55190  -0.19543  -0.10830
   6500.  1.00  -1.39872  -1.18259  -0.89113  -0.70559  -0.55001  -0.18480  -0.10332
   6500.  1.50  -1.43361  -1.20824  -0.90390  -0.71125  -0.55060  -0.17651  -0.10012
   6500.  2.00  -1.46281  -1.23308  -0.92045  -0.72145  -0.55649  -0.17279  -0.10054
   6500.  2.50  -1.49148  -1.25805  -0.93818  -0.73343  -0.56469  -0.17174  -0.10260
   6500.  3.00  -1.52030  -1.28281  -0.95591  -0.74598  -0.57387  -0.17245  -0.10544
   6500.  3.50  -1.54869  -1.30665  -0.97283  -0.75821  -0.58307  -0.17426  -0.10849
   6500.  4.00  -1.57565  -1.32846  -0.98775  -0.76892  -0.59106  -0.17606  -0.11092
   6500.  4.50  -1.59954  -1.34669  -0.99932  -0.77676  -0.59647  -0.17656  -0.11164
   6500.  5.00  -1.61943  -1.36073  -1.00705  -0.78118  -0.59869  -0.17521  -0.11029
   6750.  0.50  -1.26613  -1.09726  -0.85960  -0.70593  -0.57378  -0.25318  -0.16468
   6750.  1.00  -1.29062  -1.11642  -0.87159  -0.71106  -0.57380  -0.24325  -0.16079
   6750.  1.50  -1.32888  -1.14270  -0.88250  -0.71393  -0.57048  -0.23080  -0.15439
   6750.  2.00  -1.36919  -1.17150  -0.89608  -0.71980  -0.57061  -0.22112  -0.15006
   6750.  2.50  -1.40414  -1.19975  -0.91400  -0.73079  -0.57671  -0.21653  -0.14975
   6750.  3.00  -1.43818  -1.22819  -0.93354  -0.74402  -0.58561  -0.21508  -0.15136
   6750.  3.50  -1.47171  -1.25625  -0.95328  -0.75802  -0.59574  -0.21578  -0.15403
   6750.  4.00  -1.50400  -1.28283  -0.97178  -0.77130  -0.60553  -0.21730  -0.15663
   6750.  4.50  -1.53283  -1.30598  -0.98750  -0.78251  -0.61372  -0.21872  -0.15843
   6750.  5.00  -1.55774  -1.32501  -0.99940  -0.79033  -0.61883  -0.21844  -0.15815
   7000.  0.50  -1.19160  -1.05302  -0.84800  -0.71459  -0.59793  -0.30945  -0.22016
   7000.  1.00  -1.20953  -1.06705  -0.85802  -0.71889  -0.59781  -0.30023  -0.21674
   7000.  1.50  -1.23807  -1.08752  -0.86910  -0.72316  -0.59675  -0.28931  -0.21241
   7000.  2.00  -1.28165  -1.11665  -0.88039  -0.72605  -0.59292  -0.27575  -0.20514
   7000.  2.50  -1.32659  -1.14871  -0.89567  -0.73320  -0.59385  -0.26571  -0.20046
   7000.  3.00  -1.36676  -1.18056  -0.91562  -0.74571  -0.60094  -0.26102  -0.19991
   7000.  3.50  -1.40519  -1.21214  -0.93716  -0.76054  -0.61102  -0.25984  -0.20158
   7000.  4.00  -1.44225  -1.24282  -0.95862  -0.77588  -0.62210  -0.26071  -0.20409
   7000.  4.50  -1.47650  -1.27110  -0.97844  -0.79025  -0.63273  -0.26250  -0.20657
   7000.  5.00  -1.50656  -1.29533  -0.99476  -0.80169  -0.64085  -0.26333  -0.20750
   7250.  0.50  -1.14751  -1.02856  -0.84377  -0.72553  -0.62070  -0.35993  -0.27149
   7250.  1.00  -1.14861  -1.03213  -0.85224  -0.73117  -0.62426  -0.35623  -0.27226
   7250.  1.50  -1.17202  -1.04804  -0.86102  -0.73423  -0.62264  -0.34560  -0.26822
   7250.  2.00  -1.20518  -1.07095  -0.87251  -0.73880  -0.62159  -0.33422  -0.26361
   7250.  2.50  -1.25394  -1.10356  -0.88526  -0.74276  -0.61833  -0.32032  -0.25600
   7250.  3.00  -1.30287  -1.13877  -0.90271  -0.75176  -0.62070  -0.31074  -0.25167
   7250.  3.50  -1.34682  -1.17347  -0.92467  -0.76606  -0.62928  -0.30668  -0.25140
   7250.  4.00  -1.38871  -1.20781  -0.94818  -0.78259  -0.64074  -0.30614  -0.25320
   7250.  4.50  -1.42822  -1.24065  -0.97127  -0.79931  -0.65293  -0.30752  -0.25574
   7250.  5.00  -1.46358  -1.26994  -0.99168  -0.81402  -0.66364  -0.30899  -0.25748
   7500.  0.50  -1.15865  -1.04121  -0.85272  -0.73868  -0.63663  -0.39379  -0.31013
   7500.  1.00  -1.11051  -1.01427  -0.85592  -0.74882  -0.65329  -0.40940  -0.32588
   7500.  1.50  -1.12372  -1.02232  -0.86125  -0.75048  -0.65181  -0.40141  -0.32376
   7500.  2.00  -1.15208  -1.04052  -0.86993  -0.75339  -0.64978  -0.39025  -0.31962
   7500.  2.50  -1.19020  -1.06624  -0.88226  -0.75869  -0.64914  -0.37884  -0.31508
   7500.  3.00  -1.24352  -1.10218  -0.89669  -0.76406  -0.64691  -0.36514  -0.30751
   7500.  3.50  -1.29501  -1.14013  -0.91674  -0.77549  -0.65144  -0.35672  -0.30383
   7500.  4.00  -1.34199  -1.17753  -0.94091  -0.79181  -0.66179  -0.35370  -0.30401
   7500.  4.50  -1.38640  -1.21407  -0.96604  -0.80978  -0.67446  -0.35382  -0.30590
   7500.  5.00  -1.42692  -1.24801  -0.98995  -0.82721  -0.68717  -0.35535  -0.30795
   7750.  1.00  -1.10057  -1.01632  -0.86924  -0.77124  -0.68324  -0.45814  -0.37671
   7750.  1.50  -1.09613  -1.01264  -0.87123  -0.77267  -0.68419  -0.45516  -0.37820
   7750.  2.00  -1.11753  -1.02476  -0.87643  -0.77354  -0.68116  -0.44493  -0.37474
   7750.  2.50  -1.14948  -1.04498  -0.88575  -0.77729  -0.67998  -0.43433  -0.37114
   7750.  3.00  -1.19148  -1.07326  -0.89906  -0.78360  -0.68019  -0.42358  -0.36691
   7750.  3.50  -1.24774  -1.11171  -0.91502  -0.79054  -0.67936  -0.41094  -0.35994
   7750.  4.00  -1.30119  -1.15193  -0.93749  -0.80431  -0.68608  -0.40381  -0.35698
   7750.  4.50  -1.35013  -1.19136  -0.96338  -0.82230  -0.69794  -0.40178  -0.35735
   7750.  5.00  -1.39548  -1.22923  -0.98980  -0.84144  -0.71161  -0.40252  -0.35902
   8000.  1.00  -1.12595  -1.04536  -0.89780  -0.80194  -0.71563  -0.50050  -0.42374
   8000.  1.50  -1.08746  -1.01769  -0.89043  -0.80109  -0.72058  -0.50856  -0.43292
   8000.  2.00  -1.09793  -1.02160  -0.89183  -0.80021  -0.71745  -0.50065  -0.43099
   8000.  2.50  -1.12489  -1.03690  -0.89756  -0.80135  -0.71428  -0.48981  -0.42717
   8000.  3.00  -1.16119  -1.05986  -0.90786  -0.80592  -0.71363  -0.47930  -0.42361
   8000.  3.50  -1.20785  -1.09128  -0.92229  -0.81314  -0.71438  -0.46867  -0.41918
   8000.  4.00  -1.26525  -1.13139  -0.93993  -0.82198  -0.71550  -0.45751  -0.41298
   8000.  4.50  -1.31902  -1.17301  -0.96455  -0.83794  -0.72440  -0.45198  -0.41062
   8000.  5.00  -1.36868  -1.21369  -0.99181  -0.85735  -0.73763  -0.45101  -0.41120
   8250.  1.00  -1.18465  -1.10379  -0.94937  -0.84857  -0.75827  -0.54104  -0.47322
   8250.  1.50  -1.10043  -1.03947  -0.91994  -0.83615  -0.76052  -0.56073  -0.48750
   8250.  2.00  -1.09473  -1.03175  -0.91637  -0.83342  -0.75830  -0.55713  -0.48852
   8250.  2.50  -1.11379  -1.04042  -0.91825  -0.83224  -0.75402  -0.54725  -0.48541
   8250.  3.00  -1.14502  -1.05822  -0.92460  -0.83395  -0.75121  -0.53625  -0.48154
   8250.  3.50  -1.18466  -1.08362  -0.93599  -0.83958  -0.75143  -0.52615  -0.47786
   8250.  4.00  -1.23511  -1.11796  -0.95132  -0.84746  -0.75247  -0.51564  -0.47281
   8250.  4.50  -1.29290  -1.15950  -0.97079  -0.85810  -0.75533  -0.50540  -0.46672
   8250.  5.00  -1.34646  -1.20191  -0.99694  -0.87581  -0.76607  -0.50134  -0.46490
   8500.  1.50  -1.13276  -1.07685  -0.96006  -0.87825  -0.80443  -0.61167  -0.54222
   8500.  2.00  -1.10851  -1.05546  -0.94992  -0.87288  -0.80312  -0.61372  -0.54676
   8500.  2.50  -1.11745  -1.05649  -0.94803  -0.86985  -0.79866  -0.60583  -0.54489
   8500.  3.00  -1.14191  -1.06845  -0.95058  -0.86897  -0.79421  -0.59497  -0.54092
   8500.  3.50  -1.17626  -1.08843  -0.95771  -0.87141  -0.79195  -0.58409  -0.53681
   8500.  4.00  -1.21901  -1.11613  -0.97004  -0.87796  -0.79292  -0.57443  -0.53306
   8500.  4.50  -1.27265  -1.15284  -0.98547  -0.88572  -0.79348  -0.56342  -0.52682
   8500.  5.00  -1.32908  -1.19472  -1.00663  -0.89821  -0.79830  -0.55440  -0.52084
   8750.  1.50  -1.17640  -1.12391  -1.00797  -0.92620  -0.85253  -0.66291  -0.59829
   8750.  2.00  -1.13598  -1.09008  -0.99076  -0.91732  -0.85088  -0.66976  -0.60504
   8750.  2.50  -1.13500  -1.08411  -0.98593  -0.91339  -0.84741  -0.66533  -0.60552
   8750.  3.00  -1.15211  -1.09021  -0.98528  -0.91074  -0.84241  -0.65584  -0.60260
   8750.  3.50  -1.18047  -1.10450  -0.98821  -0.91013  -0.83798  -0.64458  -0.59826
   8750.  4.00  -1.21764  -1.12637  -0.99581  -0.91306  -0.83609  -0.63370  -0.59366
   8750.  4.50  -1.26337  -1.15642  -1.00868  -0.91999  -0.83715  -0.62382  -0.58878
   8750.  5.00  -1.31758  -1.19410  -1.02387  -0.92725  -0.83687  -0.61166  -0.58036
   9000.  1.50  -1.22474  -1.17513  -1.05995  -0.97768  -0.90370  -0.71547  -0.65611
   9000.  2.00  -1.17181  -1.13105  -1.03579  -0.96454  -0.90015  -0.72535  -0.66355
   9000.  2.50  -1.16286  -1.11954  -1.02874  -0.96024  -0.89803  -0.72471  -0.66658
   9000.  3.00  -1.17424  -1.12155  -1.02644  -0.95716  -0.89372  -0.71735  -0.66528
   9000.  3.50  -1.19725  -1.13144  -1.02684  -0.95503  -0.88863  -0.70671  -0.66132
   9000.  4.00  -1.22842  -1.14782  -1.03051  -0.95509  -0.88470  -0.69532  -0.65617
   9000.  4.50  -1.26744  -1.17138  -1.03863  -0.95858  -0.88326  -0.68457  -0.65079
   9000.  5.00  -1.31492  -1.20296  -1.05112  -0.96490  -0.88337  -0.67374  -0.64410
   9250.  2.00  -1.21236  -1.17565  -1.08337  -1.01345  -0.95033  -0.78006  -0.72156
   9250.  2.50  -1.19701  -1.15969  -1.07446  -1.00888  -0.94941  -0.78307  -0.72693
   9250.  3.00  -1.20365  -1.15871  -1.07154  -1.00636  -0.94677  -0.77877  -0.72792
   9250.  3.50  -1.22240  -1.16565  -1.07089  -1.00408  -0.94237  -0.76991  -0.72536
   9250.  4.00  -1.24931  -1.17825  -1.07204  -1.00245  -0.93740  -0.75874  -0.72052
   9250.  4.50  -1.28330  -1.19673  -1.07620  -1.00291  -0.93367  -0.74716  -0.71458
   9250.  5.00  -1.32460  -1.22230  -1.08480  -1.00678  -0.93243  -0.73619  -0.70802
   9500.  2.00  -1.25557  -1.22224  -1.13237  -1.06335  -1.00111  -0.83425  -0.77918
   9500.  2.50  -1.23523  -1.20281  -1.12188  -1.05841  -1.00093  -0.84010  -0.78620
   9500.  3.00  -1.23802  -1.19956  -1.11869  -1.05664  -1.00005  -0.83905  -0.78960
   9500.  3.50  -1.25365  -1.20453  -1.11779  -1.05497  -0.99702  -0.83266  -0.78915
   9500.  4.00  -1.27748  -1.21474  -1.11796  -1.05309  -0.99247  -0.82286  -0.78563
   9500.  4.50  -1.30784  -1.22977  -1.11973  -1.05194  -0.98774  -0.81136  -0.77987
   9500.  5.00  -1.34472  -1.25069  -1.12456  -1.05299  -0.98438  -0.79961  -0.77269
   9750.  2.00  -1.29989  -1.26944  -1.18170  -1.11348  -1.05202  -0.88813  -0.83647
   9750.  2.50  -1.27629  -1.24779  -1.17018  -1.10826  -1.05227  -0.89593  -0.84451
   9750.  3.00  -1.27592  -1.24277  -1.16690  -1.10729  -1.05303  -0.89792  -0.85011
   9750.  3.50  -1.28897  -1.24635  -1.16619  -1.10654  -1.05166  -0.89421  -0.85187
   9750.  4.00  -1.31039  -1.25501  -1.16619  -1.10516  -1.04821  -0.88633  -0.85007
   9750.  4.50  -1.33813  -1.26784  -1.16690  -1.10358  -1.04359  -0.87577  -0.84517
   9750.  5.00  -1.37129  -1.28526  -1.16930  -1.10295  -1.03914  -0.86399  -0.83804
  10000.  2.00  -1.34462  -1.31681  -1.23113  -1.16372  -1.10303  -0.94187  -0.89343
  10000.  2.50  -1.31863  -1.29346  -1.21870  -1.15808  -1.10332  -0.95086  -0.90203
  10000.  3.00  -1.31624  -1.28740  -1.21545  -1.15772  -1.10527  -0.95514  -0.90916
  10000.  3.50  -1.32716  -1.29005  -1.21529  -1.15820  -1.10579  -0.95425  -0.91317
  10000.  4.00  -1.34642  -1.29754  -1.21553  -1.15770  -1.10385  -0.94870  -0.91334
  10000.  4.50  -1.37202  -1.30891  -1.21597  -1.15639  -1.09999  -0.93962  -0.90982
  10000.  5.00  -1.40271  -1.32401  -1.21698  -1.15496  -1.09522  -0.92838  -0.90342
  10250.  2.00  -1.38963  -1.36430  -1.28069  -1.21411  -1.15424  -0.99563  -0.95017
  10250.  2.50  -1.36185  -1.33965  -1.26744  -1.20794  -1.15426  -1.00517  -0.95891
  10250.  3.00  -1.35794  -1.33284  -1.26427  -1.20813  -1.15719  -1.01131  -0.96729
  10250.  3.50  -1.36717  -1.33477  -1.26444  -1.20944  -1.15906  -1.01268  -0.97292
  10250.  4.00  -1.38481  -1.34168  -1.26533  -1.21006  -1.15872  -1.00936  -0.97489
  10250.  4.50  -1.40841  -1.35194  -1.26606  -1.20960  -1.15626  -1.00235  -0.97333
  10250.  5.00  -1.43720  -1.36544  -1.26645  -1.20805  -1.15181  -0.99219  -0.96810
  10500.  2.00  -1.43478  -1.41180  -1.33026  -1.26457  -1.20556  -1.04942  -1.00668
  10500.  2.50  -1.40550  -1.38599  -1.31613  -1.25767  -1.20501  -1.05893  -1.01515
  10500.  3.00  -1.40055  -1.37870  -1.31306  -1.25825  -1.20860  -1.06644  -1.02443
  10500.  3.50  -1.40854  -1.38022  -1.31371  -1.26046  -1.21179  -1.06986  -1.03155
  10500.  4.00  -1.42473  -1.38663  -1.31519  -1.26212  -1.21295  -1.06876  -1.03531
  10500.  4.50  -1.44688  -1.39618  -1.31617  -1.26231  -1.21152  -1.06343  -1.03524
  10500.  5.00  -1.47419  -1.40866  -1.31656  -1.26121  -1.20794  -1.05474  -1.03147
  10750.  2.00  -1.48011  -1.45938  -1.37988  -1.31514  -1.25703  -1.10331  -1.06305
  10750.  2.50  -1.44940  -1.43238  -1.36476  -1.30730  -1.25560  -1.11232  -1.07090
  10750.  3.00  -1.44364  -1.42469  -1.36166  -1.30803  -1.25954  -1.12069  -1.08071
  10750.  3.50  -1.45079  -1.42601  -1.36275  -1.31099  -1.26376  -1.12575  -1.08899
  10750.  4.00  -1.46597  -1.43221  -1.36491  -1.31368  -1.26633  -1.12670  -1.09437
  10750.  4.50  -1.48681  -1.44127  -1.36645  -1.31484  -1.26628  -1.12337  -1.09603
  10750.  5.00  -1.51262  -1.45289  -1.36705  -1.31435  -1.26371  -1.11627  -1.09373
  11000.  2.00  -1.52553  -1.50696  -1.42954  -1.36583  -1.30870  -1.15744  -1.11940
  11000.  2.50  -1.49343  -1.47880  -1.41338  -1.35692  -1.30618  -1.16554  -1.12631
  11000.  3.00  -1.48701  -1.47074  -1.41013  -1.35760  -1.31017  -1.17430  -1.13629
  11000.  3.50  -1.49354  -1.47192  -1.41154  -1.36106  -1.31511  -1.18058  -1.14542
  11000.  4.00  -1.50788  -1.47796  -1.41426  -1.36462  -1.31885  -1.18325  -1.15210
  11000.  4.50  -1.52770  -1.48680  -1.41649  -1.36679  -1.32016  -1.18182  -1.15530
  11000.  5.00  -1.55215  -1.49784  -1.41757  -1.36714  -1.31880  -1.17642  -1.15446
  11250.  2.00  -1.57113  -1.55462  -1.47922  -1.41655  -1.36042  -1.21159  -1.17560
  11250.  2.50  -1.53765  -1.52527  -1.46197  -1.40653  -1.35677  -1.21865  -1.18143
  11250.  3.00  -1.53057  -1.51678  -1.45845  -1.40694  -1.36052  -1.22741  -1.19127
  11250.  3.50  -1.53657  -1.51780  -1.46001  -1.41069  -1.36589  -1.23447  -1.20092
  11250.  4.00  -1.55026  -1.52375  -1.46320  -1.41494  -1.37054  -1.23856  -1.20862
  11250.  4.50  -1.56918  -1.53243  -1.46607  -1.41804  -1.37310  -1.23885  -1.21317
  11250.  5.00  -1.59249  -1.54310  -1.46775  -1.41929  -1.37296  -1.23517  -1.21383
  11500.  2.00  -1.61650  -1.60198  -1.52860  -1.46704  -1.41195  -1.26564  -1.23151
  11500.  2.50  -1.58183  -1.57162  -1.51044  -1.45604  -1.40729  -1.27166  -1.23632
  11500.  3.00  -1.57417  -1.56274  -1.50661  -1.45612  -1.41069  -1.28017  -1.24580
  11500.  3.50  -1.57975  -1.56361  -1.50823  -1.45999  -1.41624  -1.28767  -1.25568
  11500.  4.00  -1.59294  -1.56950  -1.51176  -1.46472  -1.42155  -1.29278  -1.26411
  11500.  4.50  -1.61111  -1.57808  -1.51518  -1.46859  -1.42512  -1.29454  -1.26977
  11500.  5.00  -1.63344  -1.58851  -1.51748  -1.47073  -1.42616  -1.29248  -1.27178
  11750.  2.00  -1.66179  -1.64917  -1.57775  -1.51730  -1.46326  -1.31945  -1.28704
  11750.  2.50  -1.62601  -1.61789  -1.55880  -1.50546  -1.45773  -1.32457  -1.29095
  11750.  3.00  -1.61775  -1.60857  -1.55457  -1.50509  -1.46066  -1.33262  -1.29992
  11750.  3.50  -1.62289  -1.60923  -1.55612  -1.50890  -1.46617  -1.34027  -1.30979
  11750.  4.00  -1.63564  -1.61500  -1.55981  -1.51390  -1.47186  -1.34608  -1.31868
  11750.  4.50  -1.65327  -1.62353  -1.56369  -1.51839  -1.47624  -1.34904  -1.32526
  11750.  5.00  -1.67479  -1.63382  -1.56658  -1.52135  -1.47834  -1.34847  -1.32850
  12000.  2.50  -1.67012  -1.66398  -1.60691  -1.55466  -1.50797  -1.37729  -1.34526
  12000.  3.00  -1.66140  -1.65435  -1.60242  -1.55395  -1.51049  -1.38487  -1.35371
  12000.  3.50  -1.66616  -1.65482  -1.60386  -1.55762  -1.51587  -1.39245  -1.36340
  12000.  4.00  -1.67850  -1.66047  -1.60765  -1.56276  -1.52175  -1.39867  -1.37250
  12000.  4.50  -1.69560  -1.66891  -1.61183  -1.56768  -1.52671  -1.40254  -1.37975
  12000.  5.00  -1.71637  -1.67906  -1.61523  -1.57132  -1.52972  -1.40323  -1.38395
  12250.  2.50  -1.71389  -1.70971  -1.65469  -1.60355  -1.55793  -1.42974  -1.39919
  12250.  3.00  -1.70478  -1.69982  -1.64997  -1.60254  -1.56010  -1.43687  -1.40716
  12250.  3.50  -1.70922  -1.70012  -1.65129  -1.60604  -1.56526  -1.44428  -1.41657
  12250.  4.00  -1.72118  -1.70560  -1.65503  -1.61114  -1.57113  -1.45065  -1.42568
  12250.  4.50  -1.73790  -1.71397  -1.65942  -1.61636  -1.57648  -1.45517  -1.43338
  12250.  5.00  -1.75808  -1.72403  -1.66322  -1.62053  -1.58017  -1.45689  -1.43838
  12500.  2.50  -1.75742  -1.75512  -1.70209  -1.65205  -1.60750  -1.48178  -1.45261
  12500.  3.00  -1.74807  -1.74510  -1.69727  -1.65087  -1.60944  -1.48858  -1.46021
  12500.  3.50  -1.75223  -1.74525  -1.69846  -1.65419  -1.61438  -1.49575  -1.46931
  12500.  4.00  -1.76385  -1.75059  -1.70215  -1.65921  -1.62017  -1.50211  -1.47829
  12500.  4.50  -1.78015  -1.75883  -1.70665  -1.66458  -1.62573  -1.50705  -1.48624
  12500.  5.00  -1.79976  -1.76876  -1.71074  -1.66917  -1.62997  -1.50960  -1.49186
  12750.  2.50  -1.80062  -1.80011  -1.74902  -1.70009  -1.65660  -1.53332  -1.50546
  12750.  3.00  -1.79116  -1.79011  -1.74425  -1.69889  -1.65847  -1.53997  -1.51286
  12750.  3.50  -1.79503  -1.79010  -1.74532  -1.70203  -1.66319  -1.54687  -1.52162
  12750.  4.00  -1.80633  -1.79528  -1.74893  -1.70693  -1.66884  -1.55313  -1.53041
  12750.  4.50  -1.82225  -1.80337  -1.75342  -1.71233  -1.67447  -1.55828  -1.53843
  12750.  5.00  -1.84140  -1.81319  -1.75772  -1.71718  -1.67907  -1.56144  -1.54451
  13000.  2.50  -1.84323  -1.84450  -1.79533  -1.74751  -1.70509  -1.58426  -1.55762
  13000.  3.00  -1.83380  -1.83462  -1.79073  -1.74644  -1.70705  -1.59090  -1.56498
  13000.  3.50  -1.83754  -1.83460  -1.79182  -1.74952  -1.71167  -1.59762  -1.57349
  13000.  4.00  -1.84862  -1.83970  -1.79537  -1.75431  -1.71717  -1.60374  -1.58205
  13000.  4.50  -1.86418  -1.84763  -1.79981  -1.75964  -1.72273  -1.60894  -1.59000
  13000.  5.00  -1.88292  -1.85731  -1.80420  -1.76464  -1.72755  -1.61252  -1.59639
  14000.  2.00  -2.05007  -2.05143  -1.99428  -1.94286  -1.89733  -1.77435  -1.75369
  14000.  2.50  -2.00864  -2.01648  -1.97445  -1.93090  -1.89258  -1.78118  -1.75890
  14000.  3.00  -2.00045  -2.00819  -1.97173  -1.93155  -1.89621  -1.78915  -1.76737
  14000.  3.50  -2.00414  -2.00854  -1.97334  -1.93497  -1.90101  -1.79578  -1.77559
  14000.  4.00  -2.01494  -2.01378  -1.97707  -1.93972  -1.90629  -1.80153  -1.78350
  14000.  4.50  -2.02948  -2.02127  -1.98129  -1.94467  -1.91138  -1.80637  -1.79078
  14000.  5.00  -2.04668  -2.03023  -1.98553  -1.94955  -1.91618  -1.81038  -1.79723
  15000.  2.50  -2.16410  -2.17783  -2.14219  -2.10263  -2.06820  -1.96575  -1.94716
  15000.  3.00  -2.15870  -2.17270  -2.14305  -2.10683  -2.07537  -1.97699  -1.95870
  15000.  3.50  -2.16356  -2.17455  -2.14639  -2.11184  -2.08168  -1.98489  -1.96795
  15000.  4.00  -2.17488  -2.18063  -2.15102  -2.11732  -2.08755  -1.99096  -1.97594
  15000.  4.50  -2.18946  -2.18853  -2.15565  -2.12246  -2.09265  -1.99562  -1.98278
  15000.  5.00  -2.20553  -2.19691  -2.15954  -2.12685  -2.09689  -1.99915  -1.98851
  16000.  2.50  -2.30915  -2.32812  -2.29797  -2.26209  -2.23122  -2.13723  -2.12190
  16000.  3.00  -2.30727  -2.32702  -2.30364  -2.27117  -2.24340  -2.15333  -2.13808
  16000.  3.50  -2.31442  -2.33143  -2.30977  -2.27890  -2.25239  -2.16363  -2.14951
  16000.  4.00  -2.32663  -2.33873  -2.31583  -2.28571  -2.25955  -2.17081  -2.15839
  16000.  4.50  -2.34234  -2.34799  -2.32178  -2.29196  -2.26558  -2.17615  -2.16565
  16000.  5.00  -2.35837  -2.35671  -2.32606  -2.29655  -2.26986  -2.17957  -2.17105
  17000.  2.50  -2.44447  -2.46785  -2.44200  -2.40932  -2.38158  -2.29535  -2.28297
  17000.  3.00  -2.44605  -2.47100  -2.45324  -2.42429  -2.40004  -2.31787  -2.30531
  17000.  3.50  -2.45656  -2.47908  -2.46337  -2.43593  -2.41288  -2.33169  -2.32008
  17000.  4.00  -2.46972  -2.48765  -2.47103  -2.44433  -2.42163  -2.34042  -2.33030
  17000.  4.50  -2.48717  -2.49886  -2.47891  -2.45235  -2.42930  -2.34711  -2.33868
  17000.  5.00  -2.50428  -2.50888  -2.48444  -2.45801  -2.43449  -2.35121  -2.34454
  18000.  2.50  -2.57111  -2.59805  -2.57513  -2.54487  -2.51953  -2.43976  -2.43007
  18000.  3.00  -2.57526  -2.60490  -2.59201  -2.56635  -2.54537  -2.47078  -2.46068
  18000.  3.50  -2.58986  -2.61740  -2.60706  -2.58287  -2.56311  -2.48917  -2.47981
  18000.  4.00  -2.60442  -2.62772  -2.61683  -2.59339  -2.57400  -2.49994  -2.49189
  18000.  4.50  -2.62354  -2.64084  -2.62678  -2.60337  -2.58355  -2.50832  -2.50177
  18000.  5.00  -2.64253  -2.65294  -2.63431  -2.61083  -2.59037  -2.51377  -2.50879
  19000.  2.50  -2.69081  -2.72055  -2.69920  -2.67033  -2.64640  -2.57069  -2.56345
  19000.  3.00  -2.69560  -2.72932  -2.72046  -2.69772  -2.67967  -2.61210  -2.60426
  19000.  3.50  -2.71474  -2.74684  -2.74125  -2.72012  -2.70345  -2.63650  -2.62918
  19000.  4.00  -2.73137  -2.75958  -2.75385  -2.73345  -2.71717  -2.64992  -2.64377
  19000.  4.50  -2.75159  -2.77414  -2.76556  -2.74517  -2.72847  -2.65995  -2.65514
  19000.  5.00  -2.77282  -2.78866  -2.77555  -2.75493  -2.73744  -2.66724  -2.66380
  20000.  3.00  -2.80795  -2.84519  -2.83947  -2.81912  -2.80350  -2.74192  -2.73617
  20000.  3.50  -2.83161  -2.86779  -2.86630  -2.84795  -2.83411  -2.77373  -2.76834
  20000.  4.00  -2.85108  -2.88373  -2.88253  -2.86494  -2.85154  -2.79082  -2.78641
  20000.  4.50  -2.87172  -2.89911  -2.89555  -2.87804  -2.86430  -2.80230  -2.79910
  20000.  5.00  -2.89510  -2.91604  -2.90816  -2.89031  -2.87571  -2.81173  -2.80973
  21000.  3.00  -2.91377  -2.95416  -2.95088  -2.93235  -2.91862  -2.86161  -2.85772
  21000.  3.50  -2.94107  -2.98091  -2.98287  -2.96695  -2.95560  -2.90113  -2.89752
  21000.  4.00  -2.96411  -3.00074  -3.00346  -2.98841  -2.97763  -2.92302  -2.92025
  21000.  4.50  -2.98506  -3.01688  -3.01775  -3.00290  -2.99190  -2.93620  -2.93454
  21000.  5.00  -3.00972  -3.03548  -3.03246  -3.01727  -3.00547  -2.94753  -2.94691
  22000.  3.00  -3.01433  -3.05771  -3.05671  -3.03968  -3.02753  -2.97397  -2.97166
  22000.  3.50  -3.04392  -3.08707  -3.09191  -3.07803  -3.06880  -3.01934  -3.01735
  22000.  4.00  -3.07069  -3.11095  -3.11706  -3.10426  -3.09582  -3.04671  -3.04548
  22000.  4.50  -3.09220  -3.12803  -3.13273  -3.12026  -3.11174  -3.06184  -3.06163
  22000.  5.00  -3.11742  -3.14764  -3.14901  -3.13632  -3.12713  -3.07510  -3.07582
  23000.  3.00  -3.11025  -3.15670  -3.15831  -3.14286  -3.13237  -3.08214  -3.08121
  23000.  3.50  -3.14120  -3.18748  -3.19493  -3.18281  -3.17545  -3.13015  -3.12958
  23000.  4.00  -3.17133  -3.21494  -3.22401  -3.21318  -3.20679  -3.16247  -3.16262
  23000.  4.50  -3.19461  -3.23410  -3.24215  -3.23172  -3.22537  -3.18052  -3.18163
  23000.  5.00  -3.21892  -3.25324  -3.25849  -3.24803  -3.24119  -3.19467  -3.19664
  24000.  3.00  -3.20009  -3.24958  -3.25407  -3.24037  -3.23167  -3.18542  -3.18576
  24000.  3.50  -3.23375  -3.28313  -3.29332  -3.28292  -3.27737  -3.23590  -3.23656
  24000.  4.00  -3.26656  -3.31335  -3.32517  -3.31609  -3.31157  -3.27140  -3.27277
  24000.  4.50  -3.29200  -3.33491  -3.34596  -3.33736  -3.33295  -3.29253  -3.29481
  24000.  5.00  -3.31539  -3.35350  -3.36212  -3.35361  -3.34883  -3.30711  -3.31025
  25000.  3.00  -3.28302  -3.33500  -3.34198  -3.32962  -3.32243  -3.27968  -3.28125
  25000.  3.50  -3.32130  -3.37385  -3.38716  -3.37863  -3.37506  -3.33762  -3.33942
  25000.  4.00  -3.35688  -3.40678  -3.42138  -3.41399  -3.41129  -3.37495  -3.37741
  25000.  4.50  -3.38460  -3.43076  -3.44468  -3.43778  -3.43520  -3.39876  -3.40207
  25000.  5.00  -3.40764  -3.44929  -3.46101  -3.45422  -3.45131  -3.41381  -3.41795
  26000.  3.00  -3.36275  -3.41629  -3.42432  -3.41191  -3.40493  -3.36316  -3.36571
  26000.  3.50  -3.40270  -3.45843  -3.47512  -3.46863  -3.46718  -3.43423  -3.43715
  26000.  4.00  -3.44225  -3.49527  -3.51287  -3.50727  -3.50648  -3.47406  -3.47753
  26000.  4.50  -3.47242  -3.52176  -3.53857  -3.53336  -3.53260  -3.49996  -3.50420
  26000.  5.00  -3.49605  -3.54109  -3.55582  -3.55070  -3.54960  -3.51601  -3.52103
  27000.  3.50  -3.47720  -3.53591  -3.55598  -3.55136  -3.55197  -3.52330  -3.52731
  27000.  4.00  -3.52206  -3.57823  -3.59912  -3.59547  -3.59673  -3.56856  -3.57301
  27000.  4.50  -3.55525  -3.60773  -3.62759  -3.62413  -3.62526  -3.59651  -3.60162
  27000.  5.00  -3.58033  -3.62865  -3.64643  -3.64301  -3.64377  -3.61407  -3.61990
  28000.  3.50  -3.54622  -3.60750  -3.63044  -3.62716  -3.62939  -3.60402  -3.60902
  28000.  4.00  -3.59568  -3.65498  -3.67929  -3.67761  -3.68096  -3.65717  -3.66259
  28000.  4.50  -3.63260  -3.68821  -3.71130  -3.70969  -3.71280  -3.68813  -3.69411
  28000.  5.00  -3.65963  -3.71117  -3.73209  -3.73044  -3.73310  -3.70736  -3.71399
  29000.  3.50  -3.61393  -3.67724  -3.70248  -3.69973  -3.70295  -3.67924  -3.68501
  29000.  4.00  -3.66323  -3.72546  -3.75319  -3.75325  -3.75861  -3.73869  -3.74505
  29000.  4.50  -3.70401  -3.76273  -3.78913  -3.78941  -3.79451  -3.77400  -3.78085
  29000.  5.00  -3.73356  -3.78827  -3.81238  -3.81253  -3.81712  -3.79539  -3.80280
  30000.  3.50  -3.68421  -3.74897  -3.77581  -3.77282  -3.77639  -3.75275  -3.75903
  30000.  4.00  -3.72707  -3.79193  -3.82272  -3.82409  -3.83110  -3.81422  -3.82138
  30000.  4.50  -3.77004  -3.83176  -3.86152  -3.86351  -3.87055  -3.85381  -3.86148
  30000.  5.00  -3.80210  -3.85993  -3.88728  -3.88917  -3.89565  -3.87783  -3.88601
  31000.  3.50  -3.76045  -3.82629  -3.85435  -3.85057  -3.85401  -3.82927  -3.83580
  31000.  4.00  -3.78995  -3.85701  -3.89048  -3.89261  -3.90089  -3.88589  -3.89371
  31000.  4.50  -3.83226  -3.89677  -3.92970  -3.93307  -3.94182  -3.92819  -3.93658
  31000.  5.00  -3.86594  -3.92678  -3.95730  -3.96076  -3.96900  -3.95472  -3.96359
  32000.  4.00  -3.85455  -3.92339  -3.95919  -3.96158  -3.97078  -3.95662  -3.96493
  32000.  4.50  -3.89280  -3.95979  -3.99562  -4.00001  -4.01020  -3.99883  -4.00782
  32000.  5.00  -3.92678  -3.99046  -4.02413  -4.02887  -4.03873  -4.02723  -4.03670
  33000.  4.00  -3.92313  -3.99335  -4.03118  -4.03338  -4.04317  -4.02888  -4.03752
  33000.  4.50  -3.95362  -4.02272  -4.06122  -4.06622  -4.07763  -4.06768  -4.07715
  33000.  5.00  -3.98574  -4.05198  -4.08858  -4.09433  -4.10561  -4.09632  -4.10630
  34000.  4.00  -3.99538  -4.06675  -4.10638  -4.10810  -4.11822  -4.10310  -4.11190
  34000.  4.50  -4.01737  -4.08816  -4.12906  -4.13425  -4.14661  -4.13719  -4.14703
  34000.  5.00  -4.04550  -4.11398  -4.15329  -4.15972  -4.17224  -4.16440  -4.17477
  35000.  4.00  -4.07103  -4.14344  -4.18477  -4.18595  -4.19628  -4.18013  -4.18896
  35000.  4.50  -4.08400  -4.15615  -4.19921  -4.20427  -4.21734  -4.20769  -4.21780
  35000.  5.00  -4.10738  -4.17770  -4.21950  -4.22626  -4.23981  -4.23269  -4.24340
  36000.  4.00  -4.14920  -4.22263  -4.26558  -4.26640  -4.27697  -4.26007  -4.26891
  36000.  4.50  -4.15355  -4.22688  -4.27198  -4.27667  -4.29026  -4.27987  -4.29011
  36000.  5.00  -4.17151  -4.24334  -4.28744  -4.29422  -4.30860  -4.30152  -4.31249
  37000.  4.00  -4.22876  -4.30317  -4.34766  -4.34833  -4.35923  -4.34212  -4.35099
  37000.  4.50  -4.22588  -4.30027  -4.34733  -4.35164  -4.36571  -4.35445  -4.36477
  37000.  5.00  -4.23799  -4.31110  -4.35740  -4.36396  -4.37904  -4.37141  -4.38256
  38000.  4.00  -4.30829  -4.38363  -4.42950  -4.43020  -4.44149  -4.42463  -4.43359
  38000.  4.50  -4.30027  -4.37568  -4.42465  -4.42870  -4.44324  -4.43140  -4.44178
  38000.  5.00  -4.30717  -4.38140  -4.42980  -4.43605  -4.45175  -4.44330  -4.45457
  39000.  4.00  -4.38690  -4.46310  -4.51009  -4.51095  -4.52260  -4.50626  -4.51534
  39000.  4.50  -4.37565  -4.45205  -4.50283  -4.50681  -4.52189  -4.50984  -4.52031
  39000.  5.00  -4.37846  -4.45371  -4.50413  -4.51012  -4.52642  -4.51723  -4.52860
  40000.  4.50  -4.45096  -4.52832  -4.58075  -4.58480  -4.60043  -4.58856  -4.59915
  40000.  5.00  -4.45107  -4.52729  -4.57962  -4.58547  -4.60236  -4.59272  -4.60420
  41000.  4.50  -4.52541  -4.60367  -4.65756  -4.66178  -4.67794  -4.66652  -4.67725
  41000.  5.00  -4.52406  -4.60120  -4.65532  -4.66116  -4.67864  -4.66888  -4.68049
  42000.  4.50  -4.59850  -4.67764  -4.73278  -4.73723  -4.75386  -4.74303  -4.75391
  42000.  5.00  -4.59665  -4.67470  -4.73044  -4.73637  -4.75444  -4.74482  -4.75658
  43000.  4.50  -4.67014  -4.75009  -4.80628  -4.81097  -4.82798  -4.81781  -4.82882
  43000.  5.00  -4.66832  -4.74723  -4.80442  -4.81051  -4.82913  -4.81985  -4.83176
  44000.  4.50  -4.74028  -4.82102  -4.87804  -4.88298  -4.90031  -4.89081  -4.90193
  44000.  5.00  -4.73877  -4.81850  -4.87694  -4.88324  -4.90234  -4.89354  -4.90560
  45000.  4.50  -4.80902  -4.89050  -4.94820  -4.95340  -4.97095  -4.96216  -4.97337
  45000.  5.00  -4.80784  -4.88837  -4.94789  -4.95442  -4.97392  -4.96567  -4.97786
  46000.  4.50  -4.87646  -4.95866  -5.01693  -5.02238  -5.04013  -5.03205  -5.04333
  46000.  5.00  -4.87559  -4.95689  -5.01730  -5.02407  -5.04390  -5.03625  -5.04857
  47000.  4.50  -4.94263  -5.02553  -5.08428  -5.09001  -5.10792  -5.10059  -5.11195
  47000.  5.00  -4.94201  -5.02404  -5.08523  -5.09225  -5.11237  -5.10534  -5.11776
  48000.  4.50  -5.00761  -5.09118  -5.15034  -5.15635  -5.17440  -5.16782  -5.17926
  48000.  5.00  -5.00721  -5.08995  -5.15180  -5.15906  -5.17942  -5.17306  -5.18556
  49000.  4.50  -5.07143  -5.15564  -5.21519  -5.22148  -5.23967  -5.23386  -5.24537
  49000.  5.00  -5.07124  -5.15467  -5.21710  -5.22462  -5.24519  -5.23952  -5.25210
  50000.  5.00  -5.13414  -5.21823  -5.28118  -5.28897  -5.30973  -5.30478  -5.31742
