   3500.  0.00  -5.31545  -4.35108  -3.45990  -2.74832  -2.39450  -0.66873  -0.38097
   3500.  0.50  -5.29263  -4.40661  -3.57851  -2.87329  -2.52992  -0.71220  -0.41235
   3500.  1.00  -5.25277  -4.44777  -3.67722  -2.97565  -2.63983  -0.74942  -0.43876
   3500.  1.50  -5.19446  -4.47193  -3.75360  -3.05360  -2.72267  -0.77829  -0.45854
   3500.  2.00  -5.10535  -4.46378  -3.79354  -3.09610  -2.76862  -0.79062  -0.46476
   3500.  2.50  -4.98272  -4.41544  -3.78946  -3.09766  -2.77343  -0.77927  -0.45087
   3500.  3.00  -4.82904  -4.32057  -3.73149  -3.05025  -2.72998  -0.73660  -0.41002
   3500.  3.50  -4.64215  -4.17176  -3.60744  -2.94276  -2.62696  -0.65762  -0.33784
   3500.  4.00  -4.43780  -3.98361  -3.42437  -2.77780  -2.46433  -0.54790  -0.23918
   3500.  4.50  -4.23654  -3.77894  -3.20039  -2.56585  -2.24930  -0.42140  -0.12730
   3500.  5.00  -4.08300  -3.60270  -2.97837  -2.34300  -2.01546  -0.31374  -0.03654
   3750.  0.00  -4.48009  -3.49353  -2.49833  -1.83763  -1.45892  -0.35262  -0.14930
   3750.  0.50  -4.43089  -3.50385  -2.54683  -1.89447  -1.52206  -0.36750  -0.15911
   3750.  1.00  -4.37613  -3.51020  -2.59659  -1.95394  -1.58898  -0.38096  -0.16685
   3750.  1.50  -4.31065  -3.50942  -2.64495  -2.01349  -1.65700  -0.39402  -0.17379
   3750.  2.00  -4.24445  -3.50722  -2.69268  -2.07170  -1.72361  -0.40613  -0.17975
   3750.  2.50  -4.17595  -3.50173  -2.73779  -2.12607  -1.78602  -0.41637  -0.18395
   3750.  3.00  -4.11670  -3.49859  -2.77895  -2.17291  -1.83915  -0.42140  -0.18340
   3750.  3.50  -4.05330  -3.48281  -2.79940  -2.19737  -1.86814  -0.41471  -0.17285
   3750.  4.00  -3.98223  -3.44673  -2.78631  -2.18622  -1.85909  -0.38689  -0.14357
   3750.  4.50  -3.89031  -3.37246  -2.71347  -2.11261  -1.78331  -0.32943  -0.08939
   3750.  5.00  -3.78891  -3.27391  -2.59795  -1.99283  -1.65735  -0.25568  -0.02293
   4000.  0.00  -3.92101  -2.96530  -2.01329  -1.42266  -1.05912  -0.20119  -0.03744
   4000.  0.50  -3.87326  -2.96455  -2.03292  -1.44445  -1.08282  -0.20947  -0.04451
   4000.  1.00  -3.82321  -2.96440  -2.05453  -1.46749  -1.10757  -0.21604  -0.04959
   4000.  1.50  -3.75566  -2.95309  -2.07143  -1.48949  -1.13267  -0.22218  -0.05397
   4000.  2.00  -3.68993  -2.94291  -2.09076  -1.51440  -1.16093  -0.22842  -0.05785
   4000.  2.50  -3.62668  -2.93300  -2.11274  -1.54303  -1.19357  -0.23462  -0.06099
   4000.  3.00  -3.57941  -2.93345  -2.14357  -1.57802  -1.23211  -0.23958  -0.06213
   4000.  3.50  -3.54589  -2.94065  -2.17819  -1.61472  -1.27180  -0.24172  -0.06004
   4000.  4.00  -3.52115  -2.94867  -2.20887  -1.64507  -1.30425  -0.23742  -0.05170
   4000.  4.50  -3.49788  -2.94842  -2.22128  -1.65260  -1.31147  -0.21831  -0.03004
   4000.  5.00  -3.46499  -2.92315  -2.19110  -1.61203  -1.26665  -0.17891   0.00789
   4250.  0.00  -3.48362  -2.58996  -1.70730  -1.18389  -0.84327  -0.10750   0.03358
   4250.  0.50  -3.44340  -2.58536  -1.71922  -1.19790  -0.85902  -0.11451   0.02726
   4250.  1.00  -3.39964  -2.58128  -1.73241  -1.21159  -0.87386  -0.11975   0.02235
   4250.  1.50  -3.34507  -2.57136  -1.74219  -1.22300  -0.88670  -0.12444   0.01774
   4250.  2.00  -3.28330  -2.55805  -1.75061  -1.23370  -0.89888  -0.12944   0.01282
   4250.  2.50  -3.22903  -2.54977  -1.76072  -1.24433  -0.90984  -0.13367   0.00867
   4250.  3.00  -3.18432  -2.54707  -1.77566  -1.25875  -0.92429  -0.13750   0.00571
   4250.  3.50  -3.15982  -2.55798  -1.79919  -1.27816  -0.94223  -0.13918   0.00577
   4250.  4.00  -3.14688  -2.57430  -1.82534  -1.29902  -0.96123  -0.13885   0.00836
   4250.  4.50  -3.14393  -2.59450  -1.85233  -1.31857  -0.97836  -0.13341   0.01640
   4250.  5.00  -3.14487  -2.60967  -1.86872  -1.32427  -0.98068  -0.11588   0.03577
   4500.  0.00  -3.12808  -2.31255  -1.49586  -1.02242  -0.70158  -0.04248   0.08102
   4500.  0.50  -3.09277  -2.30391  -1.50214  -1.03273  -0.71431  -0.05008   0.07457
   4500.  1.00  -3.05988  -2.29940  -1.51175  -1.04386  -0.72692  -0.05518   0.07019
   4500.  1.50  -3.02192  -2.29365  -1.52134  -1.05447  -0.73878  -0.05951   0.06618
   4500.  2.00  -2.97278  -2.28175  -1.52752  -1.06311  -0.74911  -0.06469   0.06092
   4500.  2.50  -2.92511  -2.27226  -1.53434  -1.07081  -0.75745  -0.06935   0.05592
   4500.  3.00  -2.88551  -2.26829  -1.54326  -1.07825  -0.76416  -0.07269   0.05212
   4500.  3.50  -2.85965  -2.27464  -1.55865  -1.08839  -0.77189  -0.07381   0.05099
   4500.  4.00  -2.84756  -2.29012  -1.57858  -1.09995  -0.77954  -0.07290   0.05230
   4500.  4.50  -2.84605  -2.31117  -1.60048  -1.11171  -0.78662  -0.07020   0.05578
   4500.  5.00  -2.85440  -2.33734  -1.62416  -1.12281  -0.79230  -0.06342   0.06356
   4750.  0.00  -2.82811  -2.09505  -1.34274  -0.90853  -0.60553   0.00414   0.11272
   4750.  0.50  -2.79619  -2.08453  -1.34565  -0.91627  -0.61585  -0.00488   0.10506
   4750.  1.00  -2.76995  -2.07895  -1.35175  -0.92495  -0.62626  -0.01095   0.10009
   4750.  1.50  -2.74334  -2.07436  -1.35903  -0.93403  -0.63680  -0.01597   0.09588
   4750.  2.00  -2.71033  -2.06635  -1.36471  -0.94236  -0.64695  -0.02152   0.09081
   4750.  2.50  -2.67381  -2.05679  -1.36927  -0.94955  -0.65578  -0.02730   0.08514
   4750.  3.00  -2.64127  -2.05104  -1.37503  -0.95577  -0.66230  -0.03177   0.08037
   4750.  3.50  -2.61499  -2.05085  -1.38390  -0.96234  -0.66772  -0.03423   0.07753
   4750.  4.00  -2.59987  -2.05968  -1.39767  -0.96999  -0.67226  -0.03399   0.07758
   4750.  4.50  -2.59444  -2.07579  -1.41472  -0.97776  -0.67530  -0.03142   0.08007
   4750.  5.00  -2.59725  -2.09741  -1.43375  -0.98503  -0.67668  -0.02696   0.08450
   5000.  0.00  -2.56329  -1.91076  -1.22404  -0.82695  -0.54259   0.03321   0.13051
   5000.  0.50  -2.53565  -1.90178  -1.22691  -0.83391  -0.55171   0.02303   0.12132
   5000.  1.00  -2.51335  -1.89653  -1.23173  -0.84130  -0.56066   0.01556   0.11483
   5000.  1.50  -2.49376  -1.89329  -1.23771  -0.84909  -0.56971   0.00946   0.10961
   5000.  2.00  -2.47263  -1.88904  -1.24319  -0.85671  -0.57880   0.00336   0.10425
   5000.  2.50  -2.44944  -1.88318  -1.24743  -0.86352  -0.58722  -0.00296   0.09842
   5000.  3.00  -2.42672  -1.87779  -1.25132  -0.86938  -0.59426  -0.00873   0.09283
   5000.  3.50  -2.40731  -1.87542  -1.25636  -0.87449  -0.59942  -0.01262   0.08884
   5000.  4.00  -2.39258  -1.87800  -1.26434  -0.87982  -0.60331  -0.01412   0.08714
   5000.  4.50  -2.38378  -1.88634  -1.27546  -0.88527  -0.60566  -0.01307   0.08798
   5000.  5.00  -2.38134  -1.90036  -1.28907  -0.89023  -0.60589  -0.00961   0.09120
   5250.  0.00  -2.31946  -1.74411  -1.12453  -0.76633  -0.50257   0.04119   0.13158
   5250.  0.50  -2.30080  -1.74083  -1.13037  -0.77414  -0.51152   0.03174   0.12221
   5250.  1.00  -2.28471  -1.73903  -1.13659  -0.78173  -0.52002   0.02402   0.11480
   5250.  1.50  -2.27108  -1.73865  -1.14331  -0.78940  -0.52841   0.01742   0.10864
   5250.  2.00  -2.25825  -1.73833  -1.14977  -0.79687  -0.53666   0.01115   0.10285
   5250.  2.50  -2.24569  -1.73734  -1.15523  -0.80365  -0.54436   0.00498   0.09711
   5250.  3.00  -2.23380  -1.73601  -1.15971  -0.80939  -0.55092  -0.00072   0.09172
   5250.  3.50  -2.22359  -1.73534  -1.16365  -0.81390  -0.55576  -0.00511   0.08746
   5250.  4.00  -2.21489  -1.73622  -1.16818  -0.81772  -0.55915  -0.00774   0.08483
   5250.  4.50  -2.20854  -1.74003  -1.17428  -0.82107  -0.56087  -0.00803   0.08442
   5250.  5.00  -2.20514  -1.74755  -1.18230  -0.82386  -0.56059  -0.00590   0.08634
   5500.  0.00  -2.09138  -1.59074  -1.03886  -0.72049  -0.47884   0.02751   0.11444
   5500.  0.50  -2.08562  -1.59547  -1.04863  -0.72952  -0.48758   0.02089   0.10669
   5500.  1.00  -2.07866  -1.59918  -1.05744  -0.73790  -0.49585   0.01471   0.09983
   5500.  1.50  -2.07236  -1.60321  -1.06624  -0.74627  -0.50417   0.00885   0.09365
   5500.  2.00  -2.06713  -1.60738  -1.07465  -0.75431  -0.51221   0.00320   0.08791
   5500.  2.50  -2.06262  -1.61113  -1.08217  -0.76173  -0.51973  -0.00237   0.08239
   5500.  3.00  -2.05921  -1.61458  -1.08868  -0.76817  -0.52626  -0.00745   0.07745
   5500.  3.50  -2.05724  -1.61772  -1.09380  -0.77303  -0.53101  -0.01144   0.07354
   5500.  4.00  -2.05584  -1.62059  -1.09793  -0.77653  -0.53411  -0.01409   0.07096
   5500.  4.50  -2.05518  -1.62400  -1.10173  -0.77867  -0.53521  -0.01477   0.07026
   5500.  5.00  -2.05495  -1.62850  -1.10577  -0.77964  -0.53423  -0.01334   0.07154
   5750.  0.00  -1.87963  -1.45204  -0.96746  -0.68796  -0.46907  -0.00463   0.08114
   5750.  0.50  -1.88917  -1.46514  -0.97998  -0.69696  -0.47607  -0.00660   0.07677
   5750.  1.00  -1.89293  -1.47520  -0.99150  -0.70593  -0.48369  -0.00969   0.07181
   5750.  1.50  -1.89521  -1.48431  -1.00249  -0.71488  -0.49160  -0.01347   0.06673
   5750.  2.00  -1.89796  -1.49329  -1.01303  -0.72361  -0.49944  -0.01751   0.06182
   5750.  2.50  -1.90086  -1.50167  -1.02278  -0.73191  -0.50705  -0.02191   0.05690
   5750.  3.00  -1.90459  -1.50967  -1.03161  -0.73942  -0.51391  -0.02606   0.05251
   5750.  3.50  -1.90916  -1.51690  -1.03889  -0.74539  -0.51917  -0.02943   0.04905
   5750.  4.00  -1.91387  -1.52314  -1.04458  -0.74973  -0.52271  -0.03172   0.04677
   5750.  4.50  -1.91885  -1.52862  -1.04863  -0.75199  -0.52383  -0.03218   0.04629
   5750.  5.00  -1.92326  -1.53341  -1.05141  -0.75235  -0.52259  -0.03075   0.04765
   6000.  0.00  -1.68502  -1.32908  -0.91212  -0.66962  -0.47393  -0.05212   0.03415
   6000.  0.50  -1.71070  -1.35003  -0.92506  -0.67624  -0.47643  -0.04753   0.03512
   6000.  1.00  -1.72639  -1.36626  -0.93777  -0.68424  -0.48157  -0.04598   0.03351
   6000.  1.50  -1.73760  -1.38045  -0.95048  -0.69313  -0.48824  -0.04641   0.03059
   6000.  2.00  -1.74804  -1.39399  -0.96285  -0.70226  -0.49552  -0.04802   0.02716
   6000.  2.50  -1.75830  -1.40695  -0.97467  -0.71129  -0.50299  -0.05052   0.02341
   6000.  3.00  -1.76875  -1.41920  -0.98555  -0.71970  -0.51001  -0.05331   0.01984
   6000.  3.50  -1.77934  -1.43052  -0.99514  -0.72699  -0.51600  -0.05593   0.01684
   6000.  4.00  -1.78970  -1.44057  -1.00305  -0.73271  -0.52039  -0.05776   0.01484
   6000.  4.50  -1.79958  -1.44903  -1.00874  -0.73608  -0.52230  -0.05802   0.01452
   6000.  5.00  -1.80830  -1.45582  -1.01231  -0.73711  -0.52165  -0.05649   0.01601
   6250.  0.50  -1.54734  -1.24860  -0.88449  -0.66811  -0.48969  -0.10019  -0.01686
   6250.  1.00  -1.57655  -1.27060  -0.89570  -0.67244  -0.48928  -0.09229  -0.01338
   6250.  1.50  -1.59792  -1.28976  -0.90855  -0.67969  -0.49292  -0.08802  -0.01291
   6250.  2.00  -1.61543  -1.30750  -0.92229  -0.68867  -0.49894  -0.08640  -0.01426
   6250.  2.50  -1.63245  -1.32469  -0.93586  -0.69808  -0.50581  -0.08633  -0.01636
   6250.  3.00  -1.64942  -1.34111  -0.94863  -0.70720  -0.51271  -0.08722  -0.01873
   6250.  3.50  -1.66599  -1.35653  -0.96044  -0.71574  -0.51926  -0.08869  -0.02105
   6250.  4.00  -1.68194  -1.37054  -0.97070  -0.72293  -0.52458  -0.08987  -0.02266
   6250.  4.50  -1.69637  -1.38231  -0.97858  -0.72791  -0.52772  -0.09005  -0.02298
   6250.  5.00  -1.70911  -1.39191  -0.98403  -0.73045  -0.52834  -0.08864  -0.02159
   6500.  0.50  -1.41191  -1.16497  -0.85412  -0.66737  -0.50950  -0.15842  -0.07365
   6500.  1.00  -1.43842  -1.18592  -0.86599  -0.67164  -0.50834  -0.14805  -0.06865
   6500.  1.50  -1.47195  -1.20995  -0.87648  -0.67464  -0.50595  -0.13735  -0.06295
   6500.  2.00  -1.49822  -1.23186  -0.88990  -0.68176  -0.50879  -0.13121  -0.06104
   6500.  2.50  -1.52154  -1.25280  -0.90454  -0.69090  -0.51433  -0.12797  -0.06108
   6500.  3.00  -1.54429  -1.27315  -0.91915  -0.70065  -0.52095  -0.12660  -0.06203
   6500.  3.50  -1.56636  -1.29248  -0.93309  -0.71031  -0.52789  -0.12658  -0.06347
   6500.  4.00  -1.58764  -1.31039  -0.94564  -0.71894  -0.53400  -0.12686  -0.06457
   6500.  4.50  -1.60739  -1.32629  -0.95624  -0.72588  -0.53859  -0.12685  -0.06485
   6500.  5.00  -1.62438  -1.33919  -0.96399  -0.73021  -0.54066  -0.12550  -0.06356
   6750.  0.50  -1.30288  -1.09963  -0.83405  -0.67299  -0.53385  -0.21831  -0.13206
   6750.  1.00  -1.32469  -1.11698  -0.84473  -0.67657  -0.53216  -0.20706  -0.12654
   6750.  1.50  -1.35452  -1.13888  -0.85527  -0.67939  -0.52919  -0.19478  -0.12020
   6750.  2.00  -1.39256  -1.16516  -0.86561  -0.68180  -0.52565  -0.18225  -0.11310
   6750.  2.50  -1.42364  -1.18983  -0.87983  -0.68918  -0.52819  -0.17474  -0.11003
   6750.  3.00  -1.45226  -1.21388  -0.89565  -0.69893  -0.53378  -0.17050  -0.10910
   6750.  3.50  -1.47940  -1.23688  -0.91154  -0.70950  -0.54081  -0.16861  -0.10946
   6750.  4.00  -1.50591  -1.25880  -0.92646  -0.71954  -0.54759  -0.16770  -0.10986
   6750.  4.50  -1.53053  -1.27868  -0.93970  -0.72839  -0.55351  -0.16721  -0.10996
   6750.  5.00  -1.55218  -1.29548  -0.95026  -0.73487  -0.55727  -0.16591  -0.10880
   7000.  0.50  -1.21922  -1.05219  -0.82355  -0.68394  -0.56114  -0.27710  -0.19012
   7000.  1.00  -1.23468  -1.06434  -0.83199  -0.68639  -0.55895  -0.26646  -0.18490
   7000.  1.50  -1.25900  -1.08179  -0.84103  -0.68870  -0.55601  -0.25423  -0.17910
   7000.  2.00  -1.29349  -1.10569  -0.85102  -0.69078  -0.55189  -0.24041  -0.17154
   7000.  2.50  -1.33588  -1.13471  -0.86219  -0.69361  -0.54827  -0.22678  -0.16344
   7000.  3.00  -1.37126  -1.16210  -0.87771  -0.70191  -0.55131  -0.21878  -0.15985
   7000.  3.50  -1.40401  -1.18871  -0.89480  -0.71258  -0.55743  -0.21423  -0.15848
   7000.  4.00  -1.43545  -1.21449  -0.91201  -0.72395  -0.56474  -0.21188  -0.15803
   7000.  4.50  -1.46487  -1.23843  -0.92804  -0.73473  -0.57191  -0.21070  -0.15783
   7000.  5.00  -1.49099  -1.25916  -0.94146  -0.74340  -0.57733  -0.20933  -0.15677
   7250.  0.50  -1.16846  -1.02605  -0.82049  -0.69662  -0.58600  -0.32915  -0.24312
   7250.  1.00  -1.16514  -1.02668  -0.82787  -0.70139  -0.58894  -0.32531  -0.24331
   7250.  1.50  -1.18582  -1.04027  -0.83440  -0.70201  -0.58472  -0.31282  -0.23719
   7250.  2.00  -1.21383  -1.05929  -0.84320  -0.70416  -0.58148  -0.29993  -0.23102
   7250.  2.50  -1.25342  -1.08589  -0.85353  -0.70631  -0.57700  -0.28522  -0.22268
   7250.  3.00  -1.29972  -1.11761  -0.86609  -0.71029  -0.57416  -0.27140  -0.21437
   7250.  3.50  -1.33885  -1.14766  -0.88321  -0.71989  -0.57812  -0.26345  -0.21047
   7250.  4.00  -1.37443  -1.17630  -0.90168  -0.73182  -0.58529  -0.25943  -0.20913
   7250.  4.50  -1.40894  -1.20428  -0.92014  -0.74408  -0.59314  -0.25690  -0.20811
   7250.  5.00  -1.43987  -1.22930  -0.93664  -0.75503  -0.60016  -0.25522  -0.20694
   7500.  0.50  -1.17687  -1.04048  -0.83220  -0.71092  -0.60180  -0.36067  -0.28058
   7500.  1.00  -1.11870  -1.00582  -0.83254  -0.72105  -0.62079  -0.38109  -0.29953
   7500.  1.50  -1.13015  -1.01219  -0.83617  -0.72073  -0.61710  -0.37128  -0.29546
   7500.  2.00  -1.15538  -1.02758  -0.84218  -0.72093  -0.61232  -0.35813  -0.28925
   7500.  2.50  -1.18755  -1.04857  -0.85119  -0.72337  -0.60923  -0.34511  -0.28312
   7500.  3.00  -1.23261  -1.07864  -0.86258  -0.72620  -0.60490  -0.32972  -0.27393
   7500.  3.50  -1.28150  -1.11279  -0.87717  -0.73208  -0.60373  -0.31667  -0.26591
   7500.  4.00  -1.32341  -1.14507  -0.89598  -0.74327  -0.60907  -0.30945  -0.26226
   7500.  4.50  -1.36215  -1.17609  -0.91586  -0.75626  -0.61691  -0.30542  -0.26033
   7500.  5.00  -1.39764  -1.20507  -0.93506  -0.76916  -0.62522  -0.30313  -0.25888
   7750.  1.00  -1.10074  -1.00467  -0.84604  -0.74440  -0.65226  -0.43148  -0.35201
   7750.  1.50  -1.09393  -0.99888  -0.84675  -0.74483  -0.65250  -0.42828  -0.35308
   7750.  2.00  -1.11337  -1.00886  -0.84958  -0.74322  -0.64688  -0.41612  -0.34760
   7750.  2.50  -1.14249  -1.02633  -0.85600  -0.74399  -0.64261  -0.40305  -0.34154
   7750.  3.00  -1.17869  -1.04977  -0.86581  -0.74720  -0.64007  -0.39021  -0.33535
   7750.  3.50  -1.22861  -1.08312  -0.87840  -0.75098  -0.63630  -0.37490  -0.32590
   7750.  4.00  -1.27902  -1.11911  -0.89502  -0.75892  -0.63709  -0.36300  -0.31850
   7750.  4.50  -1.32288  -1.15330  -0.91548  -0.77163  -0.64375  -0.35651  -0.31470
   7750.  5.00  -1.36296  -1.18575  -0.93650  -0.78566  -0.65247  -0.35299  -0.31251
   8000.  1.00  -1.11689  -1.02899  -0.87312  -0.77420  -0.68432  -0.47335  -0.39864
   8000.  1.50  -1.07817  -1.00058  -0.86541  -0.77354  -0.68986  -0.48293  -0.40894
   8000.  2.00  -1.08685  -1.00264  -0.86529  -0.77135  -0.68562  -0.47463  -0.40651
   8000.  2.50  -1.11134  -1.01519  -0.86813  -0.76979  -0.67984  -0.46221  -0.40113
   8000.  3.00  -1.14496  -1.03540  -0.87557  -0.77150  -0.67628  -0.44930  -0.39530
   8000.  3.50  -1.18637  -1.06233  -0.88683  -0.77589  -0.67451  -0.43645  -0.38882
   8000.  4.00  -1.24039  -1.09898  -0.90088  -0.78079  -0.67141  -0.42119  -0.37869
   8000.  4.50  -1.29131  -1.13655  -0.91991  -0.79112  -0.67453  -0.41072  -0.37177
   8000.  5.00  -1.33618  -1.17205  -0.94165  -0.80513  -0.68240  -0.40504  -0.36801
   8250.  1.00  -1.16601  -1.08207  -0.92275  -0.81940  -0.72625  -0.51175  -0.44637
   8250.  1.50  -1.08324  -1.01766  -0.89276  -0.80713  -0.72895  -0.53469  -0.46314
   8250.  2.00  -1.07840  -1.01020  -0.88915  -0.80428  -0.72656  -0.53104  -0.46412
   8250.  2.50  -1.09717  -1.01810  -0.88983  -0.80175  -0.72079  -0.51983  -0.45973
   8250.  3.00  -1.12684  -1.03405  -0.89407  -0.80131  -0.71576  -0.50699  -0.45404
   8250.  3.50  -1.16209  -1.05531  -0.90200  -0.80405  -0.71352  -0.49557  -0.44909
   8250.  4.00  -1.20718  -1.08491  -0.91402  -0.80904  -0.71204  -0.48305  -0.44217
   8250.  4.50  -1.26323  -1.12365  -0.92935  -0.81516  -0.70996  -0.46825  -0.43181
   8250.  5.00  -1.31347  -1.16180  -0.95002  -0.82728  -0.71494  -0.45906  -0.42517
   8500.  1.50  -1.10749  -1.04985  -0.93004  -0.84697  -0.77120  -0.58383  -0.51608
   8500.  2.00  -1.08479  -1.02922  -0.92031  -0.84209  -0.77042  -0.58683  -0.52155
   8500.  2.50  -1.09487  -1.03074  -0.91838  -0.83884  -0.76559  -0.57859  -0.51939
   8500.  3.00  -1.11946  -1.04223  -0.91991  -0.83682  -0.75985  -0.56668  -0.51445
   8500.  3.50  -1.15261  -1.06056  -0.92502  -0.83722  -0.75548  -0.55413  -0.50875
   8500.  4.00  -1.19233  -1.08506  -0.93426  -0.84091  -0.75375  -0.54251  -0.50316
   8500.  4.50  -1.24145  -1.11770  -0.94700  -0.84631  -0.75222  -0.52967  -0.49516
   8500.  5.00  -1.29562  -1.15625  -0.96334  -0.85381  -0.75181  -0.51617  -0.48489
   8750.  1.50  -1.14511  -1.09290  -0.97570  -0.89297  -0.81775  -0.63305  -0.57029
   8750.  2.00  -1.10513  -1.05891  -0.95824  -0.88424  -0.81652  -0.64141  -0.57833
   8750.  2.50  -1.10540  -1.05347  -0.95343  -0.88028  -0.81297  -0.63705  -0.57897
   8750.  3.00  -1.12406  -1.06026  -0.95265  -0.87727  -0.80736  -0.62689  -0.57555
   8750.  3.50  -1.15305  -1.07451  -0.95493  -0.87584  -0.80191  -0.61472  -0.57038
   8750.  4.00  -1.18933  -1.09498  -0.96077  -0.87706  -0.79828  -0.60262  -0.56460
   8750.  4.50  -1.23197  -1.12200  -0.97104  -0.88166  -0.79721  -0.59122  -0.55821
   8750.  5.00  -1.28334  -1.15683  -0.98394  -0.88678  -0.79490  -0.57735  -0.54817
   9000.  1.50  -1.18884  -1.14083  -1.02562  -0.94261  -0.86737  -0.68363  -0.62623
   9000.  2.00  -1.13607  -1.09645  -1.00112  -0.92954  -0.86417  -0.69517  -0.63504
   9000.  2.50  -1.12734  -1.08479  -0.99385  -0.92527  -0.86227  -0.69518  -0.63868
   9000.  3.00  -1.13948  -1.08695  -0.99128  -0.92192  -0.85767  -0.68756  -0.63721
   9000.  3.50  -1.16351  -1.09721  -0.99144  -0.91938  -0.85199  -0.67629  -0.63269
   9000.  4.00  -1.19571  -1.11380  -0.99446  -0.91859  -0.84695  -0.66396  -0.62674
   9000.  4.50  -1.23439  -1.13637  -1.00112  -0.92061  -0.84398  -0.65216  -0.62042
   9000.  5.00  -1.27975  -1.16575  -1.01194  -0.92559  -0.84295  -0.64068  -0.61312
   9250.  2.00  -1.17273  -1.13820  -1.04682  -0.97673  -0.91283  -0.74814  -0.69137
   9250.  2.50  -1.15751  -1.12209  -1.03776  -0.97233  -0.91235  -0.75208  -0.69753
   9250.  3.00  -1.16444  -1.12109  -1.03463  -0.96968  -0.90969  -0.74781  -0.69851
   9250.  3.50  -1.18371  -1.12808  -1.03367  -0.96708  -0.90491  -0.73854  -0.69561
   9250.  4.00  -1.21138  -1.14069  -1.03419  -0.96471  -0.89908  -0.72669  -0.69023
   9250.  4.50  -1.24612  -1.15903  -1.03745  -0.96421  -0.89421  -0.71430  -0.68366
   9250.  5.00  -1.28739  -1.18384  -1.04476  -0.96682  -0.89161  -0.70249  -0.67641
   9500.  2.00  -1.21244  -1.18203  -1.09380  -1.02474  -0.96186  -0.80049  -0.74726
   9500.  2.50  -1.19263  -1.16281  -1.08352  -1.02033  -0.96252  -0.80776  -0.75554
   9500.  3.00  -1.19585  -1.15972  -1.08036  -1.01880  -0.96206  -0.80722  -0.75935
   9500.  3.50  -1.21188  -1.16475  -1.07925  -1.01693  -0.95888  -0.80062  -0.75869
   9500.  4.00  -1.23613  -1.17485  -1.07882  -1.01439  -0.95359  -0.79010  -0.75452
   9500.  4.50  -1.26687  -1.18956  -1.07967  -1.01226  -0.94775  -0.77771  -0.74800
   9500.  5.00  -1.30367  -1.20975  -1.08334  -1.01221  -0.94322  -0.76530  -0.74026
   9750.  2.00  -1.25387  -1.22702  -1.14159  -1.07338  -1.01138  -0.85268  -0.80293
   9750.  2.50  -1.23067  -1.20545  -1.13020  -1.06870  -1.01251  -0.86220  -0.81255
   9750.  3.00  -1.23123  -1.20098  -1.12727  -1.06828  -1.01404  -0.86515  -0.81898
   9750.  3.50  -1.24497  -1.20497  -1.12675  -1.06783  -1.01309  -0.86177  -0.82098
   9750.  4.00  -1.26674  -1.21367  -1.12649  -1.06615  -1.00934  -0.85347  -0.81868
   9750.  4.50  -1.29437  -1.22606  -1.12638  -1.06371  -1.00377  -0.84198  -0.81284
   9750.  5.00  -1.32732  -1.24268  -1.12751  -1.06176  -0.99790  -0.82914  -0.80484
  10000.  2.00  -1.29622  -1.27251  -1.18964  -1.12226  -1.06110  -0.90482  -0.85834
  10000.  2.50  -1.27052  -1.24918  -1.17730  -1.11710  -1.06221  -0.91559  -0.86859
  10000.  3.00  -1.26915  -1.24378  -1.17464  -1.11766  -1.06537  -0.92143  -0.87714
  10000.  3.50  -1.28107  -1.24712  -1.17492  -1.11873  -1.06665  -0.92131  -0.88175
  10000.  4.00  -1.30110  -1.25519  -1.17550  -1.11854  -1.06504  -0.91578  -0.88178
  10000.  4.50  -1.32680  -1.26644  -1.17554  -1.11678  -1.06070  -0.90611  -0.87763
  10000.  5.00  -1.35720  -1.28081  -1.17544  -1.11419  -1.05468  -0.89382  -0.87029
  10250.  2.00  -1.33991  -1.31910  -1.23878  -1.17237  -1.11217  -0.95842  -0.91484
  10250.  2.50  -1.31277  -1.29488  -1.22617  -1.16729  -1.11364  -0.97052  -0.92602
  10250.  3.00  -1.31097  -1.28974  -1.22460  -1.16943  -1.11888  -0.97949  -0.93708
  10250.  3.50  -1.32292  -1.29390  -1.22673  -1.17291  -1.12311  -0.98321  -0.94494
  10250.  4.00  -1.34334  -1.30310  -1.22948  -1.17538  -1.12465  -0.98143  -0.94835
  10250.  4.50  -1.36943  -1.31528  -1.23138  -1.17588  -1.12295  -0.97476  -0.94706
  10250.  5.00  -1.39964  -1.32972  -1.23211  -1.17448  -1.11846  -0.96425  -0.94148
  10500.  2.00  -1.38332  -1.36516  -1.28722  -1.22176  -1.16252  -1.01100  -0.97014
  10500.  2.50  -1.35419  -1.33935  -1.27332  -1.21544  -1.16281  -1.02245  -0.98048
  10500.  3.00  -1.35108  -1.33354  -1.27172  -1.21787  -1.16862  -1.03277  -0.99244
  10500.  3.50  -1.36168  -1.33724  -1.27439  -1.22239  -1.17439  -1.03894  -1.00216
  10500.  4.00  -1.38099  -1.34623  -1.27804  -1.22630  -1.17791  -1.03999  -1.00795
  10500.  4.50  -1.40615  -1.35824  -1.28091  -1.22828  -1.17820  -1.03596  -1.00908
  10500.  5.00  -1.43561  -1.37239  -1.28233  -1.22802  -1.17528  -1.02752  -1.00547
  10750.  2.00  -1.42719  -1.41151  -1.33591  -1.27151  -1.21331  -1.06409  -1.02567
  10750.  2.50  -1.39602  -1.38402  -1.32056  -1.26371  -1.21209  -1.07434  -1.03475
  10750.  3.00  -1.39176  -1.37749  -1.31862  -1.26596  -1.21789  -1.08523  -1.04699
  10750.  3.50  -1.40149  -1.38094  -1.32170  -1.27120  -1.22469  -1.09315  -1.05798
  10750.  4.00  -1.41989  -1.38985  -1.32626  -1.27646  -1.23001  -1.09674  -1.06586
  10750.  4.50  -1.44412  -1.40178  -1.33014  -1.27993  -1.23227  -1.09534  -1.06929
  10750.  5.00  -1.47289  -1.41583  -1.33250  -1.28104  -1.23113  -1.08922  -1.06784
  11000.  2.00  -1.47105  -1.45768  -1.38437  -1.32108  -1.26397  -1.11709  -1.08090
  11000.  2.50  -1.43759  -1.42822  -1.36716  -1.31127  -1.26063  -1.12515  -1.08783
  11000.  3.00  -1.43166  -1.42039  -1.36415  -1.31245  -1.26537  -1.13528  -1.09915
  11000.  3.50  -1.43975  -1.42275  -1.36661  -1.31726  -1.27194  -1.14354  -1.11014
  11000.  4.00  -1.45636  -1.43064  -1.37091  -1.32260  -1.27767  -1.14827  -1.11869
  11000.  4.50  -1.47860  -1.44156  -1.37489  -1.32657  -1.28087  -1.14848  -1.12331
  11000.  5.00  -1.50517  -1.45445  -1.37745  -1.32833  -1.28088  -1.14409  -1.12329
  11250.  2.00  -1.51572  -1.50449  -1.43340  -1.37133  -1.31539  -1.17100  -1.13678
  11250.  2.50  -1.48043  -1.47354  -1.41489  -1.36010  -1.31055  -1.17756  -1.14222
  11250.  3.00  -1.47355  -1.46504  -1.41139  -1.36077  -1.31475  -1.18734  -1.15309
  11250.  3.50  -1.48094  -1.46709  -1.41386  -1.36570  -1.32155  -1.19626  -1.16450
  11250.  4.00  -1.49697  -1.47491  -1.41865  -1.37176  -1.32825  -1.20251  -1.17423
  11250.  4.50  -1.51866  -1.48594  -1.42349  -1.37691  -1.33298  -1.20483  -1.18062
  11250.  5.00  -1.54473  -1.49901  -1.42709  -1.38005  -1.33472  -1.20266  -1.18257
  11500.  2.00  -1.56026  -1.55104  -1.48212  -1.42131  -1.36659  -1.22479  -1.19238
  11500.  2.50  -1.52335  -1.51881  -1.46257  -1.40895  -1.36056  -1.23008  -1.19657
  11500.  3.00  -1.51553  -1.50967  -1.45857  -1.40904  -1.36411  -1.23926  -1.20676
  11500.  3.50  -1.52228  -1.51138  -1.46093  -1.41389  -1.37087  -1.24839  -1.21822
  11500.  4.00  -1.53778  -1.51911  -1.46602  -1.42040  -1.37818  -1.25570  -1.22873
  11500.  4.50  -1.55902  -1.53025  -1.47160  -1.42653  -1.38414  -1.25974  -1.23648
  11500.  5.00  -1.58459  -1.54351  -1.47622  -1.43097  -1.38748  -1.25965  -1.24024
  11750.  2.00  -1.60481  -1.59748  -1.53061  -1.47106  -1.41756  -1.27830  -1.24755
  11750.  2.50  -1.56641  -1.56408  -1.51013  -1.45773  -1.41051  -1.28254  -1.25071
  11750.  3.00  -1.55765  -1.55427  -1.50561  -1.45719  -1.41336  -1.29099  -1.26012
  11750.  3.50  -1.56367  -1.55553  -1.50771  -1.46175  -1.41982  -1.30000  -1.27133
  11750.  4.00  -1.57861  -1.56304  -1.51287  -1.46843  -1.42739  -1.30791  -1.28223
  11750.  4.50  -1.59945  -1.57423  -1.51896  -1.47525  -1.43423  -1.31328  -1.29106
  11750.  5.00  -1.62465  -1.58772  -1.52448  -1.48082  -1.43898  -1.31505  -1.29641
  12000.  2.50  -1.60943  -1.60917  -1.55743  -1.50623  -1.46019  -1.33477  -1.30449
  12000.  3.00  -1.59983  -1.59877  -1.55245  -1.50515  -1.46243  -1.34250  -1.31316
  12000.  3.50  -1.60515  -1.59959  -1.55426  -1.50937  -1.46851  -1.35120  -1.32396
  12000.  4.00  -1.61951  -1.60682  -1.55936  -1.51600  -1.47607  -1.35934  -1.33492
  12000.  4.50  -1.63999  -1.61803  -1.56581  -1.52331  -1.48353  -1.36568  -1.34451
  12000.  5.00  -1.66491  -1.63176  -1.57214  -1.52987  -1.48947  -1.36903  -1.35118
  12250.  2.50  -1.65219  -1.65391  -1.60434  -1.55437  -1.50954  -1.38666  -1.35783
  12250.  3.00  -1.64186  -1.64304  -1.59906  -1.55291  -1.51134  -1.39386  -1.36593
  12250.  3.50  -1.64655  -1.64348  -1.60060  -1.55678  -1.51702  -1.40214  -1.37624
  12250.  4.00  -1.66022  -1.65028  -1.60546  -1.56316  -1.52433  -1.41019  -1.38699
  12250.  4.50  -1.68028  -1.66139  -1.61206  -1.57070  -1.53209  -1.41713  -1.39699
  12250.  5.00  -1.70493  -1.67526  -1.61895  -1.57795  -1.53887  -1.42170  -1.40465
  12500.  2.50  -1.69479  -1.69835  -1.65082  -1.60207  -1.55843  -1.43806  -1.41058
  12500.  3.00  -1.68385  -1.68714  -1.64538  -1.60037  -1.55994  -1.44488  -1.41827
  12500.  3.50  -1.68786  -1.68713  -1.64659  -1.60385  -1.56516  -1.45266  -1.42802
  12500.  4.00  -1.70086  -1.69351  -1.65120  -1.60993  -1.57215  -1.46046  -1.43842
  12500.  4.50  -1.72047  -1.70444  -1.65780  -1.61749  -1.57996  -1.46768  -1.44855
  12500.  5.00  -1.74492  -1.71846  -1.66515  -1.62530  -1.58741  -1.47321  -1.45701
  12750.  2.50  -1.73701  -1.74236  -1.69680  -1.64925  -1.60678  -1.48890  -1.46270
  12750.  3.00  -1.72550  -1.73080  -1.69121  -1.64737  -1.60811  -1.49547  -1.47011
  12750.  3.50  -1.72893  -1.73044  -1.69221  -1.65056  -1.61298  -1.50285  -1.47939
  12750.  4.00  -1.74124  -1.73637  -1.69649  -1.65628  -1.61958  -1.51030  -1.48936
  12750.  4.50  -1.76042  -1.74709  -1.70302  -1.66374  -1.62728  -1.51754  -1.49940
  12750.  5.00  -1.78475  -1.76126  -1.71073  -1.67195  -1.63518  -1.52375  -1.50839
  13000.  2.50  -1.77876  -1.78580  -1.74214  -1.69578  -1.65448  -1.53906  -1.51407
  13000.  3.00  -1.76689  -1.77411  -1.73661  -1.69393  -1.65582  -1.54559  -1.52140
  13000.  3.50  -1.76979  -1.77345  -1.73746  -1.69692  -1.66045  -1.55265  -1.53032
  13000.  4.00  -1.78149  -1.77898  -1.74148  -1.70232  -1.66669  -1.55973  -1.53984
  13000.  4.50  -1.80019  -1.78944  -1.74786  -1.70959  -1.67419  -1.56686  -1.54964
  13000.  5.00  -1.82434  -1.80367  -1.75579  -1.71802  -1.68231  -1.57347  -1.55892
  14000.  2.00  -1.98848  -1.99373  -1.94006  -1.89016  -1.84596  -1.72761  -1.70834
  14000.  2.50  -1.94140  -1.95458  -1.91771  -1.87581  -1.83891  -1.73288  -1.71218
  14000.  3.00  -1.92879  -1.94292  -1.91304  -1.87488  -1.84126  -1.74036  -1.72028
  14000.  3.50  -1.93016  -1.94151  -1.91385  -1.87775  -1.84576  -1.74713  -1.72869
  14000.  4.00  -1.93959  -1.94564  -1.91709  -1.88224  -1.85101  -1.75321  -1.73696
  14000.  4.50  -1.95682  -1.95534  -1.92302  -1.88881  -1.85760  -1.75943  -1.74560
  14000.  5.00  -1.98065  -1.96992  -1.93153  -1.89760  -1.86593  -1.76646  -1.75495
  15000.  2.50  -2.09523  -2.11369  -2.08249  -2.04472  -2.01191  -1.91478  -1.89766
  15000.  3.00  -2.08321  -2.10328  -2.07995  -2.04600  -2.01660  -1.92453  -1.90789
  15000.  3.50  -2.08348  -2.10146  -2.08111  -2.04930  -2.02164  -1.93192  -1.91674
  15000.  4.00  -2.09086  -2.10429  -2.08376  -2.05325  -2.02643  -1.93757  -1.92437
  15000.  4.50  -2.10615  -2.11275  -2.08899  -2.05898  -2.03210  -1.94281  -1.93177
  15000.  5.00  -2.12963  -2.12752  -2.09769  -2.06760  -2.03994  -1.94907  -1.94009
  16000.  2.50  -2.23942  -2.26229  -2.23561  -2.20161  -2.17252  -2.08398  -2.06999
  16000.  3.00  -2.22989  -2.25508  -2.23729  -2.20721  -2.18169  -2.09801  -2.08432
  16000.  3.50  -2.23017  -2.25377  -2.23950  -2.21163  -2.18795  -2.10667  -2.09429
  16000.  4.00  -2.23594  -2.25562  -2.24185  -2.21539  -2.19269  -2.11246  -2.10188
  16000.  4.50  -2.24908  -2.26263  -2.24632  -2.22044  -2.19780  -2.11724  -2.10863
  16000.  5.00  -2.27204  -2.27746  -2.25544  -2.22927  -2.20569  -2.12329  -2.11650
  17000.  2.50  -2.37465  -2.40091  -2.37717  -2.34623  -2.32021  -2.23932  -2.22815
  17000.  3.00  -2.36844  -2.39804  -2.38481  -2.35828  -2.33636  -2.26068  -2.24957
  17000.  3.50  -2.36963  -2.39808  -2.38886  -2.36455  -2.34448  -2.27116  -2.26123
  17000.  4.00  -2.37407  -2.39910  -2.39090  -2.36812  -2.34917  -2.27716  -2.26893
  17000.  4.50  -2.38431  -2.40391  -2.39396  -2.37198  -2.35332  -2.28140  -2.27500
  17000.  5.00  -2.40661  -2.41866  -2.40358  -2.38129  -2.36171  -2.28783  -2.28307
  18000.  2.50  -2.50213  -2.53084  -2.50841  -2.47935  -2.45529  -2.37979  -2.37125
  18000.  3.00  -2.49851  -2.53188  -2.52229  -2.49896  -2.48028  -2.41217  -2.40337
  18000.  3.50  -2.50241  -2.53506  -2.52998  -2.50884  -2.49202  -2.42612  -2.41836
  18000.  4.00  -2.50637  -2.53597  -2.53223  -2.51262  -2.49692  -2.43238  -2.42622
  18000.  4.50  -2.51437  -2.53908  -2.53414  -2.51545  -2.50019  -2.43604  -2.43165
  18000.  5.00  -2.53400  -2.55190  -2.54268  -2.52390  -2.50795  -2.44218  -2.43932
  19000.  2.50  -2.62435  -2.65501  -2.63279  -2.60437  -2.58109  -2.50749  -2.50135
  19000.  3.00  -2.62001  -2.65650  -2.64953  -2.62884  -2.61290  -2.55142  -2.54480
  19000.  3.50  -2.62850  -2.66477  -2.66302  -2.64468  -2.63076  -2.57161  -2.56581
  19000.  4.00  -2.63353  -2.66707  -2.66686  -2.64991  -2.63699  -2.57903  -2.57471
  19000.  4.50  -2.63949  -2.66863  -2.66759  -2.65160  -2.63916  -2.58173  -2.57911
  19000.  5.00  -2.65612  -2.67909  -2.67444  -2.65852  -2.64559  -2.58689  -2.58577
  20000.  3.00  -2.73395  -2.77306  -2.76783  -2.74908  -2.73522  -2.67870  -2.67407
  20000.  3.50  -2.74780  -2.78723  -2.78813  -2.77221  -2.76082  -2.70760  -2.70361
  20000.  4.00  -2.75524  -2.79223  -2.79484  -2.78018  -2.76966  -2.71743  -2.71474
  20000.  4.50  -2.76069  -2.79368  -2.79568  -2.78186  -2.77173  -2.71991  -2.71881
  20000.  5.00  -2.77352  -2.80099  -2.79994  -2.78630  -2.77581  -2.72297  -2.72334
  21000.  3.00  -2.84185  -2.88341  -2.87955  -2.86222  -2.84995  -2.79671  -2.79383
  21000.  3.50  -2.86029  -2.90253  -2.90556  -2.89166  -2.88243  -2.83419  -2.83184
  21000.  4.00  -2.87197  -2.91205  -2.91708  -2.90444  -2.89608  -2.84882  -2.84762
  21000.  4.50  -2.87809  -2.91450  -2.91904  -2.90705  -2.89890  -2.85173  -2.85194
  21000.  5.00  -2.88821  -2.91966  -2.92149  -2.90963  -2.90110  -2.85290  -2.85447
  22000.  3.00  -2.94524  -2.98938  -2.98728  -2.97136  -2.96064  -2.91002  -2.90859
  22000.  3.50  -2.96646  -3.01130  -3.01614  -3.00391  -2.99654  -2.95219  -2.95132
  22000.  4.00  -2.98326  -3.02617  -3.03333  -3.02248  -3.01608  -2.97315  -2.97327
  22000.  4.50  -2.99177  -3.03130  -3.03811  -3.02780  -3.02150  -2.97842  -2.97977
  22000.  5.00  -3.00095  -3.03597  -3.04037  -3.03007  -3.02330  -2.97905  -2.98159
  23000.  3.00  -3.04385  -3.09077  -3.09108  -3.07690  -3.06799  -3.02076  -3.02063
  23000.  3.50  -3.06713  -3.11458  -3.12130  -3.11065  -3.10501  -3.06391  -3.06431
  23000.  4.00  -3.08879  -3.13440  -3.14356  -3.13438  -3.12981  -3.09065  -3.09195
  23000.  4.50  -3.10112  -3.14355  -3.15255  -3.14388  -3.13938  -3.10015  -3.10254
  23000.  5.00  -3.11068  -3.14898  -3.15586  -3.14713  -3.14211  -3.10164  -3.10507
  24000.  3.00  -3.13660  -3.18607  -3.18896  -3.17653  -3.16949  -3.12618  -3.12730
  24000.  3.50  -3.16278  -3.21302  -3.22216  -3.21327  -3.20955  -3.17189  -3.17342
  24000.  4.00  -3.18876  -3.23701  -3.24825  -3.24066  -3.23787  -3.20211  -3.20446
  24000.  4.50  -3.20543  -3.25062  -3.26180  -3.25473  -3.25202  -3.21638  -3.21972
  24000.  5.00  -3.21702  -3.25834  -3.26762  -3.26049  -3.25723  -3.22043  -3.22468
  25000.  3.00  -3.22459  -3.27586  -3.28048  -3.26885  -3.26279  -3.22223  -3.22449
  25000.  3.50  -3.25272  -3.30586  -3.31796  -3.31114  -3.30962  -3.27608  -3.27871
  25000.  4.00  -3.28324  -3.33421  -3.34780  -3.34192  -3.34099  -3.30867  -3.31200
  25000.  4.50  -3.30422  -3.35211  -3.36552  -3.36005  -3.35912  -3.32694  -3.33116
  25000.  5.00  -3.31848  -3.36268  -3.37437  -3.36886  -3.36739  -3.33421  -3.33926
  26000.  3.00  -3.31421  -3.36654  -3.37172  -3.35905  -3.35223  -3.31091  -3.31395
  26000.  3.50  -3.33590  -3.39190  -3.40723  -3.40255  -3.40332  -3.37430  -3.37803
  26000.  4.00  -3.37189  -3.42569  -3.44206  -3.43813  -3.43929  -3.41085  -3.41512
  26000.  4.50  -3.39735  -3.44796  -3.46382  -3.46004  -3.46096  -3.43225  -3.43728
  26000.  5.00  -3.41486  -3.46184  -3.47598  -3.47211  -3.47246  -3.44281  -3.44860
  27000.  3.50  -3.41276  -3.47129  -3.48957  -3.48666  -3.48946  -3.46456  -3.46936
  27000.  4.00  -3.45408  -3.51077  -3.53030  -3.52847  -3.53188  -3.50777  -3.51300
  27000.  4.50  -3.48441  -3.53780  -3.55640  -3.55447  -3.55740  -3.53247  -3.53833
  27000.  5.00  -3.50541  -3.55517  -3.57190  -3.56974  -3.57197  -3.54594  -3.55247
  28000.  3.50  -3.48617  -3.54679  -3.56756  -3.56563  -3.56978  -3.54759  -3.55333
  28000.  4.00  -3.52973  -3.58921  -3.61202  -3.61220  -3.61787  -3.59805  -3.60426
  28000.  4.50  -3.56503  -3.62123  -3.64283  -3.64287  -3.64791  -3.62707  -3.63377
  28000.  5.00  -3.58996  -3.64249  -3.66198  -3.66163  -3.66583  -3.64355  -3.65082
  29000.  3.50  -3.56036  -3.62262  -3.64542  -3.64355  -3.64829  -3.62699  -3.63339
  29000.  4.00  -3.60032  -3.66236  -3.68824  -3.69008  -3.69770  -3.68158  -3.68871
  29000.  4.50  -3.63948  -3.69847  -3.72325  -3.72521  -3.73240  -3.71556  -3.72310
  29000.  5.00  -3.66837  -3.72370  -3.74612  -3.74763  -3.75384  -3.73547  -3.74348
  30000.  3.50  -3.63842  -3.70206  -3.72662  -3.72410  -3.72884  -3.70691  -3.71370
  30000.  4.00  -3.66843  -3.73271  -3.76139  -3.76431  -3.77348  -3.75993  -3.76783
  30000.  4.50  -3.70870  -3.77035  -3.79823  -3.80187  -3.81103  -3.79781  -3.80617
  30000.  5.00  -3.74080  -3.79889  -3.82434  -3.82764  -3.83584  -3.82123  -3.82997
  31000.  3.50  -3.72170  -3.78660  -3.81280  -3.80930  -3.81366  -3.79015  -3.79706
  31000.  4.00  -3.73663  -3.80274  -3.83392  -3.83732  -3.84759  -3.83545  -3.84396
  31000.  4.50  -3.77501  -3.83909  -3.86991  -3.87485  -3.88568  -3.87529  -3.88436
  31000.  5.00  -3.80870  -3.86945  -3.89795  -3.90281  -3.91287  -3.90157  -3.91099
  32000.  4.00  -3.80762  -3.87533  -3.90888  -3.91225  -3.92326  -3.91145  -3.92039
  32000.  4.50  -3.83995  -3.90615  -3.93973  -3.94551  -3.95775  -3.94933  -3.95900
  32000.  5.00  -3.87369  -3.93691  -3.96832  -3.97445  -3.98614  -3.97755  -3.98758
  33000.  4.00  -3.88159  -3.95072  -3.98656  -3.98958  -4.00105  -3.98877  -3.99797
  33000.  4.50  -3.90662  -3.97464  -4.01080  -4.01698  -4.03033  -4.02291  -4.03305
  33000.  5.00  -3.93723  -4.00271  -4.03693  -4.04399  -4.05712  -4.05051  -4.06106
  34000.  4.00  -3.95839  -4.02888  -4.06701  -4.06953  -4.08131  -4.06817  -4.07748
  34000.  4.50  -3.97538  -4.04498  -4.08363  -4.08984  -4.10404  -4.09679  -4.10728
  34000.  5.00  -4.00202  -4.06943  -4.10632  -4.11391  -4.12825  -4.12282  -4.13380
  35000.  4.00  -4.03746  -4.10927  -4.14969  -4.15180  -4.16388  -4.15001  -4.15936
  35000.  4.50  -4.04654  -4.11753  -4.15863  -4.16461  -4.17948  -4.17181  -4.18252
  35000.  5.00  -4.06834  -4.13743  -4.17688  -4.18468  -4.20002  -4.19500  -4.20634
  36000.  4.00  -4.11783  -4.19093  -4.23356  -4.23546  -4.24789  -4.23371  -4.24310
  36000.  4.50  -4.11991  -4.19223  -4.23579  -4.24143  -4.25687  -4.24854  -4.25938
  36000.  5.00  -4.13657  -4.20712  -4.24908  -4.25681  -4.27299  -4.26777  -4.27937
  37000.  4.00  -4.19828  -4.27259  -4.31729  -4.31916  -4.33201  -4.31799  -4.32745
  37000.  4.50  -4.19504  -4.26863  -4.31466  -4.32005  -4.33606  -4.32714  -4.33807
  37000.  5.00  -4.20679  -4.27868  -4.32314  -4.33066  -4.34756  -4.34175  -4.35354
  38000.  4.00  -4.27790  -4.35335  -4.39982  -4.40180  -4.41507  -4.40152  -4.41110
  38000.  4.50  -4.27100  -4.34584  -4.39427  -4.39955  -4.41618  -4.40703  -4.41806
  38000.  5.00  -4.27881  -4.35194  -4.39888  -4.40618  -4.42377  -4.41733  -4.42926
  39000.  4.00  -4.35619  -4.43271  -4.48067  -4.48280  -4.49638  -4.48351  -4.49319
  39000.  4.50  -4.34696  -4.42300  -4.47371  -4.47903  -4.49630  -4.48730  -4.49847
  39000.  5.00  -4.35186  -4.42621  -4.47559  -4.48276  -4.50105  -4.49417  -4.50622
  40000.  4.50  -4.42217  -4.49936  -4.55215  -4.55764  -4.57554  -4.56699  -4.57830
  40000.  5.00  -4.42539  -4.50090  -4.55264  -4.55978  -4.57877  -4.57174  -4.58394
  41000.  4.50  -4.49607  -4.57435  -4.62900  -4.63471  -4.65319  -4.64529  -4.65677
  41000.  5.00  -4.49859  -4.57521  -4.62917  -4.63640  -4.65611  -4.64922  -4.66159
  42000.  4.50  -4.56836  -4.64769  -4.70395  -4.70992  -4.72889  -4.72174  -4.73339
  42000.  5.00  -4.57085  -4.64854  -4.70454  -4.71195  -4.73235  -4.72584  -4.73839
  43000.  4.50  -4.63906  -4.71939  -4.77699  -4.78320  -4.80256  -4.79618  -4.80796
  43000.  5.00  -4.64177  -4.72050  -4.77835  -4.78598  -4.80700  -4.80103  -4.81377
  44000.  4.50  -4.70821  -4.78947  -4.84818  -4.85463  -4.87427  -4.86867  -4.88056
  44000.  5.00  -4.71119  -4.79091  -4.85037  -4.85825  -4.87980  -4.87446  -4.88738
  45000.  4.50  -4.77591  -4.85807  -4.91768  -4.92439  -4.94423  -4.93941  -4.95139
  45000.  5.00  -4.77907  -4.85974  -4.92058  -4.92870  -4.95069  -4.94603  -4.95911
  46000.  4.50  -4.84238  -4.92542  -4.98577  -4.99274  -5.01273  -5.00869  -5.02074
  46000.  5.00  -4.84552  -4.92710  -4.98912  -4.99748  -5.01980  -5.01583  -5.02903
  47000.  4.50  -4.90768  -4.99154  -5.05254  -5.05976  -5.07988  -5.07665  -5.08878
  47000.  5.00  -4.91066  -4.99313  -5.05613  -5.06472  -5.08731  -5.08405  -5.09734
  48000.  4.50  -4.97176  -5.05640  -5.11797  -5.12545  -5.14567  -5.14330  -5.15549
  48000.  5.00  -4.97466  -5.05796  -5.12180  -5.13065  -5.15344  -5.15090  -5.16427
  49000.  4.50  -5.03465  -5.12006  -5.18217  -5.18990  -5.21022  -5.20871  -5.22097
  49000.  5.00  -5.03754  -5.12166  -5.18625  -5.19535  -5.21833  -5.21655  -5.22999
  50000.  5.00  -5.09936  -5.18427  -5.24954  -5.25891  -5.28205  -5.28105  -5.29456
