   3500.  0.00  -5.17883  -4.07969  -2.94048  -2.08716  -1.66174  -0.48780  -0.27321
   3500.  0.50  -4.77305  -3.77668  -2.71095  -1.93288  -1.52385  -0.41840  -0.21411
   3500.  1.00  -4.41371  -3.51785  -2.52039  -1.80067  -1.40611  -0.35205  -0.15536
   3500.  1.50  -4.12777  -3.31631  -2.37408  -1.69379  -1.30995  -0.29070  -0.09943
   3500.  2.00  -3.96811  -3.20677  -2.29539  -1.62737  -1.24768  -0.24115  -0.05315
   3500.  2.50  -3.90009  -3.16068  -2.25959  -1.58845  -1.20852  -0.20552  -0.01982
   3500.  3.00  -3.86301  -3.13779  -2.24032  -1.56532  -1.18438  -0.18508  -0.00089
   3500.  3.50  -3.86196  -3.14293  -2.23841  -1.55438  -1.17030  -0.17321   0.01004
   3500.  4.00  -3.89526  -3.17463  -2.25138  -1.55048  -1.16071  -0.16369   0.01889
   3500.  4.50  -3.95078  -3.22108  -2.27250  -1.54741  -1.15057  -0.15088   0.03112
   3500.  5.00  -4.01581  -3.27124  -2.29868  -1.53904  -1.13454  -0.12773   0.05362
   3750.  0.00  -4.64214  -3.62392  -2.58331  -1.83151  -1.43053  -0.36837  -0.17844
   3750.  0.50  -4.34133  -3.41316  -2.43736  -1.74704  -1.36226  -0.35589  -0.17305
   3750.  1.00  -4.07088  -3.23215  -2.31524  -1.67138  -1.30013  -0.33546  -0.15781
   3750.  1.50  -3.83976  -3.07904  -2.21081  -1.59938  -1.23813  -0.30415  -0.13058
   3750.  2.00  -3.66312  -2.96077  -2.12774  -1.53522  -1.18006  -0.26493  -0.09437
   3750.  2.50  -3.57376  -2.89904  -2.08074  -1.48945  -1.13509  -0.22081  -0.05169
   3750.  3.00  -3.52813  -2.86643  -2.05263  -1.45569  -1.09985  -0.18170  -0.01355
   3750.  3.50  -3.51047  -2.85678  -2.04189  -1.43786  -1.07962  -0.16021   0.00714
   3750.  4.00  -3.50792  -2.85898  -2.03669  -1.42368  -1.06186  -0.14284   0.02376
   3750.  4.50  -3.53049  -2.88104  -2.04219  -1.41469  -1.04717  -0.12841   0.03745
   3750.  5.00  -3.57238  -2.91633  -2.05321  -1.40559  -1.03080  -0.11124   0.05371
   4000.  0.00  -4.05826  -3.14641  -2.20686  -1.55178  -1.17796  -0.21835  -0.05048
   4000.  0.50  -3.80968  -2.97338  -2.09516  -1.49430  -1.13776  -0.22564  -0.06326
   4000.  1.00  -3.60270  -2.83925  -2.01553  -1.45544  -1.11325  -0.23468  -0.07575
   4000.  1.50  -3.44390  -2.74325  -1.96215  -1.42881  -1.09657  -0.24050  -0.08374
   4000.  2.00  -3.32920  -2.67763  -1.92558  -1.40706  -1.08026  -0.23932  -0.08414
   4000.  2.50  -3.25268  -2.63416  -1.89644  -1.38156  -1.05564  -0.22305  -0.06927
   4000.  3.00  -3.21938  -2.61308  -1.87659  -1.35463  -1.02600  -0.18916  -0.03601
   4000.  3.50  -3.19788  -2.59685  -1.85686  -1.32549  -0.99328  -0.15084   0.00165
   4000.  4.00  -3.18459  -2.58833  -1.84425  -1.30446  -0.96891  -0.12297   0.02895
   4000.  4.50  -3.18663  -2.59428  -1.84229  -1.29257  -0.95272  -0.10506   0.04634
   4000.  5.00  -3.20487  -2.61356  -1.84723  -1.28415  -0.93841  -0.09017   0.06056
   4250.  0.00  -3.52888  -2.73991  -1.90018  -1.32886  -0.98246  -0.11259   0.03716
   4250.  0.50  -3.34016  -2.60931  -1.81963  -1.29018  -0.95916  -0.12669   0.01891
   4250.  1.00  -3.18034  -2.50469  -1.76046  -1.26443  -0.94677  -0.14213   0.00079
   4250.  1.50  -3.05782  -2.42859  -1.72087  -1.24855  -0.94096  -0.15519  -0.01392
   4250.  2.00  -2.97109  -2.37781  -1.69651  -1.23907  -0.93800  -0.16429  -0.02402
   4250.  2.50  -2.91531  -2.34725  -1.68172  -1.23115  -0.93298  -0.16659  -0.02706
   4250.  3.00  -2.88466  -2.33265  -1.67306  -1.22170  -0.92285  -0.15916  -0.02024
   4250.  3.50  -2.88121  -2.33302  -1.66897  -1.20864  -0.90572  -0.13682   0.00186
   4250.  4.00  -2.88657  -2.33727  -1.66523  -1.19421  -0.88657  -0.11086   0.02765
   4250.  4.50  -2.89120  -2.34236  -1.66286  -1.18197  -0.86990  -0.08925   0.04900
   4250.  5.00  -2.89729  -2.35126  -1.66391  -1.17301  -0.85619  -0.07292   0.06493
   4500.  0.00  -3.04081  -2.38181  -1.64610  -1.15342  -0.83664  -0.05236   0.08157
   4500.  0.50  -2.92080  -2.30138  -1.60064  -1.13493  -0.82950  -0.06895   0.06250
   4500.  1.00  -2.81763  -2.23457  -1.56540  -1.12237  -0.82701  -0.08561   0.04407
   4500.  1.50  -2.73698  -2.18416  -1.54076  -1.11491  -0.82751  -0.10019   0.02831
   4500.  2.00  -2.67914  -2.14900  -1.52456  -1.11053  -0.82876  -0.11107   0.01667
   4500.  2.50  -2.64220  -2.12722  -1.51461  -1.10711  -0.82846  -0.11674   0.01043
   4500.  3.00  -2.62209  -2.11583  -1.50836  -1.10248  -0.82449  -0.11567   0.01104
   4500.  3.50  -2.61439  -2.11288  -1.50523  -1.09608  -0.81628  -0.10722   0.01911
   4500.  4.00  -2.61911  -2.11726  -1.50418  -1.08740  -0.80381  -0.09034   0.03580
   4500.  4.50  -2.62982  -2.12438  -1.50351  -1.07800  -0.79022  -0.07121   0.05481
   4500.  5.00  -2.63934  -2.13168  -1.50346  -1.06952  -0.77760  -0.05423   0.07161
   4750.  0.00  -2.61686  -2.07994  -1.44614  -1.02300  -0.73606  -0.03001   0.09058
   4750.  0.50  -2.54472  -2.03646  -1.42738  -1.02044  -0.74134  -0.04831   0.07095
   4750.  1.00  -2.48874  -2.00371  -1.41472  -1.02095  -0.74839  -0.06553   0.05283
   4750.  1.50  -2.44683  -1.97927  -1.40562  -1.02210  -0.75477  -0.07983   0.03791
   4750.  2.00  -2.41880  -1.96265  -1.39946  -1.02336  -0.75984  -0.09079   0.02652
   4750.  2.50  -2.40276  -1.95224  -1.39462  -1.02293  -0.76165  -0.09666   0.02029
   4750.  3.00  -2.39644  -1.94670  -1.39028  -1.02006  -0.75947  -0.09670   0.01987
   4750.  3.50  -2.39662  -1.94489  -1.38654  -1.01504  -0.75366  -0.09128   0.02495
   4750.  4.00  -2.40103  -1.94659  -1.38432  -1.00867  -0.74506  -0.08071   0.03525
   4750.  4.50  -2.41028  -1.95142  -1.38299  -1.00124  -0.73444  -0.06637   0.04943
   4750.  5.00  -2.42075  -1.95690  -1.38162  -0.99334  -0.72313  -0.05106   0.06458
   5000.  0.00  -2.28564  -1.84578  -1.29871  -0.93184  -0.67186  -0.03189   0.07838
   5000.  0.50  -2.24434  -1.82629  -1.29725  -0.93958  -0.68465  -0.05088   0.05844
   5000.  1.00  -2.21494  -1.81374  -1.29850  -0.94804  -0.69715  -0.06794   0.04084
   5000.  1.50  -2.19756  -1.80769  -1.30170  -0.95652  -0.70864  -0.08255   0.02597
   5000.  2.00  -2.19043  -1.80641  -1.30534  -0.96371  -0.71786  -0.09372   0.01462
   5000.  2.50  -2.19054  -1.80735  -1.30735  -0.96772  -0.72299  -0.10034   0.00787
   5000.  3.00  -2.19559  -1.80884  -1.30654  -0.96742  -0.72291  -0.10129   0.00670
   5000.  3.50  -2.20410  -1.81051  -1.30322  -0.96297  -0.71774  -0.09624   0.01144
   5000.  4.00  -2.21414  -1.81282  -1.29928  -0.95609  -0.70916  -0.08641   0.02098
   5000.  4.50  -2.22449  -1.81596  -1.29595  -0.94849  -0.69918  -0.07383   0.03334
   5000.  5.00  -2.23498  -1.81963  -1.29306  -0.94075  -0.68879  -0.06035   0.04664
   5250.  0.00  -2.02929  -1.66473  -1.18957  -0.86864  -0.63279  -0.04915   0.05355
   5250.  0.50  -2.01201  -1.66243  -1.19901  -0.88222  -0.64899  -0.06671   0.03478
   5250.  1.00  -2.00279  -1.66464  -1.20985  -0.89601  -0.66472  -0.08298   0.01785
   5250.  1.50  -2.00191  -1.67133  -1.22182  -0.90975  -0.67966  -0.09769   0.00288
   5250.  2.00  -2.00790  -1.68098  -1.23365  -0.92242  -0.69298  -0.11029  -0.00974
   5250.  2.50  -2.01857  -1.69136  -1.24324  -0.93214  -0.70285  -0.11937  -0.01879
   5250.  3.00  -2.03108  -1.70003  -1.24848  -0.93688  -0.70730  -0.12308  -0.02256
   5250.  3.50  -2.04461  -1.70623  -1.24854  -0.93537  -0.70482  -0.11988  -0.01953
   5250.  4.00  -2.05781  -1.71010  -1.24477  -0.92917  -0.69713  -0.11107  -0.01098
   5250.  4.50  -2.07084  -1.71328  -1.23967  -0.92049  -0.68631  -0.09828   0.00154
   5250.  5.00  -2.08231  -1.71581  -1.23456  -0.91139  -0.67488  -0.08416   0.01543
   5500.  0.00  -1.82403  -1.52001  -1.10633  -0.82458  -0.61095  -0.07753   0.02007
   5500.  0.50  -1.82587  -1.53035  -1.12235  -0.84084  -0.62764  -0.09176   0.00391
   5500.  1.00  -1.83253  -1.54337  -1.13916  -0.85738  -0.64428  -0.10580  -0.01134
   5500.  1.50  -1.84492  -1.55957  -1.15690  -0.87424  -0.66080  -0.11950  -0.02565
   5500.  2.00  -1.86180  -1.57778  -1.17467  -0.89068  -0.67661  -0.13239  -0.03876
   5500.  2.50  -1.88124  -1.59623  -1.19093  -0.90536  -0.69046  -0.14336  -0.04967
   5500.  3.00  -1.90053  -1.61235  -1.20337  -0.91616  -0.70033  -0.15086  -0.05708
   5500.  3.50  -1.91771  -1.62399  -1.20966  -0.92067  -0.70376  -0.15236  -0.05860
   5500.  4.00  -1.93254  -1.63092  -1.20945  -0.91815  -0.69978  -0.14696  -0.05333
   5500.  4.50  -1.94609  -1.63486  -1.20490  -0.91047  -0.69013  -0.13548  -0.04208
   5500.  5.00  -1.95805  -1.63720  -1.19879  -0.90073  -0.67817  -0.12124  -0.02807
   5750.  0.00  -1.65396  -1.40059  -1.04131  -0.79420  -0.60154  -0.11478  -0.01999
   5750.  0.50  -1.67042  -1.41973  -1.06065  -0.81072  -0.61655  -0.12412  -0.03235
   5750.  1.00  -1.68965  -1.44064  -1.08082  -0.82808  -0.63236  -0.13471  -0.04504
   5750.  1.50  -1.71295  -1.46411  -1.10220  -0.84646  -0.64902  -0.14624  -0.05789
   5750.  2.00  -1.73936  -1.48936  -1.12425  -0.86539  -0.66615  -0.15840  -0.07071
   5750.  2.50  -1.76707  -1.51473  -1.14565  -0.88374  -0.68272  -0.17028  -0.08280
   5750.  3.00  -1.79396  -1.53811  -1.16429  -0.89952  -0.69678  -0.18034  -0.09280
   5750.  3.50  -1.81721  -1.55669  -1.17752  -0.91011  -0.70577  -0.18604  -0.09836
   5750.  4.00  -1.83541  -1.56895  -1.18369  -0.91386  -0.70801  -0.18585  -0.09812
   5750.  4.50  -1.84951  -1.57532  -1.18265  -0.91006  -0.70241  -0.17815  -0.09057
   5750.  5.00  -1.86109  -1.57826  -1.17749  -0.90157  -0.69180  -0.16531  -0.07790
   6000.  0.00  -1.50791  -1.29944  -0.99044  -0.77483  -0.60243  -0.16000  -0.06607
   6000.  0.50  -1.53674  -1.32449  -1.00981  -0.78903  -0.61334  -0.16289  -0.07320
   6000.  1.00  -1.56572  -1.35091  -1.03131  -0.80562  -0.62687  -0.16883  -0.08243
   6000.  1.50  -1.59753  -1.37969  -1.05469  -0.82420  -0.64244  -0.17710  -0.09301
   6000.  2.00  -1.63198  -1.41047  -1.07957  -0.84439  -0.65969  -0.18740  -0.10473
   6000.  2.50  -1.66739  -1.44181  -1.10483  -0.86517  -0.67770  -0.19886  -0.11691
   6000.  3.00  -1.70187  -1.47180  -1.12854  -0.88475  -0.69469  -0.21005  -0.12828
   6000.  3.50  -1.73235  -1.49765  -1.14837  -0.90104  -0.70879  -0.21924  -0.13736
   6000.  4.00  -1.75674  -1.51696  -1.16159  -0.91122  -0.71703  -0.22376  -0.14170
   6000.  4.50  -1.77444  -1.52853  -1.16647  -0.91321  -0.71714  -0.22111  -0.13896
   6000.  5.00  -1.78697  -1.53398  -1.16468  -0.90843  -0.71040  -0.21174  -0.12968
   6250.  0.50  -1.41799  -1.24129  -0.96916  -0.77562  -0.61816  -0.20829  -0.11904
   6250.  1.00  -1.45580  -1.27138  -0.98944  -0.78934  -0.62742  -0.20828  -0.12361
   6250.  1.50  -1.49432  -1.30378  -1.01329  -0.80687  -0.64072  -0.21237  -0.13122
   6250.  2.00  -1.53517  -1.33864  -1.03971  -0.82721  -0.65701  -0.21976  -0.14106
   6250.  2.50  -1.57721  -1.37486  -1.06766  -0.84938  -0.67540  -0.22968  -0.15245
   6250.  3.00  -1.61859  -1.41055  -1.09538  -0.87175  -0.69430  -0.24092  -0.16436
   6250.  3.50  -1.65654  -1.44308  -1.12048  -0.89221  -0.71177  -0.25180  -0.17535
   6250.  4.00  -1.68845  -1.46978  -1.14021  -0.90795  -0.72493  -0.25954  -0.18292
   6250.  4.50  -1.71236  -1.48859  -1.15257  -0.91701  -0.73184  -0.26239  -0.18551
   6250.  5.00  -1.72867  -1.49908  -1.15629  -0.91772  -0.73054  -0.25805  -0.18103
   6500.  0.50  -1.30729  -1.16791  -0.94064  -0.77273  -0.63351  -0.26159  -0.17160
   6500.  1.00  -1.35553  -1.20047  -0.95590  -0.78016  -0.63504  -0.25385  -0.16954
   6500.  1.50  -1.40104  -1.23540  -0.97791  -0.79458  -0.64403  -0.25240  -0.17292
   6500.  2.00  -1.44698  -1.27304  -1.00452  -0.81389  -0.65825  -0.25591  -0.18009
   6500.  2.50  -1.49434  -1.31281  -1.03391  -0.83637  -0.67597  -0.26332  -0.18996
   6500.  3.00  -1.54166  -1.35309  -1.06442  -0.86040  -0.69561  -0.27339  -0.20145
   6500.  3.50  -1.58635  -1.39138  -1.09375  -0.88397  -0.71534  -0.28463  -0.21323
   6500.  4.00  -1.62589  -1.42522  -1.11947  -0.90470  -0.73276  -0.29481  -0.22336
   6500.  4.50  -1.65740  -1.45165  -1.13872  -0.91982  -0.74514  -0.30150  -0.22975
   6500.  5.00  -1.67991  -1.46909  -1.14930  -0.92693  -0.74992  -0.30204  -0.22997
   6750.  0.50  -1.22210  -1.10982  -0.91761  -0.77258  -0.65025  -0.31520  -0.22397
   6750.  1.00  -1.26062  -1.13740  -0.93318  -0.78053  -0.65234  -0.30655  -0.22165
   6750.  1.50  -1.31466  -1.17406  -0.95004  -0.78884  -0.65396  -0.29805  -0.21907
   6750.  2.00  -1.36644  -1.21358  -0.97448  -0.80500  -0.66396  -0.29638  -0.22233
   6750.  2.50  -1.41815  -1.25561  -1.00384  -0.82642  -0.67968  -0.30017  -0.22980
   6750.  3.00  -1.47020  -1.29922  -1.03586  -0.85097  -0.69894  -0.30795  -0.23994
   6750.  3.50  -1.52063  -1.34222  -1.06837  -0.87668  -0.71994  -0.31847  -0.25163
   6750.  4.00  -1.56710  -1.38215  -1.09879  -0.90104  -0.74017  -0.32954  -0.26302
   6750.  4.50  -1.60649  -1.41589  -1.12407  -0.92119  -0.75684  -0.33870  -0.27196
   6750.  5.00  -1.63648  -1.44110  -1.14201  -0.93497  -0.76781  -0.34379  -0.27655
   7000.  0.50  -1.16295  -1.06910  -0.90163  -0.77533  -0.66715  -0.36611  -0.27396
   7000.  1.00  -1.18883  -1.08904  -0.91610  -0.78386  -0.67109  -0.35918  -0.27326
   7000.  1.50  -1.23263  -1.11976  -0.93247  -0.79227  -0.67315  -0.35020  -0.27093
   7000.  2.00  -1.29173  -1.16028  -0.95140  -0.80217  -0.67579  -0.34191  -0.26869
   7000.  2.50  -1.34823  -1.20372  -0.97847  -0.82050  -0.68744  -0.34074  -0.27243
   7000.  3.00  -1.40408  -1.24937  -1.01049  -0.84419  -0.70499  -0.34522  -0.28038
   7000.  3.50  -1.45916  -1.29580  -1.04477  -0.87074  -0.72598  -0.35387  -0.29108
   7000.  4.00  -1.51148  -1.34064  -1.07865  -0.89758  -0.74784  -0.36462  -0.30271
   7000.  4.50  -1.55812  -1.38093  -1.10915  -0.92194  -0.76791  -0.37519  -0.31323
   7000.  5.00  -1.59597  -1.41374  -1.13373  -0.94146  -0.78397  -0.38353  -0.32107
   7250.  0.50  -1.13074  -1.04750  -0.89487  -0.78268  -0.68534  -0.41352  -0.32175
   7250.  1.00  -1.14032  -1.05696  -0.90640  -0.79081  -0.69093  -0.41018  -0.32354
   7250.  1.50  -1.17211  -1.07968  -0.92070  -0.79894  -0.69405  -0.40258  -0.32276
   7250.  2.00  -1.22110  -1.11380  -0.93836  -0.80834  -0.69663  -0.39355  -0.32052
   7250.  2.50  -1.28352  -1.15758  -0.95970  -0.82041  -0.70107  -0.38614  -0.31908
   7250.  3.00  -1.34335  -1.20423  -0.98939  -0.84108  -0.71473  -0.38599  -0.32359
   7250.  3.50  -1.40211  -1.25263  -1.02367  -0.86683  -0.73409  -0.39143  -0.33215
   7250.  4.00  -1.45921  -1.30114  -1.05967  -0.89494  -0.75640  -0.40074  -0.34302
   7250.  4.50  -1.51204  -1.34683  -1.09420  -0.92237  -0.77874  -0.41152  -0.35417
   7250.  5.00  -1.55733  -1.38648  -1.12441  -0.94657  -0.79871  -0.42183  -0.36410
   7500.  0.50  -1.14285  -1.05660  -0.90093  -0.79499  -0.70191  -0.45169  -0.36325
   7500.  1.00  -1.11379  -1.04222  -0.90727  -0.80445  -0.71467  -0.46009  -0.37369
   7500.  1.50  -1.13408  -1.05637  -0.91750  -0.81046  -0.71718  -0.45387  -0.37369
   7500.  2.00  -1.17086  -1.08204  -0.93257  -0.81917  -0.72052  -0.44616  -0.37300
   7500.  2.50  -1.22351  -1.11879  -0.95140  -0.82969  -0.72396  -0.43769  -0.37124
   7500.  3.00  -1.28796  -1.16478  -0.97460  -0.84354  -0.72999  -0.43116  -0.37052
   7500.  3.50  -1.35009  -1.21401  -1.00665  -0.86642  -0.74565  -0.43208  -0.37563
   7500.  4.00  -1.41069  -1.26458  -1.04291  -0.89409  -0.76677  -0.43866  -0.38467
   7500.  4.50  -1.46849  -1.31414  -1.07992  -0.92319  -0.79000  -0.44842  -0.39544
   7500.  5.00  -1.52037  -1.35957  -1.11455  -0.95091  -0.81272  -0.45948  -0.40637
   7750.  1.00  -1.11380  -1.04821  -0.92044  -0.82578  -0.74245  -0.50782  -0.42319
   7750.  1.50  -1.11558  -1.04948  -0.92555  -0.82983  -0.74568  -0.50570  -0.42587
   7750.  2.00  -1.14290  -1.06723  -0.93585  -0.83550  -0.74728  -0.49845  -0.42543
   7750.  2.50  -1.18364  -1.09526  -0.95156  -0.84482  -0.75103  -0.49092  -0.42497
   7750.  3.00  -1.23882  -1.13385  -0.97097  -0.85594  -0.75495  -0.48270  -0.42315
   7750.  3.50  -1.30350  -1.18108  -0.99581  -0.87151  -0.76265  -0.47708  -0.42284
   7750.  4.00  -1.36683  -1.23204  -1.02970  -0.89622  -0.78006  -0.47911  -0.42839
   7750.  4.50  -1.42816  -1.28390  -1.06737  -0.92533  -0.80258  -0.48665  -0.43770
   7750.  5.00  -1.48539  -1.33371  -1.10500  -0.95528  -0.82677  -0.49726  -0.44851
   8000.  1.00  -1.14704  -1.08006  -0.94871  -0.85617  -0.77419  -0.55165  -0.47118
   8000.  1.50  -1.11698  -1.05901  -0.94475  -0.85706  -0.77953  -0.55782  -0.47939
   8000.  2.00  -1.13199  -1.06729  -0.95011  -0.86002  -0.78022  -0.55249  -0.48005
   8000.  2.50  -1.16436  -1.08821  -0.96136  -0.86639  -0.78215  -0.54501  -0.47952
   8000.  3.00  -1.20795  -1.11817  -0.97769  -0.87628  -0.78630  -0.53756  -0.47885
   8000.  3.50  -1.26487  -1.15785  -0.99669  -0.88704  -0.78970  -0.52888  -0.47621
   8000.  4.00  -1.32877  -1.20552  -1.02277  -0.90396  -0.79880  -0.52396  -0.47599
   8000.  4.50  -1.39209  -1.25745  -1.05819  -0.93036  -0.81796  -0.52729  -0.48188
   8000.  5.00  -1.45309  -1.30986  -1.09681  -0.96064  -0.84177  -0.53596  -0.49136
   8250.  1.00  -1.21481  -1.14222  -0.99954  -0.90216  -0.81578  -0.59414  -0.52147
   8250.  1.50  -1.13881  -1.08554  -0.97533  -0.89214  -0.81829  -0.60912  -0.53301
   8250.  2.00  -1.13802  -1.08223  -0.97516  -0.89235  -0.81870  -0.60706  -0.53571
   8250.  2.50  -1.16122  -1.09535  -0.98156  -0.89561  -0.81889  -0.60050  -0.53583
   8250.  3.00  -1.19735  -1.11847  -0.99320  -0.90228  -0.82088  -0.59286  -0.53515
   8250.  3.50  -1.24300  -1.14973  -1.00959  -0.91235  -0.82514  -0.58541  -0.53408
   8250.  4.00  -1.29996  -1.18935  -1.02743  -0.92212  -0.82757  -0.57596  -0.52994
   8250.  4.50  -1.36196  -1.23701  -1.05502  -0.94070  -0.83847  -0.57206  -0.52969
   8250.  5.00  -1.42463  -1.28936  -1.09151  -0.96844  -0.85914  -0.57670  -0.53595
   8500.  1.50  -1.17963  -1.12791  -1.01720  -0.93525  -0.86235  -0.66055  -0.58821
   8500.  2.00  -1.15946  -1.11001  -1.00924  -0.93124  -0.86171  -0.66215  -0.59267
   8500.  2.50  -1.17227  -1.11480  -1.01084  -0.93163  -0.86065  -0.65713  -0.59369
   8500.  3.00  -1.20070  -1.13115  -1.01803  -0.93538  -0.86092  -0.64999  -0.59334
   8500.  3.50  -1.23907  -1.15590  -1.03017  -0.94257  -0.86334  -0.64236  -0.59221
   8500.  4.00  -1.28606  -1.18810  -1.04610  -0.95216  -0.86699  -0.63434  -0.58980
   8500.  4.50  -1.34155  -1.22683  -1.06258  -0.96066  -0.86814  -0.62349  -0.58357
   8500.  5.00  -1.40199  -1.27460  -1.09176  -0.98114  -0.88119  -0.62123  -0.58392
   8750.  1.50  -1.23182  -1.18109  -1.06875  -0.98633  -0.91299  -0.71423  -0.64647
   8750.  2.00  -1.19288  -1.14829  -1.05147  -0.97649  -0.90959  -0.71833  -0.65108
   8750.  2.50  -1.19448  -1.14455  -1.04837  -0.97411  -0.90749  -0.71515  -0.65294
   8750.  3.00  -1.21508  -1.15434  -1.05139  -0.97510  -0.90615  -0.70871  -0.65303
   8750.  3.50  -1.24718  -1.17309  -1.05916  -0.97921  -0.90646  -0.70108  -0.65211
   8750.  4.00  -1.28764  -1.19919  -1.07128  -0.98635  -0.90869  -0.69304  -0.65006
   8750.  4.50  -1.33601  -1.23184  -1.08530  -0.99390  -0.91002  -0.68300  -0.64493
   8750.  5.00  -1.38873  -1.26933  -1.10141  -1.00231  -0.91132  -0.67193  -0.63737
   9000.  1.50  -1.28811  -1.23849  -1.12519  -1.04209  -0.96818  -0.77110  -0.70831
   9000.  2.00  -1.23565  -1.19448  -1.09986  -1.02656  -0.96116  -0.77576  -0.71131
   9000.  2.50  -1.22705  -1.18306  -1.09238  -1.02156  -0.95804  -0.77424  -0.71368
   9000.  3.00  -1.23980  -1.18650  -1.09159  -1.02010  -0.95543  -0.76873  -0.71429
   9000.  3.50  -1.26560  -1.19952  -1.09534  -1.02140  -0.95388  -0.76122  -0.71349
   9000.  4.00  -1.30049  -1.22009  -1.10334  -1.02563  -0.95410  -0.75294  -0.71141
   9000.  4.50  -1.34286  -1.24773  -1.11546  -1.03267  -0.95603  -0.74421  -0.70765
   9000.  5.00  -1.38914  -1.27850  -1.12582  -1.03645  -0.95337  -0.73066  -0.69804
   9250.  2.00  -1.28321  -1.24478  -1.15181  -1.07962  -1.01522  -0.83423  -0.77290
   9250.  2.50  -1.26693  -1.22755  -1.14088  -1.07253  -1.01126  -0.83416  -0.77559
   9250.  3.00  -1.27298  -1.22585  -1.13713  -1.06924  -1.00784  -0.82960  -0.77654
   9250.  3.50  -1.29255  -1.23372  -1.13761  -1.06830  -1.00495  -0.82238  -0.77573
   9250.  4.00  -1.32154  -1.24895  -1.14183  -1.06979  -1.00325  -0.81388  -0.77344
   9250.  4.50  -1.35854  -1.27134  -1.15017  -1.07417  -1.00334  -0.80492  -0.76979
   9250.  5.00  -1.40131  -1.29919  -1.16069  -1.07947  -1.00329  -0.79429  -0.76328
   9500.  2.00  -1.33254  -1.29662  -1.20530  -1.13407  -1.07056  -0.89320  -0.83501
   9500.  2.50  -1.31107  -1.27563  -1.19222  -1.12577  -1.06625  -0.89433  -0.83781
   9500.  3.00  -1.31188  -1.27026  -1.18665  -1.12151  -1.06268  -0.89102  -0.83924
   9500.  3.50  -1.32610  -1.27401  -1.18473  -1.11901  -1.05900  -0.88445  -0.83872
   9500.  4.00  -1.34979  -1.28450  -1.18563  -1.11808  -1.05560  -0.87585  -0.83640
   9500.  4.50  -1.38172  -1.30176  -1.19001  -1.11953  -1.05355  -0.86644  -0.83264
   9500.  5.00  -1.42076  -1.32567  -1.19797  -1.12341  -1.05292  -0.85639  -0.82700
   9750.  2.00  -1.38217  -1.34861  -1.25904  -1.18882  -1.12622  -0.95226  -0.89715
   9750.  2.50  -1.35756  -1.32543  -1.24479  -1.17990  -1.12184  -0.95438  -0.90013
   9750.  3.00  -1.35469  -1.31764  -1.23815  -1.17522  -1.11848  -0.95241  -0.90213
   9750.  3.50  -1.36481  -1.31841  -1.23472  -1.17188  -1.11456  -0.94680  -0.90220
   9750.  4.00  -1.38416  -1.32527  -1.23326  -1.16931  -1.11015  -0.93845  -0.90009
   9750.  4.50  -1.41137  -1.33805  -1.23436  -1.16828  -1.10628  -0.92860  -0.89605
   9750.  5.00  -1.44589  -1.35732  -1.23875  -1.16962  -1.10387  -0.91825  -0.89031
  10000.  2.00  -1.43153  -1.40025  -1.31255  -1.24337  -1.18174  -1.01107  -0.95890
  10000.  2.50  -1.40511  -1.37590  -1.29777  -1.23429  -1.17754  -1.01408  -0.96214
  10000.  3.00  -1.39981  -1.36663  -1.29062  -1.22956  -1.17459  -1.01340  -0.96478
  10000.  3.50  -1.40689  -1.36535  -1.28634  -1.22591  -1.17087  -1.00891  -0.96553
  10000.  4.00  -1.42281  -1.36960  -1.28346  -1.22247  -1.16611  -1.00120  -0.96384
  10000.  4.50  -1.44601  -1.37894  -1.28228  -1.21982  -1.16116  -0.99134  -0.95970
  10000.  5.00  -1.47592  -1.39384  -1.28349  -1.21873  -1.15694  -0.98046  -0.95356
  10250.  2.00  -1.48035  -1.45127  -1.36551  -1.29744  -1.23681  -1.06940  -1.01995
  10250.  2.50  -1.45297  -1.42641  -1.35063  -1.28848  -1.23296  -1.07322  -1.02357
  10250.  3.00  -1.44620  -1.41642  -1.34347  -1.28406  -1.23065  -1.07373  -1.02684
  10250.  3.50  -1.45108  -1.41386  -1.33889  -1.28048  -1.22739  -1.07041  -1.02825
  10250.  4.00  -1.46420  -1.41626  -1.33529  -1.27678  -1.22281  -1.06360  -1.02710
  10250.  4.50  -1.48415  -1.42305  -1.33272  -1.27322  -1.21740  -1.05418  -1.02329
  10250.  5.00  -1.50990  -1.43421  -1.33132  -1.27012  -1.21166  -1.04288  -1.01692
  10500.  2.00  -1.52859  -1.50167  -1.41790  -1.35096  -1.29137  -1.12714  -1.08024
  10500.  2.50  -1.50068  -1.47658  -1.40309  -1.34222  -1.28790  -1.13168  -1.08428
  10500.  3.00  -1.49310  -1.46632  -1.39617  -1.33826  -1.28626  -1.13327  -1.08817
  10500.  3.50  -1.49655  -1.46310  -1.39165  -1.33501  -1.28364  -1.13109  -1.09022
  10500.  4.00  -1.50755  -1.46423  -1.38773  -1.33134  -1.27943  -1.12530  -1.08971
  10500.  4.50  -1.52497  -1.46919  -1.38430  -1.32732  -1.27394  -1.11654  -1.08647
  10500.  5.00  -1.54760  -1.47757  -1.38108  -1.32291  -1.26732  -1.10526  -1.08025
  10750.  2.00  -1.57632  -1.55151  -1.46973  -1.40395  -1.34541  -1.18428  -1.13973
  10750.  2.50  -1.54810  -1.52634  -1.45509  -1.39548  -1.34233  -1.18945  -1.14419
  10750.  3.00  -1.54019  -1.51616  -1.44857  -1.39205  -1.34136  -1.19198  -1.14868
  10750.  3.50  -1.54266  -1.51262  -1.44434  -1.38930  -1.33947  -1.19088  -1.15134
  10750.  4.00  -1.55210  -1.51297  -1.44043  -1.38588  -1.33579  -1.18613  -1.15150
  10750.  4.50  -1.56735  -1.51653  -1.43654  -1.38174  -1.33052  -1.17822  -1.14891
  10750.  5.00  -1.58745  -1.52284  -1.43221  -1.37661  -1.32354  -1.16733  -1.14309
  11000.  2.00  -1.62347  -1.60073  -1.52095  -1.45636  -1.39888  -1.24081  -1.19845
  11000.  2.50  -1.59506  -1.57556  -1.50651  -1.44816  -1.39616  -1.24652  -1.20331
  11000.  3.00  -1.58704  -1.56556  -1.50045  -1.44526  -1.39583  -1.24988  -1.20835
  11000.  3.50  -1.58903  -1.56203  -1.49662  -1.44304  -1.39462  -1.24974  -1.21161
  11000.  4.00  -1.59731  -1.56187  -1.49284  -1.43996  -1.39151  -1.24596  -1.21238
  11000.  4.50  -1.61103  -1.56456  -1.48883  -1.43596  -1.38664  -1.23896  -1.21048
  11000.  5.00  -1.62918  -1.56945  -1.48392  -1.43057  -1.37971  -1.22873  -1.20520
  11250.  2.00  -1.67015  -1.64943  -1.57167  -1.50824  -1.45184  -1.29672  -1.25640
  11250.  2.50  -1.64154  -1.62424  -1.55738  -1.50026  -1.44941  -1.30290  -1.26160
  11250.  3.00  -1.63363  -1.61457  -1.55182  -1.49790  -1.44969  -1.30698  -1.26717
  11250.  3.50  -1.63537  -1.61116  -1.54843  -1.49622  -1.44912  -1.30770  -1.27097
  11250.  4.00  -1.64286  -1.61077  -1.54494  -1.49357  -1.44660  -1.30481  -1.27229
  11250.  4.50  -1.65540  -1.61293  -1.54103  -1.48986  -1.44224  -1.29873  -1.27102
  11250.  5.00  -1.67179  -1.61672  -1.53590  -1.48453  -1.43565  -1.28932  -1.26639
  11500.  2.00  -1.71631  -1.69757  -1.62178  -1.55953  -1.50418  -1.35200  -1.31358
  11500.  2.50  -1.68753  -1.67236  -1.60764  -1.55175  -1.50204  -1.35858  -1.31909
  11500.  3.00  -1.67977  -1.66301  -1.60256  -1.54990  -1.50288  -1.36331  -1.32514
  11500.  3.50  -1.68147  -1.65985  -1.59964  -1.54874  -1.50290  -1.36475  -1.32943
  11500.  4.00  -1.68849  -1.65944  -1.59651  -1.54654  -1.50096  -1.36266  -1.33123
  11500.  4.50  -1.70018  -1.66131  -1.59285  -1.54324  -1.49717  -1.35745  -1.33054
  11500.  5.00  -1.71507  -1.66430  -1.58772  -1.53810  -1.49100  -1.34888  -1.32652
  11750.  2.00  -1.76192  -1.74511  -1.67130  -1.61021  -1.55594  -1.40665  -1.37001
  11750.  2.50  -1.73299  -1.71989  -1.65732  -1.60264  -1.55407  -1.41357  -1.37579
  11750.  3.00  -1.72545  -1.71091  -1.65270  -1.60127  -1.55541  -1.41887  -1.38229
  11750.  3.50  -1.72728  -1.70808  -1.65026  -1.60062  -1.55599  -1.42096  -1.38702
  11750.  4.00  -1.73397  -1.70772  -1.64749  -1.59885  -1.55457  -1.41956  -1.38925
  11750.  4.50  -1.74499  -1.70946  -1.64416  -1.59597  -1.55133  -1.41512  -1.38902
  11750.  5.00  -1.75865  -1.71188  -1.63915  -1.59112  -1.54565  -1.40739  -1.38561
  12000.  2.50  -1.77793  -1.76686  -1.70638  -1.65291  -1.60546  -1.46786  -1.43169
  12000.  3.00  -1.77069  -1.75829  -1.70225  -1.65202  -1.60729  -1.47368  -1.43859
  12000.  3.50  -1.77273  -1.75584  -1.70029  -1.65187  -1.60840  -1.47636  -1.44377
  12000.  4.00  -1.77923  -1.75556  -1.69785  -1.65047  -1.60742  -1.47556  -1.44640
  12000.  4.50  -1.78986  -1.75731  -1.69484  -1.64797  -1.60466  -1.47178  -1.44656
  12000.  5.00  -1.80248  -1.75926  -1.68999  -1.64342  -1.59945  -1.46481  -1.44370
  12250.  2.50  -1.82225  -1.81317  -1.75478  -1.70251  -1.65619  -1.52145  -1.48679
  12250.  3.00  -1.81535  -1.80504  -1.75116  -1.70212  -1.65853  -1.52777  -1.49411
  12250.  3.50  -1.81767  -1.80300  -1.74969  -1.70245  -1.66012  -1.53096  -1.49966
  12250.  4.00  -1.82410  -1.80291  -1.74761  -1.70144  -1.65957  -1.53068  -1.50261
  12250.  4.50  -1.83444  -1.80470  -1.74492  -1.69930  -1.65723  -1.52747  -1.50313
  12250.  5.00  -1.84626  -1.80638  -1.74029  -1.69507  -1.65248  -1.52119  -1.50074
  12500.  2.50  -1.86602  -1.85888  -1.80255  -1.75148  -1.70626  -1.57433  -1.54111
  12500.  3.00  -1.85945  -1.85117  -1.79942  -1.75156  -1.70909  -1.58112  -1.54881
  12500.  3.50  -1.86208  -1.84955  -1.79842  -1.75233  -1.71111  -1.58475  -1.55471
  12500.  4.00  -1.86858  -1.84969  -1.79668  -1.75167  -1.71095  -1.58492  -1.55796
  12500.  4.50  -1.87872  -1.85155  -1.79427  -1.74985  -1.70897  -1.58222  -1.55880
  12500.  5.00  -1.89000  -1.85310  -1.78988  -1.74593  -1.70462  -1.57653  -1.55679
  12750.  2.50  -1.90924  -1.90398  -1.84966  -1.79976  -1.75565  -1.62645  -1.59459
  12750.  3.00  -1.90302  -1.89671  -1.84703  -1.80034  -1.75898  -1.63371  -1.60270
  12750.  3.50  -1.90595  -1.89548  -1.84647  -1.80152  -1.76140  -1.63776  -1.60891
  12750.  4.00  -1.91255  -1.89589  -1.84510  -1.80123  -1.76161  -1.63834  -1.61242
  12750.  4.50  -1.92257  -1.89788  -1.84299  -1.79972  -1.75999  -1.63608  -1.61355
  12750.  5.00  -1.93335  -1.89936  -1.83889  -1.79613  -1.75605  -1.63092  -1.61186
  13000.  2.50  -1.95180  -1.94838  -1.89605  -1.84730  -1.80428  -1.67780  -1.64724
  13000.  3.00  -1.94599  -1.94162  -1.89400  -1.84846  -1.80818  -1.68559  -1.65581
  13000.  3.50  -1.94925  -1.94078  -1.89386  -1.85003  -1.81100  -1.69002  -1.66231
  13000.  4.00  -1.95600  -1.94148  -1.89285  -1.85008  -1.81154  -1.69096  -1.66609
  13000.  4.50  -1.96603  -1.94364  -1.89102  -1.84885  -1.81022  -1.68907  -1.66746
  13000.  5.00  -1.97649  -1.94511  -1.88714  -1.84552  -1.80658  -1.68433  -1.66601
  14000.  2.00  -2.14883  -2.14677  -2.08780  -2.03590  -1.99001  -1.86351  -1.83932
  14000.  2.50  -2.11595  -2.11943  -2.07456  -2.03024  -1.99136  -1.87521  -1.84931
  14000.  3.00  -2.11195  -2.11481  -2.07500  -2.03388  -1.99784  -1.88545  -1.86010
  14000.  3.50  -2.11671  -2.11579  -2.07681  -2.03732  -2.00247  -1.89154  -1.86794
  14000.  4.00  -2.12431  -2.11770  -2.07719  -2.03867  -2.00428  -1.89371  -1.87261
  14000.  4.50  -2.13426  -2.12040  -2.07629  -2.03834  -2.00389  -1.89291  -1.87465
  14000.  5.00  -2.14433  -2.12222  -2.07330  -2.03590  -2.00123  -1.88943  -1.87403
  15000.  2.50  -2.27050  -2.28017  -2.24191  -2.20155  -2.16643  -2.05964  -2.03776
  15000.  3.00  -2.26814  -2.27760  -2.24495  -2.20795  -2.17585  -2.07290  -2.05132
  15000.  3.50  -2.27483  -2.28077  -2.24912  -2.21366  -2.18274  -2.08107  -2.06101
  15000.  4.00  -2.28367  -2.28419  -2.25110  -2.21652  -2.18601  -2.08459  -2.06676
  15000.  4.50  -2.29399  -2.28764  -2.25119  -2.21711  -2.18652  -2.08470  -2.06945
  15000.  5.00  -2.30415  -2.29000  -2.24894  -2.21535  -2.18451  -2.08198  -2.06931
  16000.  2.50  -2.41607  -2.43127  -2.39877  -2.36184  -2.33000  -2.23151  -2.21317
  16000.  3.00  -2.41498  -2.43045  -2.40430  -2.37102  -2.34254  -2.24823  -2.22999
  16000.  3.50  -2.42361  -2.43584  -2.41095  -2.37925  -2.35200  -2.25891  -2.24195
  16000.  4.00  -2.43394  -2.44101  -2.41481  -2.38391  -2.35705  -2.26406  -2.24908
  16000.  4.50  -2.44499  -2.44548  -2.41609  -2.38563  -2.35866  -2.26524  -2.25257
  16000.  5.00  -2.45543  -2.44849  -2.41468  -2.38462  -2.35738  -2.26323  -2.25293
  17000.  2.50  -2.55354  -2.57373  -2.54621  -2.51221  -2.48318  -2.39190  -2.37670
  17000.  3.00  -2.55305  -2.57400  -2.55368  -2.52374  -2.49850  -2.41202  -2.39676
  17000.  3.50  -2.56365  -2.58163  -2.56290  -2.53461  -2.51073  -2.42552  -2.41133
  17000.  4.00  -2.57557  -2.58865  -2.56878  -2.54129  -2.51781  -2.43266  -2.42021
  17000.  4.50  -2.58749  -2.59430  -2.57142  -2.54434  -2.52076  -2.43509  -2.42472
  17000.  5.00  -2.59852  -2.59819  -2.57101  -2.54426  -2.52037  -2.43394  -2.42571
  18000.  2.50  -2.68365  -2.70839  -2.68519  -2.65369  -2.62710  -2.54210  -2.52969
  18000.  3.00  -2.68319  -2.70919  -2.69411  -2.66711  -2.64478  -2.56527  -2.55268
  18000.  3.50  -2.69554  -2.71885  -2.70570  -2.68049  -2.65968  -2.58162  -2.56992
  18000.  4.00  -2.70908  -2.72771  -2.71364  -2.68926  -2.66890  -2.59092  -2.58077
  18000.  4.50  -2.72199  -2.73462  -2.71773  -2.69377  -2.67334  -2.59485  -2.58655
  18000.  5.00  -2.73368  -2.73945  -2.71843  -2.69476  -2.67403  -2.59475  -2.58840
  19000.  2.50  -2.80683  -2.83569  -2.81630  -2.78699  -2.76254  -2.68306  -2.67313
  19000.  3.00  -2.80601  -2.83672  -2.82641  -2.80206  -2.78236  -2.70921  -2.69899
  19000.  3.50  -2.81999  -2.84824  -2.84021  -2.81775  -2.79970  -2.72812  -2.71867
  19000.  4.00  -2.83506  -2.85886  -2.85009  -2.82853  -2.81101  -2.73958  -2.73151
  19000.  4.50  -2.84903  -2.86707  -2.85570  -2.83458  -2.81705  -2.74517  -2.73877
  19000.  5.00  -2.86142  -2.87288  -2.85753  -2.83670  -2.81889  -2.74623  -2.74159
  20000.  3.00  -2.92212  -2.95720  -2.95136  -2.92947  -2.91224  -2.84498  -2.83689
  20000.  3.50  -2.93771  -2.97058  -2.96727  -2.94735  -2.93186  -2.86627  -2.85884
  20000.  4.00  -2.95420  -2.98284  -2.97898  -2.95996  -2.94506  -2.87965  -2.87344
  20000.  4.50  -2.96914  -2.99228  -2.98601  -2.96748  -2.95262  -2.88680  -2.88210
  20000.  5.00  -2.98218  -2.99898  -2.98893  -2.97070  -2.95561  -2.88906  -2.88598
  21000.  3.00  -3.03155  -3.07076  -3.06911  -3.04953  -3.03461  -2.97285  -2.96668
  21000.  3.50  -3.04918  -3.08639  -3.08754  -3.07000  -3.05692  -2.99696  -2.99134
  21000.  4.00  -3.06708  -3.10027  -3.10102  -3.08437  -3.07189  -3.01209  -3.00756
  21000.  4.50  -3.08295  -3.11087  -3.10936  -3.09320  -3.08081  -3.02058  -3.01745
  21000.  5.00  -3.09653  -3.11837  -3.11326  -3.09743  -3.08485  -3.02395  -3.02230
  22000.  3.00  -3.13419  -3.17732  -3.17963  -3.16222  -3.14949  -3.09288  -3.08846
  22000.  3.50  -3.15465  -3.19597  -3.20136  -3.18607  -3.17529  -3.12066  -3.11672
  22000.  4.00  -3.17418  -3.21166  -3.21678  -3.20237  -3.19220  -3.13773  -3.13475
  22000.  4.50  -3.19096  -3.22338  -3.22638  -3.21244  -3.20237  -3.14746  -3.14573
  22000.  5.00  -3.20502  -3.23163  -3.23117  -3.21758  -3.20734  -3.15172  -3.15136
  23000.  3.00  -3.22954  -3.27641  -3.28249  -3.26715  -3.25653  -3.20479  -3.20198
  23000.  3.50  -3.25410  -3.29933  -3.30878  -3.29565  -3.28709  -3.23750  -3.23508
  23000.  4.00  -3.27572  -3.31725  -3.32653  -3.31427  -3.30632  -3.25693  -3.25540
  23000.  4.50  -3.29361  -3.33031  -3.33757  -3.32576  -3.31789  -3.26807  -3.26767
  23000.  5.00  -3.30809  -3.33923  -3.34320  -3.33170  -3.32369  -3.27315  -3.27399
  24000.  3.00  -3.31632  -3.36675  -3.37638  -3.36305  -3.35445  -3.30751  -3.30624
  24000.  3.50  -3.34740  -3.39639  -3.40976  -3.39870  -3.39227  -3.34753  -3.34652
  24000.  4.00  -3.37171  -3.41711  -3.43040  -3.42021  -3.41439  -3.36984  -3.36965
  24000.  4.50  -3.39095  -3.43168  -3.44306  -3.43327  -3.42754  -3.38258  -3.38342
  24000.  5.00  -3.40602  -3.44142  -3.44965  -3.44017  -3.43429  -3.38865  -3.39063
  25000.  3.00  -3.39219  -3.44579  -3.45836  -3.44682  -3.44003  -3.39781  -3.39805
  25000.  3.50  -3.43405  -3.48668  -3.50385  -3.49481  -3.49046  -3.45043  -3.45075
  25000.  4.00  -3.46203  -3.51114  -3.52830  -3.52009  -3.51633  -3.47647  -3.47752
  25000.  4.50  -3.48306  -3.52765  -3.54296  -3.53515  -3.53147  -3.49118  -3.49319
  25000.  5.00  -3.49882  -3.53827  -3.55057  -3.54304  -3.53922  -3.49829  -3.50134
  26000.  3.00  -3.45581  -3.51155  -3.52546  -3.51460  -3.50869  -3.46916  -3.47082
  26000.  3.50  -3.51318  -3.56935  -3.59021  -3.58316  -3.58086  -3.54552  -3.54712
  26000.  4.00  -3.54647  -3.59919  -3.62009  -3.61380  -3.61208  -3.57673  -3.57895
  26000.  4.50  -3.56972  -3.61801  -3.63714  -3.63123  -3.62955  -3.59376  -3.59687
  26000.  5.00  -3.58655  -3.62990  -3.64611  -3.64046  -3.63863  -3.60220  -3.60628
  27000.  3.50  -3.58356  -3.64305  -3.66730  -3.66210  -3.66173  -3.63091  -3.63375
  27000.  4.00  -3.62447  -3.68068  -3.70522  -3.70082  -3.70106  -3.67014  -3.67348
  27000.  4.50  -3.65073  -3.70263  -3.72544  -3.72136  -3.72162  -3.69016  -3.69430
  27000.  5.00  -3.66891  -3.71602  -3.73603  -3.73219  -3.73229  -3.70022  -3.70526
  28000.  3.50  -3.64491  -3.70733  -3.73437  -3.73058  -3.73178  -3.70462  -3.70861
  28000.  4.00  -3.69538  -3.75496  -3.78299  -3.78041  -3.78256  -3.75594  -3.76034
  28000.  4.50  -3.72572  -3.78112  -3.80751  -3.80521  -3.80736  -3.78012  -3.78525
  28000.  5.00  -3.74560  -3.79639  -3.82007  -3.81798  -3.81994  -3.79206  -3.79801
  29000.  3.50  -3.70048  -3.76517  -3.79405  -3.79091  -3.79309  -3.76785  -3.77274
  29000.  4.00  -3.75882  -3.82162  -3.85285  -3.85191  -3.85581  -3.83317  -3.83856
  29000.  4.50  -3.79430  -3.85311  -3.88296  -3.88237  -3.88634  -3.86316  -3.86919
  29000.  5.00  -3.81660  -3.87095  -3.89818  -3.89776  -3.90153  -3.87763  -3.88442
  30000.  3.50  -3.75668  -3.82291  -3.85278  -3.84958  -3.85217  -3.82727  -3.83278
  30000.  4.00  -3.81583  -3.88155  -3.91566  -3.91599  -3.92140  -3.90181  -3.90807
  30000.  4.50  -3.85642  -3.91853  -3.95162  -3.95260  -3.95826  -3.93881  -3.94569
  30000.  5.00  -3.88162  -3.93945  -3.97008  -3.97124  -3.97673  -3.95661  -3.96417
  31000.  3.50  -3.81808  -3.88509  -3.91521  -3.91139  -3.91395  -3.88834  -3.89425
  31000.  4.00  -3.86964  -3.93783  -3.97428  -3.97544  -3.98204  -3.96450  -3.97145
  31000.  4.50  -3.91313  -3.97831  -4.01428  -4.01659  -4.02373  -4.00754  -4.01515
  31000.  5.00  -3.94120  -4.00238  -4.03619  -4.03878  -4.04583  -4.02914  -4.03740
  32000.  4.00  -3.92268  -3.99279  -4.03111  -4.03268  -4.04021  -4.02383  -4.03131
  32000.  4.50  -3.96652  -4.03446  -4.07324  -4.07652  -4.08504  -4.07104  -4.07926
  32000.  5.00  -3.99669  -4.06100  -4.09768  -4.10149  -4.10993  -4.09622  -4.10506
  33000.  4.00  -3.98072  -4.05213  -4.09180  -4.09331  -4.10145  -4.08532  -4.09320
  33000.  4.50  -4.01818  -4.08845  -4.12959  -4.13358  -4.14326  -4.13091  -4.13962
  33000.  5.00  -4.04913  -4.11631  -4.15586  -4.16061  -4.17040  -4.15881  -4.16812
  34000.  4.00  -4.04484  -4.11707  -4.15763  -4.15864  -4.16702  -4.15021  -4.15830
  34000.  4.50  -4.07277  -4.14483  -4.18790  -4.19221  -4.20282  -4.19137  -4.20045
  34000.  5.00  -4.10103  -4.17067  -4.21270  -4.21817  -4.22912  -4.21917  -4.22887
  35000.  4.00  -4.11456  -4.18732  -4.22842  -4.22862  -4.23693  -4.21868  -4.22680
  35000.  4.50  -4.13214  -4.20546  -4.25004  -4.25425  -4.26548  -4.25403  -4.26337
  35000.  5.00  -4.15568  -4.22728  -4.27142  -4.27729  -4.28922  -4.28019  -4.29020
  36000.  4.00  -4.18938  -4.26262  -4.30415  -4.30356  -4.31171  -4.29187  -4.29988
  36000.  4.50  -4.19602  -4.27021  -4.31596  -4.31966  -4.33123  -4.31890  -4.32836
  36000.  5.00  -4.21388  -4.28698  -4.33286  -4.33876  -4.35141  -4.34254  -4.35277
  37000.  4.00  -4.26802  -4.34181  -4.38385  -4.38275  -4.39083  -4.36985  -4.37777
  37000.  4.50  -4.26463  -4.33948  -4.38616  -4.38919  -4.40091  -4.38722  -4.39668
  37000.  5.00  -4.27592  -4.35012  -4.39746  -4.40303  -4.41618  -4.40672  -4.41708
  38000.  4.00  -4.34871  -4.42310  -4.46573  -4.46445  -4.47264  -4.45122  -4.45911
  38000.  4.50  -4.33741  -4.41286  -4.46041  -4.46283  -4.47464  -4.45959  -4.46898
  38000.  5.00  -4.34200  -4.41703  -4.46564  -4.47069  -4.48418  -4.47360  -4.48400
  39000.  4.00  -4.42981  -4.50485  -4.54811  -4.54690  -4.55531  -4.53403  -4.54198
  39000.  4.50  -4.41317  -4.48923  -4.53765  -4.53967  -4.55165  -4.53567  -4.54501
  39000.  5.00  -4.41179  -4.48752  -4.53729  -4.54180  -4.55558  -4.54373  -4.55413
  40000.  4.50  -4.49050  -4.56718  -4.61643  -4.61831  -4.63052  -4.61415  -4.62350
  40000.  5.00  -4.48451  -4.56089  -4.61175  -4.61585  -4.62990  -4.61705  -4.62743
  41000.  4.50  -4.56810  -4.64542  -4.69554  -4.69745  -4.70998  -4.69364  -4.70304
  41000.  5.00  -4.55908  -4.63609  -4.68797  -4.69183  -4.70620  -4.69268  -4.70308
  42000.  4.50  -4.64511  -4.72309  -4.77405  -4.77613  -4.78903  -4.77300  -4.78250
  42000.  5.00  -4.63441  -4.71206  -4.76490  -4.76870  -4.78341  -4.76962  -4.78006
  43000.  4.50  -4.72099  -4.79962  -4.85139  -4.85373  -4.86701  -4.85151  -4.86111
  43000.  5.00  -4.70970  -4.78796  -4.84171  -4.84558  -4.86065  -4.84690  -4.85741
  44000.  4.50  -4.79544  -4.87472  -4.92727  -4.92989  -4.94355  -4.92869  -4.93842
  44000.  5.00  -4.78431  -4.86319  -4.91780  -4.92184  -4.93729  -4.92381  -4.93441
  45000.  4.50  -4.86833  -4.94822  -5.00149  -5.00443  -5.01847  -5.00429  -5.01415
  45000.  5.00  -4.85786  -4.93735  -4.99278  -4.99704  -5.01288  -4.99983  -5.01055
  46000.  4.50  -4.93961  -5.02011  -5.07404  -5.07730  -5.09170  -5.07822  -5.08822
  46000.  5.00  -4.93009  -5.01017  -5.06640  -5.07093  -5.08717  -5.07462  -5.08547
  47000.  4.50  -5.00929  -5.09040  -5.14493  -5.14851  -5.16324  -5.15049  -5.16060
  47000.  5.00  -5.00089  -5.08155  -5.13853  -5.14334  -5.15996  -5.14798  -5.15896
  48000.  4.50  -5.07744  -5.15911  -5.21420  -5.21810  -5.23312  -5.22110  -5.23133
  48000.  5.00  -5.07016  -5.15140  -5.20908  -5.21418  -5.23116  -5.21980  -5.23091
  49000.  4.50  -5.14408  -5.22633  -5.28191  -5.28612  -5.30141  -5.29013  -5.30046
  49000.  5.00  -5.13798  -5.21976  -5.27809  -5.28347  -5.30079  -5.29007  -5.30130
  50000.  5.00  -5.20429  -5.28662  -5.34555  -5.35123  -5.36887  -5.35880  -5.37014
