   3500.  0.00  -5.17120  -4.01704  -2.84430  -2.01495  -1.59110  -0.33995  -0.10952
   3500.  0.50  -4.90741  -3.85000  -2.73651  -1.95153  -1.53869  -0.30301  -0.07482
   3500.  1.00  -4.68211  -3.70794  -2.64457  -1.89239  -1.48841  -0.26041  -0.03375
   3500.  1.50  -4.49085  -3.58502  -2.56156  -1.83323  -1.43592  -0.21254   0.01281
   3500.  2.00  -4.32747  -3.47586  -2.48391  -1.77261  -1.38019  -0.16116   0.06265
   3500.  2.50  -4.20738  -3.39024  -2.41507  -1.71005  -1.31931  -0.10612   0.11548
   3500.  3.00  -4.14609  -3.33337  -2.35424  -1.63935  -1.24566  -0.04694   0.17050
   3500.  3.50  -4.11360  -3.29511  -2.30275  -1.57148  -1.17282  -0.00287   0.20852
   3500.  4.00  -4.11806  -3.29439  -2.28616  -1.53584  -1.13177   0.01720   0.22422
   3500.  4.50  -4.15382  -3.32389  -2.29564  -1.52116  -1.11075   0.02757   0.23201
   3500.  5.00  -4.22433  -3.38324  -2.33246  -1.52420  -1.10639   0.03180   0.23535
   3750.  0.00  -4.58577  -3.49342  -2.40414  -1.66190  -1.25844  -0.19295   0.00059
   3750.  0.50  -4.39842  -3.38962  -2.34402  -1.63190  -1.23661  -0.19079   0.00045
   3750.  1.00  -4.24771  -3.31042  -2.29895  -1.60637  -1.21648  -0.18177   0.00832
   3750.  1.50  -4.12056  -3.24282  -2.25845  -1.57893  -1.19261  -0.16294   0.02662
   3750.  2.00  -4.00721  -3.17862  -2.21725  -1.54758  -1.16399  -0.13562   0.05369
   3750.  2.50  -3.91291  -3.12181  -2.17663  -1.51259  -1.13043  -0.10161   0.08738
   3750.  3.00  -3.85345  -3.08166  -2.14240  -1.47553  -1.09268  -0.05911   0.12933
   3750.  3.50  -3.83078  -3.05638  -2.11148  -1.43301  -1.04740  -0.00910   0.17778
   3750.  4.00  -3.81176  -3.03371  -2.08221  -1.39262  -1.00422   0.02951   0.21379
   3750.  4.50  -3.81507  -3.03564  -2.07370  -1.37081  -0.97864   0.05094   0.23332
   3750.  5.00  -3.84416  -3.06219  -2.08369  -1.36193  -0.96436   0.06423   0.24544
   4000.  0.00  -4.06505  -3.04600  -2.04726  -1.39330  -1.01525  -0.05674   0.11385
   4000.  0.50  -3.90140  -2.95465  -1.99997  -1.37548  -1.00719  -0.06731   0.10134
   4000.  1.00  -3.78219  -2.89689  -1.97446  -1.36715  -1.00479  -0.07520   0.09243
   4000.  1.50  -3.69837  -2.86376  -1.96294  -1.36353  -1.00378  -0.07962   0.08751
   4000.  2.00  -3.63924  -2.84554  -1.95761  -1.35965  -1.00005  -0.07891   0.08789
   4000.  2.50  -3.59395  -2.83288  -1.95139  -1.35101  -0.98993  -0.07085   0.09561
   4000.  3.00  -3.55513  -2.81912  -1.93946  -1.33402  -0.97050  -0.05160   0.11448
   4000.  3.50  -3.53561  -2.81050  -1.92609  -1.31026  -0.94307  -0.01702   0.14888
   4000.  4.00  -3.53346  -2.80440  -1.91149  -1.28255  -0.91166   0.02554   0.19116
   4000.  4.50  -3.52530  -2.79390  -1.89413  -1.25484  -0.88101   0.06205   0.22694
   4000.  5.00  -3.53000  -2.79915  -1.88937  -1.23816  -0.86047   0.08513   0.24930
   4250.  0.00  -3.65114  -2.71508  -1.78761  -1.19690  -0.83931   0.04473   0.19772
   4250.  0.50  -3.50742  -2.63049  -1.74491  -1.18336  -0.83649   0.02819   0.17980
   4250.  1.00  -3.40216  -2.57536  -1.72191  -1.17893  -0.83938   0.01481   0.16576
   4250.  1.50  -3.32874  -2.54295  -1.71236  -1.17962  -0.84425   0.00496   0.15565
   4250.  2.00  -3.27937  -2.52687  -1.71108  -1.18229  -0.84850  -0.00141   0.14922
   4250.  2.50  -3.24701  -2.52202  -1.71448  -1.18489  -0.85057  -0.00418   0.14642
   4250.  3.00  -3.22671  -2.52435  -1.71944  -1.18536  -0.84877  -0.00280   0.14766
   4250.  3.50  -3.21671  -2.53199  -1.72424  -1.18211  -0.84168   0.00432   0.15448
   4250.  4.00  -3.22468  -2.54618  -1.72828  -1.17255  -0.82657   0.02522   0.17521
   4250.  4.50  -3.24317  -2.55960  -1.72778  -1.15609  -0.80443   0.05848   0.20846
   4250.  5.00  -3.25349  -2.56734  -1.72326  -1.13739  -0.78072   0.09063   0.24032
   4500.  0.00  -3.30474  -2.45533  -1.59274  -1.05209  -0.71252   0.11502   0.25401
   4500.  0.50  -3.19081  -2.38719  -1.55918  -1.04317  -0.71326   0.09566   0.23355
   4500.  1.00  -3.10587  -2.34082  -1.54024  -1.04116  -0.71832   0.07948   0.21695
   4500.  1.50  -3.04669  -2.31237  -1.53183  -1.04320  -0.72493   0.06703   0.20442
   4500.  2.00  -3.00651  -2.29670  -1.53006  -1.04701  -0.73125   0.05809   0.19555
   4500.  2.50  -2.97978  -2.29004  -1.53223  -1.05084  -0.73578   0.05273   0.19024
   4500.  3.00  -2.96261  -2.28959  -1.53611  -1.05324  -0.73733   0.05093   0.18841
   4500.  3.50  -2.95233  -2.29399  -1.54097  -1.05369  -0.73545   0.05281   0.19016
   4500.  4.00  -2.94835  -2.30331  -1.54690  -1.05190  -0.72975   0.05886   0.19589
   4500.  4.50  -2.95673  -2.31867  -1.55327  -1.04656  -0.71899   0.07309   0.20984
   4500.  5.00  -2.97824  -2.33718  -1.55825  -1.03681  -0.70325   0.09804   0.23485
   4750.  0.00  -2.98104  -2.22646  -1.43427  -0.94307  -0.62302   0.15260   0.28064
   4750.  0.50  -2.90294  -2.18113  -1.41440  -0.94083  -0.62825   0.13330   0.26036
   4750.  1.00  -2.84346  -2.14916  -1.40294  -0.94229  -0.63543   0.11667   0.24332
   4750.  1.50  -2.80196  -2.12901  -1.39801  -0.94604  -0.64317   0.10324   0.22980
   4750.  2.00  -2.77457  -2.11763  -1.39733  -0.95065  -0.65028   0.09312   0.21975
   4750.  2.50  -2.75731  -2.11217  -1.39872  -0.95463  -0.65550   0.08645   0.21316
   4750.  3.00  -2.74611  -2.11029  -1.40081  -0.95731  -0.65839   0.08287   0.20958
   4750.  3.50  -2.73912  -2.11107  -1.40284  -0.95777  -0.65792   0.08294   0.20954
   4750.  4.00  -2.73509  -2.11459  -1.40525  -0.95636  -0.65442   0.08633   0.21269
   4750.  4.50  -2.73467  -2.12177  -1.40868  -0.95335  -0.64796   0.09317   0.21917
   4750.  5.00  -2.74236  -2.13472  -1.41356  -0.94838  -0.63800   0.10528   0.23088
   5000.  0.00  -2.67752  -2.02012  -1.30204  -0.86047  -0.56157   0.16002   0.27910
   5000.  0.50  -2.63398  -1.99832  -1.29695  -0.86575  -0.57172   0.14252   0.26075
   5000.  1.00  -2.60109  -1.98313  -1.29503  -0.87179  -0.58160   0.12717   0.24495
   5000.  1.50  -2.57889  -1.97433  -1.29600  -0.87841  -0.59099   0.11416   0.23180
   5000.  2.00  -2.56577  -1.97053  -1.29881  -0.88475  -0.59914   0.10399   0.22163
   5000.  2.50  -2.55919  -1.96963  -1.30181  -0.88980  -0.60521   0.09676   0.21445
   5000.  3.00  -2.55653  -1.97020  -1.30414  -0.89283  -0.60855   0.09271   0.21040
   5000.  3.50  -2.55616  -1.97121  -1.30499  -0.89313  -0.60848   0.09224   0.20981
   5000.  4.00  -2.55654  -1.97241  -1.30464  -0.89098  -0.60526   0.09504   0.21240
   5000.  4.50  -2.55747  -1.97493  -1.30442  -0.88720  -0.59948   0.10083   0.21785
   5000.  5.00  -2.56069  -1.97969  -1.30443  -0.88179  -0.59108   0.10973   0.22633
   5250.  0.00  -2.41528  -1.84453  -1.19617  -0.80038  -0.52243   0.14617   0.25837
   5250.  0.50  -2.39667  -1.84054  -1.20235  -0.81118  -0.53575   0.13110   0.24212
   5250.  1.00  -2.38498  -1.83981  -1.20908  -0.82145  -0.54800   0.11769   0.22803
   5250.  1.50  -2.38023  -1.84235  -1.21645  -0.83120  -0.55911   0.10606   0.21610
   5250.  2.00  -2.38130  -1.84734  -1.22383  -0.83989  -0.56857   0.09658   0.20651
   5250.  2.50  -2.38585  -1.85303  -1.23024  -0.84691  -0.57597   0.08931   0.19925
   5250.  3.00  -2.39221  -1.85839  -1.23483  -0.85140  -0.58043   0.08508   0.19501
   5250.  3.50  -2.39866  -1.86218  -1.23664  -0.85260  -0.58126   0.08422   0.19407
   5250.  4.00  -2.40465  -1.86439  -1.23577  -0.85038  -0.57823   0.08708   0.19672
   5250.  4.50  -2.40965  -1.86577  -1.23343  -0.84573  -0.57223   0.09310   0.20246
   5250.  5.00  -2.41417  -1.86710  -1.23030  -0.83930  -0.56387   0.10167   0.21064
   5500.  0.00  -2.19990  -1.70031  -1.11346  -0.75851  -0.50066   0.11840   0.22605
   5500.  0.50  -2.19858  -1.70840  -1.12680  -0.77228  -0.51497   0.10651   0.21217
   5500.  1.00  -2.20121  -1.71796  -1.13986  -0.78545  -0.52845   0.09533   0.19970
   5500.  1.50  -2.20885  -1.72952  -1.15281  -0.79803  -0.54105   0.08508   0.18871
   5500.  2.00  -2.22077  -1.74237  -1.16513  -0.80954  -0.55231   0.07611   0.17939
   5500.  2.50  -2.23501  -1.75519  -1.17606  -0.81944  -0.56177   0.06866   0.17182
   5500.  3.00  -2.24988  -1.76653  -1.18440  -0.82652  -0.56826   0.06387   0.16699
   5500.  3.50  -2.26312  -1.77480  -1.18899  -0.82992  -0.57101   0.06213   0.16521
   5500.  4.00  -2.27461  -1.78006  -1.18971  -0.82904  -0.56921   0.06461   0.16752
   5500.  4.50  -2.28362  -1.78244  -1.18711  -0.82443  -0.56341   0.07077   0.17345
   5500.  5.00  -2.29084  -1.78329  -1.18272  -0.81742  -0.55486   0.07975   0.18211
   5750.  0.00  -2.02177  -1.58142  -1.04893  -0.73071  -0.49216   0.08040   0.18574
   5750.  0.50  -2.03414  -1.59792  -1.06601  -0.74493  -0.50512   0.07310   0.17531
   5750.  1.00  -2.04786  -1.61480  -1.08286  -0.75919  -0.51821   0.06507   0.16502
   5750.  1.50  -2.06491  -1.63308  -1.09985  -0.77357  -0.53138   0.05671   0.15518
   5750.  2.00  -2.08509  -1.65247  -1.11666  -0.78771  -0.54424   0.04836   0.14597
   5750.  2.50  -2.10692  -1.67170  -1.13235  -0.80081  -0.55607   0.04055   0.13774
   5750.  3.00  -2.12882  -1.68927  -1.14558  -0.81156  -0.56559   0.03451   0.13153
   5750.  3.50  -2.14858  -1.70343  -1.15488  -0.81874  -0.57164   0.03098   0.12799
   5750.  4.00  -2.16526  -1.71325  -1.15924  -0.82094  -0.57265   0.03175   0.12868
   5750.  4.50  -2.17803  -1.71832  -1.15849  -0.81807  -0.56854   0.03700   0.13377
   5750.  5.00  -2.18781  -1.72028  -1.15445  -0.81154  -0.56053   0.04598   0.14249
   6000.  0.00  -1.86941  -1.48210  -0.99993  -0.71512  -0.49527   0.03333   0.13830
   6000.  0.50  -1.89452  -1.50414  -1.01683  -0.72670  -0.50394   0.03244   0.13302
   6000.  1.00  -1.91754  -1.52618  -1.03519  -0.74029  -0.51501   0.02877   0.12586
   6000.  1.50  -1.94262  -1.54961  -1.05462  -0.75514  -0.52745   0.02337   0.11794
   6000.  2.00  -1.96992  -1.57423  -1.07467  -0.77081  -0.54082   0.01661   0.10950
   6000.  2.50  -1.99848  -1.59901  -1.09439  -0.78649  -0.55436   0.00911   0.10104
   6000.  3.00  -2.02679  -1.62267  -1.11266  -0.80103  -0.56693   0.00190   0.09339
   6000.  3.50  -2.05304  -1.64328  -1.12756  -0.81262  -0.57674  -0.00360   0.08777
   6000.  4.00  -2.07499  -1.65883  -1.13733  -0.81951  -0.58206  -0.00566   0.08570
   6000.  4.50  -2.09196  -1.66857  -1.14101  -0.82068  -0.58180  -0.00315   0.08820
   6000.  5.00  -2.10450  -1.67316  -1.13921  -0.81626  -0.57584   0.00443   0.09566
   6250.  0.50  -1.77122  -1.42352  -0.97902  -0.71783  -0.51197  -0.01565   0.08490
   6250.  1.00  -1.80390  -1.44904  -0.99592  -0.72820  -0.51851  -0.01337   0.08239
   6250.  1.50  -1.83588  -1.47612  -1.01602  -0.74211  -0.52888  -0.01485   0.07711
   6250.  2.00  -1.86935  -1.50470  -1.03783  -0.75808  -0.54156  -0.01898   0.07024
   6250.  2.50  -1.90413  -1.53426  -1.06064  -0.77543  -0.55585  -0.02519   0.06227
   6250.  3.00  -1.93876  -1.56338  -1.08307  -0.79283  -0.57046  -0.03255   0.05396
   6250.  3.50  -1.97141  -1.59015  -1.10318  -0.80844  -0.58356  -0.03945   0.04668
   6250.  4.00  -1.99944  -1.61217  -1.11900  -0.82050  -0.59353  -0.04440   0.04171
   6250.  4.50  -2.02196  -1.62816  -1.12871  -0.82690  -0.59806  -0.04517   0.04103
   6250.  5.00  -2.03799  -1.63716  -1.13149  -0.82684  -0.59634  -0.04081   0.04543
   6500.  0.50  -1.65883  -1.35404  -0.95335  -0.71941  -0.53050  -0.07150   0.03008
   6500.  1.00  -1.70094  -1.38148  -0.96589  -0.72401  -0.52992  -0.06215   0.03357
   6500.  1.50  -1.74071  -1.41092  -0.98385  -0.73447  -0.53574  -0.05809   0.03254
   6500.  2.00  -1.77979  -1.44246  -1.00610  -0.74958  -0.54656  -0.05861   0.02805
   6500.  2.50  -1.81992  -1.47563  -1.03062  -0.76738  -0.56041  -0.06254   0.02132
   6500.  3.00  -1.86027  -1.50924  -1.05601  -0.78653  -0.57592  -0.06886   0.01327
   6500.  3.50  -1.89914  -1.54151  -1.08043  -0.80530  -0.59143  -0.07618   0.00513
   6500.  4.00  -1.93384  -1.57006  -1.10191  -0.82193  -0.60529  -0.08314  -0.00203
   6500.  4.50  -1.96281  -1.59283  -1.11796  -0.83379  -0.61475  -0.08707  -0.00586
   6500.  5.00  -1.98415  -1.60802  -1.12690  -0.83930  -0.61826  -0.08656  -0.00513
   6750.  0.50  -1.57353  -1.29948  -0.93262  -0.72282  -0.54945  -0.12682  -0.02381
   6750.  1.00  -1.60550  -1.32264  -0.94633  -0.72905  -0.55075  -0.11772  -0.02118
   6750.  1.50  -1.65317  -1.35342  -0.95981  -0.73392  -0.54976  -0.10719  -0.01680
   6750.  2.00  -1.69909  -1.38696  -0.97982  -0.74569  -0.55622  -0.10260  -0.01745
   6750.  2.50  -1.74396  -1.42254  -1.00446  -0.76254  -0.56823  -0.10316  -0.02201
   6750.  3.00  -1.78921  -1.45953  -1.03151  -0.78226  -0.58348  -0.10730  -0.02885
   6750.  3.50  -1.83351  -1.49632  -1.05918  -0.80318  -0.60036  -0.11402  -0.03706
   6750.  4.00  -1.87463  -1.53063  -1.08524  -0.82328  -0.61695  -0.12172  -0.04535
   6750.  4.50  -1.91041  -1.56005  -1.10712  -0.84000  -0.63063  -0.12802  -0.05164
   6750.  5.00  -1.93845  -1.58236  -1.12278  -0.85139  -0.63952  -0.13110  -0.05439
   7000.  0.50  -1.51278  -1.26070  -0.91898  -0.72918  -0.56911  -0.17954  -0.07557
   7000.  1.00  -1.53469  -1.27800  -0.93158  -0.73579  -0.57169  -0.17196  -0.07429
   7000.  1.50  -1.57159  -1.30353  -0.94548  -0.74194  -0.57250  -0.16221  -0.07138
   7000.  2.00  -1.62418  -1.33765  -0.96058  -0.74800  -0.57222  -0.15164  -0.06711
   7000.  2.50  -1.67500  -1.37498  -0.98303  -0.76168  -0.58009  -0.14728  -0.06796
   7000.  3.00  -1.72437  -1.41422  -1.01032  -0.78071  -0.59382  -0.14844  -0.07291
   7000.  3.50  -1.77323  -1.45427  -1.03976  -0.80247  -0.61081  -0.15345  -0.08033
   7000.  4.00  -1.82006  -1.49331  -1.06918  -0.82487  -0.62891  -0.16068  -0.08873
   7000.  4.50  -1.86250  -1.52890  -1.09609  -0.84556  -0.64583  -0.16825  -0.09651
   7000.  5.00  -1.89769  -1.55815  -1.11790  -0.86219  -0.65937  -0.17409  -0.10203
   7250.  0.50  -1.47910  -1.23980  -0.91362  -0.73893  -0.58911  -0.22781  -0.12432
   7250.  1.00  -1.48570  -1.24812  -0.92412  -0.74598  -0.59391  -0.22431  -0.12595
   7250.  1.50  -1.51302  -1.26740  -0.93599  -0.75167  -0.59525  -0.21569  -0.12428
   7250.  2.00  -1.55478  -1.29588  -0.95104  -0.75876  -0.59664  -0.20604  -0.12156
   7250.  2.50  -1.61108  -1.33321  -0.96835  -0.76676  -0.59792  -0.19612  -0.11788
   7250.  3.00  -1.66542  -1.37370  -0.99336  -0.78273  -0.60778  -0.19283  -0.11957
   7250.  3.50  -1.71823  -1.41595  -1.02303  -0.80387  -0.62335  -0.19491  -0.12511
   7250.  4.00  -1.76973  -1.45849  -1.05451  -0.82743  -0.64187  -0.20073  -0.13278
   7250.  4.50  -1.81805  -1.49910  -1.08519  -0.85092  -0.66087  -0.20843  -0.14112
   7250.  5.00  -1.86013  -1.53472  -1.11226  -0.87183  -0.67800  -0.21588  -0.14840
   7500.  0.50  -1.49179  -1.24904  -0.92012  -0.75166  -0.60558  -0.26492  -0.16512
   7500.  1.00  -1.45755  -1.23388  -0.92611  -0.76176  -0.61936  -0.27511  -0.17695
   7500.  1.50  -1.47431  -1.24574  -0.93453  -0.76593  -0.62043  -0.26815  -0.17633
   7500.  2.00  -1.50656  -1.26769  -0.94709  -0.77216  -0.62201  -0.25945  -0.17483
   7500.  2.50  -1.55249  -1.29885  -0.96329  -0.78025  -0.62411  -0.25014  -0.17244
   7500.  3.00  -1.61150  -1.33876  -0.98267  -0.79023  -0.62719  -0.24132  -0.16967
   7500.  3.50  -1.66848  -1.38209  -1.01028  -0.80861  -0.63921  -0.23922  -0.17204
   7500.  4.00  -1.72381  -1.42689  -1.04217  -0.83183  -0.65666  -0.24251  -0.17812
   7500.  4.50  -1.77689  -1.47113  -1.07510  -0.85674  -0.67640  -0.24906  -0.18596
   7500.  5.00  -1.82504  -1.51203  -1.10628  -0.88086  -0.69606  -0.25713  -0.19411
   7750.  1.00  -1.45631  -1.23957  -0.93970  -0.78426  -0.64811  -0.32347  -0.22711
   7750.  1.50  -1.45417  -1.23906  -0.94336  -0.78711  -0.65046  -0.32105  -0.22948
   7750.  2.00  -1.47750  -1.25380  -0.95145  -0.79056  -0.65033  -0.31273  -0.22816
   7750.  2.50  -1.51358  -1.27789  -0.96464  -0.79740  -0.65233  -0.30410  -0.22681
   7750.  3.00  -1.56312  -1.31158  -0.98198  -0.80648  -0.65518  -0.29504  -0.22437
   7750.  3.50  -1.62373  -1.35363  -1.00346  -0.81857  -0.66025  -0.28748  -0.22238
   7750.  4.00  -1.68258  -1.39921  -1.03334  -0.83919  -0.67440  -0.28683  -0.22556
   7750.  4.50  -1.73943  -1.44580  -1.06693  -0.86404  -0.69339  -0.29112  -0.23188
   7750.  5.00  -1.79256  -1.49079  -1.10087  -0.89013  -0.71433  -0.29866  -0.23986
   8000.  1.00  -1.48873  -1.27091  -0.96865  -0.81544  -0.68057  -0.36753  -0.27546
   8000.  1.50  -1.45477  -1.24903  -0.96353  -0.81596  -0.68563  -0.37397  -0.28369
   8000.  2.00  -1.46558  -1.25466  -0.96697  -0.81713  -0.68496  -0.36782  -0.28365
   8000.  2.50  -1.49348  -1.27186  -0.97550  -0.82087  -0.68484  -0.35906  -0.28207
   8000.  3.00  -1.53276  -1.29799  -0.98946  -0.82840  -0.68736  -0.35052  -0.28057
   8000.  3.50  -1.58533  -1.33349  -1.00702  -0.83768  -0.69021  -0.34141  -0.27776
   8000.  4.00  -1.64648  -1.37693  -1.03020  -0.85151  -0.69700  -0.33481  -0.27612
   8000.  4.50  -1.70612  -1.42414  -1.06206  -0.87408  -0.71304  -0.33538  -0.27952
   8000.  5.00  -1.76317  -1.47169  -1.09697  -0.90048  -0.73366  -0.34113  -0.28634
   8250.  1.00  -1.55355  -1.33049  -1.01908  -0.86091  -0.72217  -0.40985  -0.32595
   8250.  1.50  -1.47567  -1.27521  -0.99464  -0.85212  -0.72547  -0.42646  -0.33852
   8250.  2.00  -1.47120  -1.27015  -0.99302  -0.85120  -0.72499  -0.42390  -0.34074
   8250.  2.50  -1.49043  -1.28039  -0.99726  -0.85230  -0.72340  -0.41594  -0.33964
   8250.  3.00  -1.52227  -1.29981  -1.00631  -0.85640  -0.72342  -0.40686  -0.33778
   8250.  3.50  -1.56390  -1.32737  -1.02062  -0.86436  -0.72630  -0.39838  -0.33593
   8250.  4.00  -1.61810  -1.36388  -1.03780  -0.87329  -0.72868  -0.38881  -0.33188
   8250.  4.50  -1.67812  -1.40788  -1.06264  -0.88888  -0.73729  -0.38321  -0.33024
   8250.  5.00  -1.73751  -1.45585  -1.09592  -0.91317  -0.75522  -0.38544  -0.33436
   8500.  1.50  -1.51453  -1.31601  -1.03601  -0.89506  -0.76948  -0.47804  -0.39389
   8500.  2.00  -1.49229  -1.29820  -1.02791  -0.89138  -0.76916  -0.48008  -0.39879
   8500.  2.50  -1.50165  -1.30103  -1.02816  -0.89052  -0.76714  -0.47424  -0.39911
   8500.  3.00  -1.52621  -1.31444  -1.03330  -0.89216  -0.76571  -0.46564  -0.39744
   8500.  3.50  -1.56070  -1.33567  -1.04305  -0.89696  -0.76631  -0.45667  -0.39523
   8500.  4.00  -1.60445  -1.36468  -1.05752  -0.90501  -0.76912  -0.44794  -0.39241
   8500.  4.50  -1.65876  -1.40102  -1.07340  -0.91268  -0.77016  -0.43705  -0.38638
   8500.  5.00  -1.71722  -1.44524  -1.09990  -0.93023  -0.78096  -0.43301  -0.38520
   8750.  1.50  -1.56475  -1.36713  -1.08605  -0.94458  -0.81857  -0.53006  -0.45071
   8750.  2.00  -1.52495  -1.33591  -1.06986  -0.93657  -0.81681  -0.53603  -0.45700
   8750.  2.50  -1.52410  -1.33142  -1.06637  -0.93404  -0.81477  -0.53301  -0.45911
   8750.  3.00  -1.54171  -1.33932  -1.06823  -0.93383  -0.81253  -0.52573  -0.45851
   8750.  3.50  -1.57029  -1.35521  -1.07415  -0.93607  -0.81143  -0.51694  -0.45665
   8750.  4.00  -1.60736  -1.37814  -1.08435  -0.94128  -0.81231  -0.50783  -0.45377
   8750.  4.50  -1.65318  -1.40809  -1.09783  -0.94827  -0.81385  -0.49795  -0.44898
   8750.  5.00  -1.70538  -1.44335  -1.11280  -0.95521  -0.81427  -0.48620  -0.44095
   9000.  1.50  -1.61924  -1.42261  -1.14085  -0.99849  -0.87185  -0.58479  -0.51072
   9000.  2.00  -1.56605  -1.38034  -1.11661  -0.98507  -0.86667  -0.59184  -0.51574
   9000.  2.50  -1.55643  -1.36961  -1.10984  -0.98104  -0.86454  -0.59125  -0.51908
   9000.  3.00  -1.56733  -1.37262  -1.10928  -0.97984  -0.86241  -0.58603  -0.52011
   9000.  3.50  -1.58980  -1.38334  -1.11183  -0.98009  -0.86029  -0.57823  -0.51918
   9000.  4.00  -1.62173  -1.40142  -1.11843  -0.98287  -0.85953  -0.56908  -0.51641
   9000.  4.50  -1.66113  -1.42611  -1.12905  -0.98834  -0.86049  -0.55954  -0.51203
   9000.  5.00  -1.70681  -1.45547  -1.13996  -0.99251  -0.85889  -0.54679  -0.50336
   9250.  2.00  -1.61195  -1.42885  -1.16678  -1.03629  -0.91873  -0.64820  -0.57542
   9250.  2.50  -1.59478  -1.41260  -1.15689  -1.03071  -0.91628  -0.64974  -0.57964
   9250.  3.00  -1.59975  -1.41126  -1.15390  -1.02826  -0.91383  -0.64598  -0.58149
   9250.  3.50  -1.61762  -1.41853  -1.15454  -1.02745  -0.91131  -0.63899  -0.58104
   9250.  4.00  -1.64440  -1.43228  -1.15828  -1.02842  -0.90948  -0.63036  -0.57878
   9250.  4.50  -1.67834  -1.45207  -1.16561  -1.03195  -0.90940  -0.62146  -0.57536
   9250.  5.00  -1.71925  -1.47773  -1.17565  -1.03678  -0.90956  -0.61102  -0.56916
   9500.  2.00  -1.66004  -1.47928  -1.21873  -1.08905  -0.97215  -0.70489  -0.63550
   9500.  2.50  -1.63748  -1.45915  -1.20659  -1.08228  -0.96938  -0.70786  -0.63996
   9500.  3.00  -1.63744  -1.45449  -1.20212  -1.07935  -0.96726  -0.70591  -0.64275
   9500.  3.50  -1.65057  -1.45837  -1.20104  -1.07774  -0.96468  -0.70029  -0.64330
   9500.  4.00  -1.67297  -1.46845  -1.20240  -1.07724  -0.96203  -0.69236  -0.64179
   9500.  4.50  -1.70290  -1.48424  -1.20653  -1.07848  -0.96026  -0.68326  -0.63847
   9500.  5.00  -1.73998  -1.50613  -1.21396  -1.08186  -0.95972  -0.67337  -0.63311
   9750.  2.00  -1.70869  -1.53011  -1.27113  -1.14231  -1.02609  -0.76192  -0.69583
   9750.  2.50  -1.68289  -1.50771  -1.25768  -1.13485  -1.02315  -0.76580  -0.70031
   9750.  3.00  -1.67913  -1.50067  -1.25221  -1.13166  -1.02140  -0.76548  -0.70389
   9750.  3.50  -1.68843  -1.50197  -1.24997  -1.12962  -1.01899  -0.76125  -0.70541
   9750.  4.00  -1.70696  -1.50908  -1.24965  -1.12822  -1.01604  -0.75422  -0.70472
   9750.  4.50  -1.73297  -1.52133  -1.25132  -1.12784  -1.01324  -0.74543  -0.70184
   9750.  5.00  -1.76609  -1.53940  -1.25591  -1.12940  -1.01155  -0.73579  -0.69689
  10000.  2.00  -1.75727  -1.58079  -1.32346  -1.19556  -1.08008  -0.81892  -0.75595
  10000.  2.50  -1.72956  -1.55708  -1.30929  -1.18778  -1.07714  -0.82360  -0.76061
  10000.  3.00  -1.72338  -1.54861  -1.30335  -1.18464  -1.07589  -0.82465  -0.76484
  10000.  3.50  -1.72976  -1.54808  -1.30048  -1.18254  -1.07393  -0.82183  -0.76725
  10000.  4.00  -1.74503  -1.55289  -1.29905  -1.18065  -1.07098  -0.81578  -0.76727
  10000.  4.50  -1.76741  -1.56227  -1.29898  -1.17920  -1.06760  -0.80745  -0.76476
  10000.  5.00  -1.79663  -1.57688  -1.30118  -1.17913  -1.06484  -0.79794  -0.76009
  10250.  2.00  -1.80557  -1.63114  -1.37552  -1.24863  -1.13395  -0.87574  -0.81565
  10250.  2.50  -1.77675  -1.60673  -1.36104  -1.24077  -1.13113  -0.88107  -0.82053
  10250.  3.00  -1.76918  -1.59760  -1.35511  -1.23796  -1.13052  -0.88334  -0.82538
  10250.  3.50  -1.77347  -1.59598  -1.35209  -1.23614  -1.12920  -0.88184  -0.82850
  10250.  4.00  -1.78592  -1.59909  -1.35012  -1.23418  -1.12660  -0.87687  -0.82914
  10250.  4.50  -1.80505  -1.60612  -1.34886  -1.23206  -1.12298  -0.86920  -0.82718
  10250.  5.00  -1.83065  -1.61758  -1.34894  -1.23054  -1.11924  -0.85982  -0.82288
  10500.  2.00  -1.85348  -1.68107  -1.42721  -1.30137  -1.18753  -0.93223  -0.87480
  10500.  2.50  -1.82391  -1.65619  -1.41252  -1.29347  -1.18482  -0.93806  -0.87990
  10500.  3.00  -1.81559  -1.64681  -1.40681  -1.29111  -1.18487  -0.94144  -0.88539
  10500.  3.50  -1.81856  -1.64466  -1.40398  -1.28979  -1.18432  -0.94121  -0.88921
  10500.  4.00  -1.82909  -1.64675  -1.40189  -1.28806  -1.18227  -0.93742  -0.89062
  10500.  4.50  -1.84563  -1.65205  -1.39988  -1.28561  -1.17869  -0.93053  -0.88928
  10500.  5.00  -1.86819  -1.66098  -1.39837  -1.28302  -1.17429  -0.92141  -0.88536
  10750.  2.00  -1.90116  -1.73073  -1.47865  -1.35389  -1.24091  -0.98840  -0.93342
  10750.  2.50  -1.87104  -1.70551  -1.46380  -1.34593  -1.23824  -0.99458  -0.93867
  10750.  3.00  -1.86230  -1.69609  -1.45837  -1.34402  -1.23887  -0.99888  -0.94473
  10750.  3.50  -1.86450  -1.69376  -1.45590  -1.34327  -1.23911  -0.99985  -0.94928
  10750.  4.00  -1.87362  -1.69525  -1.45398  -1.34199  -1.23777  -0.99727  -0.95149
  10750.  4.50  -1.88817  -1.69939  -1.45170  -1.33960  -1.23454  -0.99132  -0.95085
  10750.  5.00  -1.90807  -1.70638  -1.44921  -1.33644  -1.22991  -0.98268  -0.94731
  11000.  2.00  -1.94841  -1.77995  -1.52970  -1.40607  -1.29398  -1.04427  -0.99153
  11000.  2.50  -1.91779  -1.75440  -1.51466  -1.39798  -1.29126  -1.05062  -0.99683
  11000.  3.00  -1.90891  -1.74508  -1.50954  -1.39647  -1.29237  -1.05566  -1.00338
  11000.  3.50  -1.91069  -1.74277  -1.50747  -1.39629  -1.29333  -1.05769  -1.00863
  11000.  4.00  -1.91893  -1.74401  -1.50588  -1.39555  -1.29276  -1.05627  -1.01159
  11000.  4.50  -1.93208  -1.74748  -1.50367  -1.39350  -1.29011  -1.05139  -1.01171
  11000.  5.00  -1.94991  -1.75316  -1.50076  -1.39022  -1.28563  -1.04344  -1.00867
  11250.  2.00  -1.99538  -1.82886  -1.58041  -1.45792  -1.34673  -1.09974  -1.04908
  11250.  2.50  -1.96432  -1.80299  -1.56517  -1.44966  -1.34388  -1.10614  -1.05433
  11250.  3.00  -1.95537  -1.79380  -1.56033  -1.44849  -1.34541  -1.11177  -1.06129
  11250.  3.50  -1.95692  -1.79161  -1.55866  -1.44883  -1.34699  -1.11469  -1.06712
  11250.  4.00  -1.96459  -1.79279  -1.55748  -1.44867  -1.34716  -1.11435  -1.07080
  11250.  4.50  -1.97670  -1.79589  -1.55556  -1.44711  -1.34521  -1.11055  -1.07169
  11250.  5.00  -1.99290  -1.80069  -1.55259  -1.44403  -1.34118  -1.10349  -1.06931
  11500.  2.00  -2.04196  -1.87735  -1.63071  -1.50937  -1.39909  -1.15482  -1.10608
  11500.  2.50  -2.01045  -1.85115  -1.61524  -1.50092  -1.39610  -1.16117  -1.11123
  11500.  3.00  -2.00148  -1.84209  -1.61064  -1.50001  -1.39791  -1.16724  -1.11847
  11500.  3.50  -2.00296  -1.84006  -1.60933  -1.50077  -1.40001  -1.17086  -1.12478
  11500.  4.00  -2.01029  -1.84129  -1.60855  -1.50115  -1.40083  -1.17145  -1.12909
  11500.  4.50  -2.02169  -1.84426  -1.60702  -1.50014  -1.39960  -1.16869  -1.13068
  11500.  5.00  -2.03669  -1.84855  -1.60424  -1.49744  -1.39613  -1.16260  -1.12904
  11750.  2.00  -2.08811  -1.92536  -1.68053  -1.56035  -1.45100  -1.20942  -1.16245
  11750.  2.50  -2.05622  -1.89890  -1.66491  -1.55177  -1.44790  -1.21572  -1.16751
  11750.  3.00  -2.04731  -1.89001  -1.66055  -1.55109  -1.44998  -1.22211  -1.17496
  11750.  3.50  -2.04879  -1.88817  -1.65955  -1.55222  -1.45248  -1.22628  -1.18164
  11750.  4.00  -2.05587  -1.88949  -1.65915  -1.55305  -1.45383  -1.22765  -1.18646
  11750.  4.50  -2.06671  -1.89240  -1.65800  -1.55257  -1.45328  -1.22582  -1.18867
  11750.  5.00  -2.08075  -1.89636  -1.65552  -1.55033  -1.45044  -1.22070  -1.18776
  12000.  2.50  -2.10155  -1.94617  -1.71407  -1.60211  -1.49920  -1.26973  -1.22314
  12000.  3.00  -2.09273  -1.93745  -1.70992  -1.60163  -1.50147  -1.27635  -1.23073
  12000.  3.50  -2.09425  -1.93579  -1.70921  -1.60305  -1.50429  -1.28095  -1.23769
  12000.  4.00  -2.10119  -1.93724  -1.70912  -1.60426  -1.50609  -1.28294  -1.24294
  12000.  4.50  -2.11164  -1.94015  -1.70833  -1.60423  -1.50610  -1.28193  -1.24572
  12000.  5.00  -2.12497  -1.94394  -1.70620  -1.60249  -1.50390  -1.27773  -1.24548
  12250.  2.50  -2.14638  -1.99292  -1.76272  -1.65195  -1.55001  -1.32323  -1.27816
  12250.  3.00  -2.13772  -1.98444  -1.75883  -1.65170  -1.55251  -1.33003  -1.28587
  12250.  3.50  -2.13932  -1.98298  -1.75837  -1.65337  -1.55557  -1.33495  -1.29302
  12250.  4.00  -2.14617  -1.98454  -1.75855  -1.65487  -1.55772  -1.33742  -1.29856
  12250.  4.50  -2.15635  -1.98750  -1.75808  -1.65524  -1.55820  -1.33708  -1.30181
  12250.  5.00  -2.16910  -1.99120  -1.75630  -1.65395  -1.55657  -1.33370  -1.30215
  12500.  2.50  -2.19075  -2.03916  -1.81083  -1.70123  -1.60026  -1.37610  -1.33246
  12500.  3.00  -2.18225  -2.03091  -1.80719  -1.70121  -1.60296  -1.38309  -1.34029
  12500.  3.50  -2.18396  -2.02965  -1.80697  -1.70310  -1.60625  -1.38827  -1.34761
  12500.  4.00  -2.19075  -2.03130  -1.80735  -1.70482  -1.60864  -1.39109  -1.35336
  12500.  4.50  -2.20073  -2.03432  -1.80714  -1.70551  -1.60950  -1.39131  -1.35699
  12500.  5.00  -2.21304  -2.03798  -1.80568  -1.70461  -1.60836  -1.38863  -1.35782
  12750.  2.50  -2.23460  -2.08482  -1.85830  -1.74988  -1.64986  -1.42831  -1.38602
  12750.  3.00  -2.22631  -2.07685  -1.85498  -1.75015  -1.65284  -1.43552  -1.39402
  12750.  3.50  -2.22818  -2.07583  -1.85503  -1.75227  -1.65635  -1.44091  -1.40146
  12750.  4.00  -2.23495  -2.07760  -1.85562  -1.75418  -1.65895  -1.44401  -1.40738
  12750.  4.50  -2.24477  -2.08067  -1.85563  -1.75512  -1.66010  -1.44466  -1.41128
  12750.  5.00  -2.25670  -2.08430  -1.85443  -1.75457  -1.65938  -1.44258  -1.41253
  13000.  2.50  -2.27779  -2.12981  -1.90512  -1.79787  -1.69881  -1.47984  -1.43884
  13000.  3.00  -2.26984  -2.12225  -1.90223  -1.79854  -1.70218  -1.48738  -1.44710
  13000.  3.50  -2.27190  -2.12148  -1.90255  -1.80088  -1.70588  -1.49295  -1.45464
  13000.  4.00  -2.27869  -2.12338  -1.90331  -1.80296  -1.70863  -1.49623  -1.46064
  13000.  4.50  -2.28837  -2.12647  -1.90346  -1.80406  -1.70998  -1.49720  -1.46474
  13000.  5.00  -2.29999  -2.13007  -1.90248  -1.80376  -1.70959  -1.49561  -1.46632
  14000.  2.00  -2.48014  -2.33166  -2.10067  -1.98986  -1.88798  -1.66822  -1.63358
  14000.  2.50  -2.44466  -2.30336  -2.08550  -1.98273  -1.88732  -1.67826  -1.64184
  14000.  3.00  -2.43844  -2.29781  -2.08486  -1.98558  -1.89291  -1.68783  -1.65192
  14000.  3.50  -2.44170  -2.29848  -2.08665  -1.98925  -1.89783  -1.69440  -1.66019
  14000.  4.00  -2.44886  -2.30106  -2.08818  -1.99197  -1.90118  -1.69826  -1.66646
  14000.  4.50  -2.45820  -2.30433  -2.08880  -1.99350  -1.90296  -1.69984  -1.67078
  14000.  5.00  -2.46907  -2.30788  -2.08831  -1.99377  -1.90323  -1.69935  -1.67306
  15000.  2.50  -2.60143  -2.46614  -2.25443  -2.15574  -2.06371  -1.86373  -1.83125
  15000.  3.00  -2.59740  -2.46314  -2.25672  -2.16162  -2.07241  -1.87642  -1.84422
  15000.  3.50  -2.60257  -2.46592  -2.26070  -2.16735  -2.07936  -1.88477  -1.85403
  15000.  4.00  -2.61065  -2.46966  -2.26344  -2.17115  -2.08371  -1.88947  -1.86089
  15000.  4.50  -2.62009  -2.47335  -2.26461  -2.17311  -2.08587  -1.89143  -1.86533
  15000.  5.00  -2.63054  -2.47692  -2.26437  -2.17356  -2.08631  -1.89126  -1.86767
  16000.  2.50  -2.74829  -2.61844  -2.41217  -2.31709  -2.22806  -2.03625  -2.00725
  16000.  3.00  -2.74659  -2.61818  -2.41776  -2.32649  -2.24052  -2.05290  -2.02396
  16000.  3.50  -2.75417  -2.62358  -2.42450  -2.33496  -2.25022  -2.06388  -2.03617
  16000.  4.00  -2.76374  -2.62900  -2.42900  -2.34042  -2.25616  -2.07003  -2.04421
  16000.  4.50  -2.77375  -2.63353  -2.43110  -2.34320  -2.25908  -2.07264  -2.04906
  16000.  5.00  -2.78410  -2.63734  -2.43123  -2.34393  -2.25976  -2.07270  -2.05140
  17000.  2.50  -2.88586  -2.76088  -2.55930  -2.46741  -2.38103  -2.19653  -2.17063
  17000.  3.00  -2.88623  -2.76320  -2.56823  -2.48045  -2.39743  -2.21749  -2.19146
  17000.  3.50  -2.89658  -2.77156  -2.57814  -2.49210  -2.41035  -2.23167  -2.20665
  17000.  4.00  -2.90809  -2.77910  -2.58484  -2.49972  -2.41845  -2.23986  -2.21652
  17000.  4.50  -2.91911  -2.78487  -2.58829  -2.50377  -2.42261  -2.24362  -2.22227
  17000.  5.00  -2.92979  -2.78929  -2.58914  -2.50513  -2.42389  -2.24422  -2.22495
  18000.  2.50  -3.01502  -2.89431  -2.69668  -2.60750  -2.52343  -2.34539  -2.32228
  18000.  3.00  -3.01708  -2.89898  -2.70893  -2.62431  -2.54400  -2.37104  -2.34764
  18000.  3.50  -3.03024  -2.91040  -2.72217  -2.63933  -2.56035  -2.38865  -2.36607
  18000.  4.00  -3.04394  -2.92030  -2.73134  -2.64941  -2.57090  -2.39928  -2.37817
  18000.  4.50  -3.05629  -2.92759  -2.73642  -2.65504  -2.57665  -2.40459  -2.38527
  18000.  5.00  -3.06760  -2.93290  -2.73827  -2.65737  -2.57887  -2.40611  -2.38866
  19000.  2.50  -3.13641  -3.01938  -2.82492  -2.73795  -2.65575  -2.48317  -2.46257
  19000.  3.00  -3.13970  -3.02614  -2.84055  -2.75883  -2.68102  -2.51458  -2.49352
  19000.  3.50  -3.15572  -3.04071  -2.85724  -2.77734  -2.70093  -2.53569  -2.51530
  19000.  4.00  -3.17175  -3.05310  -2.86905  -2.79004  -2.71410  -2.54889  -2.52979
  19000.  4.50  -3.18567  -3.06215  -2.87598  -2.79752  -2.72169  -2.55606  -2.53857
  19000.  5.00  -3.19786  -3.06854  -2.87904  -2.80101  -2.72509  -2.55875  -2.54296
  20000.  3.00  -3.25476  -3.14534  -2.96375  -2.88466  -2.80913  -2.64872  -2.62980
  20000.  3.50  -3.27371  -3.16317  -2.98412  -2.90697  -2.83297  -2.67385  -2.65545
  20000.  4.00  -3.29210  -3.17814  -2.99866  -2.92237  -2.84884  -2.68960  -2.67232
  20000.  4.50  -3.30765  -3.18900  -3.00751  -2.93174  -2.85831  -2.69860  -2.68277
  20000.  5.00  -3.32078  -3.19656  -3.01189  -2.93655  -2.86304  -2.70266  -2.68839
  21000.  3.00  -3.36270  -3.25706  -3.07902  -3.00226  -2.92878  -2.77376  -2.75677
  21000.  3.50  -3.38473  -3.27834  -3.10336  -3.02877  -2.95702  -2.80366  -2.78708
  21000.  4.00  -3.40555  -3.29598  -3.12078  -3.04704  -2.97578  -2.82224  -2.80662
  21000.  4.50  -3.42276  -3.30871  -3.13163  -3.05836  -2.98719  -2.83305  -2.81874
  21000.  5.00  -3.43692  -3.31750  -3.13736  -3.06451  -2.99326  -2.83842  -2.82554
  22000.  3.00  -3.46397  -3.36187  -3.18704  -3.11234  -3.04065  -2.89031  -2.87506
  22000.  3.50  -3.48930  -3.38676  -3.21552  -3.14330  -3.07365  -2.92564  -2.91074
  22000.  4.00  -3.51262  -3.40717  -3.23597  -3.16465  -3.09555  -2.94744  -2.93339
  22000.  4.50  -3.53156  -3.42184  -3.24892  -3.17804  -3.10902  -2.96028  -2.94737
  22000.  5.00  -3.54679  -3.43193  -3.25607  -3.18558  -3.11647  -2.96691  -2.95530
  23000.  3.00  -3.55867  -3.45998  -3.28823  -3.21544  -3.14544  -2.99932  -2.98566
  23000.  3.50  -3.58770  -3.48880  -3.32101  -3.25096  -3.18322  -3.04007  -3.02670
  23000.  4.00  -3.61361  -3.51202  -3.34457  -3.27553  -3.20847  -3.06549  -3.05289
  23000.  4.50  -3.63440  -3.52876  -3.35977  -3.29118  -3.22423  -3.08065  -3.06907
  23000.  5.00  -3.65068  -3.54013  -3.36836  -3.30012  -3.23307  -3.08863  -3.07822
  24000.  3.00  -3.64584  -3.55046  -3.38182  -3.31095  -3.24268  -3.10089  -3.08868
  24000.  3.50  -3.68031  -3.58490  -3.42041  -3.35237  -3.28645  -3.14779  -3.13581
  24000.  4.00  -3.70891  -3.61097  -3.44701  -3.38008  -3.31493  -3.17677  -3.16550
  24000.  4.50  -3.73154  -3.62976  -3.46447  -3.39805  -3.33306  -3.19440  -3.18409
  24000.  5.00  -3.74897  -3.64252  -3.47464  -3.40855  -3.34348  -3.20401  -3.19475
  25000.  3.00  -3.72366  -3.63124  -3.46529  -3.39624  -3.32954  -3.19220  -3.18142
  25000.  3.50  -3.76702  -3.67502  -3.51384  -3.44781  -3.38369  -3.24944  -3.23873
  25000.  4.00  -3.79882  -3.70436  -3.54374  -3.47882  -3.41547  -3.28177  -3.27173
  25000.  4.50  -3.82322  -3.72511  -3.56332  -3.49896  -3.43583  -3.30183  -3.29269
  25000.  5.00  -3.84182  -3.73924  -3.57505  -3.51105  -3.44788  -3.31316  -3.30501
  26000.  3.00  -3.79214  -3.70165  -3.53722  -3.46884  -3.40295  -3.26807  -3.25859
  26000.  3.50  -3.84698  -3.75837  -3.60055  -3.53659  -3.47433  -3.34461  -3.33512
  26000.  4.00  -3.88326  -3.79219  -3.63485  -3.57187  -3.51030  -3.38092  -3.37202
  26000.  4.50  -3.90956  -3.81497  -3.65652  -3.59412  -3.53277  -3.40317  -3.39512
  26000.  5.00  -3.92934  -3.83047  -3.66980  -3.60777  -3.54641  -3.41622  -3.40909
  27000.  3.50  -3.91901  -3.83366  -3.67907  -3.61715  -3.55671  -3.43158  -3.42330
  27000.  4.00  -3.96189  -3.87416  -3.72010  -3.65911  -3.59933  -3.47428  -3.46646
  27000.  4.50  -3.99064  -3.89946  -3.74428  -3.68375  -3.62413  -3.49875  -3.49172
  27000.  5.00  -4.01156  -3.91628  -3.75896  -3.69881  -3.63918  -3.51331  -3.50713
  28000.  3.50  -3.98310  -3.90059  -3.74888  -3.68850  -3.62962  -3.50821  -3.50104
  28000.  4.00  -4.03399  -3.94956  -3.79879  -3.73978  -3.68180  -3.56110  -3.55433
  28000.  4.50  -4.06629  -3.97845  -3.82651  -3.76785  -3.70995  -3.58873  -3.58265
  28000.  5.00  -4.08855  -3.99675  -3.84271  -3.78437  -3.72641  -3.60465  -3.59937
  29000.  3.50  -4.04277  -3.96245  -3.81284  -3.75326  -3.69538  -3.57614  -3.56986
  29000.  4.00  -4.09919  -4.01789  -3.87024  -3.81305  -3.75676  -3.64018  -3.63440
  29000.  4.50  -4.13609  -4.05154  -3.90280  -3.84598  -3.78978  -3.67263  -3.66745
  29000.  5.00  -4.16023  -4.07182  -3.92098  -3.86440  -3.80809  -3.69028  -3.68583
  30000.  3.50  -4.10360  -4.02470  -3.87647  -3.81692  -3.75952  -3.64090  -3.63524
  30000.  4.00  -4.15858  -4.08013  -3.93544  -3.87965  -3.82486  -3.71148  -3.70658
  30000.  4.50  -4.19986  -4.11847  -3.97282  -3.91774  -3.86314  -3.74986  -3.74553
  30000.  5.00  -4.22649  -4.14140  -3.99370  -3.93882  -3.88410  -3.77008  -3.76641
  31000.  3.50  -4.16938  -4.09121  -3.94374  -3.88359  -3.82625  -3.70718  -3.70191
  31000.  4.00  -4.21556  -4.13948  -3.99724  -3.94240  -3.88877  -3.77760  -3.77340
  31000.  4.50  -4.25866  -4.18023  -4.03749  -3.98388  -3.93074  -3.82074  -3.81717
  31000.  5.00  -4.28775  -4.20585  -4.06115  -4.00784  -3.95461  -3.84411  -3.84114
  32000.  4.00  -4.27233  -4.19806  -4.05789  -4.00350  -3.95078  -3.84090  -3.83723
  32000.  4.50  -4.31476  -4.23896  -4.09896  -4.04643  -3.99459  -3.88696  -3.88401
  32000.  5.00  -4.34517  -4.26627  -4.12434  -4.07238  -4.02048  -3.91303  -3.91067
  33000.  4.00  -4.33334  -4.26031  -4.12183  -4.06742  -4.01531  -3.90582  -3.90255
  33000.  4.50  -4.36918  -4.29561  -4.15806  -4.10629  -4.05556  -3.94971  -3.94726
  33000.  5.00  -4.40024  -4.32404  -4.18492  -4.13396  -4.08333  -3.97809  -3.97622
  34000.  4.00  -4.39943  -4.32720  -4.19001  -4.13509  -4.08329  -3.97334  -3.97031
  34000.  4.50  -4.42654  -4.35467  -4.21923  -4.16781  -4.11796  -4.01308  -4.01102
  34000.  5.00  -4.45428  -4.38041  -4.24381  -4.19364  -4.14411  -4.04060  -4.03914
  35000.  4.00  -4.47022  -4.39856  -4.26235  -4.20668  -4.15491  -4.04387  -4.04089
  35000.  4.50  -4.48770  -4.41702  -4.28339  -4.23188  -4.18268  -4.07795  -4.07617
  35000.  5.00  -4.51111  -4.43910  -4.30470  -4.25495  -4.20633  -4.10383  -4.10270
  36000.  4.00  -4.54533  -4.47421  -4.33885  -4.28247  -4.23069  -4.11843  -4.11541
  36000.  4.50  -4.55264  -4.48281  -4.35070  -4.29872  -4.24993  -4.14459  -4.14297
  36000.  5.00  -4.57073  -4.50014  -4.36770  -4.31799  -4.27010  -4.16791  -4.16703
  37000.  4.00  -4.62360  -4.55306  -4.41853  -4.36171  -4.30998  -4.19695  -4.19389
  37000.  4.50  -4.62159  -4.55245  -4.42167  -4.36903  -4.32047  -4.21412  -4.21254
  37000.  5.00  -4.63354  -4.56402  -4.43331  -4.38330  -4.33593  -4.23337  -4.23266
  38000.  4.00  -4.70334  -4.63345  -4.49970  -4.44275  -4.39121  -4.27799  -4.27494
  38000.  4.50  -4.69410  -4.62558  -4.49602  -4.44281  -4.39444  -4.28708  -4.28548
  38000.  5.00  -4.69983  -4.63111  -4.50199  -4.45146  -4.40448  -4.30107  -4.30045
  39000.  4.00  -4.78307  -4.71384  -4.58083  -4.52396  -4.47268  -4.35975  -4.35678
  39000.  4.50  -4.76910  -4.70124  -4.57282  -4.51926  -4.47114  -4.36312  -4.36153
  39000.  5.00  -4.76936  -4.70135  -4.57367  -4.52260  -4.47597  -4.37157  -4.37098
  40000.  4.50  -4.84527  -4.77809  -4.65072  -4.59705  -4.54922  -4.44103  -4.43948
  40000.  5.00  -4.84147  -4.77412  -4.64777  -4.59631  -4.55000  -4.44481  -4.44426
  41000.  4.50  -4.92143  -4.85495  -4.72857  -4.67496  -4.62748  -4.51946  -4.51799
  41000.  5.00  -4.91509  -4.84841  -4.72328  -4.67160  -4.62563  -4.52001  -4.51950
  42000.  4.50  -4.99680  -4.93101  -4.80552  -4.75208  -4.70496  -4.59737  -4.59601
  42000.  5.00  -4.98925  -4.92324  -4.79922  -4.74749  -4.70189  -4.59613  -4.59570
  43000.  4.50  -5.07090  -5.00579  -4.88110  -4.82793  -4.78115  -4.67413  -4.67289
  43000.  5.00  -5.06313  -4.99778  -4.87478  -4.82312  -4.77790  -4.67229  -4.67195
  44000.  4.50  -5.14357  -5.07912  -4.95510  -4.90221  -4.85575  -4.74940  -4.74828
  44000.  5.00  -5.13619  -5.07151  -4.94941  -4.89793  -4.85307  -4.74782  -4.74759
  45000.  4.50  -5.21469  -5.15087  -5.02744  -4.97487  -4.92870  -4.82302  -4.82203
  45000.  5.00  -5.20806  -5.14402  -5.02276  -4.97152  -4.92701  -4.82223  -4.82212
  46000.  4.50  -5.28428  -5.22108  -5.09818  -5.04591  -5.00001  -4.89503  -4.89415
  46000.  5.00  -5.27859  -5.21519  -5.09467  -5.04369  -4.99953  -4.89531  -4.89532
  47000.  4.50  -5.35242  -5.28981  -5.16734  -5.11539  -5.06971  -4.96545  -4.96467
  47000.  5.00  -5.34768  -5.28489  -5.16506  -5.11436  -5.07051  -4.96688  -4.96702
  48000.  4.50  -5.41915  -5.35711  -5.23502  -5.18338  -5.13791  -5.03436  -5.03368
  48000.  5.00  -5.41533  -5.35313  -5.23389  -5.18348  -5.13993  -5.03693  -5.03719
  49000.  4.50  -5.48452  -5.42304  -5.30129  -5.24997  -5.20468  -5.10185  -5.10125
  49000.  5.00  -5.48157  -5.41995  -5.30124  -5.25112  -5.20782  -5.10549  -5.10585
  50000.  5.00  -5.54646  -5.48540  -5.36715  -5.31733  -5.27425  -5.17260  -5.17306
