   3500.  0.00  -5.59786  -4.46659  -3.47155  -2.68312  -2.30854  -0.49144  -0.19183
   3500.  0.50  -5.58451  -4.52800  -3.59179  -2.80845  -2.44359  -0.53460  -0.22293
   3500.  1.00  -5.55449  -4.57573  -3.69183  -2.91106  -2.55318  -0.57161  -0.24914
   3500.  1.50  -5.50624  -4.60700  -3.76919  -2.98917  -2.63578  -0.60033  -0.26876
   3500.  2.00  -5.42664  -4.60621  -3.80985  -3.03188  -2.68161  -0.61259  -0.27491
   3500.  2.50  -5.31214  -4.56495  -3.80632  -3.03374  -2.68640  -0.60122  -0.26099
   3500.  3.00  -5.16385  -4.47581  -3.74873  -2.98681  -2.64304  -0.55857  -0.22017
   3500.  3.50  -4.97872  -4.33059  -3.62483  -2.88003  -2.54027  -0.47964  -0.14809
   3500.  4.00  -4.77281  -4.14352  -3.44144  -2.71581  -2.37808  -0.37002  -0.04959
   3500.  4.50  -4.56763  -3.93766  -3.21655  -2.50436  -2.16360  -0.24369   0.06206
   3500.  5.00  -4.40790  -3.75808  -2.99301  -2.28147  -1.93032  -0.13633   0.15250
   3750.  0.00  -4.74519  -3.60716  -2.50734  -1.77501  -1.37537  -0.17829   0.03725
   3750.  0.50  -4.70172  -3.62122  -2.55651  -1.83223  -1.43847  -0.19284   0.02767
   3750.  1.00  -4.65304  -3.63173  -2.60713  -1.89215  -1.50534  -0.20599   0.02018
   3750.  1.50  -4.59406  -3.63573  -2.65651  -1.95226  -1.57328  -0.21873   0.01347
   3750.  2.00  -4.53456  -3.63863  -2.70526  -2.01099  -1.63979  -0.23057   0.00772
   3750.  2.50  -4.47290  -3.63855  -2.75138  -2.06584  -1.70208  -0.24058   0.00372
   3750.  3.00  -4.42004  -3.64050  -2.79333  -2.11298  -1.75507  -0.24541   0.00443
   3750.  3.50  -4.36192  -3.62922  -2.81429  -2.13765  -1.78398  -0.23857   0.01509
   3750.  4.00  -4.29437  -3.59644  -2.80131  -2.12658  -1.77491  -0.21067   0.04442
   3750.  4.50  -4.20366  -3.52363  -2.72807  -2.05291  -1.69924  -0.15326   0.09855
   3750.  5.00  -4.10133  -3.42495  -2.61179  -1.93293  -1.57348  -0.07965   0.16485
   4000.  0.00  -4.18379  -3.08209  -2.02499  -1.36365  -0.97663  -0.02859   0.14755
   4000.  0.50  -4.13989  -3.08420  -2.04480  -1.38555  -1.00033  -0.03674   0.14057
   4000.  1.00  -4.09401  -3.08722  -2.06654  -1.40868  -1.02509  -0.04315   0.13560
   4000.  1.50  -4.03083  -3.07972  -2.08372  -1.43094  -1.05022  -0.04912   0.13134
   4000.  2.00  -3.96962  -3.07350  -2.10332  -1.45613  -1.07852  -0.05517   0.12760
   4000.  2.50  -3.91093  -3.06767  -2.12561  -1.48507  -1.11121  -0.06115   0.12461
   4000.  3.00  -3.86818  -3.07198  -2.15667  -1.52025  -1.14974  -0.06586   0.12367
   4000.  3.50  -3.83879  -3.08264  -2.19145  -1.55701  -1.18938  -0.06775   0.12594
   4000.  4.00  -3.81754  -3.09355  -2.22219  -1.58730  -1.22176  -0.06322   0.13446
   4000.  4.50  -3.79693  -3.09533  -2.23446  -1.59456  -1.22888  -0.04395   0.15623
   4000.  5.00  -3.76531  -3.07068  -2.20393  -1.55351  -1.18397  -0.00458   0.19413
   4250.  0.00  -3.75023  -2.71178  -1.72191  -1.12850  -0.76163   0.06420   0.21767
   4250.  0.50  -3.71296  -2.70948  -1.73407  -1.14265  -0.77738   0.05727   0.21141
   4250.  1.00  -3.67246  -2.70805  -1.74743  -1.15641  -0.79221   0.05210   0.20657
   4250.  1.50  -3.62119  -2.70118  -1.75739  -1.16793  -0.80505   0.04748   0.20199
   4250.  2.00  -3.56277  -2.69132  -1.76595  -1.17879  -0.81728   0.04255   0.19711
   4250.  2.50  -3.51152  -2.68638  -1.77596  -1.18943  -0.82829   0.03839   0.19298
   4250.  3.00  -3.46968  -2.68687  -1.79074  -1.20380  -0.84277   0.03467   0.19010
   4250.  3.50  -3.44774  -2.70051  -1.81388  -1.22293  -0.86069   0.03315   0.19027
   4250.  4.00  -3.43700  -2.71913  -1.83956  -1.24343  -0.87965   0.03365   0.19298
   4250.  4.50  -3.43595  -2.74115  -1.86602  -1.26252  -0.89671   0.03928   0.20116
   4250.  5.00  -3.43845  -2.75744  -1.88195  -1.26763  -0.89889   0.05695   0.22064
   4500.  0.00  -3.40056  -2.44041  -1.51274  -0.96992  -0.62060   0.12863   0.26445
   4500.  0.50  -3.36758  -2.43364  -1.51934  -0.98050  -0.63335   0.12112   0.25808
   4500.  1.00  -3.33724  -2.43112  -1.52918  -0.99176  -0.64595   0.11608   0.25376
   4500.  1.50  -3.30199  -2.42768  -1.53897  -1.00247  -0.65780   0.11181   0.24980
   4500.  2.00  -3.25549  -2.41853  -1.54537  -1.01129  -0.66815   0.10667   0.24456
   4500.  2.50  -3.21021  -2.41188  -1.55223  -1.01908  -0.67653   0.10205   0.23956
   4500.  3.00  -3.17253  -2.41061  -1.56099  -1.02642  -0.68327   0.09874   0.23576
   4500.  3.50  -3.14834  -2.41942  -1.57599  -1.03624  -0.69100   0.09767   0.23466
   4500.  4.00  -3.13751  -2.43699  -1.59529  -1.04727  -0.69861   0.09864   0.23601
   4500.  4.50  -3.13685  -2.45969  -1.61644  -1.05839  -0.70564   0.10143   0.23954
   4500.  5.00  -3.14587  -2.48711  -1.63929  -1.06871  -0.71121   0.10830   0.24739
   4750.  0.00  -3.10695  -2.22953  -1.36161  -0.85846  -0.52504   0.17482   0.29560
   4750.  0.50  -3.07711  -2.22064  -1.36484  -0.86653  -0.53540   0.16589   0.28803
   4750.  1.00  -3.05300  -2.21660  -1.37117  -0.87540  -0.54582   0.15989   0.28313
   4750.  1.50  -3.02857  -2.21365  -1.37866  -0.88463  -0.55637   0.15493   0.27899
   4750.  2.00  -2.99770  -2.20755  -1.38459  -0.89316  -0.56653   0.14943   0.27395
   4750.  2.50  -2.96309  -2.20010  -1.38935  -0.90054  -0.57539   0.14369   0.26831
   4750.  3.00  -2.93200  -2.19644  -1.39512  -0.90682  -0.58194   0.13924   0.26354
   4750.  3.50  -2.90684  -2.19832  -1.40383  -0.91326  -0.58738   0.13680   0.26070
   4750.  4.00  -2.89244  -2.20903  -1.41721  -0.92053  -0.59191   0.13707   0.26075
   4750.  4.50  -2.88736  -2.22679  -1.43362  -0.92770  -0.59490   0.13966   0.26325
   4750.  5.00  -2.89017  -2.24975  -1.45184  -0.93422  -0.59621   0.14415   0.26768
   5000.  0.00  -2.84856  -2.05217  -1.24490  -0.77928  -0.46254   0.20362   0.31298
   5000.  0.50  -2.82296  -2.04469  -1.24803  -0.78654  -0.47171   0.19350   0.30387
   5000.  1.00  -2.80267  -2.04078  -1.25306  -0.79413  -0.48068   0.18610   0.29745
   5000.  1.50  -2.78500  -2.03880  -1.25919  -0.80206  -0.48974   0.18005   0.29230
   5000.  2.00  -2.76569  -2.03588  -1.26486  -0.80985  -0.49884   0.17401   0.28699
   5000.  2.50  -2.74404  -2.03141  -1.26929  -0.81685  -0.50729   0.16772   0.28119
   5000.  3.00  -2.72246  -2.02742  -1.27333  -0.82287  -0.51436   0.16198   0.27563
   5000.  3.50  -2.70375  -2.02645  -1.27838  -0.82801  -0.51955   0.15810   0.27163
   5000.  4.00  -2.68938  -2.03046  -1.28621  -0.83318  -0.52344   0.15662   0.26993
   5000.  4.50  -2.68061  -2.04020  -1.29697  -0.83828  -0.52577   0.15767   0.27077
   5000.  5.00  -2.67787  -2.05550  -1.31004  -0.84268  -0.52596   0.16114   0.27398
   5250.  0.00  -2.61138  -1.89267  -1.14744  -0.72128  -0.42300   0.21140   0.31379
   5250.  0.50  -2.59459  -1.89066  -1.15343  -0.72925  -0.43196   0.20201   0.30447
   5250.  1.00  -2.58035  -1.89000  -1.15977  -0.73697  -0.44047   0.19435   0.29712
   5250.  1.50  -2.56852  -1.89066  -1.16660  -0.74473  -0.44886   0.18779   0.29101
   5250.  2.00  -2.55733  -1.89132  -1.17315  -0.75229  -0.45713   0.18157   0.28527
   5250.  2.50  -2.54610  -1.89125  -1.17873  -0.75917  -0.46483   0.17543   0.27956
   5250.  3.00  -2.53514  -1.89077  -1.18331  -0.76503  -0.47141   0.16975   0.27419
   5250.  3.50  -2.52537  -1.89088  -1.18729  -0.76959  -0.47627   0.16538   0.26994
   5250.  4.00  -2.51671  -1.89257  -1.19180  -0.77339  -0.47968   0.16275   0.26731
   5250.  4.50  -2.51005  -1.89724  -1.19778  -0.77658  -0.48140   0.16246   0.26690
   5250.  5.00  -2.50605  -1.90565  -1.20550  -0.77905  -0.48109   0.16459   0.26881
   5500.  0.00  -2.39032  -1.74665  -1.06381  -0.67824  -0.39978   0.19751   0.29646
   5500.  0.50  -2.38597  -1.75220  -1.07360  -0.68724  -0.40850   0.19095   0.28873
   5500.  1.00  -2.38056  -1.75675  -1.08244  -0.69561  -0.41677   0.18484   0.28191
   5500.  1.50  -2.37583  -1.76157  -1.09126  -0.70398  -0.42507   0.17903   0.27576
   5500.  2.00  -2.37204  -1.76645  -1.09968  -0.71201  -0.43309   0.17342   0.27005
   5500.  2.50  -2.36871  -1.77083  -1.10723  -0.71943  -0.44061   0.16788   0.26456
   5500.  3.00  -2.36613  -1.77480  -1.11377  -0.72589  -0.44714   0.16283   0.25964
   5500.  3.50  -2.36450  -1.77832  -1.11890  -0.73075  -0.45190   0.15884   0.25574
   5500.  4.00  -2.36300  -1.78152  -1.12303  -0.73422  -0.45500   0.15620   0.25317
   5500.  4.50  -2.36182  -1.78526  -1.12676  -0.73628  -0.45610   0.15552   0.25246
   5500.  5.00  -2.36072  -1.79014  -1.13066  -0.73707  -0.45512   0.15694   0.25374
   5750.  0.00  -2.18586  -1.61541  -0.99439  -0.64857  -0.39055   0.16515   0.26302
   5750.  0.50  -2.19613  -1.62867  -1.00677  -0.65732  -0.39749   0.16325   0.25864
   5750.  1.00  -2.20100  -1.63915  -1.01820  -0.66613  -0.40507   0.16021   0.25368
   5750.  1.50  -2.20449  -1.64872  -1.02912  -0.67494  -0.41294   0.15649   0.24861
   5750.  2.00  -2.20839  -1.65812  -1.03959  -0.68354  -0.42075   0.15250   0.24372
   5750.  2.50  -2.21226  -1.66685  -1.04930  -0.69176  -0.42834   0.14814   0.23883
   5750.  3.00  -2.21670  -1.67511  -1.05809  -0.69918  -0.43517   0.14402   0.23445
   5750.  3.50  -2.22156  -1.68249  -1.06532  -0.70507  -0.44043   0.14066   0.23101
   5750.  4.00  -2.22616  -1.68880  -1.07097  -0.70933  -0.44395   0.13839   0.22873
   5750.  4.50  -2.23058  -1.69426  -1.07495  -0.71148  -0.44506   0.13792   0.22825
   5750.  5.00  -2.23403  -1.69904  -1.07764  -0.71170  -0.44382   0.13936   0.22960
   6000.  0.00  -1.99857  -1.50001  -0.94098  -0.63311  -0.39594   0.11743   0.21593
   6000.  0.50  -2.02414  -1.52026  -0.95357  -0.63922  -0.39836   0.12208   0.21686
   6000.  1.00  -2.04034  -1.53632  -0.96605  -0.64686  -0.40342   0.12370   0.21521
   6000.  1.50  -2.05238  -1.55059  -0.97858  -0.65546  -0.41002   0.12332   0.21228
   6000.  2.00  -2.06363  -1.56424  -0.99080  -0.66435  -0.41725   0.12177   0.20884
   6000.  2.50  -2.07463  -1.57726  -1.00250  -0.67318  -0.42467   0.11931   0.20511
   6000.  3.00  -2.08558  -1.58952  -1.01329  -0.68140  -0.43166   0.11656   0.20155
   6000.  3.50  -2.09637  -1.60077  -1.02278  -0.68855  -0.43761   0.11398   0.19855
   6000.  4.00  -2.10661  -1.61069  -1.03061  -0.69411  -0.44198   0.11216   0.19657
   6000.  4.50  -2.11597  -1.61894  -1.03621  -0.69733  -0.44387   0.11191   0.19625
   6000.  5.00  -2.12379  -1.62549  -1.03968  -0.69820  -0.44320   0.11344   0.19774
   6250.  0.50  -1.86714  -1.42565  -0.91469  -0.63372  -0.41210   0.06920   0.16478
   6250.  1.00  -1.89608  -1.44661  -0.92548  -0.63745  -0.41160   0.07714   0.16819
   6250.  1.50  -1.91773  -1.46527  -0.93803  -0.64424  -0.41514   0.08148   0.16861
   6250.  2.00  -1.93576  -1.48280  -0.95153  -0.65284  -0.42108   0.08316   0.16724
   6250.  2.50  -1.95325  -1.49979  -0.96490  -0.66193  -0.42788   0.08329   0.16513
   6250.  3.00  -1.97051  -1.51596  -0.97750  -0.67076  -0.43473   0.08245   0.16275
   6250.  3.50  -1.98717  -1.53110  -0.98916  -0.67905  -0.44123   0.08102   0.16044
   6250.  4.00  -2.00296  -1.54479  -0.99929  -0.68602  -0.44650   0.07986   0.15884
   6250.  4.50  -2.01688  -1.55620  -1.00706  -0.69080  -0.44961   0.07971   0.15854
   6250.  5.00  -2.02884  -1.56541  -1.01240  -0.69314  -0.45020   0.08112   0.15993
   6500.  0.50  -1.73720  -1.34788  -0.88586  -0.63544  -0.43238   0.01077   0.10793
   6500.  1.00  -1.76335  -1.36806  -0.89729  -0.63905  -0.43110   0.02118   0.11283
   6500.  1.50  -1.79642  -1.39073  -0.90729  -0.64138  -0.42860   0.03193   0.11844
   6500.  2.00  -1.82275  -1.41189  -0.92035  -0.64795  -0.43134   0.03813   0.12030
   6500.  2.50  -1.84627  -1.43233  -0.93470  -0.65663  -0.43679   0.04144   0.12021
   6500.  3.00  -1.86915  -1.45221  -0.94907  -0.66600  -0.44333   0.04286   0.11926
   6500.  3.50  -1.89119  -1.47106  -0.96280  -0.67532  -0.45020   0.04293   0.11781
   6500.  4.00  -1.91223  -1.48847  -0.97518  -0.68364  -0.45625   0.04269   0.11672
   6500.  4.50  -1.93150  -1.50384  -0.98563  -0.69031  -0.46079   0.04273   0.11644
   6500.  5.00  -1.94778  -1.51622  -0.99323  -0.69439  -0.46281   0.04410   0.11775
   6750.  0.50  -1.63316  -1.28752  -0.86710  -0.64327  -0.45715  -0.04932   0.04946
   6750.  1.00  -1.65437  -1.30436  -0.87739  -0.64622  -0.45534  -0.03803   0.05487
   6750.  1.50  -1.68359  -1.32518  -0.88744  -0.64833  -0.45226  -0.02571   0.06109
   6750.  2.00  -1.72090  -1.34980  -0.89724  -0.65001  -0.44860  -0.01313   0.06809
   6750.  2.50  -1.75177  -1.37347  -0.91106  -0.65677  -0.45103  -0.00555   0.07109
   6750.  3.00  -1.78031  -1.39678  -0.92656  -0.66600  -0.45652  -0.00124   0.07199
   6750.  3.50  -1.80730  -1.41912  -0.94218  -0.67614  -0.46346   0.00071   0.07162
   6750.  4.00  -1.83352  -1.44036  -0.95686  -0.68578  -0.47017   0.00167   0.07122
   6750.  4.50  -1.85768  -1.45958  -0.96990  -0.69427  -0.47601   0.00219   0.07114
   6750.  5.00  -1.87870  -1.47575  -0.98029  -0.70045  -0.47972   0.00352   0.07232
   7000.  0.50  -1.55398  -1.24416  -0.85771  -0.65613  -0.48481  -0.10828  -0.00866
   7000.  1.00  -1.56863  -1.25609  -0.86581  -0.65803  -0.48252  -0.09762  -0.00356
   7000.  1.50  -1.59204  -1.27275  -0.87442  -0.65969  -0.47946  -0.08535   0.00210
   7000.  2.00  -1.62560  -1.29523  -0.88388  -0.66101  -0.47522  -0.07149   0.00954
   7000.  2.50  -1.66709  -1.32235  -0.89447  -0.66305  -0.47148  -0.05780   0.01754
   7000.  3.00  -1.70202  -1.34856  -0.90957  -0.67070  -0.47440  -0.04973   0.02106
   7000.  3.50  -1.73444  -1.37425  -0.92630  -0.68081  -0.48042  -0.04511   0.02241
   7000.  4.00  -1.76552  -1.39919  -0.94321  -0.69168  -0.48764  -0.04270   0.02285
   7000.  4.50  -1.79451  -1.42236  -0.95899  -0.70202  -0.49472  -0.04146   0.02307
   7000.  5.00  -1.82005  -1.44234  -0.97220  -0.71031  -0.50007  -0.04006   0.02414
   7250.  0.50  -1.50686  -1.22062  -0.85538  -0.67021  -0.50997  -0.16047  -0.06173
   7250.  1.00  -1.50299  -1.22213  -0.86268  -0.67475  -0.51284  -0.15664  -0.06204
   7250.  1.50  -1.52247  -1.23502  -0.86882  -0.67479  -0.50852  -0.14412  -0.05606
   7250.  2.00  -1.54930  -1.25298  -0.87717  -0.67627  -0.50517  -0.13118  -0.05004
   7250.  2.50  -1.58767  -1.27785  -0.88691  -0.67761  -0.50057  -0.11642  -0.04182
   7250.  3.00  -1.63288  -1.30750  -0.89888  -0.68076  -0.49760  -0.10254  -0.03360
   7250.  3.50  -1.67139  -1.33623  -0.91554  -0.68966  -0.50144  -0.09452  -0.02976
   7250.  4.00  -1.70648  -1.36385  -0.93365  -0.70102  -0.50850  -0.09043  -0.02843
   7250.  4.50  -1.74052  -1.39090  -0.95179  -0.71275  -0.51625  -0.08783  -0.02740
   7250.  5.00  -1.77094  -1.41506  -0.96803  -0.72323  -0.52318  -0.08611  -0.02621
   7500.  0.50  -1.51782  -1.23504  -0.86700  -0.68465  -0.52586  -0.19211  -0.09938
   7500.  1.00  -1.46003  -1.20413  -0.86814  -0.69580  -0.54496  -0.21254  -0.11833
   7500.  1.50  -1.47018  -1.21022  -0.87149  -0.69507  -0.54120  -0.20273  -0.11441
   7500.  2.00  -1.49387  -1.22456  -0.87706  -0.69466  -0.53632  -0.18956  -0.10836
   7500.  2.50  -1.52453  -1.24421  -0.88559  -0.69641  -0.53313  -0.17649  -0.10237
   7500.  3.00  -1.56816  -1.27224  -0.89634  -0.69837  -0.52868  -0.16104  -0.09329
   7500.  3.50  -1.61590  -1.30428  -0.91033  -0.70340  -0.52739  -0.14792  -0.08535
   7500.  4.00  -1.65709  -1.33517  -0.92868  -0.71387  -0.53260  -0.14063  -0.08174
   7500.  4.50  -1.69524  -1.36507  -0.94817  -0.72624  -0.54033  -0.13652  -0.07981
   7500.  5.00  -1.73024  -1.39308  -0.96705  -0.73860  -0.54853  -0.13418  -0.07833
   7750.  1.00  -1.44481  -1.20467  -0.88212  -0.72007  -0.57662  -0.26305  -0.17090
   7750.  1.50  -1.43698  -1.19955  -0.88281  -0.72045  -0.57684  -0.25986  -0.17210
   7750.  2.00  -1.45469  -1.20867  -0.88526  -0.71834  -0.57114  -0.24769  -0.16678
   7750.  2.50  -1.48202  -1.22484  -0.89122  -0.71848  -0.56680  -0.23458  -0.16088
   7750.  3.00  -1.51652  -1.24672  -0.90050  -0.72098  -0.56416  -0.22169  -0.15483
   7750.  3.50  -1.56484  -1.27776  -0.91242  -0.72385  -0.56026  -0.20632  -0.14548
   7750.  4.00  -1.61409  -1.31165  -0.92844  -0.73093  -0.56092  -0.19435  -0.13814
   7750.  4.50  -1.65720  -1.34443  -0.94842  -0.74291  -0.56746  -0.18778  -0.13436
   7750.  5.00  -1.69672  -1.37574  -0.96905  -0.75631  -0.57606  -0.18419  -0.13214
   8000.  1.00  -1.46299  -1.22947  -0.90931  -0.75012  -0.60873  -0.30498  -0.21767
   8000.  1.50  -1.42379  -1.20314  -0.90202  -0.75013  -0.61438  -0.31460  -0.22803
   8000.  2.00  -1.43082  -1.20485  -0.90166  -0.74767  -0.61012  -0.30631  -0.22576
   8000.  2.50  -1.45329  -1.21618  -0.90408  -0.74557  -0.60427  -0.29388  -0.22056
   8000.  3.00  -1.48489  -1.23484  -0.91101  -0.74662  -0.60062  -0.28092  -0.21487
   8000.  3.50  -1.52438  -1.25993  -0.92169  -0.75025  -0.59876  -0.26802  -0.20852
   8000.  4.00  -1.57684  -1.29409  -0.93503  -0.75419  -0.59553  -0.25269  -0.19847
   8000.  4.50  -1.62671  -1.32969  -0.95346  -0.76366  -0.59852  -0.24215  -0.19159
   8000.  5.00  -1.67087  -1.36378  -0.97474  -0.77693  -0.60626  -0.23639  -0.18781
   8250.  1.00  -1.51372  -1.28249  -0.95875  -0.79493  -0.65056  -0.34339  -0.26562
   8250.  1.50  -1.43085  -1.22140  -0.92971  -0.78434  -0.65359  -0.36644  -0.28233
   8250.  2.00  -1.42463  -1.21421  -0.92605  -0.78149  -0.65121  -0.36281  -0.28345
   8250.  2.50  -1.44136  -1.22113  -0.92637  -0.77854  -0.64540  -0.35160  -0.27923
   8250.  3.00  -1.46879  -1.23560  -0.93013  -0.77751  -0.64030  -0.33873  -0.27370
   8250.  3.50  -1.50190  -1.25519  -0.93754  -0.77962  -0.63800  -0.32726  -0.26888
   8250.  4.00  -1.54503  -1.28273  -0.94894  -0.78382  -0.63644  -0.31469  -0.26206
   8250.  4.50  -1.59960  -1.31890  -0.96355  -0.78895  -0.63423  -0.29982  -0.25177
   8250.  5.00  -1.64891  -1.35522  -0.98364  -0.80023  -0.63908  -0.29056  -0.24513
   8500.  1.50  -1.45662  -1.25424  -0.96717  -0.82445  -0.69588  -0.41563  -0.33537
   8500.  2.00  -1.43291  -1.23457  -0.95763  -0.81998  -0.69519  -0.41868  -0.34095
   8500.  2.50  -1.44110  -1.23551  -0.95544  -0.81650  -0.69035  -0.41045  -0.33895
   8500.  3.00  -1.46342  -1.24568  -0.95655  -0.81398  -0.68456  -0.39851  -0.33419
   8500.  3.50  -1.49421  -1.26232  -0.96114  -0.81377  -0.68014  -0.38593  -0.32863
   8500.  4.00  -1.53166  -1.28491  -0.96979  -0.81678  -0.67835  -0.37426  -0.32316
   8500.  4.50  -1.57884  -1.31522  -0.98185  -0.82133  -0.67673  -0.36136  -0.31524
   8500.  5.00  -1.63179  -1.35138  -0.99750  -0.82789  -0.67620  -0.34780  -0.30500
   8750.  1.50  -1.49533  -1.29768  -1.01289  -0.87053  -0.74243  -0.46488  -0.38971
   8750.  2.00  -1.45474  -1.26520  -0.99583  -0.86258  -0.74136  -0.47331  -0.39780
   8750.  2.50  -1.45340  -1.25959  -0.99090  -0.85860  -0.73783  -0.46897  -0.39859
   8750.  3.00  -1.46985  -1.26530  -0.98977  -0.85522  -0.73221  -0.45880  -0.39534
   8750.  3.50  -1.49635  -1.27797  -0.99156  -0.85326  -0.72673  -0.44661  -0.39033
   8750.  4.00  -1.53012  -1.29654  -0.99683  -0.85385  -0.72305  -0.43446  -0.38469
   8750.  4.50  -1.57052  -1.32147  -1.00648  -0.85773  -0.72191  -0.42300  -0.37838
   8750.  5.00  -1.62023  -1.35382  -1.01865  -0.86195  -0.71951  -0.40909  -0.36839
   9000.  1.50  -1.53987  -1.34592  -1.06285  -0.92016  -0.79203  -0.51548  -0.44578
   9000.  2.00  -1.48675  -1.30336  -1.03888  -0.90815  -0.78904  -0.52711  -0.45460
   9000.  2.50  -1.47673  -1.29192  -1.03164  -0.90408  -0.78722  -0.52715  -0.45836
   9000.  3.00  -1.48685  -1.29330  -1.02880  -0.90050  -0.78262  -0.51954  -0.45706
   9000.  3.50  -1.50845  -1.30216  -1.02853  -0.89753  -0.77692  -0.50824  -0.45270
   9000.  4.00  -1.53809  -1.31694  -1.03101  -0.89618  -0.77186  -0.49587  -0.44688
   9000.  4.50  -1.57426  -1.33745  -1.03706  -0.89754  -0.76884  -0.48403  -0.44067
   9000.  5.00  -1.61749  -1.36455  -1.04721  -0.90176  -0.76776  -0.47251  -0.43343
   9250.  2.00  -1.52423  -1.34558  -1.08471  -0.95552  -0.83773  -0.58011  -0.51102
   9250.  2.50  -1.50796  -1.32996  -1.07577  -0.95149  -0.83735  -0.58410  -0.51727
   9250.  3.00  -1.51314  -1.32846  -1.07246  -0.94875  -0.83471  -0.57983  -0.51840
   9250.  3.50  -1.53016  -1.33428  -1.07114  -0.94582  -0.82993  -0.57055  -0.51566
   9250.  4.00  -1.55525  -1.34522  -1.07117  -0.94297  -0.82409  -0.55866  -0.51043
   9250.  4.50  -1.58733  -1.36155  -1.07384  -0.94188  -0.81920  -0.54624  -0.50398
   9250.  5.00  -1.62614  -1.38410  -1.08049  -0.94379  -0.81656  -0.53440  -0.49680
   9500.  2.00  -1.56457  -1.38980  -1.13179  -1.00365  -0.88678  -0.63249  -0.56701
   9500.  2.50  -1.54391  -1.37125  -1.12169  -0.99974  -0.88755  -0.63980  -0.57536
   9500.  3.00  -1.54558  -1.36788  -1.11843  -0.99825  -0.88714  -0.63928  -0.57929
   9500.  3.50  -1.55953  -1.37193  -1.11702  -0.99614  -0.88397  -0.63268  -0.57879
   9500.  4.00  -1.58130  -1.38053  -1.11615  -0.99319  -0.87868  -0.62213  -0.57477
   9500.  4.50  -1.60935  -1.39333  -1.11645  -0.99054  -0.87283  -0.60971  -0.56837
   9500.  5.00  -1.64353  -1.41132  -1.11948  -0.98987  -0.86830  -0.59728  -0.56072
   9750.  2.00  -1.60654  -1.43511  -1.17965  -1.05241  -0.93632  -0.68472  -0.62278
   9750.  2.50  -1.58261  -1.41436  -1.16851  -1.04830  -0.93758  -0.69429  -0.63244
   9750.  3.00  -1.58180  -1.40977  -1.16553  -1.04802  -0.93916  -0.69726  -0.63898
   9750.  3.50  -1.59363  -1.41296  -1.16477  -1.04742  -0.93824  -0.69387  -0.64112
   9750.  4.00  -1.61304  -1.42034  -1.16412  -1.04541  -0.93449  -0.68554  -0.63896
   9750.  4.50  -1.63807  -1.43096  -1.16351  -1.04250  -0.92894  -0.67403  -0.63325
   9750.  5.00  -1.66838  -1.44547  -1.16403  -1.04000  -0.92307  -0.66116  -0.62534
  10000.  2.00  -1.64935  -1.48090  -1.22778  -1.10139  -0.98605  -0.73688  -0.67828
  10000.  2.50  -1.62303  -1.45847  -1.21571  -1.09687  -0.98730  -0.74770  -0.68856
  10000.  3.00  -1.62041  -1.45309  -1.21306  -1.09763  -0.99053  -0.75356  -0.69721
  10000.  3.50  -1.63058  -1.45579  -1.21315  -1.09863  -0.99185  -0.75344  -0.70193
  10000.  4.00  -1.64841  -1.46270  -1.21339  -1.09818  -0.99025  -0.74789  -0.70210
  10000.  4.50  -1.67160  -1.47233  -1.21297  -1.09602  -0.98592  -0.73819  -0.69807
  10000.  5.00  -1.69934  -1.48468  -1.21228  -1.09292  -0.97992  -0.72589  -0.69083
  10250.  2.00  -1.69345  -1.52777  -1.27700  -1.15161  -1.03712  -0.79050  -0.73487
  10250.  2.50  -1.66574  -1.50454  -1.26469  -1.14720  -1.03876  -0.80267  -0.74606
  10250.  3.00  -1.66279  -1.49949  -1.26316  -1.14961  -1.04407  -0.81166  -0.75721
  10250.  3.50  -1.67308  -1.50312  -1.26514  -1.15308  -1.04835  -0.81537  -0.76517
  10250.  4.00  -1.69140  -1.51128  -1.26758  -1.15535  -1.04992  -0.81357  -0.76871
  10250.  4.50  -1.71503  -1.52194  -1.26904  -1.15548  -1.04823  -0.80688  -0.76754
  10250.  5.00  -1.74258  -1.53443  -1.26921  -1.15360  -1.04375  -0.79636  -0.76207
  10500.  2.00  -1.73726  -1.57409  -1.32551  -1.20111  -1.08749  -0.84311  -0.79025
  10500.  2.50  -1.70761  -1.54931  -1.31191  -1.19547  -1.08794  -0.85461  -0.80060
  10500.  3.00  -1.70343  -1.54367  -1.31038  -1.19821  -1.09384  -0.86496  -0.81263
  10500.  3.50  -1.71250  -1.54696  -1.31294  -1.20278  -1.09966  -0.87114  -0.82244
  10500.  4.00  -1.72982  -1.55502  -1.31633  -1.20654  -1.10321  -0.87217  -0.82835
  10500.  4.50  -1.75262  -1.56565  -1.31880  -1.20821  -1.10352  -0.86812  -0.82960
  10500.  5.00  -1.77945  -1.57796  -1.31970  -1.20753  -1.10062  -0.85966  -0.82610
  10750.  2.00  -1.78149  -1.62068  -1.37428  -1.25098  -1.13829  -0.89622  -0.84585
  10750.  2.50  -1.74984  -1.59426  -1.35924  -1.24387  -1.13724  -0.90654  -0.85495
  10750.  3.00  -1.74456  -1.58796  -1.35738  -1.24644  -1.14312  -0.91745  -0.86724
  10750.  3.50  -1.75285  -1.59107  -1.36038  -1.25176  -1.14998  -0.92537  -0.87833
  10750.  4.00  -1.76939  -1.59917  -1.36471  -1.25693  -1.15533  -0.92895  -0.88630
  10750.  4.50  -1.79138  -1.60983  -1.36823  -1.26015  -1.15763  -0.92752  -0.88985
  10750.  5.00  -1.81757  -1.62216  -1.37009  -1.26088  -1.15652  -0.92138  -0.88850
  11000.  2.00  -1.82570  -1.66707  -1.42281  -1.30066  -1.18898  -0.94923  -0.90114
  11000.  2.50  -1.79179  -1.63872  -1.40592  -1.29154  -1.18579  -0.95737  -0.90809
  11000.  3.00  -1.78490  -1.63116  -1.40299  -1.29305  -1.19062  -0.96753  -0.91946
  11000.  3.50  -1.79163  -1.63324  -1.40540  -1.29798  -1.19725  -0.97579  -0.93053
  11000.  4.00  -1.80651  -1.64041  -1.40950  -1.30326  -1.20303  -0.98050  -0.93918
  11000.  4.50  -1.82665  -1.65020  -1.41316  -1.30703  -1.20626  -0.98069  -0.94389
  11000.  5.00  -1.85079  -1.66153  -1.41527  -1.30846  -1.20631  -0.97628  -0.94397
  11250.  2.00  -1.87067  -1.71408  -1.47191  -1.35104  -1.24041  -1.00316  -0.95707
  11250.  2.50  -1.83498  -1.68429  -1.45373  -1.34050  -1.23573  -1.00979  -0.96254
  11250.  3.00  -1.82718  -1.67610  -1.45032  -1.34150  -1.24003  -1.01961  -0.97346
  11250.  3.50  -1.83326  -1.67791  -1.45275  -1.34655  -1.24688  -1.02853  -0.98494
  11250.  4.00  -1.84763  -1.68508  -1.45736  -1.35258  -1.25363  -1.03477  -0.99476
  11250.  4.50  -1.86732  -1.69506  -1.46191  -1.35759  -1.25840  -1.03707  -1.00125
  11250.  5.00  -1.89106  -1.70667  -1.46510  -1.36044  -1.26017  -1.03488  -1.00329
  11500.  2.00  -1.91551  -1.76083  -1.52071  -1.40115  -1.29163  -1.05697  -1.01272
  11500.  2.50  -1.87822  -1.72980  -1.50148  -1.38948  -1.28576  -1.06233  -1.01694
  11500.  3.00  -1.86952  -1.72100  -1.49758  -1.38990  -1.28941  -1.07154  -1.02719
  11500.  3.50  -1.87501  -1.72251  -1.49990  -1.39488  -1.29622  -1.08069  -1.03872
  11500.  4.00  -1.88892  -1.72964  -1.50484  -1.40139  -1.30358  -1.08799  -1.04930
  11500.  4.50  -1.90825  -1.73982  -1.51015  -1.40739  -1.30958  -1.09200  -1.05714
  11500.  5.00  -1.93158  -1.75172  -1.51440  -1.41158  -1.31297  -1.09189  -1.06098
  11750.  2.00  -1.96034  -1.80745  -1.56927  -1.45103  -1.34262  -1.11050  -1.06795
  11750.  2.50  -1.92159  -1.77529  -1.54913  -1.43837  -1.33572  -1.11481  -1.07113
  11750.  3.00  -1.91198  -1.76585  -1.54470  -1.43817  -1.33867  -1.12329  -1.08060
  11750.  3.50  -1.91679  -1.76696  -1.54677  -1.44287  -1.34519  -1.13231  -1.09188
  11750.  4.00  -1.93018  -1.77390  -1.55179  -1.44956  -1.35282  -1.14022  -1.10284
  11750.  4.50  -1.94917  -1.78419  -1.55764  -1.45628  -1.35970  -1.14557  -1.11176
  11750.  5.00  -1.97224  -1.79639  -1.56280  -1.46164  -1.36449  -1.14732  -1.11718
  12000.  2.50  -1.96490  -1.82059  -1.59650  -1.48700  -1.38543  -1.16706  -1.12496
  12000.  3.00  -1.95449  -1.81060  -1.59163  -1.48625  -1.38774  -1.17482  -1.13368
  12000.  3.50  -1.95862  -1.81128  -1.59340  -1.49061  -1.39390  -1.18353  -1.14455
  12000.  4.00  -1.97149  -1.81799  -1.59838  -1.49726  -1.40151  -1.19167  -1.15558
  12000.  4.50  -1.99018  -1.82834  -1.60460  -1.50449  -1.40902  -1.19799  -1.16525
  12000.  5.00  -2.01304  -1.84085  -1.61059  -1.51086  -1.41499  -1.20133  -1.17198
  12250.  2.50  -2.00793  -1.86553  -1.64348  -1.53528  -1.43480  -1.21896  -1.17833
  12250.  3.00  -1.99681  -1.85510  -1.63831  -1.53414  -1.43668  -1.22620  -1.18650
  12250.  3.50  -2.00037  -1.85543  -1.63982  -1.53815  -1.44242  -1.23449  -1.19687
  12250.  4.00  -2.01258  -1.86174  -1.64456  -1.54456  -1.44979  -1.24253  -1.20768
  12250.  4.50  -2.03091  -1.87203  -1.65095  -1.55202  -1.45760  -1.24947  -1.21777
  12250.  5.00  -2.05356  -1.88474  -1.65752  -1.55910  -1.46442  -1.25401  -1.22548
  12500.  2.50  -2.05079  -1.91016  -1.69004  -1.58311  -1.48370  -1.27038  -1.23113
  12500.  3.00  -2.03910  -1.89942  -1.68470  -1.58173  -1.48531  -1.27723  -1.23887
  12500.  3.50  -2.04200  -1.89933  -1.68589  -1.58534  -1.49059  -1.28503  -1.24868
  12500.  4.00  -2.05358  -1.90525  -1.69038  -1.59146  -1.49763  -1.29283  -1.25916
  12500.  4.50  -2.07150  -1.91537  -1.69678  -1.59894  -1.50549  -1.30003  -1.26936
  12500.  5.00  -2.09402  -1.92829  -1.70383  -1.60660  -1.51299  -1.30555  -1.27787
  12750.  2.50  -2.09327  -1.95434  -1.73610  -1.63041  -1.53208  -1.32124  -1.28329
  12750.  3.00  -2.08102  -1.94329  -1.73061  -1.62886  -1.53349  -1.32784  -1.29075
  12750.  3.50  -2.08337  -1.94287  -1.73159  -1.63218  -1.53843  -1.33523  -1.30010
  12750.  4.00  -2.09430  -1.94837  -1.73576  -1.63793  -1.54507  -1.34268  -1.31013
  12750.  4.50  -2.11184  -1.95832  -1.74209  -1.64532  -1.55282  -1.34992  -1.32024
  12750.  5.00  -2.13427  -1.97141  -1.74952  -1.65339  -1.56076  -1.35611  -1.32929
  13000.  2.50  -2.13526  -1.99796  -1.78150  -1.67706  -1.57979  -1.37141  -1.33471
  13000.  3.00  -2.12268  -1.98679  -1.77608  -1.67554  -1.58121  -1.37798  -1.34208
  13000.  3.50  -2.12453  -1.98610  -1.77692  -1.67867  -1.58592  -1.38506  -1.35106
  13000.  4.00  -2.13487  -1.99124  -1.78083  -1.68409  -1.59220  -1.39214  -1.36065
  13000.  4.50  -2.15196  -2.00094  -1.78701  -1.69130  -1.59975  -1.39924  -1.37052
  13000.  5.00  -2.17427  -2.01413  -1.79466  -1.69958  -1.60791  -1.40584  -1.37984
  14000.  2.00  -2.34597  -2.20474  -1.97929  -1.87111  -1.77118  -1.55994  -1.52910
  14000.  2.50  -2.29877  -2.16732  -1.95734  -1.85756  -1.76430  -1.56530  -1.53295
  14000.  3.00  -2.28554  -2.15630  -1.95280  -1.85697  -1.76675  -1.57281  -1.54109
  14000.  3.50  -2.28594  -2.15498  -1.95361  -1.85998  -1.77129  -1.57959  -1.54955
  14000.  4.00  -2.29414  -2.15881  -1.95675  -1.86450  -1.77659  -1.58567  -1.55789
  14000.  4.50  -2.30988  -2.16784  -1.96250  -1.87100  -1.78323  -1.59188  -1.56659
  14000.  5.00  -2.33200  -2.18145  -1.97075  -1.87965  -1.79160  -1.59891  -1.57599
  15000.  2.50  -2.45336  -2.32689  -2.12236  -2.02691  -1.93736  -1.74724  -1.71856
  15000.  3.00  -2.44078  -2.31724  -2.11996  -2.02854  -1.94214  -1.75702  -1.72882
  15000.  3.50  -2.44017  -2.31562  -2.12114  -2.03200  -1.94726  -1.76443  -1.73772
  15000.  4.00  -2.44641  -2.31824  -2.12371  -2.03599  -1.95209  -1.77009  -1.74540
  15000.  4.50  -2.46031  -2.32613  -2.12877  -2.04165  -1.95780  -1.77532  -1.75285
  15000.  5.00  -2.48220  -2.33995  -2.13722  -2.05011  -1.96567  -1.78157  -1.76122
  16000.  2.50  -2.59821  -2.47585  -2.27570  -2.18419  -2.09805  -1.91650  -1.89098
  16000.  3.00  -2.58819  -2.46953  -2.27753  -2.19016  -2.10731  -1.93056  -1.90535
  16000.  3.50  -2.58765  -2.46848  -2.27977  -2.19475  -2.11363  -1.93923  -1.91536
  16000.  4.00  -2.59236  -2.47020  -2.28206  -2.19857  -2.11842  -1.94503  -1.92301
  16000.  4.50  -2.60420  -2.47674  -2.28639  -2.20358  -2.12356  -1.94981  -1.92981
  16000.  5.00  -2.62566  -2.49070  -2.29526  -2.21224  -2.13149  -1.95584  -1.93771
  17000.  2.50  -2.73402  -2.61467  -2.41745  -2.32914  -2.24578  -2.07188  -2.04924
  17000.  3.00  -2.72739  -2.61286  -2.42527  -2.34162  -2.26204  -2.09328  -2.07068
  17000.  3.50  -2.72782  -2.61324  -2.42935  -2.34805  -2.27023  -2.10378  -2.08239
  17000.  4.00  -2.73127  -2.61420  -2.43135  -2.35171  -2.27497  -2.10978  -2.09013
  17000.  4.50  -2.74029  -2.61863  -2.43428  -2.35555  -2.27916  -2.11401  -2.09626
  17000.  5.00  -2.76118  -2.63260  -2.44367  -2.36469  -2.28757  -2.12043  -2.10436
  18000.  2.50  -2.86204  -2.74467  -2.54881  -2.46247  -2.38090  -2.21240  -2.19244
  18000.  3.00  -2.85804  -2.74699  -2.56295  -2.48264  -2.40602  -2.24481  -2.22458
  18000.  3.50  -2.86123  -2.75058  -2.57067  -2.49270  -2.41783  -2.25877  -2.23960
  18000.  4.00  -2.86426  -2.75148  -2.57288  -2.49656  -2.42277  -2.26505  -2.24751
  18000.  4.50  -2.87113  -2.75428  -2.57467  -2.49939  -2.42609  -2.26871  -2.25299
  18000.  5.00  -2.88943  -2.76642  -2.58300  -2.50770  -2.43388  -2.27485  -2.26068
  19000.  2.50  -2.98477  -2.86886  -2.67324  -2.58756  -2.50670  -2.34012  -2.32259
  19000.  3.00  -2.98006  -2.87180  -2.69035  -2.61282  -2.53869  -2.38412  -2.36608
  19000.  3.50  -2.98789  -2.88056  -2.70389  -2.62885  -2.55661  -2.40431  -2.38712
  19000.  4.00  -2.99205  -2.88290  -2.70768  -2.63415  -2.56289  -2.41174  -2.39606
  19000.  4.50  -2.99697  -2.88421  -2.70830  -2.63584  -2.56510  -2.41445  -2.40051
  19000.  5.00  -3.01236  -2.89407  -2.71496  -2.64265  -2.57157  -2.41960  -2.40720
  20000.  3.00  -3.09450  -2.98848  -2.80878  -2.73328  -2.66104  -2.51143  -2.49542
  20000.  3.50  -3.10772  -3.00323  -2.82915  -2.75665  -2.68672  -2.54034  -2.52499
  20000.  4.00  -3.11435  -3.00832  -2.83581  -2.76468  -2.69560  -2.55017  -2.53616
  20000.  4.50  -3.11883  -3.00955  -2.83654  -2.76635  -2.69772  -2.55265  -2.54027
  20000.  5.00  -3.13054  -3.01635  -2.84063  -2.77070  -2.70183  -2.55572  -2.54483
  21000.  3.00  -3.20289  -3.09894  -2.92061  -2.84659  -2.77579  -2.62947  -2.61523
  21000.  3.50  -3.22069  -3.11870  -2.94672  -2.87633  -2.80837  -2.66696  -2.65328
  21000.  4.00  -3.23160  -3.12835  -2.95819  -2.88918  -2.82206  -2.68160  -2.66909
  21000.  4.50  -3.23682  -3.13063  -2.96004  -2.89176  -2.82492  -2.68451  -2.67344
  21000.  5.00  -3.24593  -3.13533  -2.96233  -2.89424  -2.82714  -2.68568  -2.67601
  22000.  3.00  -3.30677  -3.20509  -3.02844  -2.95588  -2.88650  -2.74279  -2.73005
  22000.  3.50  -3.32733  -3.22762  -3.05742  -2.98878  -2.92250  -2.78500  -2.77280
  22000.  4.00  -3.34338  -3.24266  -3.07457  -3.00742  -2.94209  -2.80595  -2.79479
  22000.  4.50  -3.35105  -3.24764  -3.07924  -3.01272  -2.94754  -2.81123  -2.80132
  22000.  5.00  -3.35929  -3.25191  -3.08134  -3.01488  -2.94936  -2.81185  -2.80317
  23000.  3.00  -3.40585  -3.30674  -3.13235  -3.06161  -2.99389  -2.85356  -2.84212
  23000.  3.50  -3.42846  -3.33107  -3.16270  -3.09569  -3.03100  -2.89674  -2.88584
  23000.  4.00  -3.44937  -3.35106  -3.18493  -3.11952  -3.05585  -2.92348  -2.91352
  23000.  4.50  -3.46090  -3.36010  -3.19381  -3.12899  -3.06545  -2.93298  -2.92413
  23000.  5.00  -3.46959  -3.36518  -3.19696  -3.13214  -3.06820  -2.93447  -2.92668
  24000.  3.00  -3.49904  -3.40231  -3.23034  -3.16144  -3.09542  -2.95900  -2.94884
  24000.  3.50  -3.52458  -3.42975  -3.26368  -3.19852  -3.13557  -3.00474  -2.99499
  24000.  4.00  -3.54979  -3.45387  -3.28973  -3.22599  -3.16393  -3.03497  -3.02607
  24000.  4.50  -3.56567  -3.46737  -3.30318  -3.24003  -3.17811  -3.04923  -3.04134
  24000.  5.00  -3.57643  -3.47478  -3.30885  -3.24569  -3.18335  -3.05328  -3.04633
  25000.  3.00  -3.58739  -3.49230  -3.32191  -3.25386  -3.18873  -3.05508  -3.04608
  25000.  3.50  -3.61496  -3.52289  -3.35960  -3.29662  -3.23568  -3.10896  -3.10032
  25000.  4.00  -3.64471  -3.55130  -3.38941  -3.32744  -3.26708  -3.14156  -3.13364
  25000.  4.50  -3.66490  -3.56908  -3.40702  -3.34555  -3.28524  -3.15982  -3.15282
  25000.  5.00  -3.67836  -3.57936  -3.41572  -3.35426  -3.29353  -3.16709  -3.16093
  26000.  3.00  -3.67728  -3.58308  -3.41314  -3.34398  -3.27814  -3.14377  -3.13556
  26000.  3.50  -3.69859  -3.60927  -3.44901  -3.38827  -3.32943  -3.20721  -3.19969
  26000.  4.00  -3.73380  -3.64305  -3.48379  -3.42387  -3.36542  -3.24376  -3.23679
  26000.  4.50  -3.75846  -3.66517  -3.50544  -3.44573  -3.38711  -3.26516  -3.25898
  26000.  5.00  -3.77518  -3.67876  -3.51745  -3.45770  -3.39863  -3.27570  -3.27031
  27000.  3.50  -3.77585  -3.68896  -3.53146  -3.47258  -3.41558  -3.29750  -3.29107
  27000.  4.00  -3.81641  -3.72846  -3.57216  -3.51445  -3.45805  -3.34071  -3.33472
  27000.  4.50  -3.84594  -3.75529  -3.59814  -3.54038  -3.48359  -3.36541  -3.36005
  27000.  5.00  -3.86616  -3.77235  -3.61348  -3.55553  -3.49818  -3.37886  -3.37421
  28000.  3.50  -3.84963  -3.76471  -3.60955  -3.55169  -3.49592  -3.38057  -3.37508
  28000.  4.00  -3.89248  -3.80723  -3.65400  -3.59842  -3.54408  -3.43102  -3.42602
  28000.  4.50  -3.92698  -3.83903  -3.68470  -3.62900  -3.57414  -3.46002  -3.45553
  28000.  5.00  -3.95113  -3.85995  -3.70369  -3.64763  -3.59207  -3.47650  -3.47258
  29000.  3.50  -3.92414  -3.84076  -3.68750  -3.62965  -3.57441  -3.45999  -3.45517
  29000.  4.00  -3.96347  -3.88070  -3.73035  -3.67649  -3.62394  -3.51458  -3.51050
  29000.  4.50  -4.00184  -3.91661  -3.76525  -3.71156  -3.65866  -3.54854  -3.54491
  29000.  5.00  -4.02995  -3.94147  -3.78795  -3.73385  -3.68012  -3.56845  -3.56528
  30000.  3.50  -4.00245  -3.92035  -3.76876  -3.71019  -3.65491  -3.53993  -3.53551
  30000.  4.00  -4.03196  -3.95133  -3.80362  -3.75087  -3.69972  -3.59296  -3.58967
  30000.  4.50  -4.07147  -3.98880  -3.84034  -3.78843  -3.73732  -3.63083  -3.62801
  30000.  5.00  -4.10279  -4.01698  -3.86630  -3.81406  -3.76215  -3.65423  -3.65181
  31000.  3.50  -4.08592  -4.00506  -3.85499  -3.79533  -3.73968  -3.62320  -3.61889
  31000.  4.00  -4.10048  -4.02160  -3.87626  -3.82398  -3.77382  -3.66851  -3.66583
  31000.  4.50  -4.13816  -4.05784  -3.91214  -3.86156  -3.81199  -3.70834  -3.70623
  31000.  5.00  -4.17109  -4.08786  -3.94003  -3.88942  -3.83920  -3.73458  -3.73285
  32000.  4.00  -4.17175  -4.09439  -3.95133  -3.89898  -3.84945  -3.74454  -3.74229
  32000.  4.50  -4.20346  -4.12518  -3.98208  -3.93237  -3.88406  -3.78240  -3.78090
  32000.  5.00  -4.23647  -4.15563  -4.01052  -3.96123  -3.91248  -3.81059  -3.80947
  33000.  4.00  -4.24596  -4.16997  -4.02913  -3.97633  -3.92719  -3.82188  -3.81990
  33000.  4.50  -4.27044  -4.19389  -4.05328  -4.00394  -3.95661  -3.85601  -3.85498
  33000.  5.00  -4.30038  -4.22171  -4.07925  -4.03091  -3.98347  -3.88358  -3.88298
  34000.  4.00  -4.32296  -4.24831  -4.10966  -4.05628  -4.00740  -3.90131  -3.89944
  34000.  4.50  -4.33947  -4.26444  -4.12624  -4.07685  -4.03028  -3.92992  -3.92924
  34000.  5.00  -4.36549  -4.28868  -4.14876  -4.10095  -4.05459  -3.95591  -3.95575
  35000.  4.00  -4.40218  -4.32890  -4.19244  -4.13857  -4.08992  -3.98318  -3.98133
  35000.  4.50  -4.41086  -4.33719  -4.20137  -4.15167  -4.10568  -4.00496  -4.00451
  35000.  5.00  -4.43210  -4.35690  -4.21946  -4.17180  -4.12632  -4.02813  -4.02832
  36000.  4.00  -4.48270  -4.41074  -4.27639  -4.22225  -4.17390  -4.06691  -4.06509
  36000.  4.50  -4.48443  -4.41208  -4.27864  -4.22853  -4.18301  -4.08173  -4.08140
  36000.  5.00  -4.50057  -4.42680  -4.29179  -4.24400  -4.19925  -4.10092  -4.10138
  37000.  4.00  -4.56327  -4.49259  -4.36019  -4.30599  -4.25801  -4.15121  -4.14946
  37000.  4.50  -4.55972  -4.48867  -4.35762  -4.30718  -4.26215  -4.16036  -4.16012
  37000.  5.00  -4.57100  -4.49855  -4.36599  -4.31789  -4.27376  -4.17494  -4.17558
  38000.  4.00  -4.64299  -4.57351  -4.44279  -4.38866  -4.34105  -4.23477  -4.23313
  38000.  4.50  -4.63583  -4.56606  -4.43734  -4.38673  -4.34223  -4.24028  -4.24013
  38000.  5.00  -4.64321  -4.57200  -4.44186  -4.39346  -4.34993  -4.25055  -4.25131
  39000.  4.00  -4.72137  -4.65301  -4.52367  -4.46969  -4.42236  -4.31677  -4.31524
  39000.  4.50  -4.71192  -4.64341  -4.51687  -4.46626  -4.42233  -4.32058  -4.32056
  39000.  5.00  -4.71642  -4.64645  -4.51869  -4.47009  -4.42716  -4.32741  -4.32831
  40000.  4.50  -4.78724  -4.71994  -4.59540  -4.54492  -4.50155  -4.40028  -4.40041
  40000.  5.00  -4.79009  -4.72131  -4.59584  -4.54716  -4.50485  -4.40501  -4.40606
  41000.  4.50  -4.86124  -4.79509  -4.67231  -4.62204  -4.57919  -4.47861  -4.47890
  41000.  5.00  -4.86341  -4.79580  -4.67247  -4.62384  -4.58216  -4.48252  -4.48373
  42000.  4.50  -4.93362  -4.86858  -4.74731  -4.69730  -4.65488  -4.55508  -4.55554
  42000.  5.00  -4.93578  -4.86930  -4.74793  -4.69944  -4.65838  -4.55916  -4.56055
  43000.  4.50  -5.00442  -4.94041  -4.82039  -4.77061  -4.72855  -4.62954  -4.63013
  43000.  5.00  -5.00680  -4.94141  -4.82181  -4.77353  -4.73302  -4.63437  -4.63595
  44000.  4.50  -5.07366  -5.01061  -4.89159  -4.84208  -4.80027  -4.70203  -4.70272
  44000.  5.00  -5.07632  -5.01197  -4.89388  -4.84584  -4.80581  -4.70782  -4.70958
  45000.  4.50  -5.14145  -5.07932  -4.96111  -4.91186  -4.87024  -4.77277  -4.77356
  45000.  5.00  -5.14428  -5.08092  -4.96414  -4.91634  -4.87669  -4.77941  -4.78131
  46000.  4.50  -5.20801  -5.14677  -5.02921  -4.98023  -4.93875  -4.84205  -4.84291
  46000.  5.00  -5.21083  -5.14841  -5.03271  -4.98515  -4.94580  -4.84922  -4.85125
  47000.  4.50  -5.27340  -5.21298  -5.09597  -5.04728  -5.00591  -4.91002  -4.91095
  47000.  5.00  -5.27606  -5.21454  -5.09973  -5.05243  -5.01332  -4.91744  -4.91956
  48000.  4.50  -5.33757  -5.27794  -5.16140  -5.11299  -5.07172  -4.97666  -4.97766
  48000.  5.00  -5.34014  -5.27948  -5.16542  -5.11838  -5.07946  -4.98429  -4.98650
  49000.  4.50  -5.40055  -5.34168  -5.22559  -5.17746  -5.13627  -5.04207  -5.04314
  49000.  5.00  -5.40311  -5.34328  -5.22988  -5.18311  -5.14436  -5.04995  -5.05222
  50000.  5.00  -5.46502  -5.40598  -5.29317  -5.24668  -5.20809  -5.11445  -5.11679
