   3500.  0.00  -4.90178  -3.90511  -2.83889  -2.08176  -1.67574  -0.51468  -0.29654
   3500.  0.50  -4.63291  -3.73193  -2.72948  -2.01649  -1.62285  -0.47776  -0.26181
   3500.  1.00  -4.40236  -3.58410  -2.63629  -1.95591  -1.57222  -0.43522  -0.22073
   3500.  1.50  -4.20631  -3.45612  -2.55241  -1.89568  -1.51945  -0.38739  -0.17418
   3500.  2.00  -4.03907  -3.34274  -2.47413  -1.83428  -1.46353  -0.33603  -0.12432
   3500.  2.50  -3.91635  -3.25434  -2.40505  -1.77141  -1.40256  -0.28097  -0.07145
   3500.  3.00  -3.85362  -3.19695  -2.34438  -1.70108  -1.32903  -0.22163  -0.01628
   3500.  3.50  -3.82130  -3.15917  -2.29324  -1.63383  -1.25634  -0.17727   0.02199
   3500.  4.00  -3.82723  -3.15920  -2.27720  -1.59895  -1.21547  -0.15693   0.03788
   3500.  4.50  -3.86565  -3.18989  -2.28747  -1.58527  -1.19468  -0.14639   0.04581
   3500.  5.00  -3.94014  -3.25116  -2.32512  -1.58961  -1.19073  -0.14204   0.04923
   3750.  0.00  -4.31570  -3.37642  -2.39468  -1.72466  -1.34209  -0.36613  -0.18502
   3750.  0.50  -4.12444  -3.26727  -2.33337  -1.69323  -1.31990  -0.36394  -0.18510
   3750.  1.00  -3.96963  -3.18322  -2.28759  -1.66676  -1.29951  -0.35493  -0.17721
   3750.  1.50  -3.83851  -3.11132  -2.24669  -1.63868  -1.27545  -0.33614  -0.15892
   3750.  2.00  -3.72161  -3.04337  -2.20521  -1.60685  -1.24668  -0.30887  -0.13188
   3750.  2.50  -3.62462  -2.98361  -2.16452  -1.57161  -1.21302  -0.27493  -0.09821
   3750.  3.00  -3.56326  -2.94184  -2.13039  -1.53468  -1.17530  -0.23246  -0.05627
   3750.  3.50  -3.53897  -2.91653  -2.09968  -1.49266  -1.13019  -0.18241  -0.00777
   3750.  4.00  -3.51930  -2.89406  -2.07059  -1.45273  -1.08715  -0.14367   0.02835
   3750.  4.50  -3.52337  -2.89640  -2.06254  -1.43152  -1.06170  -0.12214   0.04797
   3750.  5.00  -3.55463  -2.92382  -2.07330  -1.42350  -1.04760  -0.10877   0.06015
   4000.  0.00  -3.78937  -2.92301  -2.03392  -1.45173  -1.09795  -0.22914  -0.07094
   4000.  0.50  -3.62202  -2.82661  -1.98520  -1.43230  -1.08955  -0.23966  -0.08340
   4000.  1.00  -3.49923  -2.76440  -1.95883  -1.42299  -1.08694  -0.24754  -0.09228
   4000.  1.50  -3.41232  -2.72754  -1.94694  -1.41889  -1.08582  -0.25196  -0.09719
   4000.  2.00  -3.35080  -2.70628  -1.94164  -1.41492  -1.08200  -0.25126  -0.09679
   4000.  2.50  -3.30388  -2.69123  -1.93574  -1.40643  -1.07183  -0.24320  -0.08907
   4000.  3.00  -3.26401  -2.67565  -1.92429  -1.38975  -1.05239  -0.22397  -0.07021
   4000.  3.50  -3.24356  -2.66622  -1.91147  -1.36655  -1.02505  -0.18943  -0.03581
   4000.  4.00  -3.24011  -2.66027  -1.89726  -1.33950  -0.99382  -0.14689   0.00646
   4000.  4.50  -3.23101  -2.64989  -1.88022  -1.31229  -0.96330  -0.11038   0.04226
   4000.  5.00  -3.23608  -2.65538  -1.87601  -1.29622  -0.94287  -0.08727   0.06464
   4250.  0.00  -3.36882  -2.58561  -1.77156  -1.25195  -0.92124  -0.12716   0.01352
   4250.  0.50  -3.22156  -2.49652  -1.72738  -1.23671  -0.91811  -0.14365  -0.00434
   4250.  1.00  -3.11291  -2.43746  -1.70335  -1.23113  -0.92078  -0.15702  -0.01836
   4250.  1.50  -3.03661  -2.40176  -1.69318  -1.23114  -0.92554  -0.16688  -0.02847
   4250.  2.00  -2.98510  -2.38301  -1.69165  -1.23352  -0.92972  -0.17325  -0.03490
   4250.  2.50  -2.95132  -2.37600  -1.69511  -1.23615  -0.93176  -0.17603  -0.03771
   4250.  3.00  -2.93038  -2.37663  -1.70041  -1.23688  -0.92995  -0.17466  -0.03646
   4250.  3.50  -2.92038  -2.38304  -1.70577  -1.23412  -0.92287  -0.16753  -0.02963
   4250.  4.00  -2.92850  -2.39692  -1.71058  -1.22536  -0.90787  -0.14665  -0.00890
   4250.  4.50  -2.94664  -2.41083  -1.71078  -1.20980  -0.88591  -0.11341   0.02433
   4250.  5.00  -2.95655  -2.41889  -1.70692  -1.19189  -0.86235  -0.08127   0.05619
   4500.  0.00  -3.01526  -2.31881  -1.57440  -1.10425  -0.79383  -0.05652   0.07028
   4500.  0.50  -2.89824  -2.24697  -1.53960  -1.09381  -0.79429  -0.07582   0.04986
   4500.  1.00  -2.81039  -2.19740  -1.51973  -1.09071  -0.79916  -0.09198   0.03329
   4500.  1.50  -2.74881  -2.16638  -1.51071  -1.09206  -0.80567  -0.10443   0.02076
   4500.  2.00  -2.70683  -2.14863  -1.50858  -1.09547  -0.81191  -0.11337   0.01188
   4500.  2.50  -2.67893  -2.14029  -1.51062  -1.09916  -0.81641  -0.11874   0.00657
   4500.  3.00  -2.66126  -2.13849  -1.51458  -1.10162  -0.81794  -0.12055   0.00474
   4500.  3.50  -2.65102  -2.14177  -1.51973  -1.10234  -0.81606  -0.11866   0.00650
   4500.  4.00  -2.64749  -2.15013  -1.52618  -1.10102  -0.81038  -0.11261   0.01224
   4500.  4.50  -2.65667  -2.16512  -1.53325  -1.09641  -0.79969  -0.09838   0.02619
   4500.  5.00  -2.67865  -2.18411  -1.53895  -1.08755  -0.78410  -0.07345   0.05120
   4750.  0.00  -2.68322  -2.08163  -1.41357  -0.99219  -0.70373  -0.01863   0.09730
   4750.  0.50  -2.60261  -2.03353  -1.39279  -0.98881  -0.70875  -0.03790   0.07706
   4750.  1.00  -2.54082  -1.99920  -1.38063  -0.98940  -0.71578  -0.05450   0.06003
   4750.  1.50  -2.49746  -1.97720  -1.37520  -0.99256  -0.72343  -0.06792   0.04652
   4750.  2.00  -2.46874  -1.96444  -1.37420  -0.99678  -0.73048  -0.07805   0.03646
   4750.  2.50  -2.45073  -1.95796  -1.37541  -1.00057  -0.73567  -0.08472   0.02987
   4750.  3.00  -2.43930  -1.95529  -1.37745  -1.00318  -0.73853  -0.08829   0.02629
   4750.  3.50  -2.43256  -1.95544  -1.37955  -1.00372  -0.73806  -0.08821   0.02626
   4750.  4.00  -2.42912  -1.95838  -1.38220  -1.00255  -0.73456  -0.08482   0.02942
   4750.  4.50  -2.42959  -1.96502  -1.38602  -0.99994  -0.72812  -0.07797   0.03591
   4750.  5.00  -2.43857  -1.97776  -1.39149  -0.99560  -0.71821  -0.06586   0.04764
   5000.  0.00  -2.37071  -1.86618  -1.27896  -0.90638  -0.64164  -0.01090   0.09612
   5000.  0.50  -2.32520  -1.84250  -1.27329  -0.91093  -0.65168  -0.02839   0.07778
   5000.  1.00  -2.29059  -1.82578  -1.27092  -0.91640  -0.66147  -0.04373   0.06200
   5000.  1.50  -2.26705  -1.81583  -1.27156  -0.92261  -0.67080  -0.05674   0.04884
   5000.  2.00  -2.25304  -1.81124  -1.27414  -0.92870  -0.67891  -0.06691   0.03867
   5000.  2.50  -2.24608  -1.80988  -1.27701  -0.93359  -0.68496  -0.07414   0.03148
   5000.  3.00  -2.24350  -1.81020  -1.27929  -0.93655  -0.68829  -0.07819   0.02744
   5000.  3.50  -2.24365  -1.81115  -1.28016  -0.93687  -0.68820  -0.07866   0.02685
   5000.  4.00  -2.24490  -1.81233  -1.27990  -0.93483  -0.68498  -0.07585   0.02945
   5000.  4.50  -2.24686  -1.81475  -1.27987  -0.93128  -0.67921  -0.07005   0.03492
   5000.  5.00  -2.25145  -1.81950  -1.28019  -0.92622  -0.67083  -0.06114   0.04341
   5250.  0.00  -2.10042  -1.68194  -1.17093  -0.84317  -0.60189  -0.02444   0.07570
   5250.  0.50  -2.08016  -1.67667  -1.17679  -0.85361  -0.61517  -0.03952   0.05945
   5250.  1.00  -2.06713  -1.67503  -1.18327  -0.86360  -0.62738  -0.05294   0.04538
   5250.  1.50  -2.06141  -1.67702  -1.19047  -0.87316  -0.63848  -0.06458   0.03344
   5250.  2.00  -2.06194  -1.68177  -1.19775  -0.88174  -0.64793  -0.07408   0.02384
   5250.  2.50  -2.06639  -1.68747  -1.20410  -0.88871  -0.65533  -0.08135   0.01657
   5250.  3.00  -2.07304  -1.69302  -1.20868  -0.89320  -0.65979  -0.08559   0.01233
   5250.  3.50  -2.08017  -1.69714  -1.21052  -0.89444  -0.66061  -0.08644   0.01139
   5250.  4.00  -2.08717  -1.69977  -1.20972  -0.89230  -0.65758  -0.08358   0.01406
   5250.  4.50  -2.09338  -1.70153  -1.20751  -0.88781  -0.65159  -0.07755   0.01981
   5250.  5.00  -2.09932  -1.70322  -1.20456  -0.88159  -0.64325  -0.06897   0.02800
   5500.  0.00  -1.87848  -1.53025  -1.08629  -0.79839  -0.57955  -0.05193   0.04362
   5500.  0.50  -1.87583  -1.53750  -1.09952  -0.81210  -0.59386  -0.06383   0.02976
   5500.  1.00  -1.87735  -1.54650  -1.11250  -0.82522  -0.60736  -0.07505   0.01731
   5500.  1.50  -1.88422  -1.55784  -1.12541  -0.83781  -0.61998  -0.08532   0.00632
   5500.  2.00  -1.89576  -1.57078  -1.13773  -0.84937  -0.63126  -0.09431  -0.00301
   5500.  2.50  -1.90997  -1.58391  -1.14869  -0.85933  -0.64075  -0.10178  -0.01059
   5500.  3.00  -1.92518  -1.59575  -1.15707  -0.86650  -0.64725  -0.10658  -0.01543
   5500.  3.50  -1.93911  -1.60463  -1.16172  -0.86998  -0.65002  -0.10832  -0.01721
   5500.  4.00  -1.95160  -1.61061  -1.16253  -0.86922  -0.64823  -0.10585  -0.01489
   5500.  4.50  -1.96185  -1.61369  -1.16005  -0.86475  -0.64244  -0.09967  -0.00896
   5500.  5.00  -1.97047  -1.61521  -1.15580  -0.85792  -0.63390  -0.09068  -0.00028
   5750.  0.00  -1.69490  -1.40491  -1.02003  -0.76786  -0.57051  -0.08966   0.00349
   5750.  0.50  -1.70643  -1.42107  -1.03716  -0.78228  -0.58353  -0.09698  -0.00689
   5750.  1.00  -1.71938  -1.43776  -1.05408  -0.79671  -0.59668  -0.10505  -0.01714
   5750.  1.50  -1.73588  -1.45606  -1.07115  -0.81127  -0.60989  -0.11345  -0.02698
   5750.  2.00  -1.75574  -1.47570  -1.08805  -0.82559  -0.62280  -0.12183  -0.03619
   5750.  2.50  -1.77754  -1.49538  -1.10384  -0.83887  -0.63468  -0.12967  -0.04442
   5750.  3.00  -1.79971  -1.51357  -1.11717  -0.84980  -0.64423  -0.13573  -0.05064
   5750.  3.50  -1.82001  -1.52845  -1.12657  -0.85714  -0.65032  -0.13927  -0.05419
   5750.  4.00  -1.83753  -1.53909  -1.13104  -0.85950  -0.65135  -0.13851  -0.05350
   5750.  4.50  -1.85141  -1.54504  -1.13041  -0.85678  -0.64725  -0.13325  -0.04841
   5750.  5.00  -1.86247  -1.54785  -1.12651  -0.85044  -0.63927  -0.12428  -0.03968
   6000.  0.00  -1.53757  -1.29962  -0.96944  -0.74970  -0.57312  -0.13648  -0.04381
   6000.  0.50  -1.56268  -1.32211  -0.98656  -0.76168  -0.58189  -0.13739  -0.04901
   6000.  1.00  -1.58539  -1.34438  -1.00512  -0.77563  -0.59304  -0.14110  -0.05611
   6000.  1.50  -1.61020  -1.36813  -1.02472  -0.79082  -0.60556  -0.14655  -0.06401
   6000.  2.00  -1.63737  -1.39319  -1.04495  -0.80682  -0.61900  -0.15335  -0.07243
   6000.  2.50  -1.66596  -1.41852  -1.06484  -0.82280  -0.63261  -0.16088  -0.08089
   6000.  3.00  -1.69447  -1.44284  -1.08327  -0.83762  -0.64523  -0.16814  -0.08855
   6000.  3.50  -1.72110  -1.46420  -1.09833  -0.84946  -0.65509  -0.17366  -0.09418
   6000.  4.00  -1.74366  -1.48056  -1.10822  -0.85657  -0.66046  -0.17574  -0.09626
   6000.  4.50  -1.76146  -1.49117  -1.11205  -0.85793  -0.66022  -0.17324  -0.09377
   6000.  5.00  -1.77505  -1.49667  -1.11039  -0.85371  -0.65429  -0.16566  -0.08631
   6250.  0.50  -1.43554  -1.23652  -0.94740  -0.75053  -0.58945  -0.18525  -0.09700
   6250.  1.00  -1.46863  -1.26299  -0.96461  -0.76143  -0.59610  -0.18301  -0.09943
   6250.  1.50  -1.50074  -1.29074  -0.98500  -0.77583  -0.60658  -0.18453  -0.10464
   6250.  2.00  -1.53434  -1.31999  -1.00707  -0.79226  -0.61935  -0.18871  -0.11148
   6250.  2.50  -1.56927  -1.35027  -1.03012  -0.81004  -0.63374  -0.19497  -0.11944
   6250.  3.00  -1.60413  -1.38013  -1.05277  -0.82782  -0.64843  -0.20238  -0.12775
   6250.  3.50  -1.63708  -1.40768  -1.07309  -0.84378  -0.66160  -0.20932  -0.13505
   6250.  4.00  -1.66553  -1.43048  -1.08908  -0.85612  -0.67163  -0.21430  -0.14004
   6250.  4.50  -1.68863  -1.44731  -1.09896  -0.86277  -0.67620  -0.21508  -0.14073
   6250.  5.00  -1.70541  -1.45716  -1.10188  -0.86293  -0.67451  -0.21073  -0.13634
   6500.  0.50  -1.31929  -1.16189  -0.92037  -0.74986  -0.60756  -0.24088  -0.15173
   6500.  1.00  -1.36269  -1.19116  -0.93338  -0.75516  -0.60710  -0.23156  -0.14812
   6500.  1.50  -1.40324  -1.22194  -0.95174  -0.76626  -0.61304  -0.22754  -0.14906
   6500.  2.00  -1.44274  -1.25446  -0.97433  -0.78195  -0.62397  -0.22812  -0.15348
   6500.  2.50  -1.48323  -1.28855  -0.99917  -0.80030  -0.63794  -0.23211  -0.16019
   6500.  3.00  -1.52391  -1.32306  -1.02486  -0.81994  -0.65355  -0.23849  -0.16824
   6500.  3.50  -1.56311  -1.35620  -1.04953  -0.83916  -0.66915  -0.24586  -0.17639
   6500.  4.00  -1.59814  -1.38556  -1.07124  -0.85617  -0.68309  -0.25286  -0.18357
   6500.  4.50  -1.62750  -1.40915  -1.08748  -0.86835  -0.69261  -0.25682  -0.18742
   6500.  5.00  -1.64935  -1.42513  -1.09658  -0.87413  -0.69617  -0.25632  -0.18671
   6750.  0.50  -1.23114  -1.10363  -0.89849  -0.75124  -0.62610  -0.29598  -0.20554
   6750.  1.00  -1.26416  -1.12779  -0.91261  -0.75814  -0.62753  -0.28693  -0.20278
   6750.  1.50  -1.31334  -1.16071  -0.92663  -0.76379  -0.62667  -0.27642  -0.19827
   6750.  2.00  -1.36024  -1.19585  -0.94709  -0.77628  -0.63326  -0.27189  -0.19883
   6750.  2.50  -1.40575  -1.23264  -0.97213  -0.79379  -0.64539  -0.27251  -0.20333
   6750.  3.00  -1.45150  -1.27071  -0.99953  -0.81411  -0.66077  -0.27672  -0.21016
   6750.  3.50  -1.49620  -1.30849  -1.02752  -0.83558  -0.67776  -0.28350  -0.21837
   6750.  4.00  -1.53767  -1.34371  -1.05385  -0.85616  -0.69444  -0.29126  -0.22669
   6750.  4.50  -1.57376  -1.37399  -1.07597  -0.87328  -0.70821  -0.29760  -0.23301
   6750.  5.00  -1.60212  -1.39706  -1.09183  -0.88501  -0.71716  -0.30072  -0.23578
   7000.  0.50  -1.16817  -1.06222  -0.88394  -0.75590  -0.64541  -0.34852  -0.25723
   7000.  1.00  -1.19101  -1.07993  -0.89685  -0.76304  -0.64811  -0.34097  -0.25581
   7000.  1.50  -1.22926  -1.10680  -0.91121  -0.76991  -0.64904  -0.33125  -0.25275
   7000.  2.00  -1.28352  -1.14329  -0.92688  -0.77682  -0.64888  -0.32072  -0.24836
   7000.  2.50  -1.33544  -1.18238  -0.94984  -0.79129  -0.65689  -0.31642  -0.24912
   7000.  3.00  -1.38554  -1.22295  -0.97755  -0.81102  -0.67076  -0.31765  -0.25403
   7000.  3.50  -1.43494  -1.26416  -1.00737  -0.83343  -0.68788  -0.32274  -0.26144
   7000.  4.00  -1.48219  -1.30424  -1.03712  -0.85640  -0.70609  -0.33004  -0.26987
   7000.  4.50  -1.52493  -1.34076  -1.06432  -0.87759  -0.72311  -0.33767  -0.27768
   7000.  5.00  -1.56036  -1.37084  -1.08635  -0.89463  -0.73674  -0.34355  -0.28323
   7250.  0.50  -1.13296  -1.03988  -0.87793  -0.76436  -0.66513  -0.39662  -0.30589
   7250.  1.00  -1.14013  -1.04772  -0.88858  -0.77171  -0.67001  -0.39313  -0.30739
   7250.  1.50  -1.16878  -1.06784  -0.90081  -0.77799  -0.67145  -0.38453  -0.30556
   7250.  2.00  -1.21210  -1.09793  -0.91636  -0.78584  -0.67297  -0.37492  -0.30270
   7250.  2.50  -1.27011  -1.13774  -0.93429  -0.79473  -0.67439  -0.36506  -0.29890
   7250.  3.00  -1.32557  -1.18006  -0.95982  -0.81152  -0.68439  -0.36184  -0.30052
   7250.  3.50  -1.37915  -1.22371  -0.98994  -0.83340  -0.70009  -0.36401  -0.30603
   7250.  4.00  -1.43119  -1.26745  -1.02181  -0.85763  -0.71875  -0.36990  -0.31371
   7250.  4.50  -1.47986  -1.30911  -1.05283  -0.88172  -0.73787  -0.37767  -0.32209
   7250.  5.00  -1.52216  -1.34565  -1.08017  -0.90313  -0.75510  -0.38519  -0.32941
   7500.  0.50  -1.14528  -1.04981  -0.88433  -0.77662  -0.68145  -0.43360  -0.34654
   7500.  1.00  -1.11038  -1.03186  -0.88994  -0.78628  -0.69521  -0.44378  -0.35831
   7500.  1.50  -1.12837  -1.04408  -0.89862  -0.79087  -0.69635  -0.43683  -0.35754
   7500.  2.00  -1.16221  -1.06717  -0.91159  -0.79773  -0.69804  -0.42816  -0.35588
   7500.  2.50  -1.20989  -1.10017  -0.92834  -0.80662  -0.70026  -0.41890  -0.35335
   7500.  3.00  -1.27060  -1.14262  -0.94836  -0.81752  -0.70347  -0.41014  -0.35048
   7500.  3.50  -1.32866  -1.18778  -0.97651  -0.83674  -0.71564  -0.40812  -0.35279
   7500.  4.00  -1.38472  -1.23400  -1.00885  -0.86072  -0.73323  -0.41150  -0.35886
   7500.  4.50  -1.43829  -1.27945  -1.04218  -0.88632  -0.75311  -0.41813  -0.36673
   7500.  5.00  -1.48669  -1.32138  -1.07368  -0.91103  -0.77288  -0.42627  -0.37493
   7750.  1.00  -1.10804  -1.03687  -0.90315  -0.80799  -0.72377  -0.49201  -0.40836
   7750.  1.50  -1.10671  -1.03580  -0.90687  -0.81095  -0.72615  -0.48958  -0.41061
   7750.  2.00  -1.13168  -1.05139  -0.91530  -0.81489  -0.72610  -0.48129  -0.40912
   7750.  2.50  -1.16958  -1.07687  -0.92895  -0.82239  -0.72821  -0.47269  -0.40762
   7750.  3.00  -1.22093  -1.11258  -0.94687  -0.83231  -0.73117  -0.46370  -0.40506
   7750.  3.50  -1.28315  -1.15715  -0.96900  -0.84532  -0.73638  -0.45621  -0.40298
   7750.  4.00  -1.34301  -1.20453  -0.99942  -0.86679  -0.75068  -0.45564  -0.40613
   7750.  4.50  -1.40051  -1.25254  -1.03347  -0.89242  -0.76980  -0.46002  -0.41246
   7750.  5.00  -1.45401  -1.29869  -1.06779  -0.91918  -0.79088  -0.46764  -0.42049
   8000.  1.00  -1.13989  -1.06860  -0.93207  -0.83899  -0.75618  -0.53599  -0.45659
   8000.  1.50  -1.10606  -1.04473  -0.92662  -0.83900  -0.76116  -0.54239  -0.46473
   8000.  2.00  -1.11835  -1.05070  -0.93028  -0.84046  -0.76052  -0.53625  -0.46453
   8000.  2.50  -1.14812  -1.06906  -0.93922  -0.84473  -0.76048  -0.52752  -0.46279
   8000.  3.00  -1.18935  -1.09677  -0.95367  -0.85295  -0.76310  -0.51903  -0.46116
   8000.  3.50  -1.24379  -1.13453  -0.97185  -0.86309  -0.76606  -0.50998  -0.45823
   8000.  4.00  -1.30641  -1.18040  -0.99569  -0.87785  -0.77298  -0.50346  -0.45652
   8000.  4.50  -1.36693  -1.22935  -1.02808  -0.90128  -0.78917  -0.50412  -0.45992
   8000.  5.00  -1.42449  -1.27825  -1.06343  -0.92844  -0.80994  -0.50995  -0.46679
   8250.  1.00  -1.20439  -1.12909  -0.98277  -0.88491  -0.79786  -0.57828  -0.50688
   8250.  1.50  -1.12599  -1.07043  -0.95749  -0.87469  -0.80090  -0.59481  -0.51948
   8250.  2.00  -1.12269  -1.06506  -0.95592  -0.87378  -0.80042  -0.59223  -0.52156
   8250.  2.50  -1.14378  -1.07617  -0.96049  -0.87527  -0.79887  -0.58428  -0.52028
   8250.  3.00  -1.17770  -1.09701  -0.96999  -0.87995  -0.79895  -0.57524  -0.51827
   8250.  3.50  -1.22137  -1.12633  -0.98483  -0.88861  -0.80192  -0.56682  -0.51630
   8250.  4.00  -1.27737  -1.16526  -1.00266  -0.89842  -0.80440  -0.55731  -0.51217
   8250.  4.50  -1.33863  -1.21151  -1.02813  -0.91493  -0.81315  -0.55178  -0.51049
   8250.  5.00  -1.39875  -1.26110  -1.06193  -0.94005  -0.83123  -0.55411  -0.51463
   8500.  1.50  -1.16417  -1.11117  -0.99877  -0.91747  -0.84488  -0.64634  -0.57473
   8500.  2.00  -1.14274  -1.09237  -0.99053  -0.91344  -0.84447  -0.64833  -0.57952
   8500.  2.50  -1.15385  -1.09569  -0.99100  -0.91280  -0.84247  -0.64249  -0.57968
   8500.  3.00  -1.18050  -1.11031  -0.99653  -0.91489  -0.84108  -0.63392  -0.57786
   8500.  3.50  -1.21714  -1.13313  -1.00677  -0.92029  -0.84174  -0.62499  -0.57551
   8500.  4.00  -1.26292  -1.16407  -1.02180  -0.92908  -0.84464  -0.61633  -0.57259
   8500.  4.50  -1.31887  -1.20294  -1.03837  -0.93764  -0.84578  -0.60550  -0.56649
   8500.  5.00  -1.37835  -1.24920  -1.06547  -0.95607  -0.85671  -0.60154  -0.56530
   8750.  1.50  -1.21383  -1.16235  -1.04882  -0.96701  -0.89397  -0.69834  -0.63145
   8750.  2.00  -1.17451  -1.12959  -1.03228  -0.95829  -0.89207  -0.70424  -0.63767
   8750.  2.50  -1.17518  -1.12518  -1.02890  -0.95579  -0.89000  -0.70120  -0.63963
   8750.  3.00  -1.19485  -1.13405  -1.03108  -0.95591  -0.88777  -0.69392  -0.63886
   8750.  3.50  -1.22569  -1.15140  -1.03745  -0.95866  -0.88671  -0.68517  -0.63685
   8750.  4.00  -1.26500  -1.17612  -1.04818  -0.96449  -0.88765  -0.67611  -0.63386
   8750.  4.50  -1.31280  -1.20824  -1.06227  -0.97224  -0.88927  -0.66629  -0.62898
   8750.  5.00  -1.36634  -1.24595  -1.07792  -0.98006  -0.88979  -0.65459  -0.62091
   9000.  1.50  -1.26787  -1.21785  -1.10363  -1.02098  -0.94727  -0.75305  -0.69132
   9000.  2.00  -1.21493  -1.17374  -1.07891  -1.00660  -0.94190  -0.76001  -0.69633
   9000.  2.50  -1.20658  -1.16275  -1.07215  -1.00242  -0.93970  -0.75938  -0.69954
   9000.  3.00  -1.21943  -1.16644  -1.07183  -1.00142  -0.93756  -0.75415  -0.70040
   9000.  3.50  -1.24421  -1.17846  -1.07478  -1.00206  -0.93546  -0.74638  -0.69930
   9000.  4.00  -1.27853  -1.19823  -1.08188  -1.00539  -0.93473  -0.73728  -0.69641
   9000.  4.50  -1.32009  -1.22490  -1.09307  -1.01152  -0.93574  -0.72779  -0.69195
   9000.  5.00  -1.36746  -1.25660  -1.10464  -1.01648  -0.93422  -0.71509  -0.68322
   9250.  2.00  -1.26027  -1.22203  -1.12899  -1.05770  -0.99393  -0.81633  -0.75591
   9250.  2.50  -1.24416  -1.20528  -1.11901  -1.05181  -0.99140  -0.81783  -0.76003
   9250.  3.00  -1.25093  -1.20439  -1.11620  -1.04944  -0.98892  -0.81405  -0.76172
   9250.  3.50  -1.27103  -1.21276  -1.11720  -1.04894  -0.98640  -0.80708  -0.76110
   9250.  4.00  -1.30022  -1.22805  -1.12140  -1.05037  -0.98458  -0.79849  -0.75871
   9250.  4.50  -1.33651  -1.24969  -1.12926  -1.05447  -0.98453  -0.78963  -0.75520
   9250.  5.00  -1.37947  -1.27750  -1.13992  -1.05998  -0.98473  -0.77924  -0.74894
   9500.  2.00  -1.30789  -1.27227  -1.18087  -1.11036  -1.04734  -0.87300  -0.81590
   9500.  2.50  -1.28620  -1.25144  -1.16857  -1.10317  -1.04447  -0.87592  -0.82028
   9500.  3.00  -1.28775  -1.24702  -1.16422  -1.10022  -1.04230  -0.87395  -0.82294
   9500.  3.50  -1.30299  -1.25180  -1.16343  -1.09882  -1.03970  -0.86834  -0.82333
   9500.  4.00  -1.32781  -1.26328  -1.16521  -1.09870  -1.03704  -0.86043  -0.82167
   9500.  4.50  -1.36025  -1.28086  -1.16986  -1.10045  -1.03528  -0.85136  -0.81824
   9500.  5.00  -1.39964  -1.30487  -1.17790  -1.10444  -1.03476  -0.84152  -0.81281
   9750.  2.00  -1.35614  -1.32291  -1.23320  -1.16352  -1.10127  -0.93000  -0.87614
   9750.  2.50  -1.33107  -1.29969  -1.21955  -1.15557  -1.09821  -0.93383  -0.88057
   9750.  3.00  -1.32872  -1.29272  -1.21414  -1.15228  -1.09640  -0.93349  -0.88403
   9750.  3.50  -1.33999  -1.29475  -1.21214  -1.15038  -1.09396  -0.92925  -0.88539
   9750.  4.00  -1.36089  -1.30310  -1.21220  -1.14929  -1.09099  -0.92223  -0.88455
   9750.  4.50  -1.38948  -1.31705  -1.21436  -1.14934  -1.08818  -0.91347  -0.88155
   9750.  5.00  -1.42507  -1.33717  -1.21954  -1.15144  -1.08649  -0.90387  -0.87651
  10000.  2.00  -1.40438  -1.37338  -1.28545  -1.21667  -1.15525  -0.98698  -0.93618
  10000.  2.50  -1.37729  -1.34879  -1.27106  -1.20835  -1.15218  -0.99162  -0.94080
  10000.  3.00  -1.37238  -1.34027  -1.26514  -1.20505  -1.15086  -0.99263  -0.94492
  10000.  3.50  -1.38057  -1.34032  -1.26246  -1.20304  -1.14886  -0.98980  -0.94719
  10000.  4.00  -1.39812  -1.34624  -1.26138  -1.20139  -1.14588  -0.98376  -0.94706
  10000.  4.50  -1.42306  -1.35717  -1.26177  -1.20030  -1.14248  -0.97546  -0.94442
  10000.  5.00  -1.45484  -1.37373  -1.26452  -1.20072  -1.13971  -0.96597  -0.93966
  10250.  2.00  -1.45235  -1.42353  -1.33744  -1.26963  -1.20910  -1.04377  -0.99580
  10250.  2.50  -1.42409  -1.39820  -1.32272  -1.26120  -1.20615  -1.04905  -1.00065
  10250.  3.00  -1.41766  -1.38893  -1.31678  -1.25820  -1.20547  -1.05130  -1.00541
  10250.  3.50  -1.42362  -1.38776  -1.31392  -1.25640  -1.20410  -1.04979  -1.00839
  10250.  4.00  -1.43819  -1.39182  -1.31224  -1.25463  -1.20147  -1.04482  -1.00890
  10250.  4.50  -1.45979  -1.40026  -1.31140  -1.25282  -1.19781  -1.03717  -1.00681
  10250.  5.00  -1.48801  -1.41357  -1.31202  -1.25173  -1.19405  -1.02781  -1.00240
  10500.  2.00  -1.49996  -1.47327  -1.38907  -1.32226  -1.26266  -1.10024  -1.05487
  10500.  2.50  -1.47090  -1.44743  -1.37412  -1.31377  -1.25982  -1.10602  -1.05994
  10500.  3.00  -1.46364  -1.43785  -1.36838  -1.31120  -1.25979  -1.10937  -1.06536
  10500.  3.50  -1.46815  -1.43605  -1.36567  -1.30985  -1.25919  -1.10913  -1.06906
  10500.  4.00  -1.48067  -1.43898  -1.36383  -1.30826  -1.25711  -1.10534  -1.07035
  10500.  4.50  -1.49957  -1.44555  -1.36221  -1.30608  -1.25348  -1.09846  -1.06888
  10500.  5.00  -1.52475  -1.45621  -1.36120  -1.30387  -1.24904  -1.08936  -1.06485
  10750.  2.00  -1.54735  -1.52273  -1.44044  -1.37467  -1.31602  -1.15638  -1.11341
  10750.  2.50  -1.51770  -1.49652  -1.42532  -1.36611  -1.31322  -1.16251  -1.11865
  10750.  3.00  -1.50996  -1.48686  -1.41985  -1.36395  -1.31376  -1.16678  -1.12464
  10750.  3.50  -1.51359  -1.48481  -1.41747  -1.36315  -1.31395  -1.16774  -1.12909
  10750.  4.00  -1.52457  -1.48703  -1.41577  -1.36198  -1.31258  -1.16518  -1.13118
  10750.  4.50  -1.54137  -1.49232  -1.41384  -1.35981  -1.30931  -1.15924  -1.13042
  10750.  5.00  -1.56384  -1.50092  -1.41183  -1.35699  -1.30463  -1.15060  -1.12676
  11000.  2.00  -1.59432  -1.57175  -1.49142  -1.42673  -1.36907  -1.21222  -1.17146
  11000.  2.50  -1.56415  -1.54519  -1.47610  -1.41803  -1.36621  -1.21853  -1.17675
  11000.  3.00  -1.55621  -1.53560  -1.47092  -1.41626  -1.36725  -1.22355  -1.18324
  11000.  3.50  -1.55935  -1.53352  -1.46894  -1.41602  -1.36816  -1.22557  -1.18839
  11000.  4.00  -1.56935  -1.53540  -1.46754  -1.41535  -1.36753  -1.22416  -1.19124
  11000.  4.50  -1.58463  -1.53992  -1.46564  -1.41348  -1.36485  -1.21927  -1.19124
  11000.  5.00  -1.60495  -1.54709  -1.46318  -1.41051  -1.36031  -1.21133  -1.18810
  11250.  2.00  -1.64103  -1.62046  -1.54206  -1.47846  -1.42180  -1.26768  -1.22895
  11250.  2.50  -1.61039  -1.59356  -1.52653  -1.46959  -1.41881  -1.27402  -1.23419
  11250.  3.00  -1.60235  -1.58408  -1.52163  -1.46815  -1.42026  -1.27962  -1.24109
  11250.  3.50  -1.60520  -1.58208  -1.52003  -1.46840  -1.42179  -1.28254  -1.24684
  11250.  4.00  -1.61453  -1.58383  -1.51902  -1.46829  -1.42191  -1.28220  -1.25042
  11250.  4.50  -1.62866  -1.58789  -1.51738  -1.46689  -1.41992  -1.27842  -1.25119
  11250.  5.00  -1.64725  -1.59407  -1.51483  -1.46407  -1.41583  -1.27137  -1.24871
  11500.  2.00  -1.68736  -1.66875  -1.59229  -1.52979  -1.47414  -1.32274  -1.28589
  11500.  2.50  -1.65625  -1.64150  -1.57654  -1.52073  -1.47101  -1.32903  -1.29103
  11500.  3.00  -1.64815  -1.63213  -1.57186  -1.51954  -1.47275  -1.33507  -1.29821
  11500.  3.50  -1.65088  -1.63026  -1.57061  -1.52021  -1.47478  -1.33869  -1.30445
  11500.  4.00  -1.65980  -1.63203  -1.56999  -1.52061  -1.47556  -1.33928  -1.30866
  11500.  4.50  -1.67313  -1.63588  -1.56872  -1.51974  -1.47429  -1.33654  -1.31015
  11500.  5.00  -1.69041  -1.64145  -1.56631  -1.51727  -1.47076  -1.33045  -1.30842
  11750.  2.00  -1.73326  -1.71657  -1.64204  -1.58065  -1.52603  -1.37732  -1.34222
  11750.  2.50  -1.70174  -1.68904  -1.62613  -1.57145  -1.52280  -1.38356  -1.34726
  11750.  3.00  -1.69368  -1.67984  -1.62169  -1.57050  -1.52479  -1.38992  -1.35466
  11750.  3.50  -1.69637  -1.67813  -1.62075  -1.57152  -1.52723  -1.39409  -1.36126
  11750.  4.00  -1.70498  -1.67994  -1.62048  -1.57236  -1.52854  -1.39545  -1.36600
  11750.  4.50  -1.71767  -1.68367  -1.61958  -1.57199  -1.52794  -1.39365  -1.36812
  11750.  5.00  -1.73388  -1.68881  -1.61744  -1.56995  -1.52504  -1.38853  -1.36711
  12000.  2.50  -1.74682  -1.73611  -1.67522  -1.62167  -1.57407  -1.43755  -1.40284
  12000.  3.00  -1.73883  -1.72706  -1.67098  -1.62091  -1.57626  -1.44414  -1.41039
  12000.  3.50  -1.74152  -1.72552  -1.67031  -1.62222  -1.57902  -1.44873  -1.41727
  12000.  4.00  -1.74995  -1.72742  -1.67036  -1.62343  -1.58078  -1.45073  -1.42244
  12000.  4.50  -1.76217  -1.73110  -1.66979  -1.62350  -1.58074  -1.44973  -1.42513
  12000.  5.00  -1.77758  -1.73601  -1.66800  -1.62194  -1.57849  -1.44553  -1.42481
  12250.  2.50  -1.79140  -1.78265  -1.72379  -1.67138  -1.62486  -1.49102  -1.45781
  12250.  3.00  -1.78355  -1.77383  -1.71982  -1.67086  -1.62727  -1.49780  -1.46547
  12250.  3.50  -1.78630  -1.77248  -1.71940  -1.67241  -1.63028  -1.50271  -1.47256
  12250.  4.00  -1.79459  -1.77446  -1.71971  -1.67392  -1.63239  -1.50519  -1.47803
  12250.  4.50  -1.80647  -1.77816  -1.71945  -1.67437  -1.63282  -1.50486  -1.48119
  12250.  5.00  -1.82122  -1.78290  -1.71798  -1.67324  -1.63113  -1.50149  -1.48145
  12500.  2.50  -1.83553  -1.82869  -1.77182  -1.72055  -1.67509  -1.54388  -1.51207
  12500.  3.00  -1.82782  -1.82009  -1.76810  -1.72025  -1.67771  -1.55084  -1.51986
  12500.  3.50  -1.83065  -1.81893  -1.76793  -1.72202  -1.68094  -1.55602  -1.52711
  12500.  4.00  -1.83884  -1.82099  -1.76843  -1.72374  -1.68328  -1.55884  -1.53279
  12500.  4.50  -1.85049  -1.82471  -1.76842  -1.72450  -1.68410  -1.55907  -1.53634
  12500.  5.00  -1.86472  -1.82935  -1.76724  -1.72375  -1.68290  -1.55640  -1.53709
  12750.  2.50  -1.87914  -1.87415  -1.81923  -1.76908  -1.72467  -1.59607  -1.56559
  12750.  3.00  -1.87162  -1.86583  -1.81583  -1.76906  -1.72757  -1.60326  -1.57354
  12750.  3.50  -1.87459  -1.86489  -1.81591  -1.77107  -1.73102  -1.60864  -1.58092
  12750.  4.00  -1.88274  -1.86706  -1.81662  -1.77298  -1.73357  -1.61174  -1.58677
  12750.  4.50  -1.89418  -1.87081  -1.81681  -1.77398  -1.73468  -1.61239  -1.59060
  12750.  5.00  -1.90797  -1.87537  -1.81589  -1.77356  -1.73391  -1.61033  -1.59177
  13000.  2.50  -1.92211  -1.91895  -1.86598  -1.81695  -1.77359  -1.64758  -1.61836
  13000.  3.00  -1.91492  -1.91102  -1.86301  -1.81734  -1.77689  -1.65510  -1.62659
  13000.  3.50  -1.91806  -1.91033  -1.86335  -1.81956  -1.78053  -1.66066  -1.63406
  13000.  4.00  -1.92619  -1.91261  -1.86422  -1.82163  -1.78324  -1.66394  -1.64000
  13000.  4.50  -1.93745  -1.91636  -1.86456  -1.82279  -1.78454  -1.66492  -1.64402
  13000.  5.00  -1.95088  -1.92087  -1.86385  -1.82262  -1.78409  -1.66334  -1.64553
  14000.  2.00  -2.12337  -2.12139  -2.06164  -2.00922  -1.96283  -1.83596  -1.81295
  14000.  2.50  -2.08812  -2.09175  -2.04610  -2.00134  -1.96202  -1.84593  -1.82121
  14000.  3.00  -2.08261  -2.08580  -2.04536  -2.00392  -1.96753  -1.85548  -1.83126
  14000.  3.50  -2.08689  -2.08654  -2.04719  -2.00748  -1.97241  -1.86205  -1.83948
  14000.  4.00  -2.09531  -2.08947  -2.04882  -2.01020  -1.97571  -1.86590  -1.84568
  14000.  4.50  -2.10611  -2.09333  -2.04961  -2.01177  -1.97744  -1.86749  -1.84995
  14000.  5.00  -2.11863  -2.09770  -2.04935  -2.01213  -1.97767  -1.86700  -1.85216
  15000.  2.50  -2.24411  -2.25388  -2.21480  -2.17394  -2.13833  -2.03135  -2.01050
  15000.  3.00  -2.24076  -2.25042  -2.21698  -2.17952  -2.14696  -2.04401  -2.02344
  15000.  3.50  -2.24689  -2.25324  -2.22098  -2.18516  -2.15386  -2.05235  -2.03321
  15000.  4.00  -2.25616  -2.25731  -2.22382  -2.18895  -2.15816  -2.05706  -2.04000
  15000.  4.50  -2.26698  -2.26155  -2.22515  -2.19097  -2.16029  -2.05902  -2.04440
  15000.  5.00  -2.27898  -2.26590  -2.22513  -2.19151  -2.16069  -2.05885  -2.04667
  16000.  2.50  -2.39025  -2.40559  -2.37232  -2.33492  -2.30262  -2.20381  -2.18639
  16000.  3.00  -2.38921  -2.40481  -2.37779  -2.34399  -2.31499  -2.22043  -2.20307
  16000.  3.50  -2.39771  -2.41021  -2.38455  -2.35236  -2.32465  -2.23141  -2.21524
  16000.  4.00  -2.40841  -2.41595  -2.38914  -2.35782  -2.33055  -2.23756  -2.22323
  16000.  4.50  -2.41973  -2.42101  -2.39139  -2.36065  -2.33344  -2.24017  -2.22803
  16000.  5.00  -2.43155  -2.42555  -2.39173  -2.36147  -2.33407  -2.24023  -2.23032
  17000.  2.50  -2.52717  -2.54752  -2.51927  -2.48490  -2.45553  -2.36403  -2.34966
  17000.  3.00  -2.52814  -2.54923  -2.52806  -2.49759  -2.47185  -2.38498  -2.37048
  17000.  3.50  -2.53939  -2.55757  -2.53798  -2.50914  -2.48471  -2.39914  -2.38563
  17000.  4.00  -2.55199  -2.56540  -2.54476  -2.51675  -2.49278  -2.40734  -2.39546
  17000.  4.50  -2.56426  -2.57169  -2.54836  -2.52085  -2.49691  -2.41111  -2.40116
  17000.  5.00  -2.57633  -2.57680  -2.54940  -2.52231  -2.49815  -2.41171  -2.40379
  18000.  2.50  -2.65571  -2.68052  -2.65649  -2.62472  -2.59787  -2.51285  -2.50121
  18000.  3.00  -2.65833  -2.68447  -2.66857  -2.64112  -2.61836  -2.53848  -2.52655
  18000.  3.50  -2.67236  -2.69584  -2.68180  -2.65602  -2.63465  -2.55608  -2.54496
  18000.  4.00  -2.68711  -2.70601  -2.69106  -2.66609  -2.64518  -2.56672  -2.55703
  18000.  4.50  -2.70067  -2.71379  -2.69627  -2.67179  -2.65089  -2.57203  -2.56408
  18000.  5.00  -2.71332  -2.71976  -2.69831  -2.67419  -2.65308  -2.57355  -2.56744
  19000.  2.50  -2.77654  -2.80523  -2.78460  -2.75494  -2.73015  -2.65059  -2.64142
  19000.  3.00  -2.78034  -2.81114  -2.80001  -2.77533  -2.75532  -2.68197  -2.67236
  19000.  3.50  -2.79720  -2.82561  -2.81669  -2.79372  -2.77518  -2.70308  -2.69411
  19000.  4.00  -2.81425  -2.83826  -2.82858  -2.80641  -2.78833  -2.71628  -2.70857
  19000.  4.50  -2.82933  -2.84777  -2.83564  -2.81393  -2.79588  -2.72345  -2.71732
  19000.  5.00  -2.84280  -2.85481  -2.83887  -2.81752  -2.79924  -2.72615  -2.72167
  20000.  3.00  -2.89482  -2.92990  -2.92305  -2.90088  -2.88338  -2.81607  -2.80856
  20000.  3.50  -2.91458  -2.94758  -2.94341  -2.92305  -2.90717  -2.84119  -2.83419
  20000.  4.00  -2.93396  -2.96278  -2.95802  -2.93844  -2.92301  -2.85695  -2.85104
  20000.  4.50  -2.95063  -2.97408  -2.96699  -2.94786  -2.93246  -2.86596  -2.86146
  20000.  5.00  -2.96500  -2.98226  -2.97154  -2.95275  -2.93715  -2.87002  -2.86705
  21000.  3.00  -3.00223  -3.04123  -3.03818  -3.01823  -3.00297  -2.94107  -2.93547
  21000.  3.50  -3.02504  -3.06231  -3.06248  -3.04458  -3.03118  -2.97096  -2.96576
  21000.  4.00  -3.04680  -3.08013  -3.07997  -3.06283  -3.04990  -2.98955  -2.98528
  21000.  4.50  -3.06509  -3.09328  -3.09094  -3.07421  -3.06129  -3.00037  -2.99737
  21000.  5.00  -3.08044  -3.10268  -3.09683  -3.08043  -3.06732  -3.00574  -3.00414
  22000.  3.00  -3.10300  -3.14568  -3.14608  -3.12809  -3.11481  -3.05758  -3.05370
  22000.  3.50  -3.12907  -3.17031  -3.17450  -3.15885  -3.14775  -3.09291  -3.08935
  22000.  4.00  -3.15331  -3.19087  -3.19500  -3.18018  -3.16963  -3.11472  -3.11199
  22000.  4.50  -3.17329  -3.20593  -3.20806  -3.19361  -3.18307  -3.12756  -3.12594
  22000.  5.00  -3.18966  -3.21659  -3.21537  -3.20122  -3.19049  -3.13419  -3.13385
  23000.  3.00  -3.19722  -3.24343  -3.24715  -3.23098  -3.21956  -3.16658  -3.16424
  23000.  3.50  -3.22698  -3.27196  -3.27986  -3.26627  -3.25728  -3.20730  -3.20526
  23000.  4.00  -3.25377  -3.29530  -3.30347  -3.29081  -3.28249  -3.23273  -3.23143
  23000.  4.50  -3.27556  -3.31240  -3.31876  -3.30650  -3.29824  -3.24789  -3.24759
  23000.  5.00  -3.29292  -3.32432  -3.32751  -3.31552  -3.30705  -3.25589  -3.25672
  24000.  3.00  -3.28392  -3.33357  -3.34061  -3.32628  -3.31676  -3.26812  -3.26722
  24000.  3.50  -3.31910  -3.36768  -3.37912  -3.36747  -3.36048  -3.31500  -3.31432
  24000.  4.00  -3.34857  -3.39385  -3.40576  -3.39513  -3.38893  -3.34398  -3.34399
  24000.  4.50  -3.37217  -3.41297  -3.42332  -3.41313  -3.40702  -3.36162  -3.36256
  24000.  5.00  -3.39064  -3.42625  -3.43363  -3.42370  -3.41742  -3.37123  -3.37320
  25000.  3.00  -3.36131  -3.41405  -3.42397  -3.41137  -3.40359  -3.35939  -3.35989
  25000.  3.50  -3.40535  -3.45744  -3.47242  -3.46269  -3.45768  -3.41661  -3.41719
  25000.  4.00  -3.43799  -3.48686  -3.50237  -3.49364  -3.48943  -3.44894  -3.45017
  25000.  4.50  -3.46333  -3.50791  -3.52203  -3.51381  -3.50976  -3.46901  -3.47112
  25000.  5.00  -3.48294  -3.52254  -3.53391  -3.52596  -3.52178  -3.48035  -3.48341
  26000.  3.00  -3.42943  -3.48432  -3.49582  -3.48388  -3.47700  -3.43525  -3.43702
  26000.  3.50  -3.48486  -3.54041  -3.55901  -3.55124  -3.54827  -3.51176  -3.51355
  26000.  4.00  -3.52197  -3.57432  -3.59335  -3.58649  -3.58421  -3.54807  -3.55043
  26000.  4.50  -3.54918  -3.59739  -3.61512  -3.60875  -3.60666  -3.57032  -3.57350
  26000.  5.00  -3.56993  -3.61336  -3.62852  -3.62246  -3.62027  -3.58337  -3.58746
  27000.  3.50  -3.55647  -3.61533  -3.63741  -3.63158  -3.63061  -3.59870  -3.60167
  27000.  4.00  -3.60015  -3.65592  -3.67848  -3.67350  -3.67320  -3.64140  -3.64482
  27000.  4.50  -3.62979  -3.68150  -3.70274  -3.69817  -3.69798  -3.66588  -3.67006
  27000.  5.00  -3.65165  -3.69877  -3.71755  -3.71329  -3.71301  -3.68043  -3.68546
  28000.  3.50  -3.62015  -3.68196  -3.70710  -3.70275  -3.70350  -3.67530  -3.67937
  28000.  4.00  -3.67181  -3.73094  -3.75705  -3.75395  -3.75563  -3.72820  -3.73265
  28000.  4.50  -3.70498  -3.76012  -3.78485  -3.78207  -3.78376  -3.75583  -3.76095
  28000.  5.00  -3.72814  -3.77884  -3.80117  -3.79864  -3.80021  -3.77175  -3.77766
  29000.  3.50  -3.67945  -3.74361  -3.77096  -3.76739  -3.76925  -3.74321  -3.74816
  29000.  4.00  -3.73659  -3.79892  -3.82837  -3.82702  -3.83055  -3.80725  -3.81268
  29000.  4.50  -3.77433  -3.83284  -3.86102  -3.85999  -3.86355  -3.83971  -3.84572
  29000.  5.00  -3.79934  -3.85355  -3.87933  -3.87847  -3.88185  -3.85735  -3.86408
  30000.  3.50  -3.73997  -3.80574  -3.83451  -3.83100  -3.83342  -3.80795  -3.81352
  30000.  4.00  -3.79558  -3.86085  -3.89344  -3.89345  -3.89865  -3.87852  -3.88483
  30000.  4.50  -3.83767  -3.89943  -3.93092  -3.93155  -3.93689  -3.91690  -3.92376
  30000.  5.00  -3.86513  -3.92275  -3.95192  -3.95269  -3.95783  -3.93713  -3.94463
  31000.  3.50  -3.80553  -3.87223  -3.90170  -3.89768  -3.90019  -3.87421  -3.88016
  31000.  4.00  -3.85219  -3.91995  -3.95514  -3.95607  -3.96255  -3.94463  -3.95161
  31000.  4.50  -3.89603  -3.96085  -3.99548  -3.99751  -4.00447  -3.98777  -3.99537
  31000.  5.00  -3.92594  -3.98685  -4.01926  -4.02153  -4.02831  -4.01114  -4.01934
  32000.  4.00  -3.90864  -3.97834  -4.01567  -4.01707  -4.02457  -4.00790  -4.01543
  32000.  4.50  -3.95174  -4.01929  -4.05683  -4.05991  -4.06831  -4.05397  -4.06219
  32000.  5.00  -3.98291  -4.04692  -4.08233  -4.08590  -4.09415  -4.08004  -4.08883
  33000.  4.00  -3.96939  -4.04048  -4.07952  -4.08093  -4.08913  -4.07280  -4.08072
  33000.  4.50  -4.00581  -4.07570  -4.11580  -4.11965  -4.12928  -4.11670  -4.12541
  33000.  5.00  -4.03757  -4.10440  -4.14279  -4.14735  -4.15700  -4.14508  -4.15436
  34000.  4.00  -4.03527  -4.10731  -4.14759  -4.14859  -4.15715  -4.14029  -4.14845
  34000.  4.50  -4.06287  -4.13457  -4.17686  -4.18107  -4.19170  -4.18004  -4.18915
  34000.  5.00  -4.09122  -4.16051  -4.20156  -4.20689  -4.21778  -4.20757  -4.21726
  35000.  4.00  -4.10590  -4.17863  -4.21986  -4.22018  -4.22883  -4.21080  -4.21902
  35000.  4.50  -4.12377  -4.19681  -4.24090  -4.24508  -4.25646  -4.24488  -4.25428
  35000.  5.00  -4.14773  -4.21899  -4.26233  -4.26810  -4.28002  -4.27079  -4.28080
  36000.  4.00  -4.18086  -4.25424  -4.29629  -4.29600  -4.30465  -4.28534  -4.29351
  36000.  4.50  -4.18849  -4.26252  -4.30810  -4.31191  -4.32375  -4.31150  -4.32105
  36000.  5.00  -4.20708  -4.27988  -4.32522  -4.33108  -4.34382  -4.33484  -4.34511
  37000.  4.00  -4.25901  -4.33305  -4.37592  -4.37523  -4.38398  -4.36385  -4.37198
  37000.  4.50  -4.25727  -4.33210  -4.37897  -4.38221  -4.39434  -4.38100  -4.39060
  37000.  5.00  -4.26966  -4.34364  -4.39070  -4.39634  -4.40969  -4.40027  -4.41072
  38000.  4.00  -4.33863  -4.41338  -4.45704  -4.45627  -4.46522  -4.44487  -4.45303
  38000.  4.50  -4.32963  -4.40517  -4.45324  -4.45599  -4.46837  -4.45394  -4.46353
  38000.  5.00  -4.33574  -4.41065  -4.45926  -4.46447  -4.47830  -4.46795  -4.47848
  39000.  4.00  -4.41825  -4.49370  -4.53814  -4.53746  -4.54669  -4.52662  -4.53486
  39000.  4.50  -4.40451  -4.48077  -4.52996  -4.53243  -4.54509  -4.52996  -4.53956
  39000.  5.00  -4.40511  -4.48081  -4.53084  -4.53561  -4.54984  -4.53842  -4.54900
  40000.  4.50  -4.48056  -4.55754  -4.60781  -4.61019  -4.62321  -4.60785  -4.61749
  40000.  5.00  -4.47707  -4.55352  -4.60486  -4.60930  -4.62391  -4.61164  -4.62225
  41000.  4.50  -4.55663  -4.63432  -4.68560  -4.68807  -4.70147  -4.68626  -4.69599
  41000.  5.00  -4.55057  -4.62772  -4.68029  -4.68456  -4.69957  -4.68682  -4.69748
  42000.  4.50  -4.63190  -4.71029  -4.76251  -4.76516  -4.77896  -4.76416  -4.77400
  42000.  5.00  -4.62462  -4.70247  -4.75616  -4.76041  -4.77585  -4.76293  -4.77367
  43000.  4.50  -4.70591  -4.78500  -4.83806  -4.84096  -4.85514  -4.84092  -4.85087
  43000.  5.00  -4.69840  -4.77694  -4.83167  -4.83602  -4.85187  -4.83907  -4.84991
  44000.  4.50  -4.77849  -4.85825  -4.91204  -4.91521  -4.92975  -4.91618  -4.92625
  44000.  5.00  -4.77137  -4.85058  -4.90626  -4.91079  -4.92705  -4.91459  -4.92553
  45000.  4.50  -4.84953  -4.92993  -4.98436  -4.98783  -5.00269  -4.98980  -5.00000
  45000.  5.00  -4.84316  -4.92302  -4.97957  -4.98433  -5.00099  -4.98899  -5.00006
  46000.  4.50  -4.91905  -5.00008  -5.05508  -5.05885  -5.07399  -5.06180  -5.07211
  46000.  5.00  -4.91361  -4.99411  -5.05145  -5.05647  -5.07351  -5.06206  -5.07325
  47000.  4.50  -4.98710  -5.06874  -5.12423  -5.12830  -5.14369  -5.13222  -5.14263
  47000.  5.00  -4.98262  -5.06374  -5.12181  -5.12710  -5.14449  -5.13363  -5.14494
  48000.  4.50  -5.05376  -5.13598  -5.19189  -5.19626  -5.21187  -5.20113  -5.21163
  48000.  5.00  -5.05019  -5.13192  -5.19062  -5.19619  -5.21390  -5.20367  -5.21510
  49000.  4.50  -5.11906  -5.20185  -5.25816  -5.26281  -5.27863  -5.26861  -5.27920
  49000.  5.00  -5.11636  -5.19867  -5.25795  -5.26380  -5.28179  -5.27223  -5.28376
  50000.  5.00  -5.18118  -5.26405  -5.32385  -5.32998  -5.34822  -5.33934  -5.35096
