   3500.  0.00  -4.03607  -3.01333  -1.94495  -1.18979  -0.78392   0.22625   0.39204
   3500.  0.50  -3.62900  -2.70715  -1.71353  -1.03152  -0.64444   0.29623   0.45226
   3500.  1.00  -3.26799  -2.44500  -1.52137  -0.89600  -0.52547   0.36300   0.51182
   3500.  1.50  -2.98034  -2.24047  -1.37390  -0.78676  -0.42844   0.42462   0.56833
   3500.  2.00  -2.81913  -2.12902  -1.29465  -0.71954  -0.36595   0.47435   0.61498
   3500.  2.50  -2.74996  -2.08202  -1.25874  -0.68074  -0.32689   0.51015   0.64858
   3500.  3.00  -2.71252  -2.05863  -1.23954  -0.65780  -0.30280   0.53071   0.66769
   3500.  3.50  -2.71196  -2.06374  -1.23802  -0.64736  -0.28879   0.54266   0.67874
   3500.  4.00  -2.74660  -2.09592  -1.25173  -0.64442  -0.27940   0.55225   0.68766
   3500.  4.50  -2.80417  -2.14330  -1.27367  -0.64270  -0.26966   0.56514   0.69996
   3500.  5.00  -2.87187  -2.19468  -1.30038  -0.63613  -0.25446   0.58843   0.72256
   3750.  0.00  -3.49759  -2.55445  -1.58459  -0.92862  -0.55077   0.34716   0.48959
   3750.  0.50  -3.19561  -2.34075  -1.43692  -0.84058  -0.48119   0.36012   0.49576
   3750.  1.00  -2.92367  -2.15667  -1.31343  -0.76207  -0.41805   0.38089   0.51159
   3750.  1.50  -2.69098  -2.00076  -1.20802  -0.68798  -0.35530   0.41244   0.53926
   3750.  2.00  -2.51295  -1.88028  -1.12436  -0.62256  -0.29677   0.45182   0.57581
   3750.  2.50  -2.42244  -1.81741  -1.07720  -0.57666  -0.25179   0.49597   0.61864
   3750.  3.00  -2.37584  -1.78421  -1.04914  -0.54322  -0.21671   0.53509   0.65687
   3750.  3.50  -2.35785  -1.77427  -1.03860  -0.52581  -0.19659   0.55661   0.67765
   3750.  4.00  -2.35572  -1.77644  -1.03382  -0.51217  -0.17891   0.57402   0.69436
   3750.  4.50  -2.37952  -1.79886  -1.04004  -0.50408  -0.16436   0.58851   0.70812
   3750.  5.00  -2.42340  -1.83494  -1.05191  -0.49618  -0.14824   0.60577   0.72448
   4000.  0.00  -2.91092  -2.07301  -1.20512  -0.64315  -0.29624   0.49841   0.62002
   4000.  0.50  -2.66097  -1.89724  -1.09169  -0.58224  -0.25491   0.49152   0.60788
   4000.  1.00  -2.45245  -1.76038  -1.01067  -0.54066  -0.22956   0.48272   0.59579
   4000.  1.50  -2.29225  -1.66196  -0.95634  -0.51217  -0.21228   0.47706   0.58804
   4000.  2.00  -2.17653  -1.59445  -0.91929  -0.48933  -0.19559   0.47836   0.58781
   4000.  2.50  -2.09940  -1.54972  -0.89012  -0.46354  -0.17079   0.49471   0.60284
   4000.  3.00  -2.06556  -1.52815  -0.87048  -0.43707  -0.14129   0.52859   0.63616
   4000.  3.50  -2.04361  -1.51170  -0.85103  -0.40855  -0.10876   0.56689   0.67388
   4000.  4.00  -2.03014  -1.50302  -0.83873  -0.38807  -0.08452   0.59476   0.70124
   4000.  4.50  -2.03254  -1.50893  -0.83723  -0.37683  -0.06844   0.61269   0.71868
   4000.  5.00  -2.05180  -1.52842  -0.84286  -0.36929  -0.05423   0.62762   0.73297
   4250.  0.00  -2.37797  -1.66183  -0.89571  -0.41480  -0.09895   0.60516   0.70969
   4250.  0.50  -2.18795  -1.52895  -0.81376  -0.37328  -0.07477   0.59138   0.69195
   4250.  1.00  -2.02673  -1.42211  -0.75339  -0.34517  -0.06169   0.57616   0.67416
   4250.  1.50  -1.90299  -1.34409  -0.71289  -0.32755  -0.05538   0.56324   0.65965
   4250.  2.00  -1.81535  -1.29181  -0.68795  -0.31693  -0.05210   0.55421   0.64966
   4250.  2.50  -1.75906  -1.26021  -0.67291  -0.30846  -0.04689   0.55197   0.64671
   4250.  3.00  -1.72822  -1.24496  -0.66431  -0.29903  -0.03671   0.55942   0.65359
   4250.  3.50  -1.72469  -1.24519  -0.66054  -0.28661  -0.01974   0.58175   0.67570
   4250.  4.00  -1.73006  -1.24951  -0.65720  -0.27293  -0.00079   0.60767   0.70150
   4250.  4.50  -1.73481  -1.25463  -0.65521  -0.26140   0.01572   0.62927   0.72286
   4250.  5.00  -1.74127  -1.26349  -0.65672  -0.25314   0.02932   0.64560   0.73884
   4500.  0.00  -1.88570  -1.29839  -0.63900  -0.23389   0.04860   0.66634   0.75593
   4500.  0.50  -1.76464  -1.21633  -0.59257  -0.21344   0.05631   0.64994   0.73716
   4500.  1.00  -1.66046  -1.14799  -0.55650  -0.19918   0.05928   0.63342   0.71895
   4500.  1.50  -1.57895  -1.09629  -0.53119  -0.19040   0.05914   0.61895   0.70335
   4500.  2.00  -1.52050  -1.06015  -0.51452  -0.18509   0.05814   0.60814   0.69181
   4500.  2.50  -1.48328  -1.03771  -0.50431  -0.18114   0.05861   0.60250   0.68563
   4500.  3.00  -1.46313  -1.02594  -0.49799  -0.17636   0.06264   0.60361   0.68629
   4500.  3.50  -1.45555  -1.02279  -0.49500  -0.17019   0.07082   0.61208   0.69440
   4500.  4.00  -1.46044  -1.02718  -0.49424  -0.16207   0.08316   0.62894   0.71111
   4500.  4.50  -1.47139  -1.03447  -0.49389  -0.15332   0.09659   0.64804   0.73013
   4500.  5.00  -1.48124  -1.04189  -0.49417  -0.14546   0.10908   0.66500   0.74694
   4750.  0.00  -1.45758  -0.99105  -0.43663  -0.09829   0.15076   0.68955   0.76654
   4750.  0.50  -1.38450  -0.94634  -0.41723  -0.09446   0.14583   0.67135   0.74708
   4750.  1.00  -1.32776  -0.91261  -0.40405  -0.09392   0.13904   0.65418   0.72906
   4750.  1.50  -1.28529  -0.88744  -0.39452  -0.09424   0.13288   0.63993   0.71423
   4750.  2.00  -1.25695  -0.87033  -0.38807  -0.09490   0.12797   0.62900   0.70289
   4750.  2.50  -1.24085  -0.85970  -0.38305  -0.09411   0.12626   0.62317   0.69670
   4750.  3.00  -1.23470  -0.85415  -0.37866  -0.09111   0.12849   0.62315   0.69633
   4750.  3.50  -1.23518  -0.85242  -0.37498  -0.08618   0.13429   0.62859   0.70145
   4750.  4.00  -1.23989  -0.85422  -0.37291  -0.08013   0.14283   0.63916   0.71178
   4750.  4.50  -1.24949  -0.85924  -0.37181  -0.07317   0.15334   0.65350   0.72597
   4750.  5.00  -1.26034  -0.86494  -0.37069  -0.06576   0.16453   0.66879   0.74113
   5000.  0.00  -1.12299  -0.75221  -0.28722  -0.00268   0.21632   0.68841   0.75565
   5000.  0.50  -1.08086  -0.73175  -0.28535  -0.00965   0.20370   0.66945   0.73579
   5000.  1.00  -1.05079  -0.71847  -0.28627  -0.01749   0.19133   0.65239   0.71825
   5000.  1.50  -1.03296  -0.71197  -0.28923  -0.02552   0.17995   0.63778   0.70340
   5000.  2.00  -1.02561  -0.71050  -0.29271  -0.03241   0.17079   0.62661   0.69207
   5000.  2.50  -1.02574  -0.71147  -0.29464  -0.03625   0.16571   0.62000   0.68533
   5000.  3.00  -1.03103  -0.71318  -0.29381  -0.03590   0.16581   0.61906   0.68419
   5000.  3.50  -1.03994  -0.71520  -0.29054  -0.03155   0.17097   0.62413   0.68896
   5000.  4.00  -1.05044  -0.71787  -0.28673  -0.02491   0.17950   0.63396   0.69854
   5000.  4.50  -1.06123  -0.72134  -0.28357  -0.01766   0.18940   0.64655   0.71092
   5000.  5.00  -1.07214  -0.72531  -0.28086  -0.01030   0.19970   0.66003   0.72424
   5250.  0.00  -0.86401  -0.56738  -0.17645   0.06433   0.25652   0.67177   0.73182
   5250.  0.50  -0.84608  -0.56439  -0.18566   0.05113   0.24039   0.65420   0.71315
   5250.  1.00  -0.83634  -0.56610  -0.19632   0.03761   0.22470   0.63791   0.69626
   5250.  1.50  -0.83509  -0.57249  -0.20818   0.02404   0.20977   0.62317   0.68130
   5250.  2.00  -0.84089  -0.58204  -0.21994   0.01144   0.19646   0.61055   0.66867
   5250.  2.50  -0.85154  -0.59252  -0.22951   0.00174   0.18658   0.60145   0.65961
   5250.  3.00  -0.86422  -0.60144  -0.23477  -0.00304   0.18212   0.59772   0.65584
   5250.  3.50  -0.87807  -0.60806  -0.23491  -0.00166   0.18458   0.60093   0.65889
   5250.  4.00  -0.89173  -0.61242  -0.23125   0.00432   0.19223   0.60975   0.66747
   5250.  4.50  -0.90525  -0.61609  -0.22631   0.01270   0.20298   0.62254   0.68002
   5250.  5.00  -0.91720  -0.61905  -0.22136   0.02147   0.21432   0.63666   0.69394
   5500.  0.00  -0.65663  -0.41950  -0.09179   0.11177   0.27938   0.64395   0.69909
   5500.  0.50  -0.65805  -0.42945  -0.10775   0.09556   0.26266   0.62968   0.68307
   5500.  1.00  -0.66437  -0.44221  -0.12450   0.07902   0.24599   0.61559   0.66791
   5500.  1.50  -0.67651  -0.45828  -0.14224   0.06209   0.22941   0.60186   0.65364
   5500.  2.00  -0.69324  -0.47649  -0.16002   0.04554   0.21356   0.58891   0.64053
   5500.  2.50  -0.71266  -0.49507  -0.17632   0.03073   0.19966   0.57790   0.62959
   5500.  3.00  -0.73203  -0.51142  -0.18881   0.01979   0.18974   0.57037   0.62216
   5500.  3.50  -0.74942  -0.52339  -0.19518   0.01512   0.18627   0.56885   0.62063
   5500.  4.00  -0.76459  -0.53077  -0.19508   0.01743   0.19021   0.57425   0.62592
   5500.  4.50  -0.77855  -0.53522  -0.19068   0.02484   0.19980   0.58574   0.63720
   5500.  5.00  -0.79095  -0.53805  -0.18472   0.03426   0.21169   0.59998   0.65123
   5750.  0.00  -0.48480  -0.29733  -0.02554   0.14524   0.28972   0.60722   0.65954
   5750.  0.50  -0.50107  -0.31639  -0.04493   0.12848   0.27460   0.59782   0.64743
   5750.  1.00  -0.52013  -0.33727  -0.06515   0.11088   0.25870   0.58717   0.63490
   5750.  1.50  -0.54331  -0.36079  -0.08661   0.09225   0.24194   0.57557   0.62214
   5750.  2.00  -0.56967  -0.38617  -0.10875   0.07305   0.22472   0.56335   0.60934
   5750.  2.50  -0.59739  -0.41173  -0.13025   0.05442   0.20805   0.55141   0.59724
   5750.  3.00  -0.62434  -0.43535  -0.14899   0.03839   0.19392   0.54130   0.58722
   5750.  3.50  -0.64771  -0.45424  -0.16231   0.02757   0.18485   0.53557   0.58163
   5750.  4.00  -0.66611  -0.46685  -0.16858   0.02359   0.18257   0.53573   0.58186
   5750.  4.50  -0.68052  -0.47365  -0.16767   0.02715   0.18811   0.54342   0.58942
   5750.  5.00  -0.69246  -0.47707  -0.16265   0.03534   0.19865   0.55627   0.60211
   6000.  0.00  -0.33719  -0.19367   0.02647   0.16751   0.28973   0.56247   0.61378
   6000.  0.50  -0.36610  -0.21898   0.00694   0.15284   0.27864   0.55952   0.60701
   6000.  1.00  -0.39510  -0.24559  -0.01471   0.13580   0.26496   0.55352   0.59804
   6000.  1.50  -0.42694  -0.27459  -0.03825   0.11678   0.24925   0.54517   0.58763
   6000.  2.00  -0.46143  -0.30564  -0.06329   0.09617   0.23185   0.53478   0.57600
   6000.  2.50  -0.49688  -0.33726  -0.08869   0.07498   0.21371   0.52324   0.56385
   6000.  3.00  -0.53145  -0.36756  -0.11255   0.05503   0.19660   0.51198   0.55247
   6000.  3.50  -0.56202  -0.39372  -0.13250   0.03842   0.18241   0.50274   0.54336
   6000.  4.00  -0.58654  -0.41335  -0.14585   0.02797   0.17409   0.49818   0.53899
   6000.  4.50  -0.60443  -0.42529  -0.15084   0.02571   0.17392   0.50081   0.54171
   6000.  5.00  -0.61722  -0.43114  -0.14918   0.03021   0.18059   0.51016   0.55099
   6250.  0.50  -0.24619  -0.13371   0.04855   0.16880   0.27463   0.51458   0.56143
   6250.  1.00  -0.28424  -0.16426   0.02804   0.15445   0.26517   0.51453   0.55725
   6250.  1.50  -0.32293  -0.19707   0.00396   0.13633   0.25167   0.51035   0.54991
   6250.  2.00  -0.36391  -0.23232  -0.02268   0.11542   0.23520   0.50286   0.54025
   6250.  2.50  -0.40608  -0.26891  -0.05082   0.09271   0.21664   0.49284   0.52895
   6250.  3.00  -0.44757  -0.30499  -0.07873   0.06985   0.19759   0.48151   0.51707
   6250.  3.50  -0.48563  -0.33788  -0.10400   0.04896   0.17999   0.47055   0.50605
   6250.  4.00  -0.51764  -0.36494  -0.12387   0.03285   0.16672   0.46274   0.49845
   6250.  4.50  -0.54166  -0.38408  -0.13636   0.02349   0.15973   0.45986   0.49582
   6250.  5.00  -0.55813  -0.39494  -0.14022   0.02250   0.16096   0.46418   0.50028
   6500.  0.50  -0.13423  -0.05809   0.07803   0.17417   0.26002   0.46171   0.50901
   6500.  1.00  -0.18308  -0.09159   0.06242   0.16595   0.25829   0.46939   0.51156
   6500.  1.50  -0.22895  -0.12716   0.04011   0.15079   0.24908   0.47076   0.50858
   6500.  2.00  -0.27514  -0.16533   0.01324   0.13077   0.23464   0.46714   0.50169
   6500.  2.50  -0.32270  -0.20559  -0.01641   0.10763   0.21671   0.45962   0.49200
   6500.  3.00  -0.37018  -0.24633  -0.04716   0.08299   0.19688   0.44943   0.48060
   6500.  3.50  -0.41500  -0.28505  -0.07669   0.05888   0.17698   0.43809   0.46882
   6500.  4.00  -0.45465  -0.31929  -0.10259   0.03769   0.15942   0.42782   0.45866
   6500.  4.50  -0.48624  -0.34607  -0.12199   0.02219   0.14693   0.42107   0.45222
   6500.  5.00  -0.50884  -0.36385  -0.13271   0.01475   0.14206   0.42049   0.45196
   6750.  0.50  -0.04813   0.00163   0.10188   0.17657   0.24400   0.40849   0.45673
   6750.  1.00  -0.08716  -0.02654   0.08599   0.16784   0.24168   0.41710   0.45959
   6750.  1.50  -0.14186  -0.06426   0.06874   0.15865   0.23983   0.42553   0.46268
   6750.  2.00  -0.19407  -0.10455   0.04396   0.14167   0.22959   0.42711   0.45982
   6750.  2.50  -0.24608  -0.14719   0.01430   0.11946   0.21364   0.42319   0.45264
   6750.  3.00  -0.29836  -0.19134  -0.01799   0.09420   0.19415   0.41528   0.44266
   6750.  3.50  -0.34896  -0.23484  -0.05075   0.06784   0.17295   0.40462   0.43103
   6750.  4.00  -0.39555  -0.27522  -0.08139   0.04290   0.15255   0.39345   0.41963
   6750.  4.50  -0.43501  -0.30936  -0.10686   0.02227   0.13573   0.38420   0.41064
   6750.  5.00  -0.46505  -0.33493  -0.12495   0.00810   0.12465   0.37904   0.40599
   7000.  0.50   0.01167   0.04343   0.11850   0.17570   0.22772   0.35796   0.40684
   7000.  1.00  -0.01461   0.02325   0.10380   0.16655   0.22358   0.36485   0.40806
   7000.  1.50  -0.05901  -0.00819   0.08708   0.15730   0.22129   0.37376   0.41097
   7000.  2.00  -0.11882  -0.04986   0.06773   0.14645   0.21841   0.38198   0.41372
   7000.  2.50  -0.17577  -0.09413   0.04029   0.12724   0.20651   0.38303   0.41038
   7000.  3.00  -0.23193  -0.14043   0.00794   0.10272   0.18871   0.37840   0.40270
   7000.  3.50  -0.28724  -0.18743  -0.02662   0.07542   0.16749   0.36960   0.39214
   7000.  4.00  -0.33971  -0.23279  -0.06076   0.04790   0.14542   0.35871   0.38054
   7000.  4.50  -0.38644  -0.27354  -0.09148   0.02296   0.12516   0.34804   0.36998
   7000.  5.00  -0.42433  -0.30673  -0.11624   0.00295   0.10896   0.33961   0.36207
   7250.  0.50   0.04431   0.06560   0.12571   0.16977   0.21004   0.31087   0.35925
   7250.  1.00   0.03449   0.05631   0.11408   0.16128   0.20431   0.31420   0.35789
   7250.  1.50   0.00214   0.03318   0.09951   0.15248   0.20098   0.32175   0.35926
   7250.  2.00  -0.04753  -0.00180   0.08146   0.14220   0.19818   0.33071   0.36208
   7250.  2.50  -0.11065  -0.04676   0.05968   0.12915   0.19349   0.33802   0.36403
   7250.  3.00  -0.17093  -0.09426   0.02961   0.10756   0.17957   0.33803   0.35989
   7250.  3.50  -0.23000  -0.14334  -0.00500   0.08094   0.15995   0.33243   0.35156
   7250.  4.00  -0.28729  -0.19243  -0.04130   0.05207   0.13740   0.32295   0.34079
   7250.  4.50  -0.34024  -0.23864  -0.07610   0.02394   0.11485   0.31203   0.32963
   7250.  5.00  -0.38557  -0.27872  -0.10651  -0.00084   0.09470   0.30161   0.31964
   7500.  0.50   0.03223   0.05619   0.11976   0.15809   0.19376   0.27296   0.31820
   7500.  1.00   0.06149   0.07171   0.11364   0.14896   0.18102   0.26460   0.30793
   7500.  1.50   0.04069   0.05737   0.10322   0.14247   0.17837   0.27080   0.30846
   7500.  2.00   0.00326   0.03114   0.08785   0.13306   0.17483   0.27843   0.30975
   7500.  2.50  -0.05011  -0.00655   0.06861   0.12164   0.17115   0.28681   0.31208
   7500.  3.00  -0.11523  -0.05372   0.04495   0.10678   0.16489   0.29323   0.31329
   7500.  3.50  -0.17779  -0.10380   0.01251   0.08295   0.14896   0.29214   0.30851
   7500.  4.00  -0.23866  -0.15506  -0.02409   0.05442   0.12758   0.28539   0.29965
   7500.  4.50  -0.29662  -0.20520  -0.06139   0.02453   0.10410   0.27547   0.28893
   7500.  5.00  -0.34858  -0.25112  -0.09627  -0.00386   0.08117   0.26426   0.27795
   7750.  1.00   0.06182   0.06598   0.10073   0.12848   0.15355   0.21710   0.25872
   7750.  1.50   0.05967   0.06491   0.09557   0.12428   0.15026   0.21923   0.25645
   7750.  2.00   0.03169   0.04675   0.08503   0.11808   0.14853   0.22646   0.25748
   7750.  2.50  -0.00978   0.01805   0.06898   0.10803   0.14458   0.23389   0.25854
   7750.  3.00  -0.06570  -0.02155   0.04915   0.09599   0.14045   0.24201   0.26091
   7750.  3.50  -0.13100  -0.06993   0.02385   0.07942   0.13251   0.24750   0.26167
   7750.  4.00  -0.19470  -0.12173  -0.01043   0.05375   0.11483   0.24529   0.25639
   7750.  4.50  -0.25627  -0.17425  -0.04844   0.02377   0.09204   0.23758   0.24720
   7750.  5.00  -0.31361  -0.22462  -0.08636  -0.00694   0.06761   0.22680   0.23637
   8000.  1.00   0.02871   0.03390   0.07249   0.09831   0.12194   0.17342   0.21121
   8000.  1.50   0.05868   0.05580   0.07666   0.09790   0.11671   0.16734   0.20319
   8000.  2.00   0.04305   0.04733   0.07114   0.09464   0.11595   0.17267   0.20304
   8000.  2.50   0.00994   0.02586   0.05961   0.08768   0.11388   0.18008   0.20416
   8000.  3.00  -0.03443  -0.00485   0.04293   0.07705   0.10955   0.18743   0.20541
   8000.  3.50  -0.09209  -0.04563   0.02348   0.06536   0.10595   0.19599   0.20857
   8000.  4.00  -0.15653  -0.09439  -0.00307   0.04744   0.09660   0.20077   0.20919
   8000.  4.50  -0.22017  -0.14712  -0.03887   0.02010   0.07718   0.19726   0.20350
   8000.  5.00  -0.28134  -0.20016  -0.07782  -0.01103   0.05310   0.18842   0.19406
   8250.  1.00  -0.03900  -0.02876   0.02146   0.05183   0.08022   0.13099   0.16170
   8250.  1.50   0.03719   0.02943   0.04624   0.06332   0.07811   0.11618   0.14986
   8250.  2.00   0.03747   0.03285   0.04636   0.06309   0.07772   0.11829   0.14758
   8250.  2.50   0.01352   0.01931   0.03974   0.05941   0.07746   0.12482   0.14804
   8250.  3.00  -0.02345  -0.00447   0.02779   0.05214   0.07533   0.13238   0.14931
   8250.  3.50  -0.06991  -0.03656   0.01102   0.04132   0.07092   0.13971   0.15094
   8250.  4.00  -0.12756  -0.07733  -0.00728   0.03063   0.06829   0.14906   0.15554
   8250.  4.50  -0.19000  -0.12599  -0.03532   0.01107   0.05715   0.15279   0.15611
   8250.  5.00  -0.25292  -0.17908  -0.07219  -0.01759   0.03622   0.14798   0.14997
   8500.  1.50  -0.00340  -0.01297   0.00442   0.02036   0.03412   0.06485   0.09509
   8500.  2.00   0.01640   0.00536   0.01248   0.02473   0.03489   0.06335   0.09089
   8500.  2.50   0.00287   0.00032   0.01073   0.02413   0.03594   0.06838   0.09039
   8500.  3.00  -0.02641  -0.01659   0.00327   0.01992   0.03558   0.07547   0.09133
   8500.  3.50  -0.06564  -0.04208  -0.00920   0.01211   0.03305   0.08299   0.09302
   8500.  4.00  -0.11342  -0.07518  -0.02554   0.00176   0.02925   0.09089   0.09592
   8500.  4.50  -0.16951  -0.11507  -0.04249  -0.00766   0.02792   0.10163   0.10257
   8500.  5.00  -0.23031  -0.16375  -0.07210  -0.02909   0.01463   0.10374   0.10247
   8750.  1.50  -0.05539  -0.06620  -0.04713  -0.03075  -0.01654   0.01120   0.03729
   8750.  2.00  -0.01668  -0.03273  -0.02961  -0.02016  -0.01289   0.00724   0.03274
   8750.  2.50  -0.01892  -0.02906  -0.02658  -0.01779  -0.01074   0.01049   0.03133
   8750.  3.00  -0.04036  -0.03929  -0.02983  -0.01910  -0.00943   0.01690   0.03180
   8750.  3.50  -0.07338  -0.05872  -0.03790  -0.02371  -0.00980   0.02446   0.03332
   8750.  4.00  -0.11471  -0.08564  -0.05039  -0.03149  -0.01213   0.03241   0.03590
   8750.  4.50  -0.16384  -0.11932  -0.06485  -0.03984  -0.01360   0.04233   0.04148
   8750.  5.00  -0.21704  -0.15790  -0.08142  -0.04914  -0.01507   0.05329   0.04939
   9000.  1.50  -0.11151  -0.12363  -0.10358  -0.08656  -0.07175  -0.04563  -0.02404
   9000.  2.00  -0.05917  -0.07880  -0.07791  -0.07003  -0.06440  -0.05011  -0.02717
   9000.  2.50  -0.05112  -0.06728  -0.07043  -0.06485  -0.06118  -0.04851  -0.02919
   9000.  3.00  -0.06469  -0.07106  -0.06981  -0.06355  -0.05854  -0.04298  -0.02927
   9000.  3.50  -0.09142  -0.08467  -0.07383  -0.06524  -0.05702  -0.03552  -0.02787
   9000.  4.00  -0.12727  -0.10603  -0.08218  -0.07001  -0.05730  -0.02732  -0.02524
   9000.  4.50  -0.17049  -0.13458  -0.09469  -0.07771  -0.05933  -0.01870  -0.02102
   9000.  5.00  -0.21740  -0.16644  -0.10551  -0.08229  -0.05679  -0.00525  -0.01102
   9250.  2.00  -0.10653  -0.12902  -0.12980  -0.12295  -0.11842  -0.10853  -0.08842
   9250.  2.50  -0.09071  -0.11158  -0.11881  -0.11553  -0.11431  -0.10836  -0.09085
   9250.  3.00  -0.09750  -0.11010  -0.11518  -0.11228  -0.11083  -0.10376  -0.09132
   9250.  3.50  -0.11799  -0.11848  -0.11589  -0.11162  -0.10793  -0.09656  -0.08995
   9250.  4.00  -0.14795  -0.13443  -0.12043  -0.11354  -0.10625  -0.08814  -0.08709
   9250.  4.50  -0.18589  -0.15768  -0.12913  -0.11847  -0.10640  -0.07926  -0.08296
   9250.  5.00  -0.22945  -0.18652  -0.14008  -0.12447  -0.10643  -0.06873  -0.07603
   9500.  2.00  -0.15568  -0.18077  -0.18323  -0.17728  -0.17373  -0.16745  -0.15020
   9500.  2.50  -0.13458  -0.15948  -0.17005  -0.16853  -0.16924  -0.16847  -0.15285
   9500.  3.00  -0.13607  -0.15424  -0.16454  -0.16422  -0.16560  -0.16512  -0.15385
   9500.  3.50  -0.15115  -0.15841  -0.16283  -0.16191  -0.16187  -0.15855  -0.15280
   9500.  4.00  -0.17583  -0.16955  -0.16401  -0.16131  -0.15845  -0.14999  -0.14991
   9500.  4.50  -0.20876  -0.18764  -0.16874  -0.16323  -0.15641  -0.14065  -0.14561
   9500.  5.00  -0.24871  -0.21252  -0.17712  -0.16771  -0.15583  -0.13068  -0.13954
   9750.  2.00  -0.20515  -0.23267  -0.23692  -0.23191  -0.22936  -0.22646  -0.21201
   9750.  2.50  -0.18086  -0.20914  -0.22253  -0.22247  -0.22478  -0.22848  -0.21490
   9750.  3.00  -0.17859  -0.20141  -0.21593  -0.21767  -0.22132  -0.22645  -0.21656
   9750.  3.50  -0.18953  -0.20252  -0.21266  -0.21443  -0.21734  -0.22083  -0.21612
   9750.  4.00  -0.20985  -0.20997  -0.21146  -0.21212  -0.21290  -0.21249  -0.21344
   9750.  4.50  -0.23809  -0.22353  -0.21288  -0.21149  -0.20900  -0.20271  -0.20885
   9750.  5.00  -0.27361  -0.24374  -0.21768  -0.21333  -0.20660  -0.19242  -0.20265
  10000.  2.00  -0.25436  -0.28421  -0.29037  -0.28634  -0.28484  -0.28522  -0.27344
  10000.  2.50  -0.22822  -0.25948  -0.27543  -0.27669  -0.28044  -0.28812  -0.27665
  10000.  3.00  -0.22348  -0.25022  -0.26830  -0.27179  -0.27738  -0.28739  -0.27900
  10000.  3.50  -0.23132  -0.24922  -0.26416  -0.26817  -0.27358  -0.28287  -0.27930
  10000.  4.00  -0.24818  -0.25399  -0.26150  -0.26493  -0.26877  -0.27518  -0.27705
  10000.  4.50  -0.27241  -0.26405  -0.26063  -0.26260  -0.26377  -0.26536  -0.27237
  10000.  5.00  -0.30334  -0.27986  -0.26221  -0.26195  -0.25953  -0.25453  -0.26576
  10250.  2.00  -0.30305  -0.33513  -0.34328  -0.34028  -0.33989  -0.34349  -0.33420
  10250.  2.50  -0.27592  -0.30988  -0.32823  -0.33073  -0.33582  -0.34721  -0.33783
  10250.  3.00  -0.26966  -0.29985  -0.32106  -0.32609  -0.33338  -0.34767  -0.34086
  10250.  3.50  -0.27524  -0.29753  -0.31659  -0.32250  -0.33004  -0.34432  -0.34185
  10250.  4.00  -0.28924  -0.30037  -0.31319  -0.31894  -0.32539  -0.33752  -0.34019
  10250.  4.50  -0.31021  -0.30783  -0.31090  -0.31565  -0.31992  -0.32814  -0.33585
  10250.  5.00  -0.33700  -0.31983  -0.30985  -0.31292  -0.31414  -0.31687  -0.32899
  10500.  2.00  -0.35116  -0.38543  -0.39561  -0.39367  -0.39440  -0.40118  -0.39421
  10500.  2.50  -0.32349  -0.35993  -0.38062  -0.38432  -0.39072  -0.40562  -0.39830
  10500.  3.00  -0.31638  -0.34961  -0.37368  -0.38010  -0.38895  -0.40715  -0.40199
  10500.  3.50  -0.32048  -0.34658  -0.36924  -0.37682  -0.38623  -0.40495  -0.40367
  10500.  4.00  -0.33232  -0.34811  -0.36550  -0.37324  -0.38196  -0.39917  -0.40269
  10500.  4.50  -0.35071  -0.35368  -0.36234  -0.36945  -0.37639  -0.39043  -0.39892
  10500.  5.00  -0.37440  -0.36286  -0.35946  -0.36535  -0.36970  -0.37918  -0.39219
  10750.  2.00  -0.39878  -0.43518  -0.44738  -0.44653  -0.44841  -0.45827  -0.45345
  10750.  2.50  -0.37077  -0.40959  -0.43256  -0.43744  -0.44510  -0.46334  -0.45797
  10750.  3.00  -0.36329  -0.39931  -0.42602  -0.43373  -0.44400  -0.46582  -0.46229
  10750.  3.50  -0.36638  -0.39594  -0.42186  -0.43091  -0.44201  -0.46469  -0.46463
  10750.  4.00  -0.37661  -0.39664  -0.41809  -0.42755  -0.43826  -0.45995  -0.46434
  10750.  4.50  -0.39280  -0.40075  -0.41444  -0.42360  -0.43290  -0.45205  -0.46125
  10750.  5.00  -0.41394  -0.40781  -0.41042  -0.41873  -0.42585  -0.44118  -0.45491
  11000.  2.00  -0.44582  -0.48430  -0.49857  -0.49880  -0.50185  -0.51474  -0.51192
  11000.  2.50  -0.41761  -0.45870  -0.48392  -0.48996  -0.49890  -0.52036  -0.51686
  11000.  3.00  -0.41001  -0.44860  -0.47782  -0.48678  -0.49842  -0.52367  -0.52176
  11000.  3.50  -0.41257  -0.44519  -0.47405  -0.48447  -0.49712  -0.52352  -0.52472
  11000.  4.00  -0.42160  -0.44535  -0.47041  -0.48143  -0.49393  -0.51974  -0.52509
  11000.  4.50  -0.43621  -0.44856  -0.46662  -0.47757  -0.48897  -0.51274  -0.52271
  11000.  5.00  -0.45539  -0.45414  -0.46200  -0.47242  -0.48196  -0.50253  -0.51694
  11250.  2.00  -0.49239  -0.53291  -0.54922  -0.55054  -0.55475  -0.57061  -0.56965
  11250.  2.50  -0.46397  -0.50728  -0.53474  -0.54192  -0.55210  -0.57669  -0.57494
  11250.  3.00  -0.45646  -0.49750  -0.52913  -0.53928  -0.55225  -0.58072  -0.58038
  11250.  3.50  -0.45875  -0.49419  -0.52579  -0.53749  -0.55158  -0.58142  -0.58392
  11250.  4.00  -0.46695  -0.49409  -0.52242  -0.53485  -0.54898  -0.57854  -0.58487
  11250.  4.50  -0.48034  -0.49672  -0.51870  -0.53125  -0.54453  -0.57246  -0.58315
  11250.  5.00  -0.49772  -0.50116  -0.51385  -0.52612  -0.53784  -0.56308  -0.57804
  11500.  2.00  -0.53844  -0.58096  -0.59928  -0.60170  -0.60706  -0.62585  -0.62663
  11500.  2.50  -0.50985  -0.55529  -0.58495  -0.59327  -0.60469  -0.63232  -0.63223
  11500.  3.00  -0.50247  -0.54583  -0.57981  -0.59113  -0.60539  -0.63700  -0.63816
  11500.  3.50  -0.50470  -0.54276  -0.57693  -0.58985  -0.60532  -0.63843  -0.64222
  11500.  4.00  -0.51240  -0.54261  -0.57391  -0.58765  -0.60329  -0.63634  -0.64367
  11500.  4.50  -0.52489  -0.54491  -0.57043  -0.58443  -0.59941  -0.63115  -0.64256
  11500.  5.00  -0.54073  -0.54852  -0.56556  -0.57947  -0.59315  -0.62259  -0.63808
  11750.  2.00  -0.58395  -0.62841  -0.64874  -0.65225  -0.65878  -0.68045  -0.68286
  11750.  2.50  -0.55520  -0.60272  -0.63456  -0.64402  -0.65668  -0.68727  -0.68873
  11750.  3.00  -0.54803  -0.59361  -0.62989  -0.64235  -0.65788  -0.69252  -0.69513
  11750.  3.50  -0.55037  -0.59087  -0.62749  -0.64158  -0.65837  -0.69460  -0.69965
  11750.  4.00  -0.55770  -0.59075  -0.62482  -0.63980  -0.65686  -0.69320  -0.70156
  11750.  4.50  -0.56951  -0.59289  -0.62165  -0.63699  -0.65353  -0.68878  -0.70094
  11750.  5.00  -0.58407  -0.59588  -0.61688  -0.63228  -0.64776  -0.68106  -0.69710
  12000.  2.50  -0.60003  -0.64959  -0.68357  -0.69415  -0.70803  -0.74152  -0.74445
  12000.  3.00  -0.59315  -0.64089  -0.67939  -0.69297  -0.70973  -0.74728  -0.75126
  12000.  3.50  -0.59570  -0.63851  -0.67746  -0.69268  -0.71074  -0.74995  -0.75623
  12000.  4.00  -0.60282  -0.63846  -0.67511  -0.69127  -0.70967  -0.74916  -0.75856
  12000.  4.50  -0.61420  -0.64059  -0.67226  -0.68883  -0.70682  -0.74540  -0.75837
  12000.  5.00  -0.62769  -0.64307  -0.66762  -0.68440  -0.70152  -0.73845  -0.75510
  12250.  2.50  -0.64425  -0.69580  -0.73191  -0.74361  -0.75872  -0.79507  -0.79939
  12250.  3.00  -0.63771  -0.68753  -0.72824  -0.74292  -0.76093  -0.80134  -0.80662
  12250.  3.50  -0.64051  -0.68557  -0.72680  -0.74312  -0.76241  -0.80451  -0.81197
  12250.  4.00  -0.64755  -0.68570  -0.72481  -0.74208  -0.76178  -0.80424  -0.81464
  12250.  4.50  -0.65860  -0.68785  -0.72226  -0.73999  -0.75936  -0.80105  -0.81482
  12250.  5.00  -0.67125  -0.69002  -0.71784  -0.73588  -0.75451  -0.79479  -0.81205
  12500.  2.50  -0.68793  -0.74141  -0.77964  -0.79244  -0.80875  -0.84791  -0.85354
  12500.  3.00  -0.68170  -0.73357  -0.77644  -0.79222  -0.81144  -0.85464  -0.86117
  12500.  3.50  -0.68481  -0.73201  -0.77547  -0.79286  -0.81337  -0.85827  -0.86687
  12500.  4.00  -0.69189  -0.73236  -0.77382  -0.79218  -0.81312  -0.85845  -0.86985
  12500.  4.50  -0.70273  -0.73457  -0.77155  -0.79040  -0.81107  -0.85577  -0.87038
  12500.  5.00  -0.71481  -0.73659  -0.76735  -0.78657  -0.80662  -0.85009  -0.86800
  12750.  2.50  -0.73104  -0.78642  -0.82669  -0.84059  -0.85809  -0.89999  -0.90686
  12750.  3.00  -0.72517  -0.77901  -0.82401  -0.84087  -0.86129  -0.90720  -0.91491
  12750.  3.50  -0.72857  -0.77784  -0.82346  -0.84192  -0.86362  -0.91124  -0.92093
  12750.  4.00  -0.73574  -0.77845  -0.82218  -0.84160  -0.86375  -0.91182  -0.92419
  12750.  4.50  -0.74643  -0.78078  -0.82021  -0.84013  -0.86205  -0.90958  -0.92501
  12750.  5.00  -0.75799  -0.78270  -0.81629  -0.83662  -0.85801  -0.90445  -0.92299
  13000.  2.50  -0.77351  -0.83073  -0.87303  -0.88800  -0.90668  -0.95131  -0.95937
  13000.  3.00  -0.76803  -0.82381  -0.87092  -0.88885  -0.91046  -0.95905  -0.96787
  13000.  3.50  -0.77175  -0.82304  -0.87080  -0.89030  -0.91318  -0.96346  -0.97420
  13000.  4.00  -0.77907  -0.82393  -0.86987  -0.89032  -0.91365  -0.96441  -0.97774
  13000.  4.50  -0.78976  -0.82643  -0.86818  -0.88913  -0.91224  -0.96254  -0.97881
  13000.  5.00  -0.80098  -0.82832  -0.86447  -0.88587  -0.90852  -0.95782  -0.97704
  14000.  2.00  -0.97009  -1.02937  -1.06486  -1.07690  -1.09254  -1.13699  -1.15076
  14000.  2.50  -0.93732  -1.00144  -1.05135  -1.07043  -1.09362  -1.14859  -1.16090
  14000.  3.00  -0.93362  -0.99664  -1.05172  -1.07377  -1.09996  -1.15878  -1.17165
  14000.  3.50  -0.93882  -0.99767  -1.05355  -1.07708  -1.10451  -1.16485  -1.17934
  14000.  4.00  -0.94695  -0.99976  -1.05400  -1.07840  -1.10624  -1.16703  -1.18380
  14000.  4.50  -0.95751  -1.00275  -1.05322  -1.07811  -1.10578  -1.16624  -1.18558
  14000.  5.00  -0.96827  -1.00497  -1.05038  -1.07573  -1.10303  -1.16277  -1.18467
  15000.  2.50  -1.09156  -1.16187  -1.21853  -1.24129  -1.26854  -1.33289  -1.34889
  15000.  3.00  -1.08949  -1.15910  -1.22149  -1.24736  -1.27784  -1.34610  -1.36243
  15000.  3.50  -1.09660  -1.16230  -1.22567  -1.25295  -1.28464  -1.35426  -1.37199
  15000.  4.00  -1.10593  -1.16589  -1.22773  -1.25579  -1.28785  -1.35778  -1.37754
  15000.  4.50  -1.11683  -1.16962  -1.22792  -1.25641  -1.28828  -1.35791  -1.37999
  15000.  5.00  -1.12763  -1.17234  -1.22582  -1.25470  -1.28620  -1.35519  -1.37960
  16000.  2.50  -1.23684  -1.31270  -1.37523  -1.40118  -1.43199  -1.50464  -1.52388
  16000.  3.00  -1.23602  -1.31164  -1.38068  -1.41000  -1.44439  -1.52132  -1.54071
  16000.  3.50  -1.24505  -1.31705  -1.38734  -1.41810  -1.45377  -1.53199  -1.55256
  16000.  4.00  -1.25586  -1.32237  -1.39126  -1.42275  -1.45876  -1.53715  -1.55952
  16000.  4.50  -1.26746  -1.32712  -1.39264  -1.42450  -1.46031  -1.53833  -1.56279
  16000.  5.00  -1.27851  -1.33047  -1.39137  -1.42355  -1.45895  -1.53634  -1.56292
  17000.  2.50  -1.37405  -1.45494  -1.52255  -1.55122  -1.58508  -1.66493  -1.68705
  17000.  3.00  -1.37382  -1.45492  -1.52990  -1.56232  -1.60024  -1.68500  -1.70712
  17000.  3.50  -1.38478  -1.46256  -1.53912  -1.57306  -1.61238  -1.69850  -1.72161
  17000.  4.00  -1.39717  -1.46971  -1.54506  -1.57972  -1.61941  -1.70564  -1.73034
  17000.  4.50  -1.40962  -1.47561  -1.54781  -1.58280  -1.62230  -1.70809  -1.73465
  17000.  5.00  -1.42123  -1.47984  -1.54753  -1.58278  -1.62184  -1.70695  -1.73543
  18000.  2.50  -1.50392  -1.58938  -1.66143  -1.69241  -1.72891  -1.81504  -1.83971
  18000.  3.00  -1.50369  -1.58987  -1.67020  -1.70535  -1.74642  -1.83816  -1.86272
  18000.  3.50  -1.51641  -1.59951  -1.68179  -1.71859  -1.76123  -1.85451  -1.87990
  18000.  4.00  -1.53038  -1.60850  -1.68978  -1.72731  -1.77039  -1.86382  -1.89062
  18000.  4.50  -1.54380  -1.61564  -1.69397  -1.73185  -1.77478  -1.86776  -1.89622
  18000.  5.00  -1.55604  -1.62080  -1.69479  -1.73291  -1.77539  -1.86766  -1.89787
  19000.  2.50  -1.62687  -1.71650  -1.79243  -1.82545  -1.86426  -1.95592  -1.98286
  19000.  3.00  -1.62627  -1.71717  -1.80238  -1.83999  -1.88391  -1.98202  -2.00875
  19000.  3.50  -1.64060  -1.72866  -1.81616  -1.85551  -1.90115  -2.00092  -2.02837
  19000.  4.00  -1.65610  -1.73940  -1.82610  -1.86625  -1.91241  -2.01240  -2.04110
  19000.  4.50  -1.67054  -1.74784  -1.83179  -1.87233  -1.91839  -2.01799  -2.04820
  19000.  5.00  -1.68346  -1.75395  -1.83374  -1.87450  -1.92017  -2.01907  -2.05084
  20000.  3.00  -1.74214  -1.83745  -1.92723  -1.96711  -2.01370  -2.11771  -2.14639
  20000.  3.50  -1.75808  -1.85078  -1.94311  -1.98481  -2.03323  -2.13899  -2.16829
  20000.  4.00  -1.77497  -1.86314  -1.95486  -1.99738  -2.04636  -2.15238  -2.18279
  20000.  4.50  -1.79038  -1.87279  -1.96197  -2.00491  -2.05387  -2.15954  -2.19131
  20000.  5.00  -1.80393  -1.87979  -1.96500  -2.00819  -2.05680  -2.16182  -2.19503
  21000.  3.00  -1.85136  -1.95081  -2.04486  -2.08690  -2.13599  -2.24551  -2.27595
  21000.  3.50  -1.86931  -1.96637  -2.06327  -2.10717  -2.15820  -2.26960  -2.30057
  21000.  4.00  -1.88761  -1.98035  -2.07679  -2.12150  -2.17312  -2.28474  -2.31670
  21000.  4.50  -1.90392  -1.99115  -2.08521  -2.13034  -2.18199  -2.29326  -2.32646
  21000.  5.00  -1.91799  -1.99893  -2.08921  -2.13462  -2.18596  -2.29663  -2.33115
  22000.  3.00  -1.95380  -2.05718  -2.15528  -2.19933  -2.25079  -2.36547  -2.39751
  22000.  3.50  -1.97457  -2.07574  -2.17699  -2.22298  -2.27650  -2.39324  -2.42574
  22000.  4.00  -1.99448  -2.09152  -2.19244  -2.23923  -2.29335  -2.41032  -2.44369
  22000.  4.50  -2.01168  -2.10344  -2.20211  -2.24931  -2.30347  -2.42006  -2.45456
  22000.  5.00  -2.02621  -2.11196  -2.20700  -2.25448  -2.30838  -2.42434  -2.46005
  23000.  3.00  -2.04895  -2.15609  -2.25806  -2.30402  -2.35775  -2.47732  -2.51085
  23000.  3.50  -2.07382  -2.17891  -2.28431  -2.33230  -2.38821  -2.51001  -2.54391
  23000.  4.00  -2.09581  -2.19692  -2.30209  -2.35087  -2.40740  -2.52945  -2.56415
  23000.  4.50  -2.11411  -2.21016  -2.31320  -2.36237  -2.41892  -2.54061  -2.57632
  23000.  5.00  -2.12904  -2.21934  -2.31892  -2.36835  -2.42467  -2.54570  -2.58251
  24000.  3.00  -2.13554  -2.24626  -2.35186  -2.39967  -2.45559  -2.57999  -2.61491
  24000.  3.50  -2.16692  -2.27579  -2.38519  -2.43511  -2.49332  -2.61998  -2.65517
  24000.  4.00  -2.19159  -2.29658  -2.40586  -2.45655  -2.51540  -2.64230  -2.67823
  24000.  4.50  -2.21122  -2.31133  -2.41858  -2.46964  -2.52849  -2.65504  -2.69191
  24000.  5.00  -2.22673  -2.32132  -2.42526  -2.47657  -2.53520  -2.66113  -2.69899
  25000.  3.00  -2.21123  -2.32516  -2.43376  -2.48323  -2.54110  -2.67022  -2.70654
  25000.  3.50  -2.25339  -2.36590  -2.47919  -2.53098  -2.59144  -2.72282  -2.75924
  25000.  4.00  -2.28172  -2.39043  -2.50366  -2.55620  -2.61727  -2.74887  -2.78593
  25000.  4.50  -2.30312  -2.40710  -2.51839  -2.57127  -2.63236  -2.76359  -2.80153
  25000.  5.00  -2.31930  -2.41797  -2.52608  -2.57920  -2.64006  -2.77071  -2.80957
  26000.  3.00  -2.27469  -2.39087  -2.50080  -2.55091  -2.60975  -2.74154  -2.77914
  26000.  3.50  -2.33234  -2.44839  -2.56546  -2.61908  -2.68177  -2.81786  -2.85544
  26000.  4.00  -2.36597  -2.47829  -2.59536  -2.64968  -2.71294  -2.84907  -2.88721
  26000.  4.50  -2.38959  -2.49728  -2.61248  -2.66712  -2.73037  -2.86611  -2.90506
  26000.  5.00  -2.40682  -2.50940  -2.62153  -2.67639  -2.73941  -2.87455  -2.91436
  27000.  3.50  -2.40254  -2.52194  -2.64246  -2.69780  -2.76257  -2.90320  -2.94192
  27000.  4.00  -2.44379  -2.55961  -2.68040  -2.73647  -2.80186  -2.94244  -2.98161
  27000.  4.50  -2.47041  -2.58172  -2.70068  -2.75703  -2.82237  -2.96246  -3.00235
  27000.  5.00  -2.48898  -2.59534  -2.71136  -2.76789  -2.83301  -2.97253  -3.01321
  28000.  3.50  -2.46371  -2.58609  -2.70945  -2.76610  -2.83258  -2.97686  -3.01663
  28000.  4.00  -2.51452  -2.63373  -2.75808  -2.81584  -2.88329  -3.02818  -3.06833
  28000.  4.50  -2.54522  -2.66004  -2.78267  -2.84067  -2.90805  -3.05238  -3.09317
  28000.  5.00  -2.56547  -2.67552  -2.79531  -2.85347  -2.92059  -3.06431  -3.10584
  29000.  3.50  -2.51913  -2.64384  -2.76907  -2.82634  -2.89389  -3.04006  -3.08065
  29000.  4.00  -2.57777  -2.70023  -2.82786  -2.88714  -2.95647  -3.10536  -3.14642
  29000.  4.50  -2.61361  -2.73186  -2.85803  -2.91761  -2.98697  -3.13536  -3.17699
  29000.  5.00  -2.63627  -2.74991  -2.87333  -2.93304  -3.00212  -3.14984  -3.19214
  30000.  3.50  -2.57520  -2.70154  -2.82774  -2.88498  -2.95301  -3.09946  -3.14061
  30000.  4.00  -2.63462  -2.76003  -2.89060  -2.95105  -3.02204  -3.17396  -3.21582
  30000.  4.50  -2.67554  -2.79712  -2.92661  -2.98764  -3.05883  -3.21097  -3.25338
  30000.  5.00  -2.70110  -2.81824  -2.94515  -3.00633  -3.07727  -3.22877  -3.27179
  31000.  3.50  -2.63651  -2.76373  -2.89013  -2.94682  -3.01485  -3.16049  -3.20201
  31000.  4.00  -2.68827  -2.81621  -2.94915  -3.01038  -3.08267  -3.23662  -3.27911
  31000.  4.50  -2.73208  -2.85675  -2.98919  -3.05147  -3.12426  -3.27966  -3.32275
  31000.  5.00  -2.76048  -2.88100  -3.01117  -3.07367  -3.14633  -3.30127  -3.34492
  32000.  4.00  -2.74118  -2.87109  -3.00589  -3.06754  -3.14086  -3.29591  -3.33889
  32000.  4.50  -2.78531  -2.91278  -3.04807  -3.11126  -3.18556  -3.34314  -3.38677
  32000.  5.00  -2.81579  -2.93948  -3.07259  -3.13624  -3.21039  -3.36831  -3.41250
  33000.  4.00  -2.79911  -2.93040  -3.06651  -3.12814  -3.20216  -3.35737  -3.40070
  33000.  4.50  -2.83681  -2.96667  -3.10434  -3.16821  -3.24380  -3.40297  -3.44705
  33000.  5.00  -2.86805  -2.99465  -3.13069  -3.19522  -3.27085  -3.43087  -3.47549
  34000.  4.00  -2.86315  -2.99532  -3.13228  -3.19349  -3.26781  -3.42220  -3.46576
  34000.  4.50  -2.89127  -3.02297  -3.16257  -3.22677  -3.30339  -3.46339  -3.50782
  34000.  5.00  -2.91980  -3.04890  -3.18744  -3.25267  -3.32958  -3.49120  -3.53618
  35000.  4.00  -2.93279  -3.06558  -3.20302  -3.26352  -3.33782  -3.49063  -3.53421
  35000.  4.50  -2.95054  -3.08356  -3.22463  -3.28877  -3.36612  -3.52600  -3.57069
  35000.  5.00  -2.97430  -3.10543  -3.24608  -3.31170  -3.38970  -3.55218  -3.59746
  36000.  4.00  -3.00755  -3.14087  -3.27871  -3.33852  -3.41268  -3.56378  -3.60728
  36000.  4.50  -3.01433  -3.14829  -3.29047  -3.35419  -3.43196  -3.59082  -3.63564
  36000.  5.00  -3.03239  -3.16506  -3.30745  -3.37313  -3.45196  -3.61449  -3.65998
  37000.  4.00  -3.08614  -3.22005  -3.35837  -3.41774  -3.49186  -3.64175  -3.68517
  37000.  4.50  -3.08286  -3.21754  -3.36061  -3.42376  -3.50172  -3.65908  -3.70392
  37000.  5.00  -3.09433  -3.22816  -3.37196  -3.43739  -3.51681  -3.67862  -3.72425
  38000.  4.00  -3.16678  -3.30133  -3.44023  -3.49945  -3.57370  -3.72309  -3.76650
  38000.  4.50  -3.15558  -3.29090  -3.43481  -3.49743  -3.57555  -3.73142  -3.77620
  38000.  5.00  -3.16034  -3.29504  -3.44006  -3.50506  -3.58490  -3.74546  -3.79114
  39000.  4.00  -3.24785  -3.38304  -3.52259  -3.58188  -3.65639  -3.80589  -3.84935
  39000.  4.50  -3.23130  -3.36726  -3.51199  -3.57428  -3.65262  -3.80746  -3.85221
  39000.  5.00  -3.23005  -3.36551  -3.51164  -3.57619  -3.65638  -3.81555  -3.86124
  40000.  4.50  -3.30857  -3.44518  -3.59074  -3.65292  -3.73154  -3.88592  -3.93069
  40000.  5.00  -3.30272  -3.43885  -3.58604  -3.65025  -3.73079  -3.88882  -3.93452
  41000.  4.50  -3.38614  -3.52340  -3.66982  -3.73204  -3.81102  -3.96539  -4.01021
  41000.  5.00  -3.37724  -3.51402  -3.66220  -3.72623  -3.80714  -3.96442  -4.01015
  42000.  4.50  -3.46311  -3.60102  -3.74829  -3.81069  -3.89007  -4.04472  -4.08964
  42000.  5.00  -3.45253  -3.58995  -3.73909  -3.80308  -3.88439  -4.04133  -4.08711
  43000.  4.50  -3.53896  -3.67752  -3.82562  -3.88825  -3.96806  -4.12321  -4.16824
  43000.  5.00  -3.52777  -3.66583  -3.81587  -3.87994  -3.96165  -4.11859  -4.16444
  44000.  4.50  -3.61338  -3.75259  -3.90147  -3.96437  -4.04460  -4.20037  -4.24552
  44000.  5.00  -3.60234  -3.74102  -3.89193  -3.95617  -4.03831  -4.19548  -4.24142
  45000.  4.50  -3.68624  -3.82606  -3.97567  -4.03887  -4.11951  -4.27596  -4.32123
  45000.  5.00  -3.67587  -3.81515  -3.96688  -4.03134  -4.11391  -4.27148  -4.31754
  46000.  4.50  -3.75748  -3.89792  -4.04821  -4.11171  -4.19272  -4.34989  -4.39528
  46000.  5.00  -3.74807  -3.88794  -4.04047  -4.10518  -4.18819  -4.34625  -4.39243
  47000.  4.50  -3.82714  -3.96817  -4.11908  -4.18288  -4.26425  -4.42214  -4.46765
  47000.  5.00  -3.81883  -3.95929  -4.11258  -4.17756  -4.26097  -4.41960  -4.46591
  48000.  4.50  -3.89525  -4.03686  -4.18834  -4.25243  -4.33412  -4.49275  -4.53836
  48000.  5.00  -3.88808  -4.02911  -4.18311  -4.24836  -4.33217  -4.49140  -4.53783
  49000.  4.50  -3.96187  -4.10404  -4.25604  -4.32042  -4.40239  -4.56177  -4.60747
  49000.  5.00  -3.95587  -4.09744  -4.25211  -4.31762  -4.40180  -4.56167  -4.60821
  50000.  5.00  -4.02216  -4.16428  -4.31956  -4.38534  -4.46986  -4.63039  -4.67703
