   3500.  0.00  -5.44828  -4.18607  -2.94402  -2.01689  -1.57595  -0.31354  -0.08649
   3500.  0.50  -5.04557  -3.88910  -2.71680  -1.86550  -1.43892  -0.24445  -0.02771
   3500.  1.00  -4.69016  -3.63669  -2.52825  -1.73573  -1.32187  -0.17831   0.03080
   3500.  1.50  -4.40826  -3.44097  -2.38339  -1.63063  -1.22617  -0.11710   0.08657
   3500.  2.00  -4.25228  -3.33519  -2.30542  -1.56486  -1.16402  -0.06763   0.13274
   3500.  2.50  -4.18697  -3.29088  -2.26978  -1.52587  -1.12481  -0.03210   0.16598
   3500.  3.00  -4.15075  -3.26900  -2.25044  -1.50261  -1.10065  -0.01173   0.18485
   3500.  3.50  -4.14852  -3.27425  -2.24804  -1.49126  -1.08652   0.00011   0.19576
   3500.  4.00  -4.17867  -3.30507  -2.26010  -1.48660  -1.07684   0.00959   0.20457
   3500.  4.50  -4.22934  -3.34981  -2.28020  -1.48250  -1.06649   0.02235   0.21676
   3500.  5.00  -4.28810  -3.39769  -2.30566  -1.47283  -1.05001   0.04543   0.23922
   3750.  0.00  -4.91579  -3.73606  -2.59075  -1.76531  -1.34579  -0.19489   0.00748
   3750.  0.50  -4.61772  -3.53096  -2.44695  -1.68351  -1.27825  -0.18264   0.01261
   3750.  1.00  -4.35080  -3.35591  -2.32658  -1.61003  -1.21668  -0.16240   0.02767
   3750.  1.50  -4.12338  -3.20834  -2.22340  -1.53964  -1.15509  -0.13121   0.05476
   3750.  2.00  -3.95002  -3.09447  -2.14110  -1.47647  -1.09727  -0.09207   0.09087
   3750.  2.50  -3.86343  -3.03499  -2.09433  -1.43081  -1.05230  -0.04797   0.13353
   3750.  3.00  -3.82010  -3.00356  -2.06617  -1.39682  -1.01697  -0.00887   0.17164
   3750.  3.50  -3.80326  -2.99455  -2.05517  -1.37867  -0.99668   0.01260   0.19231
   3750.  4.00  -3.79970  -2.99684  -2.04944  -1.36403  -0.97887   0.02995   0.20890
   3750.  4.50  -3.81936  -3.01825  -2.05408  -1.35433  -0.96412   0.04436   0.22256
   3750.  5.00  -3.85655  -3.05207  -2.06402  -1.34425  -0.94762   0.06149   0.23878
   4000.  0.00  -4.33847  -3.26602  -2.21803  -1.48991  -1.09430  -0.04550   0.13472
   4000.  0.50  -4.09312  -3.09830  -2.10851  -1.43507  -1.05471  -0.05299   0.12173
   4000.  1.00  -3.88980  -2.96952  -2.03067  -1.39837  -1.03069  -0.06216   0.10911
   4000.  1.50  -3.73431  -2.87830  -1.97852  -1.37323  -1.01432  -0.06807   0.10103
   4000.  2.00  -3.62206  -2.81648  -1.94261  -1.35235  -0.99822  -0.06694   0.10057
   4000.  2.50  -3.54698  -2.77555  -1.91354  -1.32708  -0.97371  -0.05071   0.11539
   4000.  3.00  -3.51500  -2.75549  -1.89345  -1.29979  -0.94400  -0.01682   0.14864
   4000.  3.50  -3.49456  -2.73973  -1.87336  -1.27015  -0.91117   0.02150   0.18629
   4000.  4.00  -3.48171  -2.73158  -1.86036  -1.24869  -0.88672   0.04938   0.21358
   4000.  4.50  -3.48293  -2.73765  -1.85783  -1.23626  -0.87048   0.06728   0.23096
   4000.  5.00  -3.49874  -2.75656  -1.86193  -1.22711  -0.85611   0.08215   0.24516
   4250.  0.00  -3.81754  -2.86862  -1.91477  -1.27118  -0.89977   0.05973   0.22175
   4250.  0.50  -3.63193  -2.74249  -1.83601  -1.23475  -0.87696   0.04547   0.20334
   4250.  1.00  -3.47541  -2.64227  -1.77840  -1.21091  -0.86496   0.02993   0.18510
   4250.  1.50  -3.35579  -2.56997  -1.73999  -1.19646  -0.85942   0.01680   0.17033
   4250.  2.00  -3.27122  -2.52220  -1.71641  -1.18792  -0.85664   0.00765   0.16018
   4250.  2.50  -3.21666  -2.49377  -1.70198  -1.18046  -0.85172   0.00533   0.15712
   4250.  3.00  -3.18649  -2.48051  -1.69326  -1.17100  -0.84163   0.01273   0.16391
   4250.  3.50  -3.18324  -2.48119  -1.68877  -1.15742  -0.82442   0.03509   0.18602
   4250.  4.00  -3.18859  -2.48531  -1.68455  -1.14236  -0.80516   0.06106   0.21181
   4250.  4.50  -3.19296  -2.49039  -1.68168  -1.12955  -0.78839   0.08269   0.23315
   4250.  5.00  -3.19819  -2.49940  -1.68215  -1.12001  -0.77463   0.09901   0.24908
   4500.  0.00  -3.33953  -2.52106  -1.66406  -1.10007  -0.75491   0.11948   0.26560
   4500.  0.50  -3.22197  -2.44389  -1.61985  -1.08319  -0.74809   0.10279   0.24643
   4500.  1.00  -3.12120  -2.38013  -1.58572  -1.07203  -0.74586   0.08606   0.22792
   4500.  1.50  -3.04259  -2.33231  -1.56194  -1.06566  -0.74657   0.07143   0.21211
   4500.  2.00  -2.98617  -2.29913  -1.54637  -1.06206  -0.74797   0.06051   0.20044
   4500.  2.50  -2.94992  -2.27869  -1.53678  -1.05909  -0.74775   0.05481   0.19418
   4500.  3.00  -2.92989  -2.26806  -1.53061  -1.05459  -0.74381   0.05587   0.19476
   4500.  3.50  -2.92192  -2.26557  -1.52733  -1.04800  -0.73559   0.06432   0.20282
   4500.  4.00  -2.92627  -2.26993  -1.52592  -1.03885  -0.72306   0.08120   0.21951
   4500.  4.50  -2.93639  -2.27671  -1.52484  -1.02892  -0.70937   0.10034   0.23853
   4500.  5.00  -2.94513  -2.28379  -1.52437  -1.01992  -0.69667   0.11732   0.25533
   4750.  0.00  -2.92566  -2.23021  -1.46721  -0.97387  -0.65522   0.14138   0.27410
   4750.  0.50  -2.85571  -2.18920  -1.44930  -0.97238  -0.66068   0.12304   0.25443
   4750.  1.00  -2.80154  -2.15843  -1.43734  -0.97376  -0.66789   0.10579   0.23627
   4750.  1.50  -2.76094  -2.13547  -1.42879  -0.97561  -0.67438   0.09146   0.22133
   4750.  2.00  -2.73362  -2.11981  -1.42302  -0.97738  -0.67955   0.08048   0.20992
   4750.  2.50  -2.71770  -2.10986  -1.41841  -0.97726  -0.68142   0.07459   0.20367
   4750.  3.00  -2.71097  -2.10436  -1.41415  -0.97450  -0.67926   0.07454   0.20324
   4750.  3.50  -2.71041  -2.10237  -1.41035  -0.96940  -0.67345   0.07995   0.20830
   4750.  4.00  -2.71408  -2.10387  -1.40794  -0.96278  -0.66481   0.09052   0.21859
   4750.  4.50  -2.72254  -2.10833  -1.40633  -0.95496  -0.65413   0.10487   0.23278
   4750.  5.00  -2.73208  -2.11338  -1.40465  -0.94663  -0.64276   0.12018   0.24792
   5000.  0.00  -2.60262  -2.00556  -1.32238  -0.88639  -0.59176   0.13912   0.26150
   5000.  0.50  -2.56332  -1.98807  -1.32147  -0.89480  -0.60465   0.12012   0.24152
   5000.  1.00  -2.53549  -1.97700  -1.32315  -0.90379  -0.61723   0.10305   0.22392
   5000.  1.50  -2.51918  -1.97188  -1.32668  -0.91265  -0.62878   0.08844   0.20903
   5000.  2.00  -2.51255  -1.97099  -1.33054  -0.92011  -0.63804   0.07727   0.19769
   5000.  2.50  -2.51258  -1.97186  -1.33267  -0.92427  -0.64320   0.07065   0.19094
   5000.  3.00  -2.51702  -1.97289  -1.33187  -0.92400  -0.64312   0.06969   0.18976
   5000.  3.50  -2.52454  -1.97383  -1.32847  -0.91947  -0.63795   0.07473   0.19448
   5000.  4.00  -2.53345  -1.97538  -1.32438  -0.91239  -0.62934   0.08455   0.20401
   5000.  4.50  -2.54276  -1.97787  -1.32085  -0.90450  -0.61932   0.09714   0.21637
   5000.  5.00  -2.55223  -1.98093  -1.31773  -0.89643  -0.60887   0.11062   0.22967
   5250.  0.00  -2.35268  -1.83232  -1.21540  -0.82640  -0.55334   0.12153   0.23633
   5250.  0.50  -2.33697  -1.83145  -1.22515  -0.84031  -0.56957   0.10398   0.21755
   5250.  1.00  -2.32900  -1.83470  -1.23622  -0.85435  -0.58532   0.08772   0.20061
   5250.  1.50  -2.32899  -1.84201  -1.24835  -0.86824  -0.60027   0.07302   0.18564
   5250.  2.00  -2.33544  -1.85185  -1.26026  -0.88099  -0.61360   0.06044   0.17302
   5250.  2.50  -2.34611  -1.86204  -1.26988  -0.89073  -0.62346   0.05138   0.16398
   5250.  3.00  -2.35821  -1.87016  -1.27510  -0.89543  -0.62791   0.04766   0.16022
   5250.  3.50  -2.37089  -1.87548  -1.27507  -0.89380  -0.62541   0.05087   0.16324
   5250.  4.00  -2.38296  -1.87833  -1.27114  -0.88742  -0.61769   0.05967   0.17178
   5250.  4.50  -2.39480  -1.88050  -1.26584  -0.87848  -0.60685   0.07246   0.18429
   5250.  5.00  -2.40512  -1.88215  -1.26052  -0.86908  -0.59538   0.08657   0.19818
   5500.  0.00  -2.15263  -1.69419  -1.13402  -0.78520  -0.53206   0.09285   0.20260
   5500.  0.50  -2.15549  -1.70533  -1.15015  -0.80151  -0.54874   0.07865   0.18640
   5500.  1.00  -2.16299  -1.71891  -1.16702  -0.81807  -0.56535   0.06463   0.17114
   5500.  1.50  -2.17596  -1.73536  -1.18478  -0.83488  -0.58186   0.05096   0.15683
   5500.  2.00  -2.19318  -1.75357  -1.20253  -0.85123  -0.59763   0.03809   0.14373
   5500.  2.50  -2.21266  -1.77177  -1.21873  -0.86581  -0.61145   0.02715   0.13282
   5500.  3.00  -2.23172  -1.78740  -1.23110  -0.87649  -0.62130   0.01966   0.12543
   5500.  3.50  -2.24837  -1.79833  -1.23729  -0.88086  -0.62471   0.01818   0.12392
   5500.  4.00  -2.26238  -1.80433  -1.23694  -0.87816  -0.62071   0.02357   0.12919
   5500.  4.50  -2.27489  -1.80719  -1.23220  -0.87023  -0.61102   0.03505   0.14043
   5500.  5.00  -2.28577  -1.80849  -1.22588  -0.86021  -0.59902   0.04929   0.15444
   5750.  0.00  -1.98688  -1.58053  -1.07066  -0.75748  -0.52318   0.05534   0.16233
   5750.  0.50  -2.00381  -1.59986  -1.08994  -0.77381  -0.53813   0.04603   0.14992
   5750.  1.00  -2.02344  -1.62083  -1.11002  -0.79097  -0.55388   0.03547   0.13720
   5750.  1.50  -2.04701  -1.64418  -1.13130  -0.80913  -0.57049   0.02398   0.12434
   5750.  2.00  -2.07355  -1.66916  -1.15323  -0.82783  -0.58755   0.01185   0.11153
   5750.  2.50  -2.10125  -1.69413  -1.17451  -0.84596  -0.60408   0.00000   0.09945
   5750.  3.00  -2.12796  -1.71699  -1.19302  -0.86152  -0.61810  -0.01003   0.08947
   5750.  3.50  -2.15089  -1.73493  -1.20612  -0.87190  -0.62705  -0.01571   0.08392
   5750.  4.00  -2.16856  -1.74644  -1.21215  -0.87547  -0.62926  -0.01551   0.08417
   5750.  4.50  -2.18192  -1.75188  -1.21094  -0.87144  -0.62363  -0.00780   0.09172
   5750.  5.00  -2.19262  -1.75385  -1.20558  -0.86269  -0.61298   0.00504   0.10439
   6000.  0.00  -1.84470  -1.48470  -1.02130  -0.74062  -0.52456   0.00986   0.11611
   6000.  0.50  -1.87329  -1.50922  -1.04045  -0.75441  -0.53539   0.00700   0.10889
   6000.  1.00  -1.90225  -1.53523  -1.06175  -0.77062  -0.54882   0.00111   0.09961
   6000.  1.50  -1.93399  -1.56353  -1.08493  -0.78882  -0.56431  -0.00713   0.08900
   6000.  2.00  -1.96833  -1.59375  -1.10961  -0.80864  -0.58148  -0.01738   0.07727
   6000.  2.50  -2.00358  -1.62449  -1.13466  -0.82908  -0.59941  -0.02880   0.06510
   6000.  3.00  -2.03786  -1.65383  -1.15818  -0.84834  -0.61635  -0.03996   0.05375
   6000.  3.50  -2.06809  -1.67902  -1.17784  -0.86435  -0.63039  -0.04911   0.04469
   6000.  4.00  -2.09214  -1.69763  -1.19091  -0.87429  -0.63858  -0.05361   0.04037
   6000.  4.50  -2.10936  -1.70843  -1.19562  -0.87604  -0.63866  -0.05095   0.04311
   6000.  5.00  -2.12127  -1.71302  -1.19365  -0.87103  -0.63189  -0.04157   0.05240
   6250.  0.50  -1.75745  -1.43043  -1.00109  -0.74322  -0.54065  -0.03864   0.06292
   6250.  1.00  -1.79465  -1.45949  -1.02105  -0.75640  -0.54980  -0.03859   0.05826
   6250.  1.50  -1.83278  -1.49105  -1.04460  -0.77341  -0.56299  -0.04263   0.05059
   6250.  2.00  -1.87326  -1.52508  -1.07074  -0.79324  -0.57919  -0.04996   0.04072
   6250.  2.50  -1.91499  -1.56047  -1.09840  -0.81495  -0.59748  -0.05984   0.02934
   6250.  3.00  -1.95608  -1.59535  -1.12587  -0.83689  -0.61629  -0.07103   0.01744
   6250.  3.50  -1.99376  -1.62711  -1.15075  -0.85698  -0.63369  -0.08186   0.00647
   6250.  4.00  -2.02540  -1.65307  -1.17028  -0.87241  -0.64679  -0.08957  -0.00107
   6250.  4.50  -2.04902  -1.67117  -1.18248  -0.88120  -0.65365  -0.09240  -0.00365
   6250.  5.00  -2.06492  -1.68090  -1.18603  -0.88166  -0.65231  -0.08805   0.00084
   6500.  0.50  -1.64989  -1.36181  -0.97385  -0.74252  -0.55643  -0.09215   0.01026
   6500.  1.00  -1.69662  -1.39238  -0.98865  -0.74923  -0.55783  -0.08440   0.01220
   6500.  1.50  -1.74122  -1.42591  -1.01026  -0.76299  -0.56670  -0.08290   0.00873
   6500.  2.00  -1.78655  -1.46243  -1.03649  -0.78168  -0.58080  -0.08635   0.00150
   6500.  2.50  -1.83340  -1.50116  -1.06554  -0.80359  -0.59840  -0.09369  -0.00838
   6500.  3.00  -1.88031  -1.54045  -1.09574  -0.82708  -0.61794  -0.10371  -0.01986
   6500.  3.50  -1.92467  -1.57783  -1.12479  -0.85018  -0.63758  -0.11489  -0.03163
   6500.  4.00  -1.96395  -1.61083  -1.15027  -0.87050  -0.65491  -0.12503  -0.04173
   6500.  4.50  -1.99524  -1.63651  -1.16932  -0.88528  -0.66723  -0.13168  -0.04810
   6500.  5.00  -2.01752  -1.65321  -1.17971  -0.89212  -0.67196  -0.13220  -0.04829
   6750.  0.50  -1.56696  -1.30722  -0.95193  -0.74437  -0.57356  -0.14598  -0.04219
   6750.  1.00  -1.60424  -1.33353  -0.96708  -0.75161  -0.57552  -0.13730  -0.04001
   6750.  1.50  -1.65663  -1.36792  -0.98340  -0.75912  -0.57702  -0.12877  -0.03755
   6750.  2.00  -1.70734  -1.40581  -1.00737  -0.77453  -0.58689  -0.12704  -0.04090
   6750.  2.50  -1.75831  -1.44653  -1.03632  -0.79527  -0.60247  -0.13076  -0.04841
   6750.  3.00  -1.80978  -1.48896  -1.06796  -0.81918  -0.62161  -0.13847  -0.05856
   6750.  3.50  -1.85978  -1.53090  -1.10014  -0.84431  -0.64249  -0.14893  -0.07024
   6750.  4.00  -1.90594  -1.56987  -1.13027  -0.86818  -0.66262  -0.15993  -0.08160
   6750.  4.50  -1.94513  -1.60275  -1.15531  -0.88791  -0.67921  -0.16905  -0.09051
   6750.  5.00  -1.97498  -1.62722  -1.17304  -0.90134  -0.69011  -0.17410  -0.09506
   7000.  0.50  -1.50944  -1.26882  -0.93682  -0.74878  -0.59082  -0.19709  -0.09225
   7000.  1.00  -1.53435  -1.28828  -0.95099  -0.75674  -0.59465  -0.19014  -0.09171
   7000.  1.50  -1.57667  -1.31744  -0.96687  -0.76440  -0.59658  -0.18112  -0.08951
   7000.  2.00  -1.63401  -1.35548  -0.98521  -0.77343  -0.59908  -0.17279  -0.08740
   7000.  2.50  -1.68938  -1.39714  -1.01178  -0.79095  -0.61058  -0.17155  -0.09122
   7000.  3.00  -1.74445  -1.44139  -1.04336  -0.81391  -0.62799  -0.17596  -0.09919
   7000.  3.50  -1.79897  -1.48658  -1.07724  -0.83979  -0.64885  -0.18452  -0.10989
   7000.  4.00  -1.85089  -1.53033  -1.11078  -0.86603  -0.67059  -0.19521  -0.12150
   7000.  4.50  -1.89729  -1.56964  -1.14099  -0.88988  -0.69057  -0.20571  -0.13199
   7000.  5.00  -1.93504  -1.60163  -1.16533  -0.90899  -0.70654  -0.21400  -0.13978
   7250.  0.50  -1.47829  -1.24848  -0.93068  -0.75740  -0.60930  -0.24468  -0.14014
   7250.  1.00  -1.48729  -1.25831  -0.94205  -0.76520  -0.61480  -0.24132  -0.14207
   7250.  1.50  -1.51773  -1.28013  -0.95599  -0.77272  -0.61782  -0.23369  -0.14143
   7250.  2.00  -1.56504  -1.31242  -0.97312  -0.78131  -0.62026  -0.22462  -0.13934
   7250.  2.50  -1.62573  -1.35364  -0.99384  -0.79247  -0.62456  -0.21715  -0.13801
   7250.  3.00  -1.68444  -1.39847  -1.02300  -0.81231  -0.63808  -0.21692  -0.14258
   7250.  3.50  -1.74242  -1.44542  -1.05683  -0.83729  -0.65729  -0.22228  -0.15117
   7250.  4.00  -1.79902  -1.49267  -1.09242  -0.86470  -0.67946  -0.23151  -0.16201
   7250.  4.50  -1.85154  -1.53727  -1.12661  -0.89153  -0.70169  -0.24222  -0.17313
   7250.  5.00  -1.89671  -1.57599  -1.15654  -0.91523  -0.72155  -0.25247  -0.18301
   7500.  0.50  -1.49043  -1.25691  -0.93688  -0.77022  -0.62604  -0.28299  -0.18178
   7500.  1.00  -1.46194  -1.24500  -0.94352  -0.78001  -0.63880  -0.29139  -0.19229
   7500.  1.50  -1.48101  -1.25874  -0.95348  -0.78559  -0.64123  -0.28515  -0.19244
   7500.  2.00  -1.51620  -1.28321  -0.96813  -0.79364  -0.64445  -0.27741  -0.19191
   7500.  2.50  -1.56707  -1.31794  -0.98640  -0.80331  -0.64778  -0.26889  -0.19028
   7500.  3.00  -1.62982  -1.36135  -1.00895  -0.81624  -0.65366  -0.26229  -0.18967
   7500.  3.50  -1.69091  -1.40876  -1.04047  -0.83826  -0.66917  -0.26313  -0.19482
   7500.  4.00  -1.75080  -1.45787  -1.07627  -0.86515  -0.69014  -0.26961  -0.20386
   7500.  4.50  -1.80819  -1.50619  -1.11288  -0.89355  -0.71324  -0.27929  -0.21460
   7500.  5.00  -1.85989  -1.55057  -1.14717  -0.92068  -0.73584  -0.29029  -0.22548
   7750.  1.00  -1.46276  -1.25155  -0.95705  -0.80210  -0.66676  -0.33924  -0.24189
   7750.  1.50  -1.46371  -1.25327  -0.96208  -0.80601  -0.66996  -0.33714  -0.24471
   7750.  2.00  -1.48941  -1.27013  -0.97203  -0.81117  -0.67147  -0.32986  -0.24443
   7750.  2.50  -1.52835  -1.29673  -0.98729  -0.81981  -0.67513  -0.32229  -0.24411
   7750.  3.00  -1.58170  -1.33314  -1.00608  -0.83007  -0.67891  -0.31400  -0.24241
   7750.  3.50  -1.64485  -1.37787  -1.03029  -0.84471  -0.68648  -0.30831  -0.24219
   7750.  4.00  -1.70723  -1.42704  -1.06364  -0.86856  -0.70373  -0.31025  -0.24777
   7750.  4.50  -1.76796  -1.47746  -1.10085  -0.89689  -0.72611  -0.31770  -0.25705
   7750.  5.00  -1.82491  -1.52609  -1.13810  -0.92615  -0.75016  -0.32822  -0.26781
   8000.  1.00  -1.49632  -1.28291  -0.98535  -0.83267  -0.69857  -0.38317  -0.29001
   8000.  1.50  -1.46609  -1.26369  -0.98167  -0.83401  -0.70397  -0.38937  -0.29831
   8000.  2.00  -1.47962  -1.27157  -0.98680  -0.83666  -0.70462  -0.38404  -0.29913
   8000.  2.50  -1.51016  -1.29131  -0.99765  -0.84248  -0.70647  -0.37652  -0.29876
   8000.  3.00  -1.55186  -1.31966  -1.01348  -0.85167  -0.71053  -0.36901  -0.29822
   8000.  3.50  -1.60695  -1.35698  -1.03185  -0.86154  -0.71381  -0.36027  -0.29569
   8000.  4.00  -1.66947  -1.40227  -1.05729  -0.87754  -0.72277  -0.35527  -0.29553
   8000.  4.50  -1.73199  -1.45250  -1.09219  -0.90308  -0.74177  -0.35851  -0.30142
   8000.  5.00  -1.79255  -1.50354  -1.13036  -0.93260  -0.76544  -0.36709  -0.31085
   8250.  1.00  -1.56421  -1.34394  -1.03590  -0.87820  -0.74009  -0.42569  -0.34050
   8250.  1.50  -1.48873  -1.29058  -1.01248  -0.86954  -0.74284  -0.44074  -0.35202
   8250.  2.00  -1.48676  -1.28752  -1.01224  -0.86971  -0.74325  -0.43870  -0.35487
   8250.  2.50  -1.50810  -1.29975  -1.01831  -0.87257  -0.74339  -0.43213  -0.35515
   8250.  3.00  -1.54220  -1.32145  -1.02950  -0.87865  -0.74532  -0.42445  -0.35462
   8250.  3.50  -1.58588  -1.35092  -1.04536  -0.88800  -0.74948  -0.41694  -0.35367
   8250.  4.00  -1.64112  -1.38806  -1.06254  -0.89689  -0.75180  -0.40742  -0.34961
   8250.  4.50  -1.70199  -1.43356  -1.08952  -0.91457  -0.76256  -0.40345  -0.34940
   8250.  5.00  -1.76403  -1.48429  -1.12551  -0.94147  -0.78308  -0.40799  -0.35563
   8500.  1.50  -1.53010  -1.33290  -1.05442  -0.91278  -0.78692  -0.49222  -0.40733
   8500.  2.00  -1.50911  -1.31593  -1.04659  -0.90910  -0.78635  -0.49387  -0.41191
   8500.  2.50  -1.52016  -1.32019  -1.04795  -0.90925  -0.78529  -0.48886  -0.41310
   8500.  3.00  -1.54650  -1.33533  -1.05475  -0.91255  -0.78552  -0.48169  -0.41289
   8500.  3.50  -1.58279  -1.35849  -1.06641  -0.91913  -0.78787  -0.47401  -0.41189
   8500.  4.00  -1.62785  -1.38873  -1.08178  -0.92798  -0.79143  -0.46592  -0.40958
   8500.  4.50  -1.68182  -1.42497  -1.09759  -0.93560  -0.79248  -0.45501  -0.40342
   8500.  5.00  -1.74133  -1.47078  -1.12618  -0.95520  -0.80540  -0.45267  -0.40377
   8750.  1.50  -1.58279  -1.38594  -1.10597  -0.96385  -0.83757  -0.54592  -0.46570
   8750.  2.00  -1.54335  -1.35463  -1.08902  -0.95466  -0.83430  -0.55009  -0.47039
   8750.  2.50  -1.54341  -1.35077  -1.08579  -0.95225  -0.83223  -0.54693  -0.47240
   8750.  3.00  -1.56195  -1.35958  -1.08849  -0.95291  -0.83088  -0.54049  -0.47266
   8750.  3.50  -1.59184  -1.37688  -1.09581  -0.95651  -0.83114  -0.53283  -0.47187
   8750.  4.00  -1.63013  -1.40120  -1.10740  -0.96302  -0.83331  -0.52472  -0.46994
   8750.  4.50  -1.67663  -1.43164  -1.12081  -0.96981  -0.83456  -0.51463  -0.46489
   8750.  5.00  -1.72811  -1.46677  -1.13626  -0.97736  -0.83577  -0.50350  -0.45737
   9000.  1.50  -1.63950  -1.44330  -1.16241  -1.01956  -0.89274  -0.60281  -0.52767
   9000.  2.00  -1.58676  -1.40107  -1.13753  -1.00493  -0.88590  -0.60756  -0.53069
   9000.  2.50  -1.57687  -1.38987  -1.13004  -1.00008  -0.88284  -0.60608  -0.53320
   9000.  3.00  -1.58766  -1.39260  -1.12899  -0.99841  -0.88024  -0.60057  -0.53398
   9000.  3.50  -1.61117  -1.40432  -1.13234  -0.99931  -0.87868  -0.59304  -0.53333
   9000.  4.00  -1.64372  -1.42322  -1.13984  -1.00301  -0.87887  -0.58472  -0.53138
   9000.  4.50  -1.68399  -1.44889  -1.15139  -1.00938  -0.88074  -0.57593  -0.52770
   9000.  5.00  -1.72871  -1.47731  -1.16110  -1.01237  -0.87801  -0.56234  -0.51815
   9250.  2.00  -1.63485  -1.45156  -1.18957  -1.05812  -0.93998  -0.66607  -0.59237
   9250.  2.50  -1.61747  -1.43480  -1.17871  -1.05132  -0.93611  -0.66605  -0.59517
   9250.  3.00  -1.62171  -1.43264  -1.17477  -1.04794  -0.93272  -0.66150  -0.59628
   9250.  3.50  -1.63905  -1.43939  -1.17490  -1.04670  -0.92983  -0.65426  -0.59563
   9250.  4.00  -1.66566  -1.45310  -1.17867  -1.04774  -0.92812  -0.64574  -0.59347
   9250.  4.50  -1.70037  -1.47363  -1.18646  -1.05154  -0.92818  -0.63672  -0.58992
   9250.  5.00  -1.74120  -1.49932  -1.19637  -1.05615  -0.92809  -0.62604  -0.58347
   9500.  2.00  -1.68462  -1.50360  -1.24313  -1.11269  -0.99534  -0.72506  -0.65457
   9500.  2.50  -1.66224  -1.48324  -1.23019  -1.10477  -0.99113  -0.72623  -0.65746
   9500.  3.00  -1.66144  -1.47762  -1.22449  -1.10052  -0.98761  -0.72295  -0.65902
   9500.  3.50  -1.67356  -1.48045  -1.22229  -1.09781  -0.98395  -0.71638  -0.65866
   9500.  4.00  -1.69484  -1.48955  -1.22277  -1.09650  -0.98055  -0.70776  -0.65649
   9500.  4.50  -1.72431  -1.50503  -1.22662  -1.09745  -0.97850  -0.69831  -0.65284
   9500.  5.00  -1.76112  -1.52685  -1.23399  -1.10073  -0.97784  -0.68822  -0.64728
   9750.  2.00  -1.73464  -1.55579  -1.29696  -1.16755  -1.05102  -0.78414  -0.71679
   9750.  2.50  -1.70927  -1.53336  -1.28288  -1.15909  -1.04675  -0.78632  -0.71984
   9750.  3.00  -1.70494  -1.52546  -1.27617  -1.15449  -1.04345  -0.78437  -0.72197
   9750.  3.50  -1.71309  -1.52548  -1.27249  -1.15100  -1.03956  -0.77877  -0.72218
   9750.  4.00  -1.73008  -1.53109  -1.27066  -1.14813  -1.03518  -0.77040  -0.72023
   9750.  4.50  -1.75475  -1.54220  -1.27126  -1.14668  -1.03131  -0.76054  -0.71631
   9750.  5.00  -1.78685  -1.55943  -1.27507  -1.14747  -1.02890  -0.75015  -0.71066
  10000.  2.00  -1.78436  -1.60763  -1.35054  -1.22223  -1.10656  -0.84299  -0.77862
  10000.  2.50  -1.75726  -1.58410  -1.33596  -1.21363  -1.10247  -0.84605  -0.78191
  10000.  3.00  -1.75066  -1.57484  -1.32877  -1.20905  -1.09959  -0.84540  -0.78467
  10000.  3.50  -1.75589  -1.57296  -1.32430  -1.20531  -1.09591  -0.84091  -0.78557
  10000.  4.00  -1.76952  -1.57608  -1.32107  -1.20163  -1.09119  -0.83319  -0.78402
  10000.  4.50  -1.79020  -1.58386  -1.31944  -1.19861  -1.08625  -0.82332  -0.78001
  10000.  5.00  -1.81759  -1.59684  -1.32010  -1.19705  -1.08206  -0.81241  -0.77396
  10250.  2.00  -1.83349  -1.65886  -1.40358  -1.27641  -1.16165  -0.90134  -0.83976
  10250.  2.50  -1.80552  -1.63487  -1.38892  -1.26797  -1.15792  -0.90521  -0.84341
  10250.  3.00  -1.79755  -1.62496  -1.38176  -1.26374  -1.15568  -0.90576  -0.84678
  10250.  3.50  -1.80072  -1.62193  -1.37701  -1.26012  -1.15247  -0.90244  -0.84832
  10250.  4.00  -1.81168  -1.62333  -1.37311  -1.25622  -1.14792  -0.89563  -0.84731
  10250.  4.50  -1.82917  -1.62870  -1.37011  -1.25235  -1.14254  -0.88620  -0.84363
  10250.  5.00  -1.85237  -1.63804  -1.36819  -1.24883  -1.13684  -0.87487  -0.83737
  10500.  2.00  -1.88203  -1.70946  -1.45604  -1.33006  -1.21623  -0.95911  -0.90012
  10500.  2.50  -1.85358  -1.68528  -1.44147  -1.32186  -1.21288  -0.96371  -0.90419
  10500.  3.00  -1.84489  -1.67517  -1.43456  -1.31810  -1.21132  -0.96532  -0.90816
  10500.  3.50  -1.84675  -1.67156  -1.42990  -1.31486  -1.20875  -0.96315  -0.91034
  10500.  4.00  -1.85572  -1.67181  -1.42572  -1.31104  -1.20459  -0.95736  -0.90997
  10500.  4.50  -1.87075  -1.67548  -1.42191  -1.30675  -1.19913  -0.94859  -0.90685
  10500.  5.00  -1.89081  -1.68214  -1.41819  -1.30196  -1.19254  -0.93729  -0.90074
  10750.  2.00  -1.93005  -1.75951  -1.50795  -1.38317  -1.27029  -1.01628  -0.95968
  10750.  2.50  -1.90133  -1.73528  -1.49355  -1.37526  -1.26734  -1.02150  -0.96417
  10750.  3.00  -1.89238  -1.72528  -1.48707  -1.37205  -1.26645  -1.02406  -0.96873
  10750.  3.50  -1.89336  -1.72144  -1.48273  -1.36933  -1.26460  -1.02296  -0.97150
  10750.  4.00  -1.90090  -1.72101  -1.47857  -1.36580  -1.26097  -1.01821  -0.97178
  10750.  4.50  -1.91386  -1.72339  -1.47433  -1.36143  -1.25574  -1.01029  -0.96932
  10750.  5.00  -1.93140  -1.72808  -1.46952  -1.35598  -1.24881  -0.99939  -0.96361
  11000.  2.00  -1.97748  -1.80894  -1.55925  -1.43571  -1.32379  -1.07283  -1.01847
  11000.  2.50  -1.94859  -1.78474  -1.54506  -1.42807  -1.32120  -1.07860  -1.02335
  11000.  3.00  -1.93959  -1.77496  -1.53904  -1.42540  -1.32094  -1.08198  -1.02845
  11000.  3.50  -1.94017  -1.77116  -1.53511  -1.42324  -1.31978  -1.08186  -1.03181
  11000.  4.00  -1.94665  -1.77031  -1.53113  -1.42008  -1.31672  -1.07807  -1.03270
  11000.  4.50  -1.95819  -1.77192  -1.52679  -1.41589  -1.31189  -1.07106  -1.03093
  11000.  5.00  -1.97382  -1.77528  -1.52143  -1.41020  -1.30501  -1.06082  -1.02576
  11250.  2.00  -2.02443  -1.85785  -1.61003  -1.48771  -1.37676  -1.12877  -1.07648
  11250.  2.50  -1.99537  -1.83365  -1.59600  -1.48030  -1.37447  -1.13500  -1.08170
  11250.  3.00  -1.98651  -1.82422  -1.59049  -1.47820  -1.37482  -1.13911  -1.08733
  11250.  3.50  -1.98692  -1.82058  -1.58703  -1.47658  -1.37431  -1.13983  -1.09122
  11250.  4.00  -1.99270  -1.81958  -1.58335  -1.47387  -1.37184  -1.13694  -1.09265
  11250.  4.50  -2.00315  -1.82073  -1.57914  -1.46999  -1.36752  -1.13084  -1.09150
  11250.  5.00  -2.01712  -1.82312  -1.57360  -1.46440  -1.36098  -1.12144  -1.08698
  11500.  2.00  -2.07084  -1.90619  -1.66022  -1.53912  -1.42913  -1.18407  -1.13372
  11500.  2.50  -2.04163  -1.88198  -1.64635  -1.53193  -1.42712  -1.19070  -1.13924
  11500.  3.00  -2.03296  -1.87291  -1.64132  -1.53033  -1.42803  -1.19545  -1.14535
  11500.  3.50  -2.03339  -1.86955  -1.63833  -1.52925  -1.42812  -1.19691  -1.14973
  11500.  4.00  -2.03877  -1.86858  -1.63503  -1.52701  -1.42622  -1.19481  -1.15163
  11500.  4.50  -2.04847  -1.86951  -1.63110  -1.52356  -1.42247  -1.18959  -1.15104
  11500.  5.00  -2.06104  -1.87120  -1.62558  -1.51819  -1.41637  -1.18102  -1.14713
  11750.  2.00  -2.11670  -1.95393  -1.70981  -1.58994  -1.48091  -1.23874  -1.19020
  11750.  2.50  -2.08736  -1.92974  -1.69610  -1.58295  -1.47917  -1.24572  -1.19600
  11750.  3.00  -2.07893  -1.92104  -1.69155  -1.58184  -1.48059  -1.25104  -1.20255
  11750.  3.50  -2.07953  -1.91805  -1.68905  -1.58127  -1.48122  -1.25314  -1.20737
  11750.  4.00  -2.08465  -1.91716  -1.68612  -1.57947  -1.47985  -1.25173  -1.20969
  11750.  4.50  -2.09378  -1.91802  -1.68253  -1.57646  -1.47666  -1.24728  -1.20956
  11750.  5.00  -2.10522  -1.91923  -1.67716  -1.57141  -1.47104  -1.23954  -1.20625
  12000.  2.50  -2.13256  -1.97692  -1.74524  -1.63335  -1.53058  -1.30003  -1.25195
  12000.  3.00  -2.12446  -1.96865  -1.74118  -1.63272  -1.53250  -1.30587  -1.25891
  12000.  3.50  -2.12529  -1.96604  -1.73917  -1.63265  -1.53365  -1.30856  -1.26415
  12000.  4.00  -2.13028  -1.96527  -1.73657  -1.63124  -1.53273  -1.30776  -1.26687
  12000.  4.50  -2.13910  -1.96619  -1.73332  -1.62863  -1.53001  -1.30397  -1.26712
  12000.  5.00  -2.14959  -1.96702  -1.72813  -1.62390  -1.52486  -1.29699  -1.26437
  12250.  2.50  -2.17714  -2.02345  -1.79372  -1.68309  -1.58133  -1.35364  -1.30710
  12250.  3.00  -2.16940  -2.01562  -1.79016  -1.68295  -1.58375  -1.35998  -1.31447
  12250.  3.50  -2.17053  -2.01344  -1.78865  -1.68336  -1.58540  -1.36318  -1.32009
  12250.  4.00  -2.17551  -2.01289  -1.78643  -1.68235  -1.58490  -1.36290  -1.32312
  12250.  4.50  -2.18409  -2.01389  -1.78350  -1.68010  -1.58260  -1.35968  -1.32373
  12250.  5.00  -2.19387  -2.01451  -1.77857  -1.67572  -1.57791  -1.35339  -1.32143
  12500.  2.50  -2.22115  -2.06937  -1.84156  -1.73218  -1.63144  -1.40654  -1.36145
  12500.  3.00  -2.21375  -2.06198  -1.83850  -1.73252  -1.63433  -1.41335  -1.36921
  12500.  3.50  -2.21523  -2.06022  -1.83745  -1.73337  -1.63641  -1.41700  -1.37518
  12500.  4.00  -2.22030  -2.05992  -1.83558  -1.73272  -1.63629  -1.41716  -1.37850
  12500.  4.50  -2.22874  -2.06102  -1.83295  -1.73079  -1.63437  -1.41445  -1.37943
  12500.  5.00  -2.23805  -2.06156  -1.82826  -1.72673  -1.63007  -1.40874  -1.37750
  12750.  2.50  -2.26460  -2.11468  -1.88875  -1.78058  -1.68084  -1.45868  -1.41498
  12750.  3.00  -2.25758  -2.10774  -1.88620  -1.78143  -1.68425  -1.46596  -1.42314
  12750.  3.50  -2.25937  -2.10637  -1.88558  -1.78269  -1.68672  -1.47002  -1.42941
  12750.  4.00  -2.26458  -2.10636  -1.88409  -1.78240  -1.68697  -1.47059  -1.43301
  12750.  4.50  -2.27295  -2.10761  -1.88177  -1.78080  -1.68540  -1.46832  -1.43421
  12750.  5.00  -2.28184  -2.10814  -1.87738  -1.77708  -1.68151  -1.46316  -1.43260
  13000.  2.50  -2.30739  -2.15928  -1.93520  -1.82825  -1.72949  -1.51004  -1.46767
  13000.  3.00  -2.30079  -2.15285  -1.93323  -1.82966  -1.73347  -1.51786  -1.47629
  13000.  3.50  -2.30293  -2.15190  -1.93304  -1.83133  -1.73633  -1.52230  -1.48286
  13000.  4.00  -2.30832  -2.15218  -1.93191  -1.83138  -1.73693  -1.52324  -1.48671
  13000.  4.50  -2.31673  -2.15363  -1.92988  -1.83007  -1.73565  -1.52134  -1.48815
  13000.  5.00  -2.32537  -2.15417  -1.92573  -1.82661  -1.73207  -1.51659  -1.48678
  14000.  2.00  -2.50552  -2.35709  -2.12686  -2.01659  -1.91517  -1.69577  -1.65991
  14000.  2.50  -2.47240  -2.33109  -2.11399  -2.01166  -1.91667  -1.70753  -1.66990
  14000.  3.00  -2.46766  -2.32685  -2.11451  -2.01558  -1.92321  -1.71779  -1.68072
  14000.  3.50  -2.47137  -2.32774  -2.11629  -2.01910  -1.92789  -1.72388  -1.68862
  14000.  4.00  -2.47769  -2.32927  -2.11655  -2.02044  -1.92975  -1.72606  -1.69336
  14000.  4.50  -2.48615  -2.33132  -2.11546  -2.02004  -1.92940  -1.72525  -1.69547
  14000.  5.00  -2.49455  -2.33231  -2.11223  -2.01749  -1.92678  -1.72176  -1.69490
  15000.  2.50  -2.62772  -2.49249  -2.28157  -2.18340  -2.09181  -1.89202  -1.85848
  15000.  3.00  -2.62467  -2.49038  -2.28472  -2.19009  -2.10131  -1.90531  -1.87207
  15000.  3.50  -2.63037  -2.49348  -2.28885  -2.19588  -2.10824  -1.91348  -1.88181
  15000.  4.00  -2.63799  -2.49655  -2.29073  -2.19874  -2.11155  -1.91700  -1.88762
  15000.  4.50  -2.64690  -2.49939  -2.29064  -2.19925  -2.11209  -1.91711  -1.89037
  15000.  5.00  -2.65548  -2.50095  -2.28817  -2.19739  -2.11014  -1.91438  -1.89029
  16000.  2.50  -2.77399  -2.64418  -2.43863  -2.34406  -2.25545  -2.06396  -2.03402
  16000.  3.00  -2.77226  -2.64388  -2.44429  -2.35357  -2.26807  -2.08070  -2.05085
  16000.  3.50  -2.77994  -2.64925  -2.45093  -2.36188  -2.27757  -2.09138  -2.06286
  16000.  4.00  -2.78910  -2.65408  -2.45469  -2.36655  -2.28266  -2.09653  -2.07004
  16000.  4.50  -2.79881  -2.65799  -2.45580  -2.36819  -2.28431  -2.09770  -2.07359
  16000.  5.00  -2.80776  -2.66024  -2.45417  -2.36708  -2.28307  -2.09570  -2.07400
  17000.  2.50  -2.91211  -2.78716  -2.58625  -2.49475  -2.40870  -2.22440  -2.19766
  17000.  3.00  -2.91103  -2.78804  -2.59388  -2.50665  -2.42410  -2.24453  -2.21772
  17000.  3.50  -2.92071  -2.79568  -2.60309  -2.51763  -2.43637  -2.25804  -2.23233
  17000.  4.00  -2.93151  -2.80239  -2.60888  -2.52430  -2.44349  -2.26517  -2.24126
  17000.  4.50  -2.94215  -2.80750  -2.61136  -2.52728  -2.44647  -2.26760  -2.24582
  17000.  5.00  -2.95176  -2.81066  -2.61075  -2.52710  -2.44613  -2.26645  -2.24686
  18000.  2.50  -3.04284  -2.92225  -2.72539  -2.63651  -2.55266  -2.37464  -2.35074
  18000.  3.00  -3.04182  -2.92377  -2.73449  -2.65035  -2.57044  -2.39783  -2.37374
  18000.  3.50  -3.05329  -2.93348  -2.74609  -2.66386  -2.58538  -2.41418  -2.39101
  18000.  4.00  -3.06575  -2.94206  -2.75394  -2.67262  -2.59464  -2.42349  -2.40191
  18000.  4.50  -3.07743  -2.94846  -2.75789  -2.67707  -2.59911  -2.42741  -2.40773
  18000.  5.00  -3.08775  -2.95259  -2.75840  -2.67796  -2.59983  -2.42730  -2.40962
  19000.  2.50  -3.16658  -3.04996  -2.85664  -2.77005  -2.68814  -2.51565  -2.49427
  19000.  3.00  -3.16525  -3.05179  -2.86697  -2.78559  -2.70808  -2.54182  -2.52015
  19000.  3.50  -3.17838  -3.06341  -2.88078  -2.80142  -2.72546  -2.56073  -2.53984
  19000.  4.00  -3.19242  -3.07377  -2.89059  -2.81221  -2.73681  -2.57219  -2.55272
  19000.  4.50  -3.20519  -3.08150  -2.89606  -2.81821  -2.74288  -2.57778  -2.56002
  19000.  5.00  -3.21628  -3.08663  -2.89770  -2.82024  -2.74475  -2.57883  -2.56288
  20000.  3.00  -3.28192  -3.17274  -2.99208  -2.91328  -2.83800  -2.67764  -2.65812
  20000.  3.50  -3.29671  -3.18624  -3.00801  -2.93131  -2.85767  -2.69893  -2.68009
  20000.  4.00  -3.31219  -3.19827  -3.01965  -2.94394  -2.87090  -2.71230  -2.69471
  20000.  4.50  -3.32600  -3.20725  -3.02655  -2.95141  -2.87849  -2.71944  -2.70341
  20000.  5.00  -3.33777  -3.21331  -3.02929  -2.95456  -2.88152  -2.72170  -2.70733
  21000.  3.00  -3.39188  -3.28673  -3.10997  -3.03360  -2.96042  -2.80554  -2.78798
  21000.  3.50  -3.40874  -3.30252  -3.12844  -3.05422  -2.98277  -2.82965  -2.81266
  21000.  4.00  -3.42568  -3.31620  -3.14185  -3.06863  -2.99778  -2.84478  -2.82890
  21000.  4.50  -3.44046  -3.32636  -3.15007  -3.07742  -3.00673  -2.85327  -2.83882
  21000.  5.00  -3.45282  -3.33324  -3.15380  -3.08156  -3.01080  -2.85663  -2.84370
  22000.  3.00  -3.49504  -3.39370  -3.22063  -3.14653  -3.07534  -2.92560  -2.90982
  22000.  3.50  -3.51474  -3.41253  -3.24240  -3.17056  -3.10120  -2.95340  -2.93810
  22000.  4.00  -3.53335  -3.42804  -3.25776  -3.18688  -3.11814  -2.97046  -2.95615
  22000.  4.50  -3.54908  -3.43936  -3.26725  -3.19692  -3.12833  -2.98018  -2.96716
  22000.  5.00  -3.56198  -3.44701  -3.27188  -3.20197  -3.13333  -2.98444  -2.97282
  23000.  3.00  -3.59087  -3.49319  -3.32362  -3.25170  -3.18243  -3.03755  -3.02340
  23000.  3.50  -3.61469  -3.51632  -3.34997  -3.28038  -3.21303  -3.07026  -3.05651
  23000.  4.00  -3.63542  -3.53407  -3.36766  -3.29903  -3.23230  -3.08969  -3.07685
  23000.  4.50  -3.65231  -3.54673  -3.37860  -3.31048  -3.24390  -3.10083  -3.08916
  23000.  5.00  -3.66568  -3.55509  -3.38407  -3.31636  -3.24973  -3.10590  -3.09550
  24000.  3.00  -3.67812  -3.58390  -3.41764  -3.34782  -3.28038  -3.14031  -3.12771
  24000.  3.50  -3.70847  -3.61380  -3.45108  -3.38367  -3.31826  -3.18032  -3.16801
  24000.  4.00  -3.73191  -3.63436  -3.47167  -3.40520  -3.34042  -3.20264  -3.19116
  24000.  4.50  -3.75017  -3.64856  -3.48422  -3.41823  -3.35358  -3.21537  -3.20496
  24000.  5.00  -3.76419  -3.65775  -3.49067  -3.42506  -3.36037  -3.22144  -3.21218
  25000.  3.00  -3.75442  -3.66323  -3.49973  -3.43179  -3.36601  -3.23063  -3.21957
  25000.  3.50  -3.79559  -3.70449  -3.54530  -3.48001  -3.41649  -3.28326  -3.27229
  25000.  4.00  -3.82272  -3.72881  -3.56970  -3.50531  -3.44240  -3.30930  -3.29907
  25000.  4.50  -3.84279  -3.74494  -3.58426  -3.52034  -3.45756  -3.32400  -3.31477
  25000.  5.00  -3.85753  -3.75504  -3.59173  -3.52816  -3.46533  -3.33111  -3.32294
  26000.  3.00  -3.81844  -3.72913  -3.56690  -3.49967  -3.43467  -3.30201  -3.29239
  26000.  3.50  -3.87518  -3.78753  -3.63179  -3.56858  -3.50693  -3.37838  -3.36870
  26000.  4.00  -3.90762  -3.81724  -3.66161  -3.59925  -3.53817  -3.40958  -3.40055
  26000.  4.50  -3.92994  -3.83572  -3.67857  -3.61664  -3.55568  -3.42661  -3.41849
  26000.  5.00  -3.94579  -3.84710  -3.68741  -3.62580  -3.56477  -3.43505  -3.42792
  27000.  3.50  -3.94600  -3.86160  -3.70900  -3.64774  -3.58784  -3.46380  -3.45538
  27000.  4.00  -3.98608  -3.89912  -3.74687  -3.68649  -3.62720  -3.50303  -3.49512
  27000.  4.50  -4.01143  -3.92072  -3.76700  -3.70699  -3.64778  -3.52304  -3.51596
  27000.  5.00  -4.02866  -3.93364  -3.77745  -3.71775  -3.65848  -3.53310  -3.52694
  28000.  3.50  -4.00776  -3.92616  -3.77617  -3.71639  -3.65792  -3.53754  -3.53028
  28000.  4.00  -4.05743  -3.97377  -3.82476  -3.76628  -3.70874  -3.58885  -3.58202
  28000.  4.50  -4.08689  -3.99960  -3.84919  -3.79105  -3.73355  -3.61304  -3.60695
  28000.  5.00  -4.10585  -4.01440  -3.86162  -3.80375  -3.74616  -3.62497  -3.61973
  29000.  3.50  -4.06372  -3.98417  -3.83595  -3.77682  -3.71923  -3.60078  -3.59444
  29000.  4.00  -4.12130  -4.04077  -3.89473  -3.83798  -3.78202  -3.66610  -3.66029
  29000.  4.50  -4.15592  -4.07196  -3.92476  -3.86841  -3.81257  -3.69609  -3.69093
  29000.  5.00  -4.17734  -4.08936  -3.93986  -3.88373  -3.82778  -3.71056  -3.70617
  30000.  3.50  -4.12025  -4.04198  -3.89474  -3.83553  -3.77829  -3.66022  -3.65451
  30000.  4.00  -4.17874  -4.10099  -3.95766  -3.90222  -3.84763  -3.73477  -3.72983
  30000.  4.50  -4.21849  -4.13774  -3.99353  -3.93882  -3.88452  -3.77176  -3.76746
  30000.  5.00  -4.24284  -4.15823  -4.01188  -3.95741  -3.90301  -3.78955  -3.78595
  31000.  3.50  -4.18189  -4.10415  -3.95723  -3.89731  -3.84002  -3.72129  -3.71599
  31000.  4.00  -4.23293  -4.15750  -4.01639  -3.96180  -3.90828  -3.79747  -3.79323
  31000.  4.50  -4.27565  -4.19783  -4.05630  -4.00299  -3.95002  -3.84052  -3.83695
  31000.  5.00  -4.30289  -4.22151  -4.07809  -4.02512  -3.97215  -3.86212  -3.85921
  32000.  4.00  -4.28631  -4.21262  -4.07332  -4.01912  -3.96642  -3.85682  -3.85312
  32000.  4.50  -4.32946  -4.25426  -4.11538  -4.06306  -4.01133  -3.90404  -3.90109
  32000.  5.00  -4.35885  -4.28047  -4.13969  -4.08799  -4.03627  -3.92921  -3.92690
  33000.  4.00  -4.34462  -4.27205  -4.13411  -4.07980  -4.02764  -3.91835  -3.91503
  33000.  4.50  -4.38149  -4.30848  -4.17184  -4.12024  -4.06955  -3.96393  -3.96146
  33000.  5.00  -4.41172  -4.33606  -4.19800  -4.14725  -4.09674  -3.99181  -3.98997
  34000.  4.00  -4.40895  -4.33701  -4.20003  -4.14513  -4.09316  -3.98325  -3.98016
  34000.  4.50  -4.43639  -4.36502  -4.23027  -4.17896  -4.12909  -4.02440  -4.02232
  34000.  5.00  -4.46402  -4.39067  -4.25495  -4.20493  -4.15546  -4.05219  -4.05074
  35000.  4.00  -4.47885  -4.40726  -4.27089  -4.21509  -4.16302  -4.05175  -4.04866
  35000.  4.50  -4.49603  -4.42575  -4.29251  -4.24103  -4.19171  -4.08709  -4.08526
  35000.  5.00  -4.51900  -4.44748  -4.31379  -4.26415  -4.21553  -4.11324  -4.11209
  36000.  4.00  -4.55381  -4.48255  -4.34668  -4.28999  -4.23775  -4.12495  -4.12176
  36000.  4.50  -4.56012  -4.49055  -4.35853  -4.30646  -4.25742  -4.15198  -4.15028
  36000.  5.00  -4.57749  -4.50731  -4.37535  -4.32568  -4.27769  -4.17561  -4.17469
  37000.  4.00  -4.63258  -4.56177  -4.42641  -4.36916  -4.31684  -4.20295  -4.19965
  37000.  4.50  -4.62891  -4.55984  -4.42883  -4.37598  -4.32703  -4.22033  -4.21861
  37000.  5.00  -4.63977  -4.57054  -4.44005  -4.38998  -4.34242  -4.23980  -4.23902
  38000.  4.00  -4.71338  -4.64311  -4.50833  -4.45086  -4.39863  -4.28433  -4.28101
  38000.  4.50  -4.70184  -4.63325  -4.50315  -4.44960  -4.40072  -4.29272  -4.29093
  38000.  5.00  -4.70605  -4.63751  -4.50834  -4.45765  -4.41037  -4.30671  -4.30596
  39000.  4.00  -4.79459  -4.72491  -4.59074  -4.53334  -4.48129  -4.36715  -4.36388
  39000.  4.50  -4.77773  -4.70966  -4.58045  -4.52644  -4.47769  -4.36881  -4.36697
  39000.  5.00  -4.77601  -4.70805  -4.58009  -4.52876  -4.48171  -4.37687  -4.37610
  40000.  4.50  -4.85517  -4.78767  -4.65929  -4.60510  -4.55655  -4.44730  -4.44547
  40000.  5.00  -4.84888  -4.78148  -4.65463  -4.60282  -4.55599  -4.45020  -4.44942
  41000.  4.50  -4.93287  -4.86599  -4.73844  -4.68427  -4.63599  -4.52681  -4.52502
  41000.  5.00  -4.92358  -4.85674  -4.73091  -4.67882  -4.63226  -4.52585  -4.52508
  42000.  4.50  -5.00997  -4.94373  -4.81699  -4.76297  -4.71503  -4.60618  -4.60448
  42000.  5.00  -4.99901  -4.93277  -4.80790  -4.75571  -4.70945  -4.60281  -4.60208
  43000.  4.50  -5.08594  -5.02033  -4.89437  -4.84061  -4.79301  -4.68469  -4.68311
  43000.  5.00  -5.07439  -5.00875  -4.88477  -4.83262  -4.78668  -4.68010  -4.67943
  44000.  4.50  -5.16047  -5.09551  -4.97027  -4.91681  -4.86956  -4.76189  -4.76042
  44000.  5.00  -5.14909  -5.08405  -4.96090  -4.90891  -4.86332  -4.75702  -4.75645
  45000.  4.50  -5.23344  -5.16909  -5.04452  -4.99139  -4.94448  -4.83749  -4.83616
  45000.  5.00  -5.22272  -5.15828  -5.03591  -4.98415  -4.93890  -4.83305  -4.83259
  46000.  4.50  -5.30479  -5.24104  -5.11709  -5.06430  -5.01772  -4.91143  -4.91023
  46000.  5.00  -5.29502  -5.23118  -5.10956  -5.05807  -5.01319  -4.90784  -4.90752
  47000.  4.50  -5.37454  -5.31139  -5.18800  -5.13555  -5.08927  -4.98370  -4.98262
  47000.  5.00  -5.36589  -5.30263  -5.18172  -5.13053  -5.08598  -4.98121  -4.98102
  48000.  4.50  -5.44276  -5.38018  -5.25729  -5.20517  -5.15916  -5.05433  -5.05336
  48000.  5.00  -5.43524  -5.37255  -5.25230  -5.20140  -5.15719  -5.05304  -5.05297
  49000.  4.50  -5.50948  -5.44745  -5.32500  -5.27322  -5.22746  -5.12335  -5.12249
  49000.  5.00  -5.50312  -5.44098  -5.32133  -5.27073  -5.22682  -5.12331  -5.12337
  50000.  5.00  -5.56950  -5.50791  -5.38881  -5.33853  -5.29490  -5.19205  -5.19222
