   3500.  0.00  -5.34525  -4.23074  -3.16989  -2.38794  -1.99475  -0.43659  -0.16697
   3500.  0.50  -5.26043  -4.22023  -3.21749  -2.45153  -2.06895  -0.44614  -0.16962
   3500.  1.00  -5.17700  -4.20687  -3.25623  -2.50170  -2.12793  -0.44802  -0.16522
   3500.  1.50  -5.07905  -4.17658  -3.27214  -2.52731  -2.16068  -0.43786  -0.15051
   3500.  2.00  -4.96279  -4.12358  -3.25953  -2.52474  -2.16399  -0.41411  -0.12428
   3500.  2.50  -4.82651  -4.04349  -3.21271  -2.48966  -2.13370  -0.37461  -0.08492
   3500.  3.00  -4.67583  -3.93914  -3.13234  -2.42199  -2.06940  -0.31850  -0.03147
   3500.  3.50  -4.52298  -3.81373  -3.01230  -2.31166  -1.95893  -0.24164   0.03944
   3500.  4.00  -4.37554  -3.67170  -2.85199  -2.15364  -1.79548  -0.14722   0.12387
   3500.  4.50  -4.26567  -3.55340  -2.69929  -1.99272  -1.62422  -0.07084   0.18835
   3500.  5.00  -4.22723  -3.49745  -2.60208  -1.87316  -1.49171  -0.02457   0.22442
   3750.  0.00  -4.58528  -3.49406  -2.40721  -1.68818  -1.28870  -0.19243   0.01009
   3750.  0.50  -4.50599  -3.47695  -2.42088  -1.71237  -1.31745  -0.19877   0.00605
   3750.  1.00  -4.44182  -3.47006  -2.44386  -1.74294  -1.35218  -0.20283   0.00532
   3750.  1.50  -4.38131  -3.46416  -2.46891  -1.77488  -1.38847  -0.20367   0.00849
   3750.  2.00  -4.31848  -3.45387  -2.49121  -1.80419  -1.42249  -0.20065   0.01566
   3750.  2.50  -4.25301  -3.43696  -2.50556  -1.82504  -1.44782  -0.19145   0.02854
   3750.  3.00  -4.17887  -3.40741  -2.50553  -1.83168  -1.45867  -0.17419   0.04860
   3750.  3.50  -4.10456  -3.36779  -2.48615  -1.81623  -1.44561  -0.14387   0.08017
   3750.  4.00  -4.03761  -3.31598  -2.43583  -1.76267  -1.39059  -0.09174   0.13077
   3750.  4.50  -3.96532  -3.24583  -2.35511  -1.67455  -1.29819  -0.03071   0.18672
   3750.  5.00  -3.91375  -3.19170  -2.28503  -1.59287  -1.21072   0.01744   0.22916
   4000.  0.00  -4.04866  -3.00449  -1.98967  -1.35276  -0.97500  -0.05459   0.11688
   4000.  0.50  -3.97340  -2.98245  -1.99047  -1.36036  -0.98557  -0.06075   0.11037
   4000.  1.00  -3.91444  -2.97290  -1.99891  -1.37084  -0.99734  -0.06456   0.10668
   4000.  1.50  -3.86604  -2.97083  -2.01194  -1.38349  -1.01034  -0.06717   0.10477
   4000.  2.00  -3.81912  -2.96983  -2.02628  -1.39717  -1.02419  -0.06864   0.10451
   4000.  2.50  -3.77954  -2.97192  -2.04227  -1.41183  -1.03874  -0.06865   0.10619
   4000.  3.00  -3.74345  -2.97310  -2.05729  -1.42595  -1.05299  -0.06559   0.11139
   4000.  3.50  -3.71375  -2.97503  -2.07076  -1.43718  -1.06401  -0.05685   0.12247
   4000.  4.00  -3.68893  -2.97242  -2.07384  -1.43507  -1.06067  -0.03541   0.14561
   4000.  4.50  -3.66949  -2.95863  -2.05576  -1.40599  -1.02860   0.00545   0.18616
   4000.  5.00  -3.64325  -2.93212  -2.02282  -1.36188  -0.98134   0.04933   0.22800
   4250.  0.00  -3.64014  -2.66138  -1.71446  -1.14252  -0.78579   0.03905   0.19089
   4250.  0.50  -3.56838  -2.63322  -1.70998  -1.14762  -0.79521   0.03034   0.18200
   4250.  1.00  -3.51412  -2.61890  -1.71366  -1.15511  -0.80486   0.02501   0.17644
   4250.  1.50  -3.46978  -2.61354  -1.72257  -1.16398  -0.81431   0.02164   0.17285
   4250.  2.00  -3.42809  -2.61105  -1.73260  -1.17256  -0.82270   0.01894   0.17004
   4250.  2.50  -3.39281  -2.61301  -1.74433  -1.18111  -0.83012   0.01691   0.16808
   4250.  3.00  -3.36759  -2.62065  -1.75750  -1.18884  -0.83558   0.01648   0.16781
   4250.  3.50  -3.35144  -2.63252  -1.77209  -1.19652  -0.84039   0.01787   0.16970
   4250.  4.00  -3.34652  -2.65009  -1.78802  -1.20297  -0.84295   0.02332   0.17592
   4250.  4.50  -3.34972  -2.66713  -1.79926  -1.20207  -0.83759   0.03904   0.19233
   4250.  5.00  -3.36054  -2.67835  -1.80022  -1.18758  -0.81839   0.07030   0.22371
   4500.  0.00  -3.31666  -2.41132  -1.52173  -0.99467  -0.65439   0.10870   0.24419
   4500.  0.50  -3.25358  -2.38285  -1.51507  -0.99899  -0.66357   0.09715   0.23311
   4500.  1.00  -3.20692  -2.36678  -1.51582  -1.00554  -0.67308   0.08953   0.22580
   4500.  1.50  -3.16984  -2.35888  -1.52151  -1.01349  -0.68256   0.08443   0.22086
   4500.  2.00  -3.13688  -2.35540  -1.52959  -1.02169  -0.69130   0.08066   0.21713
   4500.  2.50  -3.10485  -2.35405  -1.53859  -1.02953  -0.69891   0.07737   0.21378
   4500.  3.00  -3.07991  -2.35819  -1.54930  -1.03646  -0.70422   0.07569   0.21195
   4500.  3.50  -3.06250  -2.36692  -1.56102  -1.04230  -0.70736   0.07557   0.21168
   4500.  4.00  -3.05590  -2.38266  -1.57524  -1.04762  -0.70861   0.07812   0.21422
   4500.  4.50  -3.05848  -2.40403  -1.59087  -1.05156  -0.70732   0.08352   0.21961
   4500.  5.00  -3.07095  -2.42865  -1.60553  -1.05164  -0.70135   0.09591   0.23206
   4750.  0.00  -3.03639  -2.20995  -1.37823  -0.88892  -0.56439   0.15802   0.27990
   4750.  0.50  -2.98424  -2.18530  -1.37210  -0.89300  -0.57296   0.14423   0.26679
   4750.  1.00  -2.94600  -2.17033  -1.37151  -0.89874  -0.58175   0.13437   0.25758
   4750.  1.50  -2.91703  -2.16211  -1.37481  -0.90561  -0.59056   0.12721   0.25102
   4750.  2.00  -2.89280  -2.15784  -1.38037  -0.91298  -0.59914   0.12159   0.24586
   4750.  2.50  -2.86928  -2.15500  -1.38662  -0.92007  -0.60694   0.11676   0.24129
   4750.  3.00  -2.84819  -2.15474  -1.39365  -0.92641  -0.61309   0.11317   0.23775
   4750.  3.50  -2.83166  -2.15859  -1.40189  -0.93162  -0.61684   0.11160   0.23604
   4750.  4.00  -2.82089  -2.16717  -1.41177  -0.93593  -0.61841   0.11242   0.23668
   4750.  4.50  -2.81761  -2.18177  -1.42382  -0.93937  -0.61763   0.11590   0.23997
   4750.  5.00  -2.82187  -2.20205  -1.43761  -0.94165  -0.61435   0.12201   0.24578
   5000.  0.00  -2.77868  -2.03278  -1.26231  -0.81158  -0.50433   0.18406   0.29640
   5000.  0.50  -2.73978  -2.01587  -1.26021  -0.81722  -0.51352   0.16966   0.28223
   5000.  1.00  -2.71053  -2.00523  -1.26133  -0.82356  -0.52241   0.15844   0.27146
   5000.  1.50  -2.68939  -1.99966  -1.26485  -0.83033  -0.53089   0.14978   0.26331
   5000.  2.00  -2.67340  -1.99725  -1.26979  -0.83723  -0.53896   0.14277   0.25681
   5000.  2.50  -2.65942  -1.99602  -1.27501  -0.84372  -0.54627   0.13687   0.25132
   5000.  3.00  -2.64670  -1.99556  -1.27999  -0.84925  -0.55220   0.13214   0.24684
   5000.  3.50  -2.63551  -1.99662  -1.28512  -0.85368  -0.55631   0.12909   0.24382
   5000.  4.00  -2.62698  -2.00028  -1.29081  -0.85676  -0.55803   0.12846   0.24309
   5000.  4.50  -2.62165  -2.00766  -1.29792  -0.85887  -0.55751   0.13044   0.24484
   5000.  5.00  -2.62019  -2.01944  -1.30684  -0.86013  -0.55478   0.13493   0.24901
   5250.  0.00  -2.53672  -1.87066  -1.16350  -0.75321  -0.46489   0.18532   0.29166
   5250.  0.50  -2.51460  -1.86442  -1.16743  -0.76138  -0.47520   0.17279   0.27855
   5250.  1.00  -2.49725  -1.86102  -1.17242  -0.76939  -0.48481   0.16211   0.26771
   5250.  1.50  -2.48513  -1.86049  -1.17833  -0.77717  -0.49367   0.15326   0.25893
   5250.  2.00  -2.47704  -1.86200  -1.18480  -0.78468  -0.50187   0.14582   0.25171
   5250.  2.50  -2.47159  -1.86443  -1.19104  -0.79144  -0.50904   0.13966   0.24580
   5250.  3.00  -2.46751  -1.86684  -1.19632  -0.79693  -0.51474   0.13471   0.24105
   5250.  3.50  -2.46410  -1.86921  -1.20070  -0.80095  -0.51861   0.13136   0.23780
   5250.  4.00  -2.46151  -1.87190  -1.20418  -0.80314  -0.52009   0.13017   0.23657
   5250.  4.50  -2.45945  -1.87573  -1.20764  -0.80389  -0.51933   0.13133   0.23756
   5250.  5.00  -2.45823  -1.88168  -1.21185  -0.80347  -0.51635   0.13498   0.24092
   5500.  0.00  -2.31327  -1.72414  -1.07981  -0.70996  -0.44148   0.16528   0.26807
   5500.  0.50  -2.30806  -1.72874  -1.08973  -0.72035  -0.45233   0.15637   0.25754
   5500.  1.00  -2.30375  -1.73341  -1.09893  -0.72994  -0.46231   0.14804   0.24820
   5500.  1.50  -2.30202  -1.73912  -1.10797  -0.73903  -0.47160   0.14053   0.24008
   5500.  2.00  -2.30249  -1.74567  -1.11694  -0.74771  -0.48031   0.13371   0.23301
   5500.  2.50  -2.30491  -1.75251  -1.12524  -0.75545  -0.48790   0.12787   0.22711
   5500.  3.00  -2.30817  -1.75885  -1.13237  -0.76193  -0.49415   0.12301   0.22228
   5500.  3.50  -2.31196  -1.76453  -1.13805  -0.76665  -0.49842   0.11977   0.21907
   5500.  4.00  -2.31577  -1.76914  -1.14172  -0.76899  -0.50004   0.11861   0.21788
   5500.  4.50  -2.31892  -1.77301  -1.14397  -0.76927  -0.49920   0.11966   0.21880
   5500.  5.00  -2.32129  -1.77678  -1.14536  -0.76762  -0.49577   0.12320   0.22208
   5750.  0.00  -2.11570  -1.59676  -1.01218  -0.68067  -0.43211   0.12962   0.23099
   5750.  0.50  -2.12450  -1.61001  -1.02596  -0.69161  -0.44176   0.12540   0.22387
   5750.  1.00  -2.13153  -1.62184  -1.03867  -0.70213  -0.45134   0.12047   0.21678
   5750.  1.50  -2.13929  -1.63358  -1.05079  -0.71232  -0.46070   0.11527   0.21010
   5750.  2.00  -2.14837  -1.64544  -1.06244  -0.72209  -0.46966   0.11012   0.20398
   5750.  2.50  -2.15857  -1.65703  -1.07314  -0.73100  -0.47778   0.10527   0.19859
   5750.  3.00  -2.16901  -1.66785  -1.08266  -0.73883  -0.48482   0.10093   0.19398
   5750.  3.50  -2.17938  -1.67745  -1.09044  -0.74486  -0.48999   0.09782   0.19077
   5750.  4.00  -2.18873  -1.68517  -1.09587  -0.74850  -0.49267   0.09646   0.18935
   5750.  4.50  -2.19677  -1.69106  -1.09898  -0.74959  -0.49260   0.09731   0.19011
   5750.  5.00  -2.20319  -1.69526  -1.09981  -0.74784  -0.48933   0.10090   0.19350
   6000.  0.00  -1.94034  -1.48769  -0.96154  -0.66578  -0.43710   0.08125   0.18298
   6000.  0.50  -1.96451  -1.50766  -0.97499  -0.67363  -0.44182   0.08375   0.18129
   6000.  1.00  -1.98111  -1.52511  -0.98962  -0.68373  -0.44957   0.08315   0.17722
   6000.  1.50  -1.99682  -1.54196  -1.00411  -0.69431  -0.45816   0.08107   0.17250
   6000.  2.00  -2.01338  -1.55874  -1.01818  -0.70484  -0.46691   0.07818   0.16773
   6000.  2.50  -2.03066  -1.57513  -1.03149  -0.71497  -0.47545   0.07481   0.16313
   6000.  3.00  -2.04808  -1.59067  -1.04367  -0.72426  -0.48327   0.07143   0.15903
   6000.  3.50  -2.06467  -1.60446  -1.05394  -0.73190  -0.48955   0.06866   0.15588
   6000.  4.00  -2.07967  -1.61612  -1.06201  -0.73749  -0.49383   0.06708   0.15416
   6000.  4.50  -2.09267  -1.62518  -1.06712  -0.74015  -0.49511   0.06763   0.15463
   6000.  5.00  -2.10295  -1.63130  -1.06907  -0.73953  -0.49297   0.07082   0.15771
   6250.  0.50  -1.82038  -1.41950  -0.93818  -0.66784  -0.45411   0.03205   0.13017
   6250.  1.00  -1.84972  -1.44134  -0.95047  -0.67363  -0.45602   0.03802   0.13135
   6250.  1.50  -1.87297  -1.46222  -0.96573  -0.68314  -0.46232   0.04007   0.12944
   6250.  2.00  -1.89580  -1.48308  -0.98161  -0.69392  -0.47031   0.04006   0.12643
   6250.  2.50  -1.91903  -1.50380  -0.99741  -0.70512  -0.47903   0.03860   0.12285
   6250.  3.00  -1.94237  -1.52378  -1.01239  -0.71598  -0.48767   0.03632   0.11920
   6250.  3.50  -1.96508  -1.54227  -1.02575  -0.72564  -0.49534   0.03401   0.11614
   6250.  4.00  -1.98600  -1.55850  -1.03692  -0.73345  -0.50132   0.03233   0.11411
   6250.  4.50  -2.00406  -1.57144  -1.04482  -0.73827  -0.50442   0.03244   0.11410
   6250.  5.00  -2.01850  -1.58066  -1.04907  -0.73966  -0.50413   0.03486   0.11647
   6500.  0.50  -1.69647  -1.34541  -0.91198  -0.67066  -0.47484  -0.02616   0.07340
   6500.  1.00  -1.72949  -1.36843  -0.92300  -0.67376  -0.47284  -0.01549   0.07826
   6500.  1.50  -1.76387  -1.39275  -0.93534  -0.67879  -0.47332  -0.00716   0.08137
   6500.  2.00  -1.79307  -1.41684  -0.95156  -0.68844  -0.47910  -0.00338   0.08089
   6500.  2.50  -1.82178  -1.44117  -0.96899  -0.69994  -0.48720  -0.00227   0.07879
   6500.  3.00  -1.85055  -1.46526  -0.98647  -0.71207  -0.49629  -0.00293   0.07593
   6500.  3.50  -1.87875  -1.48840  -1.00317  -0.72392  -0.50541  -0.00468   0.07289
   6500.  4.00  -1.90534  -1.50948  -1.01790  -0.73430  -0.51334  -0.00645   0.07047
   6500.  4.50  -1.92863  -1.52695  -1.02931  -0.74185  -0.51869  -0.00692   0.06976
   6500.  5.00  -1.94772  -1.54026  -1.03690  -0.74601  -0.52087  -0.00555   0.07113
   6750.  0.50  -1.60176  -1.28880  -0.89317  -0.67690  -0.49713  -0.08411   0.01696
   6750.  1.00  -1.62559  -1.30736  -0.90477  -0.68140  -0.49703  -0.07414   0.02072
   6750.  1.50  -1.66288  -1.33204  -0.91516  -0.68351  -0.49359  -0.06166   0.02699
   6750.  2.00  -1.70239  -1.35920  -0.92826  -0.68867  -0.49361  -0.05193   0.03122
   6750.  2.50  -1.73704  -1.38645  -0.94580  -0.69905  -0.49958  -0.04727   0.03146
   6750.  3.00  -1.77085  -1.41403  -0.96501  -0.71174  -0.50838  -0.04576   0.02982
   6750.  3.50  -1.80412  -1.44127  -0.98446  -0.72527  -0.51841  -0.04641   0.02714
   6750.  4.00  -1.83606  -1.46701  -1.00271  -0.73811  -0.52811  -0.04787   0.02455
   6750.  4.50  -1.86442  -1.48936  -1.01823  -0.74895  -0.53624  -0.04925   0.02277
   6750.  5.00  -1.88871  -1.50761  -1.02996  -0.75646  -0.54128  -0.04894   0.02307
   7000.  0.50  -1.53088  -1.24807  -0.88258  -0.68736  -0.52164  -0.14055  -0.03859
   7000.  1.00  -1.54797  -1.26181  -0.89228  -0.69112  -0.52141  -0.13131  -0.03531
   7000.  1.50  -1.57549  -1.28135  -0.90294  -0.69474  -0.52024  -0.12037  -0.03112
   7000.  2.00  -1.61778  -1.30855  -0.91366  -0.69681  -0.51628  -0.10677  -0.02399
   7000.  2.50  -1.66176  -1.33878  -0.92842  -0.70320  -0.51709  -0.09666  -0.01940
   7000.  3.00  -1.70140  -1.36943  -0.94795  -0.71504  -0.52405  -0.09191  -0.01891
   7000.  3.50  -1.73942  -1.40001  -0.96913  -0.72928  -0.53402  -0.09065  -0.02060
   7000.  4.00  -1.77609  -1.42976  -0.99029  -0.74410  -0.54500  -0.09146  -0.02310
   7000.  4.50  -1.80994  -1.45717  -1.00985  -0.75801  -0.55553  -0.09320  -0.02556
   7000.  5.00  -1.83953  -1.48056  -1.02596  -0.76907  -0.56357  -0.09398  -0.02647
   7250.  0.50  -1.48956  -1.22571  -0.87905  -0.69965  -0.54470  -0.19120  -0.09002
   7250.  1.00  -1.49010  -1.22998  -0.88741  -0.70503  -0.54819  -0.18749  -0.09091
   7250.  1.50  -1.51227  -1.24516  -0.89582  -0.70752  -0.54647  -0.17684  -0.08701
   7250.  2.00  -1.54414  -1.26685  -0.90686  -0.71141  -0.54531  -0.16542  -0.08255
   7250.  2.50  -1.59143  -1.29727  -0.91898  -0.71449  -0.54191  -0.15147  -0.07507
   7250.  3.00  -1.63925  -1.33053  -0.93589  -0.72268  -0.54416  -0.14182  -0.07082
   7250.  3.50  -1.68252  -1.36392  -0.95742  -0.73628  -0.55260  -0.13769  -0.07060
   7250.  4.00  -1.72391  -1.39717  -0.98055  -0.75219  -0.56395  -0.13708  -0.07240
   7250.  4.50  -1.76299  -1.42902  -1.00332  -0.76837  -0.57603  -0.13839  -0.07492
   7250.  5.00  -1.79795  -1.45741  -1.02346  -0.78260  -0.58664  -0.13980  -0.07663
   7500.  0.50  -1.50222  -1.23794  -0.88800  -0.71310  -0.56074  -0.22518  -0.12882
   7500.  1.00  -1.45469  -1.21440  -0.89181  -0.72398  -0.57748  -0.24080  -0.14460
   7500.  1.50  -1.46663  -1.22216  -0.89688  -0.72525  -0.57593  -0.23281  -0.14263
   7500.  2.00  -1.49342  -1.23930  -0.90514  -0.72755  -0.57380  -0.22162  -0.13866
   7500.  2.50  -1.52993  -1.26350  -0.91697  -0.73212  -0.57306  -0.21016  -0.13426
   7500.  3.00  -1.58164  -1.29705  -0.93074  -0.73658  -0.57069  -0.19640  -0.12680
   7500.  3.50  -1.63203  -1.33305  -0.95023  -0.74717  -0.57508  -0.18791  -0.12318
   7500.  4.00  -1.67828  -1.36908  -0.97395  -0.76277  -0.58530  -0.18481  -0.12339
   7500.  4.50  -1.72216  -1.40446  -0.99870  -0.78011  -0.59784  -0.18486  -0.12528
   7500.  5.00  -1.76228  -1.43741  -1.02229  -0.79697  -0.61045  -0.18632  -0.12729
   7750.  1.00  -1.44672  -1.21760  -0.90555  -0.74724  -0.60759  -0.28965  -0.19553
   7750.  1.50  -1.44136  -1.21456  -0.90751  -0.74858  -0.60853  -0.28669  -0.19716
   7750.  2.00  -1.46105  -1.22585  -0.91235  -0.74897  -0.60543  -0.27644  -0.19387
   7750.  2.50  -1.49120  -1.24477  -0.92122  -0.75211  -0.60416  -0.26581  -0.19042
   7750.  3.00  -1.53146  -1.27132  -0.93399  -0.75768  -0.60427  -0.25500  -0.18631
   7750.  3.50  -1.58608  -1.30725  -0.94928  -0.76368  -0.60331  -0.24230  -0.17945
   7750.  4.00  -1.63844  -1.34556  -0.97119  -0.77660  -0.60989  -0.23509  -0.17654
   7750.  4.50  -1.68666  -1.38359  -0.99662  -0.79385  -0.62161  -0.23299  -0.17691
   7750.  5.00  -1.73155  -1.42032  -1.02266  -0.81234  -0.63516  -0.23364  -0.17854
   8000.  1.00  -1.47345  -1.24662  -0.93416  -0.77813  -0.64004  -0.33208  -0.24270
   8000.  1.50  -1.43468  -1.22108  -0.92719  -0.77790  -0.64509  -0.34018  -0.25195
   8000.  2.00  -1.44355  -1.22463  -0.92836  -0.77672  -0.64192  -0.33228  -0.25019
   8000.  2.50  -1.46856  -1.23874  -0.93367  -0.77733  -0.63869  -0.32142  -0.24653
   8000.  3.00  -1.50285  -1.26017  -0.94348  -0.78125  -0.63795  -0.31086  -0.24311
   8000.  3.50  -1.54760  -1.28960  -0.95734  -0.78768  -0.63860  -0.30018  -0.23880
   8000.  4.00  -1.60345  -1.32720  -0.97429  -0.79559  -0.63960  -0.28895  -0.23268
   8000.  4.50  -1.65625  -1.36703  -0.99836  -0.81071  -0.64836  -0.28334  -0.23034
   8000.  5.00  -1.70528  -1.40634  -1.02516  -0.82938  -0.66145  -0.28229  -0.23090
   8250.  1.00  -1.53308  -1.30452  -0.98550  -0.82430  -0.68259  -0.37265  -0.29239
   8250.  1.50  -1.44916  -1.24367  -0.95701  -0.81351  -0.68513  -0.39243  -0.30662
   8250.  2.00  -1.44219  -1.23628  -0.95339  -0.81078  -0.68293  -0.38886  -0.30779
   8250.  2.50  -1.45927  -1.24404  -0.95493  -0.80920  -0.67861  -0.37898  -0.30485
   8250.  3.00  -1.48830  -1.26040  -0.96082  -0.81034  -0.67573  -0.36794  -0.30114
   8250.  3.50  -1.52583  -1.28407  -0.97168  -0.81530  -0.67588  -0.35778  -0.29759
   8250.  4.00  -1.57439  -1.31620  -0.98639  -0.82235  -0.67683  -0.34721  -0.29262
   8250.  4.50  -1.63079  -1.35532  -1.00518  -0.83207  -0.67956  -0.33691  -0.28659
   8250.  5.00  -1.68351  -1.39603  -1.03078  -0.84895  -0.69016  -0.33277  -0.28477
   8500.  1.50  -1.48257  -1.28138  -0.99724  -0.85582  -0.72907  -0.44343  -0.36144
   8500.  2.00  -1.45747  -1.26103  -0.98729  -0.85085  -0.72786  -0.44552  -0.36610
   8500.  2.50  -1.46460  -1.26155  -0.98517  -0.84760  -0.72339  -0.43764  -0.36439
   8500.  3.00  -1.48687  -1.27228  -0.98733  -0.84626  -0.71890  -0.42676  -0.36059
   8500.  3.50  -1.51891  -1.29061  -0.99395  -0.84809  -0.71658  -0.41584  -0.35662
   8500.  4.00  -1.55946  -1.31641  -1.00570  -0.85394  -0.71748  -0.40612  -0.35298
   8500.  4.50  -1.61129  -1.35066  -1.02045  -0.86084  -0.71795  -0.39505  -0.34682
   8500.  5.00  -1.66656  -1.39032  -1.04095  -0.87241  -0.72264  -0.38597  -0.34086
   8750.  1.50  -1.52700  -1.32859  -1.04519  -0.90380  -0.77717  -0.49469  -0.41764
   8750.  2.00  -1.48610  -1.29632  -1.02836  -0.89566  -0.77568  -0.50161  -0.42444
   8750.  2.50  -1.48360  -1.29028  -1.02343  -0.89173  -0.77224  -0.49720  -0.42508
   8750.  3.00  -1.49861  -1.29541  -1.02245  -0.88874  -0.76722  -0.48770  -0.42232
   8750.  3.50  -1.52457  -1.30817  -1.02492  -0.88763  -0.76276  -0.47641  -0.41814
   8750.  4.00  -1.55932  -1.32820  -1.03197  -0.88995  -0.76082  -0.46548  -0.41367
   8750.  4.50  -1.60288  -1.35613  -1.04422  -0.89613  -0.76181  -0.45555  -0.40887
   8750.  5.00  -1.65554  -1.39130  -1.05870  -0.90248  -0.76144  -0.44334  -0.40049
   9000.  1.50  -1.57597  -1.37997  -1.09718  -0.95525  -0.82832  -0.54728  -0.47559
   9000.  2.00  -1.52279  -1.33775  -1.07355  -0.94313  -0.82499  -0.55724  -0.48304
   9000.  2.50  -1.51258  -1.32651  -1.06651  -0.93901  -0.82292  -0.55663  -0.48619
   9000.  3.00  -1.52201  -1.32780  -1.06395  -0.93572  -0.81862  -0.54927  -0.48506
   9000.  3.50  -1.54268  -1.33636  -1.06394  -0.93318  -0.81352  -0.53862  -0.48125
   9000.  4.00  -1.57138  -1.35104  -1.06711  -0.93271  -0.80956  -0.52718  -0.47625
   9000.  4.50  -1.60804  -1.37260  -1.07465  -0.93555  -0.80809  -0.51640  -0.47096
   9000.  5.00  -1.65351  -1.40188  -1.08646  -0.94109  -0.80813  -0.50552  -0.46432
   9250.  2.00  -1.56400  -1.38271  -1.12123  -0.99220  -0.87519  -0.61199  -0.54114
   9250.  2.50  -1.54763  -1.36727  -1.11243  -0.98797  -0.87436  -0.61504  -0.54661
   9250.  3.00  -1.55252  -1.36583  -1.10934  -0.98536  -0.87174  -0.61074  -0.54774
   9250.  3.50  -1.56907  -1.37165  -1.10833  -0.98276  -0.86734  -0.60187  -0.54534
   9250.  4.00  -1.59351  -1.38266  -1.10902  -0.98066  -0.86236  -0.59066  -0.54065
   9250.  4.50  -1.62498  -1.39923  -1.11261  -0.98056  -0.85861  -0.57905  -0.53483
   9250.  5.00  -1.66398  -1.42261  -1.12057  -0.98376  -0.85733  -0.56804  -0.52833
   9500.  2.00  -1.60776  -1.42959  -1.17031  -1.04222  -0.92599  -0.66620  -0.59886
   9500.  2.50  -1.58659  -1.41087  -1.16001  -1.03773  -0.92591  -0.67210  -0.60595
   9500.  3.00  -1.58783  -1.40737  -1.15670  -1.03600  -0.92508  -0.67106  -0.60948
   9500.  3.50  -1.60138  -1.41141  -1.15551  -1.03408  -0.92207  -0.66467  -0.60919
   9500.  4.00  -1.62278  -1.42018  -1.15525  -1.03181  -0.91751  -0.65484  -0.60581
   9500.  4.50  -1.65055  -1.43338  -1.15649  -1.03016  -0.91278  -0.64331  -0.60017
   9500.  5.00  -1.68495  -1.45215  -1.16070  -1.03061  -0.90941  -0.63153  -0.59307
   9750.  2.00  -1.65255  -1.47704  -1.21971  -1.09244  -0.97691  -0.72011  -0.65624
   9750.  2.50  -1.62824  -1.45623  -1.20843  -1.08777  -0.97728  -0.72795  -0.66434
   9750.  3.00  -1.62650  -1.45114  -1.20510  -1.08692  -0.97810  -0.72997  -0.67004
   9750.  3.50  -1.63761  -1.45396  -1.20414  -1.08602  -0.97676  -0.72626  -0.67194
   9750.  4.00  -1.65668  -1.46133  -1.20375  -1.08430  -0.97331  -0.71836  -0.67029
   9750.  4.50  -1.68183  -1.47245  -1.20397  -1.08228  -0.96870  -0.70778  -0.66552
   9750.  5.00  -1.71245  -1.48780  -1.20578  -1.08110  -0.96426  -0.69596  -0.65848
  10000.  2.00  -1.69767  -1.52464  -1.26922  -1.14278  -1.02794  -0.77388  -0.71330
  10000.  2.50  -1.67108  -1.50223  -1.25705  -1.13774  -1.02835  -0.78292  -0.72193
  10000.  3.00  -1.66745  -1.49621  -1.25378  -1.13757  -1.03038  -0.78723  -0.72916
  10000.  3.50  -1.67659  -1.49827  -1.25344  -1.13797  -1.03093  -0.78633  -0.73329
  10000.  4.00  -1.69362  -1.50462  -1.25333  -1.13721  -1.02901  -0.78077  -0.73360
  10000.  4.50  -1.71667  -1.51440  -1.25331  -1.13551  -1.02517  -0.77166  -0.73021
  10000.  5.00  -1.74476  -1.52753  -1.25375  -1.13358  -1.02041  -0.76040  -0.72391
  10250.  2.00  -1.74305  -1.57236  -1.31884  -1.19327  -1.07915  -0.82766  -0.77012
  10250.  2.50  -1.71473  -1.54870  -1.30587  -1.18773  -1.07932  -0.83726  -0.77888
  10250.  3.00  -1.70970  -1.54203  -1.30274  -1.18816  -1.08232  -0.84343  -0.78734
  10250.  3.50  -1.71729  -1.54348  -1.30275  -1.18945  -1.08424  -0.84479  -0.79309
  10250.  4.00  -1.73284  -1.54941  -1.30334  -1.18987  -1.08392  -0.84146  -0.79520
  10250.  4.50  -1.75399  -1.55824  -1.30365  -1.18908  -1.08148  -0.83443  -0.79376
  10250.  5.00  -1.78014  -1.56986  -1.30349  -1.18708  -1.07706  -0.82425  -0.78863
  10500.  2.00  -1.78854  -1.62008  -1.36848  -1.24383  -1.13049  -0.88148  -0.82671
  10500.  2.50  -1.75877  -1.59529  -1.35464  -1.23759  -1.13008  -0.89105  -0.83521
  10500.  3.00  -1.75278  -1.58822  -1.35162  -1.23843  -1.13376  -0.89857  -0.84455
  10500.  3.50  -1.75925  -1.58937  -1.35216  -1.24068  -1.13699  -0.90200  -0.85178
  10500.  4.00  -1.77348  -1.59492  -1.35339  -1.24219  -1.13819  -0.90089  -0.85565
  10500.  4.50  -1.79328  -1.60315  -1.35398  -1.24209  -1.13680  -0.89555  -0.85571
  10500.  5.00  -1.81797  -1.61386  -1.35385  -1.24059  -1.13324  -0.88683  -0.85204
  10750.  2.00  -1.83420  -1.66788  -1.41817  -1.29450  -1.18197  -0.93539  -0.88315
  10750.  2.50  -1.80302  -1.64194  -1.40335  -1.28734  -1.18069  -0.94446  -0.89102
  10750.  3.00  -1.79628  -1.63450  -1.40031  -1.28836  -1.18471  -0.95285  -0.90089
  10750.  3.50  -1.80201  -1.63553  -1.40133  -1.29138  -1.18900  -0.95792  -0.90926
  10750.  4.00  -1.81535  -1.64097  -1.40326  -1.29397  -1.19161  -0.95886  -0.91476
  10750.  4.50  -1.83395  -1.64884  -1.40445  -1.29488  -1.19159  -0.95551  -0.91653
  10750.  5.00  -1.85720  -1.65882  -1.40456  -1.29404  -1.18905  -0.94840  -0.91433
  11000.  2.00  -1.87992  -1.71567  -1.46791  -1.34531  -1.23366  -0.98953  -0.93957
  11000.  2.50  -1.84739  -1.68859  -1.45204  -1.33707  -1.23129  -0.99770  -0.94649
  11000.  3.00  -1.84004  -1.68082  -1.44888  -1.33806  -1.23537  -1.00650  -0.95653
  11000.  3.50  -1.84522  -1.68176  -1.45021  -1.34161  -1.24037  -1.01277  -0.96574
  11000.  4.00  -1.85782  -1.68713  -1.45274  -1.34510  -1.24414  -1.01544  -0.97252
  11000.  4.50  -1.87552  -1.69489  -1.45465  -1.34707  -1.24549  -1.01399  -0.97583
  11000.  5.00  -1.89750  -1.70441  -1.45528  -1.34710  -1.24417  -1.00858  -0.97510
  11250.  2.00  -1.92580  -1.76352  -1.51765  -1.39614  -1.28539  -1.04371  -0.99583
  11250.  2.50  -1.89193  -1.73528  -1.50071  -1.38679  -1.28189  -1.05083  -1.00167
  11250.  3.00  -1.88394  -1.72710  -1.49727  -1.38752  -1.28574  -1.05962  -1.01157
  11250.  3.50  -1.88866  -1.72793  -1.49878  -1.39138  -1.29116  -1.06669  -1.02129
  11250.  4.00  -1.90070  -1.73328  -1.50180  -1.39558  -1.29586  -1.07076  -1.02908
  11250.  4.50  -1.91760  -1.74097  -1.50438  -1.39852  -1.29846  -1.07104  -1.03373
  11250.  5.00  -1.93856  -1.75024  -1.50565  -1.39950  -1.29837  -1.06734  -1.03448
  11500.  2.00  -1.97145  -1.81108  -1.56710  -1.44674  -1.33694  -1.09777  -1.05180
  11500.  2.50  -1.93641  -1.78185  -1.54925  -1.43642  -1.33243  -1.10387  -1.05662
  11500.  3.00  -1.92787  -1.77330  -1.54551  -1.43681  -1.33593  -1.11240  -1.06615
  11500.  3.50  -1.93221  -1.77401  -1.54709  -1.44080  -1.34154  -1.11992  -1.07611
  11500.  4.00  -1.94383  -1.77935  -1.55047  -1.44552  -1.34689  -1.12502  -1.08461
  11500.  4.50  -1.96009  -1.78703  -1.55362  -1.44926  -1.35051  -1.12675  -1.09036
  11500.  5.00  -1.98016  -1.79617  -1.55555  -1.45116  -1.35159  -1.12468  -1.09246
  11750.  2.00  -2.01700  -1.85846  -1.61632  -1.49712  -1.38827  -1.15160  -1.10738
  11750.  2.50  -1.98087  -1.82833  -1.59769  -1.48595  -1.38289  -1.15680  -1.11131
  11750.  3.00  -1.97177  -1.81936  -1.59355  -1.48590  -1.38590  -1.16487  -1.12032
  11750.  3.50  -1.97571  -1.81987  -1.59506  -1.48983  -1.39148  -1.17253  -1.13026
  11750.  4.00  -1.98693  -1.82513  -1.59861  -1.49483  -1.39722  -1.17834  -1.13923
  11750.  4.50  -2.00273  -1.83282  -1.60225  -1.49923  -1.40165  -1.18128  -1.14589
  11750.  5.00  -2.02211  -1.84192  -1.60479  -1.50197  -1.40380  -1.18070  -1.14921
  12000.  2.50  -2.02525  -1.87462  -1.64587  -1.53527  -1.43315  -1.20953  -1.16566
  12000.  3.00  -2.01571  -1.86535  -1.64147  -1.53487  -1.43576  -1.21714  -1.17416
  12000.  3.50  -2.01931  -1.86570  -1.64287  -1.53867  -1.44119  -1.22474  -1.18391
  12000.  4.00  -2.03017  -1.87087  -1.64653  -1.54381  -1.44713  -1.23095  -1.19308
  12000.  4.50  -2.04552  -1.87852  -1.65050  -1.54866  -1.45213  -1.23480  -1.20041
  12000.  5.00  -2.06423  -1.88756  -1.65357  -1.55212  -1.45518  -1.23547  -1.20469
  12250.  2.50  -2.06927  -1.92055  -1.69371  -1.58428  -1.48313  -1.26199  -1.21964
  12250.  3.00  -2.05938  -1.91104  -1.68910  -1.58358  -1.48538  -1.26916  -1.22765
  12250.  3.50  -2.06269  -1.91123  -1.69038  -1.58720  -1.49060  -1.27658  -1.23713
  12250.  4.00  -2.07321  -1.91625  -1.69400  -1.59232  -1.49653  -1.28294  -1.24631
  12250.  4.50  -2.08823  -1.92388  -1.69818  -1.59747  -1.50193  -1.28745  -1.25408
  12250.  5.00  -2.10644  -1.93288  -1.70167  -1.60147  -1.50566  -1.28915  -1.25915
  12500.  2.50  -2.11306  -1.96615  -1.74118  -1.63290  -1.53272  -1.31405  -1.27311
  12500.  3.00  -2.10294  -1.95652  -1.73646  -1.63202  -1.53474  -1.32088  -1.28074
  12500.  3.50  -2.10598  -1.95658  -1.73763  -1.63546  -1.53974  -1.32806  -1.28990
  12500.  4.00  -2.11621  -1.96148  -1.74119  -1.64050  -1.54558  -1.33442  -1.29895
  12500.  4.50  -2.13087  -1.96901  -1.74549  -1.64581  -1.55119  -1.33935  -1.30697
  12500.  5.00  -2.14858  -1.97794  -1.74931  -1.65025  -1.55548  -1.34188  -1.31266
  12750.  2.50  -2.15649  -2.01133  -1.78817  -1.68105  -1.58184  -1.36561  -1.32598
  12750.  3.00  -2.14629  -2.00173  -1.78351  -1.68016  -1.58380  -1.37229  -1.33342
  12750.  3.50  -2.14907  -2.00163  -1.78455  -1.68342  -1.58857  -1.37920  -1.34225
  12750.  4.00  -2.15902  -2.00640  -1.78805  -1.68834  -1.59427  -1.38546  -1.35111
  12750.  4.50  -2.17332  -2.01380  -1.79235  -1.69368  -1.59994  -1.39060  -1.35920
  12750.  5.00  -2.19064  -2.02267  -1.79638  -1.69841  -1.60460  -1.39375  -1.36534
  13000.  2.50  -2.19933  -2.05590  -1.83456  -1.72860  -1.63036  -1.41657  -1.37819
  13000.  3.00  -2.18917  -2.04644  -1.83006  -1.72781  -1.63240  -1.42324  -1.38559
  13000.  3.50  -2.19185  -2.04634  -1.83112  -1.73102  -1.63706  -1.42997  -1.39417
  13000.  4.00  -2.20160  -2.05104  -1.83456  -1.73583  -1.64262  -1.43608  -1.40278
  13000.  4.50  -2.21560  -2.05830  -1.83882  -1.74110  -1.64822  -1.44127  -1.41080
  13000.  5.00  -2.23254  -2.06705  -1.84295  -1.74599  -1.65309  -1.44485  -1.41725
  14000.  2.00  -2.40722  -2.26203  -2.03339  -1.92362  -1.82249  -1.60665  -1.57439
  14000.  2.50  -2.36560  -2.22857  -2.01394  -1.91244  -1.81792  -1.61355  -1.57961
  14000.  3.00  -2.35673  -2.22074  -2.01132  -1.91339  -1.82162  -1.62154  -1.58812
  14000.  3.50  -2.35944  -2.22105  -2.01292  -1.91691  -1.82648  -1.62819  -1.59639
  14000.  4.00  -2.36900  -2.22592  -2.01654  -1.92166  -1.83179  -1.63393  -1.60435
  14000.  4.50  -2.38210  -2.23280  -2.02058  -1.92656  -1.83694  -1.63877  -1.61169
  14000.  5.00  -2.39766  -2.24094  -2.02460  -1.93135  -1.84177  -1.64277  -1.61819
  15000.  2.50  -2.52184  -2.39052  -2.18192  -2.08459  -1.99360  -1.79818  -1.76799
  15000.  3.00  -2.51580  -2.38591  -2.18289  -2.08909  -2.00085  -1.80944  -1.77956
  15000.  3.50  -2.51973  -2.38777  -2.18621  -2.09420  -2.00722  -1.81734  -1.78885
  15000.  4.00  -2.52988  -2.39350  -2.19074  -2.09967  -2.01313  -1.82342  -1.79689
  15000.  4.50  -2.54311  -2.40082  -2.19521  -2.10475  -2.01826  -1.82808  -1.80378
  15000.  5.00  -2.55765  -2.40843  -2.19888  -2.10905  -2.02254  -1.83160  -1.80957
  16000.  2.50  -2.66760  -2.54132  -2.33792  -2.24444  -2.15670  -1.96971  -1.94284
  16000.  3.00  -2.66512  -2.54084  -2.34372  -2.25383  -2.16896  -1.98584  -1.95904
  16000.  3.50  -2.67138  -2.54530  -2.34983  -2.26166  -2.17799  -1.99614  -1.97051
  16000.  4.00  -2.68248  -2.55228  -2.35580  -2.26847  -2.18518  -2.00332  -1.97943
  16000.  4.50  -2.69690  -2.56098  -2.36159  -2.27464  -2.19126  -2.00865  -1.98674
  16000.  5.00  -2.71149  -2.56895  -2.36565  -2.27912  -2.19557  -2.01207  -1.99218
  17000.  2.50  -2.80355  -2.68144  -2.48214  -2.39201  -2.30713  -2.12790  -2.10402
  17000.  3.00  -2.80458  -2.68536  -2.49352  -2.40734  -2.32566  -2.15042  -2.12637
  17000.  3.50  -2.81425  -2.69354  -2.50365  -2.41908  -2.33855  -2.16425  -2.14117
  17000.  4.00  -2.82635  -2.70185  -2.51121  -2.42747  -2.34733  -2.17297  -2.15142
  17000.  4.50  -2.84256  -2.71250  -2.51894  -2.43540  -2.35503  -2.17966  -2.15985
  17000.  5.00  -2.85829  -2.72179  -2.52427  -2.44094  -2.36026  -2.18375  -2.16574
  18000.  2.50  -2.93077  -2.81192  -2.61541  -2.52783  -2.44512  -2.27235  -2.25121
  18000.  3.00  -2.93444  -2.81971  -2.63250  -2.54975  -2.47106  -2.30339  -2.28183
  18000.  3.50  -2.94822  -2.83238  -2.64754  -2.56638  -2.48884  -2.32177  -2.30098
  18000.  4.00  -2.96176  -2.84249  -2.65723  -2.57689  -2.49976  -2.33253  -2.31310
  18000.  4.50  -2.97969  -2.85508  -2.66703  -2.58678  -2.50933  -2.34091  -2.32301
  18000.  5.00  -2.99736  -2.86646  -2.67435  -2.59410  -2.51619  -2.34636  -2.33006
  19000.  2.50  -3.05099  -2.93457  -2.73958  -2.65344  -2.57201  -2.40331  -2.38467
  19000.  3.00  -3.05536  -2.94452  -2.76113  -2.68144  -2.60542  -2.44476  -2.42550
  19000.  3.50  -3.07372  -2.96228  -2.78193  -2.70396  -2.62923  -2.46915  -2.45043
  19000.  4.00  -3.08938  -2.97487  -2.79445  -2.71730  -2.64299  -2.48256  -2.46504
  19000.  4.50  -3.10846  -2.98894  -2.80601  -2.72892  -2.65431  -2.49258  -2.47644
  19000.  5.00  -3.12841  -3.00276  -2.81580  -2.73854  -2.66330  -2.49986  -2.48512
  20000.  3.00  -3.16823  -3.06068  -2.88029  -2.80310  -2.72929  -2.57462  -2.55747
  20000.  3.50  -3.19115  -3.08362  -2.90715  -2.83210  -2.75995  -2.60643  -2.58966
  20000.  4.00  -3.20970  -3.09947  -2.92331  -2.84910  -2.77741  -2.62350  -2.60775
  20000.  4.50  -3.22924  -3.11443  -2.93620  -2.86212  -2.79020  -2.63497  -2.62047
  20000.  5.00  -3.25140  -3.13070  -2.94860  -2.87424  -2.80163  -2.64439  -2.63112
  21000.  3.00  -3.27457  -3.16988  -2.99181  -2.91655  -2.84445  -2.69434  -2.67908
  21000.  3.50  -3.30116  -3.19708  -3.02386  -2.95137  -2.88149  -2.73387  -2.71891
  21000.  4.00  -3.32330  -3.21687  -3.04440  -2.97286  -2.90355  -2.75575  -2.74165
  21000.  4.50  -3.34321  -3.23264  -3.05857  -2.98727  -2.91785  -2.76892  -2.75596
  21000.  5.00  -3.36670  -3.25064  -3.07309  -3.00151  -2.93143  -2.78024  -2.76835
  22000.  3.00  -3.37561  -3.27367  -3.09775  -3.02404  -2.95339  -2.80673  -2.79309
  22000.  3.50  -3.40451  -3.30352  -3.13305  -3.06268  -2.99473  -2.85212  -2.83880
  22000.  4.00  -3.43041  -3.32741  -3.15815  -3.08896  -3.02179  -2.87948  -2.86694
  22000.  4.50  -3.45093  -3.34419  -3.17371  -3.10491  -3.03773  -2.89461  -2.88311
  22000.  5.00  -3.47503  -3.36326  -3.18981  -3.12085  -3.05313  -2.90785  -2.89731
  23000.  3.00  -3.47200  -3.37294  -3.19946  -3.12741  -3.05825  -2.91491  -2.90267
  23000.  3.50  -3.50228  -3.40419  -3.23619  -3.16767  -3.10141  -2.96296  -2.95107
  23000.  4.00  -3.53156  -3.43170  -3.26523  -3.19810  -3.13280  -2.99527  -2.98414
  23000.  4.50  -3.55390  -3.45061  -3.28326  -3.21661  -3.15140  -3.01332  -3.00316
  23000.  5.00  -3.57714  -3.46927  -3.29944  -3.23282  -3.16724  -3.02745  -3.01819
  24000.  3.00  -3.56229  -3.46612  -3.29532  -3.22512  -3.15759  -3.01822  -3.00727
  24000.  3.50  -3.59529  -3.50013  -3.33470  -3.26797  -3.20337  -3.06873  -3.05810
  24000.  4.00  -3.62728  -3.53039  -3.36652  -3.30122  -3.23761  -3.10424  -3.09434
  24000.  4.50  -3.65181  -3.55173  -3.38720  -3.32247  -3.25903  -3.12536  -3.11639
  24000.  5.00  -3.67419  -3.56990  -3.40322  -3.33862  -3.27492  -3.13993  -3.13185
  25000.  3.00  -3.64561  -3.55179  -3.38333  -3.31452  -3.24837  -3.11250  -3.10281
  25000.  3.50  -3.68330  -3.59117  -3.42865  -3.36390  -3.30109  -3.17047  -3.16100
  25000.  4.00  -3.71807  -3.62411  -3.46284  -3.39932  -3.33736  -3.20781  -3.19902
  25000.  4.50  -3.74490  -3.64788  -3.48604  -3.42309  -3.36130  -3.23161  -3.22370
  25000.  5.00  -3.76698  -3.66602  -3.50223  -3.43944  -3.37743  -3.24666  -3.23959
  26000.  3.00  -3.72566  -3.63321  -3.46572  -3.39684  -3.33086  -3.19600  -3.18731
  26000.  3.50  -3.76513  -3.67609  -3.51674  -3.45413  -3.39325  -3.26711  -3.25877
  26000.  4.00  -3.80388  -3.71290  -3.55445  -3.49281  -3.43258  -3.30695  -3.29917
  26000.  4.50  -3.83319  -3.73918  -3.58006  -3.51887  -3.45873  -3.33284  -3.32586
  26000.  5.00  -3.85591  -3.75814  -3.59716  -3.53612  -3.47575  -3.34888  -3.34270
  27000.  3.50  -3.84003  -3.75391  -3.59773  -3.53708  -3.47809  -3.35620  -3.34898
  27000.  4.00  -3.88413  -3.79621  -3.64083  -3.58123  -3.52288  -3.40146  -3.39468
  27000.  4.50  -3.91647  -3.82547  -3.66920  -3.60984  -3.55142  -3.42941  -3.42332
  27000.  5.00  -3.94067  -3.84602  -3.68790  -3.62864  -3.56995  -3.44697  -3.44161
  28000.  3.50  -3.90944  -3.82578  -3.67231  -3.61304  -3.55552  -3.43695  -3.43073
  28000.  4.00  -3.95817  -3.87331  -3.72112  -3.66359  -3.60714  -3.49010  -3.48431
  28000.  4.50  -3.99424  -3.90629  -3.75303  -3.69562  -3.63900  -3.52106  -3.51584
  28000.  5.00  -4.02043  -3.92887  -3.77369  -3.71627  -3.65931  -3.54028  -3.53573
  29000.  3.50  -3.97748  -3.89575  -3.74444  -3.68571  -3.62907  -3.51220  -3.50675
  29000.  4.00  -4.02611  -3.94414  -3.79516  -3.73944  -3.68483  -3.57166  -3.56681
  29000.  4.50  -4.06609  -3.98116  -3.83100  -3.77555  -3.72076  -3.60695  -3.60262
  29000.  5.00  -4.09480  -4.00631  -3.85411  -3.79858  -3.74338  -3.62834  -3.62458
  30000.  3.50  -4.04802  -3.96761  -3.81786  -3.75882  -3.70247  -3.58574  -3.58081
  30000.  4.00  -4.09034  -4.01091  -3.86481  -3.81046  -3.75734  -3.64721  -3.64318
  30000.  4.50  -4.13253  -4.05054  -3.90351  -3.84985  -3.79682  -3.68679  -3.68329
  30000.  5.00  -4.16378  -4.07832  -3.92913  -3.87542  -3.82194  -3.71080  -3.70782
  31000.  3.50  -4.12446  -4.04502  -3.89647  -3.83655  -3.78005  -3.66227  -3.65759
  31000.  4.00  -4.15355  -4.07624  -3.93269  -3.87910  -3.82712  -3.71891  -3.71553
  31000.  4.50  -4.19514  -4.11587  -3.97181  -3.91961  -3.86812  -3.76119  -3.75842
  31000.  5.00  -4.22805  -4.14552  -3.99926  -3.94720  -3.89532  -3.78772  -3.78543
  32000.  4.00  -4.21844  -4.14281  -4.00151  -3.94815  -3.89698  -3.78966  -3.78678
  32000.  4.50  -4.25605  -4.17918  -4.03785  -3.98668  -3.93650  -3.83186  -3.82968
  32000.  5.00  -4.28930  -4.20951  -4.06622  -4.01548  -3.96507  -3.86024  -3.85856
  33000.  4.00  -4.28726  -4.21292  -4.07362  -4.01999  -3.96933  -3.86195  -3.85941
  33000.  4.50  -4.31719  -4.24235  -4.10358  -4.05301  -4.00391  -3.90073  -3.89904
  33000.  5.00  -4.34863  -4.27134  -4.13079  -4.08109  -4.03196  -3.92937  -3.92819
  34000.  4.00  -4.35970  -4.28645  -4.14891  -4.09472  -4.04433  -3.93619  -3.93381
  34000.  4.50  -4.38123  -4.30798  -4.17154  -4.12113  -4.07287  -3.97027  -3.96895
  34000.  5.00  -4.40874  -4.33360  -4.19563  -4.14661  -4.09857  -3.99746  -3.99669
  35000.  4.00  -4.43552  -4.36326  -4.22739  -4.17258  -4.12234  -4.01325  -4.01089
  35000.  4.50  -4.44809  -4.37613  -4.24183  -4.19120  -4.14355  -4.04080  -4.03973
  35000.  5.00  -4.47092  -4.39754  -4.26197  -4.21324  -4.16611  -4.06578  -4.06533
  36000.  4.00  -4.51383  -4.44257  -4.30829  -4.25303  -4.20299  -4.09322  -4.09085
  36000.  4.50  -4.51785  -4.44699  -4.31470  -4.26362  -4.21642  -4.11301  -4.11208
  36000.  5.00  -4.53531  -4.46336  -4.33003  -4.28126  -4.23487  -4.13463  -4.13445
  37000.  4.00  -4.59352  -4.52322  -4.39043  -4.33498  -4.28523  -4.17529  -4.17296
  37000.  4.50  -4.59034  -4.52052  -4.39017  -4.33862  -4.29182  -4.18762  -4.18676
  37000.  5.00  -4.60201  -4.53128  -4.40013  -4.35106  -4.30527  -4.20455  -4.20455
  38000.  4.00  -4.67316  -4.60380  -4.47232  -4.41690  -4.36748  -4.25782  -4.25557
  38000.  4.50  -4.66488  -4.59606  -4.46758  -4.41570  -4.36931  -4.26459  -4.26379
  38000.  5.00  -4.67138  -4.60171  -4.47264  -4.42318  -4.37792  -4.27647  -4.27659
  39000.  4.00  -4.75187  -4.68337  -4.55297  -4.49767  -4.44858  -4.33946  -4.33734
  39000.  4.50  -4.74039  -4.67256  -4.54585  -4.49385  -4.44793  -4.34306  -4.34234
  39000.  5.00  -4.74284  -4.67416  -4.54709  -4.49729  -4.45255  -4.35042  -4.35064
  40000.  4.50  -4.81581  -4.74896  -4.62384  -4.57188  -4.52645  -4.42181  -4.42120
  40000.  5.00  -4.81557  -4.74786  -4.62269  -4.57268  -4.52844  -4.42594  -4.42626
  41000.  4.50  -4.89035  -4.82442  -4.70072  -4.64891  -4.60394  -4.49979  -4.49933
  41000.  5.00  -4.88868  -4.82191  -4.69847  -4.64841  -4.60470  -4.50212  -4.50257
  42000.  4.50  -4.96355  -4.89849  -4.77600  -4.72440  -4.67986  -4.57631  -4.57600
  42000.  5.00  -4.96138  -4.89553  -4.77368  -4.72366  -4.68048  -4.57809  -4.57868
  43000.  4.50  -5.03528  -4.97106  -4.84952  -4.79818  -4.75397  -4.65110  -4.65091
  43000.  5.00  -5.03316  -4.96818  -4.84772  -4.79786  -4.75515  -4.65314  -4.65388
  44000.  4.50  -5.10551  -5.04207  -4.92131  -4.87023  -4.82630  -4.72411  -4.72403
  44000.  5.00  -5.10369  -5.03955  -4.92030  -4.87063  -4.82835  -4.72684  -4.72773
  45000.  4.50  -5.17434  -5.11164  -4.99148  -4.94068  -4.89697  -4.79547  -4.79548
  45000.  5.00  -5.17287  -5.10952  -4.99128  -4.94184  -4.89993  -4.79898  -4.80001
  46000.  4.50  -5.24186  -5.17987  -5.06021  -5.00968  -4.96614  -4.86535  -4.86545
  46000.  5.00  -5.24070  -5.17812  -5.06073  -5.01152  -4.96991  -4.86957  -4.87072
  47000.  4.50  -5.30812  -5.24682  -5.12757  -5.07734  -5.03395  -4.93390  -4.93406
  47000.  5.00  -5.30721  -5.24537  -5.12868  -5.07973  -5.03838  -4.93867  -4.93992
  48000.  4.50  -5.37318  -5.31254  -5.19364  -5.14369  -5.10044  -5.00113  -5.00138
  48000.  5.00  -5.37250  -5.31136  -5.19526  -5.14658  -5.10545  -5.00639  -5.00773
  49000.  4.50  -5.43707  -5.37706  -5.25848  -5.20884  -5.16573  -5.06716  -5.06749
  49000.  5.00  -5.43661  -5.37615  -5.26057  -5.21217  -5.17122  -5.07286  -5.07427
  50000.  5.00  -5.49959  -5.43979  -5.32465  -5.27655  -5.23577  -5.13811  -5.13960
