   3500.  0.00  -3.92363  -3.04470  -2.16066  -1.54865  -1.20031   0.09689   0.30486
   3500.  0.50  -3.82813  -3.02596  -2.20544  -1.61065  -1.27487   0.08654   0.30122
   3500.  1.00  -3.73372  -3.00421  -2.24179  -1.65962  -1.33427   0.08401   0.30479
   3500.  1.50  -3.62524  -2.96536  -2.25577  -1.68419  -1.36732   0.09374   0.31892
   3500.  2.00  -3.49958  -2.90403  -2.24163  -1.68053  -1.37073   0.11724   0.34483
   3500.  2.50  -3.35604  -2.81644  -2.19378  -1.64419  -1.34023   0.15665   0.38419
   3500.  3.00  -3.20062  -2.70596  -2.11294  -1.57519  -1.27542   0.21280   0.43789
   3500.  3.50  -3.04639  -2.57728  -1.99340  -1.46385  -1.16417   0.28990   0.50944
   3500.  4.00  -2.90071  -2.43533  -1.83461  -1.30552  -0.99975   0.38490   0.59502
   3500.  4.50  -2.79519  -2.31926  -1.68409  -1.14523  -0.82770   0.46222   0.66097
   3500.  5.00  -2.76295  -2.26704  -1.58938  -1.02767  -0.69506   0.50952   0.69841
   3750.  0.00  -3.17844  -2.30585  -1.39745  -0.84120  -0.48954   0.34906   0.49205
   3750.  0.50  -3.09224  -2.28269  -1.41018  -0.86427  -0.51805   0.34208   0.48746
   3750.  1.00  -3.02057  -2.26979  -1.43238  -0.89406  -0.55269   0.33730   0.48604
   3750.  1.50  -2.95234  -2.25776  -1.45661  -0.92530  -0.58896   0.33571   0.48845
   3750.  2.00  -2.88180  -2.24114  -1.47797  -0.95389  -0.62300   0.33802   0.49488
   3750.  2.50  -2.80921  -2.21807  -1.49144  -0.97407  -0.64838   0.34660   0.50711
   3750.  3.00  -2.72890  -2.18265  -1.49059  -0.98001  -0.65923   0.36338   0.52668
   3750.  3.50  -2.65013  -2.13843  -1.47086  -0.96418  -0.64613   0.39339   0.55799
   3750.  4.00  -2.58084  -2.08467  -1.42099  -0.91097  -0.59110   0.44552   0.60875
   3750.  4.50  -2.50792  -2.01430  -1.34090  -0.82349  -0.49873   0.50701   0.66539
   3750.  5.00  -2.45760  -1.96095  -1.27170  -0.74287  -0.41140   0.55581   0.70866
   4000.  0.00  -2.63975  -1.80967  -0.97337  -0.49617  -0.17304   0.49083   0.60398
   4000.  0.50  -2.55947  -1.78238  -0.97342  -0.50288  -0.18342   0.48447   0.59738
   4000.  1.00  -2.49530  -1.76782  -0.98160  -0.51306  -0.19510   0.48041   0.59352
   4000.  1.50  -2.44168  -1.76090  -0.99470  -0.52575  -0.20807   0.47749   0.59135
   4000.  2.00  -2.38954  -1.75488  -1.00924  -0.53952  -0.22187   0.47566   0.59076
   4000.  2.50  -2.34509  -1.75224  -1.02556  -0.55439  -0.23639   0.47523   0.59204
   4000.  3.00  -2.30465  -1.74903  -1.04091  -0.56870  -0.25061   0.47781   0.59677
   4000.  3.50  -2.27121  -1.74713  -1.05482  -0.58030  -0.26165   0.48605   0.60735
   4000.  4.00  -2.24357  -1.74182  -1.05855  -0.57888  -0.25846   0.50707   0.63012
   4000.  4.50  -2.22197  -1.72721  -1.04107  -0.55102  -0.22680   0.54784   0.67065
   4000.  5.00  -2.19417  -1.70057  -1.00845  -0.50801  -0.17998   0.59195   0.71281
   4250.  0.00  -2.22373  -1.45848  -0.69315  -0.27794   0.01842   0.58652   0.68110
   4250.  0.50  -2.14767  -1.42565  -0.68749  -0.28171   0.00923   0.57768   0.67215
   4250.  1.00  -2.08903  -1.40700  -0.69054  -0.28860  -0.00035   0.57222   0.66652
   4250.  1.50  -2.04033  -1.39735  -0.69925  -0.29738  -0.00980   0.56870   0.66285
   4250.  2.00  -1.99464  -1.39052  -0.70933  -0.30608  -0.01820   0.56587   0.65994
   4250.  2.50  -1.95589  -1.38831  -0.72143  -0.31501  -0.02561   0.56369   0.65787
   4250.  3.00  -1.92800  -1.39231  -0.73537  -0.32346  -0.03108   0.56311   0.65748
   4250.  3.50  -1.90985  -1.40110  -0.75094  -0.33208  -0.03594   0.56433   0.65920
   4250.  4.00  -1.90362  -1.41630  -0.76817  -0.33982  -0.03862   0.56955   0.66521
   4250.  4.50  -1.90578  -1.43197  -0.78075  -0.34050  -0.03354   0.58506   0.68142
   4250.  5.00  -1.91512  -1.44317  -0.78268  -0.32782  -0.01491   0.61623   0.71274
   4500.  0.00  -1.89165  -1.19957  -0.49677  -0.12420   0.15145   0.65757   0.73683
   4500.  0.50  -1.82484  -1.16713  -0.48889  -0.12695   0.14256   0.64589   0.72563
   4500.  1.00  -1.77448  -1.14753  -0.48886  -0.13264   0.13317   0.63813   0.71820
   4500.  1.50  -1.73377  -1.13625  -0.49409  -0.14019   0.12373   0.63290   0.71316
   4500.  2.00  -1.69744  -1.12933  -0.50196  -0.14829   0.11499   0.62901   0.70934
   4500.  2.50  -1.66247  -1.12441  -0.51098  -0.15620   0.10738   0.62560   0.70591
   4500.  3.00  -1.63535  -1.12520  -0.52210  -0.16360   0.10206   0.62384   0.70403
   4500.  3.50  -1.61658  -1.13100  -0.53457  -0.17023   0.09889   0.62366   0.70371
   4500.  4.00  -1.60936  -1.14437  -0.54994  -0.17677   0.09755   0.62613   0.70618
   4500.  4.50  -1.61194  -1.16392  -0.56709  -0.18235   0.09868   0.63147   0.71152
   4500.  5.00  -1.62479  -1.18759  -0.58337  -0.18438   0.10434   0.64381   0.72391
   4750.  0.00  -1.60200  -0.98825  -0.34983  -0.01323   0.24274   0.70782   0.77441
   4750.  0.50  -1.54649  -0.96024  -0.34266  -0.01582   0.23449   0.69393   0.76118
   4750.  1.00  -1.50505  -0.94244  -0.34134  -0.02060   0.22586   0.68394   0.75186
   4750.  1.50  -1.47308  -0.93170  -0.34414  -0.02690   0.21711   0.67666   0.74516
   4750.  2.00  -1.44613  -0.92500  -0.34935  -0.03394   0.20856   0.67094   0.73989
   4750.  2.50  -1.42028  -0.91963  -0.35538  -0.04085   0.20079   0.66601   0.73523
   4750.  3.00  -1.39747  -0.91685  -0.36240  -0.04722   0.19465   0.66235   0.73163
   4750.  3.50  -1.37994  -0.91828  -0.37096  -0.05281   0.19090   0.66073   0.72989
   4750.  4.00  -1.36885  -0.92466  -0.38150  -0.05787   0.18930   0.66152   0.73051
   4750.  4.50  -1.36587  -0.93738  -0.39459  -0.06252   0.18998   0.66499   0.73379
   4750.  5.00  -1.37101  -0.95618  -0.40982  -0.06643   0.19310   0.67109   0.73960
   5000.  0.00  -1.33422  -0.80021  -0.23033   0.06962   0.30408   0.73449   0.79218
   5000.  0.50  -1.29226  -0.78052  -0.22746   0.06516   0.29515   0.72002   0.77798
   5000.  1.00  -1.26009  -0.76752  -0.22799   0.05964   0.28641   0.70871   0.76713
   5000.  1.50  -1.23629  -0.75998  -0.23112   0.05340   0.27801   0.69995   0.75889
   5000.  2.00  -1.21804  -0.75587  -0.23576   0.04683   0.26998   0.69286   0.75230
   5000.  2.50  -1.20226  -0.75305  -0.24076   0.04058   0.26269   0.68689   0.74673
   5000.  3.00  -1.18835  -0.75106  -0.24561   0.03518   0.25678   0.68212   0.74220
   5000.  3.50  -1.17659  -0.75062  -0.25075   0.03071   0.25270   0.67903   0.73915
   5000.  4.00  -1.16814  -0.75284  -0.25668   0.02730   0.25097   0.67840   0.73841
   5000.  4.50  -1.16341  -0.75880  -0.26433   0.02451   0.25145   0.68037   0.74017
   5000.  5.00  -1.16296  -0.76919  -0.27411   0.02217   0.25409   0.68488   0.74437
   5250.  0.00  -1.08162  -0.62670  -0.12789   0.13395   0.34492   0.73639   0.78838
   5250.  0.50  -1.05696  -0.61840  -0.13135   0.12648   0.33474   0.72376   0.77531
   5250.  1.00  -1.03711  -0.61322  -0.13597   0.11898   0.32522   0.71300   0.76446
   5250.  1.50  -1.02271  -0.61123  -0.14164   0.11153   0.31640   0.70405   0.75565
   5250.  2.00  -1.01269  -0.61154  -0.14792   0.10422   0.30821   0.69654   0.74837
   5250.  2.50  -1.00579  -0.61300  -0.15405   0.09758   0.30105   0.69032   0.74242
   5250.  3.00  -1.00089  -0.61463  -0.15925   0.09216   0.29536   0.68533   0.73763
   5250.  3.50  -0.99727  -0.61631  -0.16360   0.08813   0.29149   0.68196   0.73437
   5250.  4.00  -0.99513  -0.61842  -0.16717   0.08579   0.29002   0.68078   0.73314
   5250.  4.50  -0.99404  -0.62162  -0.17086   0.08469   0.29076   0.68196   0.73416
   5250.  5.00  -0.99415  -0.62683  -0.17553   0.08447   0.29369   0.68563   0.73755
   5500.  0.00  -0.84748  -0.46873  -0.04070   0.18338   0.36982   0.71707   0.76554
   5500.  0.50  -0.84036  -0.47209  -0.05045   0.17313   0.35895   0.70803   0.75514
   5500.  1.00  -0.83410  -0.47565  -0.05952   0.16365   0.34896   0.69958   0.74587
   5500.  1.50  -0.83059  -0.48048  -0.06848   0.15461   0.33965   0.69196   0.73779
   5500.  2.00  -0.82951  -0.48632  -0.07740   0.14591   0.33091   0.68505   0.73071
   5500.  2.50  -0.83081  -0.49268  -0.08570   0.13812   0.32328   0.67915   0.72479
   5500.  3.00  -0.83347  -0.49871  -0.09283   0.13158   0.31700   0.67424   0.71995
   5500.  3.50  -0.83722  -0.50425  -0.09854   0.12674   0.31270   0.67097   0.71672
   5500.  4.00  -0.84166  -0.50887  -0.10229   0.12423   0.31107   0.66981   0.71554
   5500.  4.50  -0.84596  -0.51278  -0.10469   0.12369   0.31189   0.67088   0.71649
   5500.  5.00  -0.84994  -0.51652  -0.10634   0.12493   0.31528   0.67445   0.71981
   5750.  0.00  -0.64005  -0.33055   0.03021   0.21877   0.38070   0.68214   0.72901
   5750.  0.50  -0.64755  -0.34332   0.01630   0.20741   0.37089   0.67778   0.72215
   5750.  1.00  -0.65311  -0.35464   0.00349   0.19658   0.36119   0.67271   0.71524
   5750.  1.50  -0.65950  -0.36600  -0.00873   0.18611   0.35173   0.66738   0.70868
   5750.  2.00  -0.66745  -0.37766  -0.02047   0.17607   0.34267   0.66211   0.70263
   5750.  2.50  -0.67687  -0.38924  -0.03127   0.16690   0.33446   0.65717   0.69725
   5750.  3.00  -0.68693  -0.40016  -0.04091   0.15882   0.32734   0.65276   0.69265
   5750.  3.50  -0.69740  -0.41002  -0.04879   0.15254   0.32211   0.64960   0.68943
   5750.  4.00  -0.70740  -0.41810  -0.05435   0.14865   0.31938   0.64823   0.68801
   5750.  4.50  -0.71658  -0.42442  -0.05760   0.14728   0.31941   0.64907   0.68879
   5750.  5.00  -0.72466  -0.42908  -0.05863   0.14867   0.32264   0.65269   0.69222
   6000.  0.00  -0.45535  -0.21086   0.08398   0.23957   0.37715   0.63446   0.68134
   6000.  0.50  -0.47945  -0.23173   0.07004   0.23078   0.37218   0.63683   0.68005
   6000.  1.00  -0.49510  -0.24928   0.05507   0.21995   0.36422   0.63608   0.67630
   6000.  1.50  -0.50978  -0.26618   0.04031   0.20875   0.35544   0.63385   0.67182
   6000.  2.00  -0.52552  -0.28317   0.02598   0.19765   0.34652   0.63083   0.66720
   6000.  2.50  -0.54229  -0.29992   0.01245   0.18701   0.33783   0.62734   0.66269
   6000.  3.00  -0.55952  -0.31595   0.00005   0.17727   0.32988   0.62386   0.65863
   6000.  3.50  -0.57634  -0.33034  -0.01040   0.16923   0.32350   0.62101   0.65549
   6000.  4.00  -0.59198  -0.34265  -0.01864   0.16327   0.31912   0.61939   0.65376
   6000.  4.50  -0.60604  -0.35242  -0.02394   0.16024   0.31777   0.61992   0.65424
   6000.  5.00  -0.61785  -0.35929  -0.02607   0.16049   0.31986   0.62312   0.65734
   6250.  0.50  -0.32749  -0.13427   0.10956   0.24183   0.36119   0.58578   0.62922
   6250.  1.00  -0.35716  -0.15760   0.09663   0.23490   0.35900   0.59163   0.63089
   6250.  1.50  -0.37991  -0.17910   0.08089   0.22440   0.35244   0.59354   0.62936
   6250.  2.00  -0.40223  -0.20052   0.06460   0.21277   0.34421   0.59337   0.62660
   6250.  2.50  -0.42511  -0.22187   0.04844   0.20081   0.33528   0.59176   0.62320
   6250.  3.00  -0.44837  -0.24261   0.03315   0.18927   0.32645   0.58934   0.61964
   6250.  3.50  -0.47137  -0.26196   0.01951   0.17902   0.31862   0.58693   0.61662
   6250.  4.00  -0.49288  -0.27910   0.00808   0.17067   0.31250   0.58517   0.61460
   6250.  4.50  -0.51191  -0.29298  -0.00004   0.16537   0.30930   0.58525   0.61459
   6250.  5.00  -0.52769  -0.30314  -0.00451   0.16354   0.30950   0.58765   0.61697
   6500.  0.50  -0.19653  -0.05170   0.13832   0.24410   0.34169   0.52817   0.57261
   6500.  1.00  -0.23050  -0.07658   0.12647   0.23954   0.34337   0.53875   0.57808
   6500.  1.50  -0.26559  -0.10285   0.11340   0.23317   0.34259   0.54696   0.58172
   6500.  2.00  -0.29478  -0.12803   0.09660   0.22237   0.33651   0.55058   0.58165
   6500.  2.50  -0.32342  -0.15330   0.07866   0.20984   0.32813   0.55151   0.57983
   6500.  3.00  -0.35226  -0.17838   0.06075   0.19680   0.31879   0.55069   0.57714
   6500.  3.50  -0.38072  -0.20255   0.04366   0.18414   0.30946   0.54880   0.57419
   6500.  4.00  -0.40783  -0.22471   0.02859   0.17303   0.30135   0.54692   0.57180
   6500.  4.50  -0.43195  -0.24329   0.01689   0.16487   0.29583   0.54637   0.57109
   6500.  5.00  -0.45216  -0.25767   0.00905   0.16016   0.29354   0.54769   0.57243
   6750.  0.50  -0.09593   0.01144   0.15926   0.24233   0.32053   0.47080   0.51632
   6750.  1.00  -0.12069  -0.00801   0.14700   0.23651   0.32030   0.48068   0.52073
   6750.  1.50  -0.15934  -0.03503   0.13570   0.23281   0.32341   0.49306   0.52765
   6750.  2.00  -0.19997  -0.06459   0.12178   0.22617   0.32307   0.50266   0.53243
   6750.  2.50  -0.23505  -0.09332   0.10357   0.21450   0.31677   0.50714   0.53309
   6750.  3.00  -0.26917  -0.12215   0.08380   0.20066   0.30767   0.50846   0.53172
   6750.  3.50  -0.30279  -0.15060   0.06385   0.18610   0.29737   0.50764   0.52919
   6750.  4.00  -0.33521  -0.17757   0.04517   0.17234   0.28743   0.50602   0.52667
   6750.  4.50  -0.36423  -0.20110   0.02929   0.16071   0.27910   0.50452   0.52489
   6750.  5.00  -0.38939  -0.22050   0.01725   0.15252   0.27389   0.50475   0.52516
   7000.  0.50  -0.01991   0.05731   0.17162   0.23570   0.29702   0.41486   0.46096
   7000.  1.00  -0.03819   0.04315   0.16138   0.23080   0.29696   0.42406   0.46487
   7000.  1.50  -0.06715   0.02224   0.14999   0.22582   0.29781   0.43491   0.46977
   7000.  2.00  -0.11125  -0.00779   0.13828   0.22205   0.30142   0.44841   0.47758
   7000.  2.50  -0.15657  -0.04070   0.12262   0.21407   0.30027   0.45835   0.48271
   7000.  3.00  -0.19696  -0.07311   0.10237   0.20082   0.29296   0.46290   0.48360
   7000.  3.50  -0.23554  -0.10516   0.08058   0.18533   0.28268   0.46395   0.48214
   7000.  4.00  -0.27276  -0.13627   0.05889   0.16940   0.27140   0.46295   0.47976
   7000.  4.50  -0.30717  -0.16496   0.03888   0.15451   0.26062   0.46106   0.47732
   7000.  5.00  -0.33741  -0.18958   0.02239   0.14261   0.25236   0.46016   0.47639
   7250.  0.50   0.02532   0.08276   0.17638   0.22629   0.27475   0.36469   0.40989
   7250.  1.00   0.02397   0.07951   0.16783   0.22036   0.27106   0.36838   0.40948
   7250.  1.50   0.00005   0.06326   0.15879   0.21668   0.27251   0.37897   0.41410
   7250.  2.00  -0.03364   0.03978   0.14696   0.21136   0.27336   0.39028   0.41928
   7250.  2.50  -0.08300   0.00615   0.13377   0.20647   0.27640   0.40409   0.42743
   7250.  3.00  -0.13237  -0.02996   0.11592   0.19659   0.27380   0.41356   0.43220
   7250.  3.50  -0.17659  -0.06529   0.09364   0.18151   0.26499   0.41747   0.43277
   7250.  4.00  -0.21868  -0.10014   0.06986   0.16429   0.25331   0.41787   0.43116
   7250.  4.50  -0.25835  -0.13343   0.04654   0.14695   0.24093   0.41636   0.42870
   7250.  5.00  -0.29387  -0.16315   0.02592   0.13169   0.23006   0.41479   0.42696
   7500.  0.50   0.01481   0.06993   0.16745   0.21353   0.25904   0.33105   0.37183
   7500.  1.00   0.06317   0.09843   0.16468   0.20415   0.24249   0.31546   0.35605
   7500.  1.50   0.04942   0.09025   0.15916   0.20206   0.24385   0.32346   0.35869
   7500.  2.00   0.02041   0.07154   0.15018   0.19851   0.24572   0.33458   0.36343
   7500.  2.50  -0.01835   0.04512   0.13749   0.19244   0.24616   0.34590   0.36856
   7500.  3.00  -0.07232   0.00806   0.12259   0.18608   0.24817   0.35951   0.37666
   7500.  3.50  -0.12426  -0.03078   0.10214   0.17376   0.24339   0.36778   0.38074
   7500.  4.00  -0.17153  -0.06884   0.07765   0.15663   0.23281   0.37065   0.38081
   7500.  4.50  -0.21615  -0.10591   0.05223   0.13794   0.21992   0.37038   0.37905
   7500.  5.00  -0.25682  -0.14032   0.02808   0.11988   0.20702   0.36873   0.37704
   7750.  1.00   0.07391   0.09693   0.15169   0.18267   0.21285   0.26695   0.30556
   7750.  1.50   0.07796   0.10089   0.14965   0.18116   0.21186   0.26997   0.30445
   7750.  2.00   0.05586   0.08838   0.14421   0.17978   0.21477   0.28019   0.30850
   7750.  2.50   0.02317   0.06755   0.13458   0.17538   0.21581   0.29071   0.31270
   7750.  3.00  -0.01955   0.03848   0.12089   0.16828   0.21540   0.30136   0.31749
   7750.  3.50  -0.07647  -0.00114   0.10444   0.16035   0.21602   0.31388   0.32495
   7750.  4.00  -0.13035  -0.04226   0.08157   0.14566   0.20905   0.32087   0.32826
   7750.  4.50  -0.17957  -0.08234   0.05533   0.12686   0.19696   0.32273   0.32808
   7750.  5.00  -0.22511  -0.12074   0.02863   0.10698   0.18306   0.32186   0.32647
   8000.  1.00   0.04908   0.06788   0.12318   0.15219   0.18055   0.22471   0.25906
   8000.  1.50   0.08743   0.09652   0.13083   0.15372   0.17577   0.21675   0.24997
   8000.  2.00   0.07631   0.09244   0.12926   0.15430   0.17885   0.22468   0.25242
   8000.  2.50   0.04854   0.07659   0.12325   0.15260   0.18189   0.23549   0.25685
   8000.  3.00   0.01141   0.05291   0.11260   0.14735   0.18240   0.24591   0.26102
   8000.  3.50  -0.03602   0.02057   0.09774   0.13930   0.18147   0.25643   0.26598
   8000.  4.00  -0.09404  -0.02071   0.07963   0.12949   0.18013   0.26747   0.27261
   8000.  4.50  -0.14819  -0.06316   0.05461   0.11260   0.17099   0.27285   0.27525
   8000.  5.00  -0.19810  -0.10448   0.02701   0.09238   0.15753   0.27366   0.27479
   8250.  1.00  -0.00921   0.00920   0.07143   0.10507   0.13773   0.18422   0.21048
   8250.  1.50   0.07508   0.07512   0.10154   0.11926   0.13601   0.16472   0.19571
   8250.  2.00   0.08025   0.08298   0.10508   0.12203   0.13826   0.16838   0.19510
   8250.  2.50   0.06038   0.07389   0.10297   0.12280   0.14248   0.17825   0.19880
   8250.  3.00   0.02824   0.05542   0.09629   0.12051   0.14519   0.18919   0.20329
   8250.  3.50  -0.01226   0.02921   0.08454   0.11418   0.14482   0.19919   0.20752
   8250.  4.00  -0.06347  -0.00615   0.06875   0.10543   0.14360   0.20959   0.21306
   8250.  4.50  -0.12181  -0.04881   0.04880   0.09381   0.14054   0.21970   0.21953
   8250.  5.00  -0.17571  -0.09201   0.02225   0.07519   0.12956   0.22361   0.22153
   8500.  1.50   0.04320   0.03789   0.06152   0.07739   0.09217   0.11386   0.14143
   8500.  2.00   0.06708   0.05975   0.07179   0.08322   0.09362   0.11193   0.13710
   8500.  2.50   0.05740   0.05848   0.07353   0.08605   0.09807   0.11983   0.13950
   8500.  3.00   0.03204   0.04594   0.07069   0.08646   0.10246   0.13065   0.14406
   8500.  3.50  -0.00326   0.02520   0.06322   0.08342   0.10463   0.14145   0.14877
   8500.  4.00  -0.04690  -0.00340   0.05050   0.07616   0.10353   0.15100   0.15305
   8500.  4.50  -0.10128  -0.04123   0.03457   0.06748   0.10281   0.16191   0.15973
   8500.  5.00  -0.15817  -0.08414   0.01294   0.05403   0.09777   0.17081   0.16600
   8750.  1.50  -0.00010  -0.00909   0.01363   0.02947   0.04406   0.06267   0.08585
   8750.  2.00   0.04009   0.02545   0.03113   0.03920   0.04597   0.05597   0.07910
   8750.  2.50   0.04045   0.03137   0.03589   0.04314   0.04949   0.06044   0.07905
   8750.  3.00   0.02246   0.02481   0.03632   0.04548   0.05447   0.06993   0.08255
   8750.  3.50  -0.00689   0.00983   0.03307   0.04559   0.05886   0.08113   0.08749
   8750.  4.00  -0.04503  -0.01291   0.02509   0.04203   0.06066   0.09193   0.09266
   8750.  4.50  -0.09165  -0.04394   0.01178   0.03435   0.05949   0.10170   0.09801
   8750.  5.00  -0.14648  -0.08279  -0.00392   0.02617   0.05960   0.11377   0.10680
   9000.  1.50  -0.04819  -0.06025  -0.03833  -0.02204  -0.00714   0.01016   0.02858
   9000.  2.00   0.00460  -0.01531  -0.01380  -0.00777  -0.00323   0.00046   0.02093
   9000.  2.50   0.01303  -0.00370  -0.00673  -0.00325  -0.00099   0.00117   0.01822
   9000.  3.00   0.00085  -0.00603  -0.00460  -0.00035   0.00333   0.00854   0.02005
   9000.  3.50  -0.02312  -0.01654  -0.00528   0.00138   0.00839   0.01913   0.02460
   9000.  4.00  -0.05529  -0.03372  -0.00929   0.00080   0.01228   0.03046   0.03030
   9000.  4.50  -0.09528  -0.05820  -0.01782  -0.00331   0.01365   0.04111   0.03619
   9000.  5.00  -0.14358  -0.09086  -0.03078  -0.01042   0.01343   0.05185   0.04330
   9250.  2.00  -0.03567  -0.05975  -0.06130  -0.05651  -0.05336  -0.05420  -0.03672
   9250.  2.50  -0.02075  -0.04357  -0.05230  -0.05155  -0.05228  -0.05711  -0.04188
   9250.  3.00  -0.02811  -0.04280  -0.04950  -0.04908  -0.04960  -0.05280  -0.04242
   9250.  3.50  -0.04776  -0.05026  -0.04908  -0.04710  -0.04520  -0.04396  -0.03930
   9250.  4.00  -0.07570  -0.06359  -0.05056  -0.04590  -0.04025  -0.03284  -0.03389
   9250.  4.50  -0.11071  -0.08297  -0.05510  -0.04692  -0.03654  -0.02133  -0.02742
   9250.  5.00  -0.15294  -0.10955  -0.06413  -0.05145  -0.03536  -0.01044  -0.02042
   9500.  2.00  -0.07864  -0.10621  -0.11024  -0.10630  -0.10413  -0.10832  -0.09398
   9500.  2.50  -0.05867  -0.08646  -0.09961  -0.10083  -0.10374  -0.11408  -0.10089
   9500.  3.00  -0.06210  -0.08333  -0.09648  -0.09900  -0.10278  -0.11300  -0.10390
   9500.  3.50  -0.07859  -0.08874  -0.09578  -0.09752  -0.09974  -0.10662  -0.10294
   9500.  4.00  -0.10342  -0.09961  -0.09624  -0.09600  -0.09518  -0.09686  -0.09885
   9500.  4.50  -0.13483  -0.11549  -0.09837  -0.09533  -0.09045  -0.08542  -0.09254
   9500.  5.00  -0.17272  -0.13741  -0.10363  -0.09696  -0.08712  -0.07374  -0.08490
   9750.  2.00  -0.12278  -0.15330  -0.15952  -0.15632  -0.15501  -0.16215  -0.15089
   9750.  2.50  -0.09948  -0.13126  -0.14783  -0.15049  -0.15504  -0.16985  -0.15892
   9750.  3.00  -0.09969  -0.12628  -0.14456  -0.14936  -0.15569  -0.17179  -0.16420
   9750.  3.50  -0.11353  -0.13022  -0.14401  -0.14873  -0.15428  -0.16809  -0.16549
   9750.  4.00  -0.13592  -0.13948  -0.14427  -0.14763  -0.15080  -0.16025  -0.16315
   9750.  4.50  -0.16471  -0.15310  -0.14532  -0.14647  -0.14616  -0.14974  -0.15771
   9750.  5.00  -0.19892  -0.17148  -0.14813  -0.14634  -0.14172  -0.13801  -0.15012
  10000.  2.00  -0.16735  -0.20055  -0.20891  -0.20646  -0.20600  -0.21584  -0.20752
  10000.  2.50  -0.14162  -0.17680  -0.19628  -0.20015  -0.20604  -0.22472  -0.21615
  10000.  3.00  -0.13975  -0.17071  -0.19301  -0.19956  -0.20787  -0.22895  -0.22305
  10000.  3.50  -0.15140  -0.17364  -0.19298  -0.20008  -0.20833  -0.22807  -0.22662
  10000.  4.00  -0.17159  -0.18165  -0.19344  -0.19979  -0.20634  -0.22254  -0.22628
  10000.  4.50  -0.19822  -0.19376  -0.19420  -0.19884  -0.20246  -0.21351  -0.22224
  10000.  5.00  -0.22998  -0.20978  -0.19559  -0.19785  -0.19766  -0.20232  -0.21536
  10250.  2.00  -0.21221  -0.24794  -0.25842  -0.25675  -0.25719  -0.26955  -0.26394
  10250.  2.50  -0.18467  -0.22284  -0.24495  -0.24987  -0.25695  -0.27897  -0.27275
  10250.  3.00  -0.18122  -0.21598  -0.24176  -0.24977  -0.25975  -0.28507  -0.28094
  10250.  3.50  -0.19114  -0.21812  -0.24201  -0.25106  -0.26154  -0.28643  -0.28621
  10250.  4.00  -0.20964  -0.22549  -0.24310  -0.25183  -0.26114  -0.28315  -0.28772
  10250.  4.50  -0.23423  -0.23642  -0.24411  -0.25167  -0.25864  -0.27618  -0.28564
  10250.  5.00  -0.26410  -0.25080  -0.24487  -0.25052  -0.25415  -0.26605  -0.27992
  10500.  2.00  -0.25722  -0.29534  -0.30794  -0.30711  -0.30848  -0.32329  -0.32015
  10500.  2.50  -0.22816  -0.26906  -0.29359  -0.29947  -0.30766  -0.33269  -0.32872
  10500.  3.00  -0.22365  -0.26169  -0.29046  -0.29973  -0.31111  -0.34014  -0.33785
  10500.  3.50  -0.23226  -0.26338  -0.29118  -0.30187  -0.31421  -0.34356  -0.34467
  10500.  4.00  -0.24926  -0.27019  -0.29283  -0.30363  -0.31531  -0.34249  -0.34799
  10500.  4.50  -0.27237  -0.28035  -0.29408  -0.30406  -0.31384  -0.33719  -0.34743
  10500.  5.00  -0.30075  -0.29365  -0.29481  -0.30331  -0.31019  -0.32853  -0.34317
  10750.  2.00  -0.30243  -0.34282  -0.35751  -0.35756  -0.35992  -0.37714  -0.37626
  10750.  2.50  -0.27192  -0.31535  -0.34217  -0.34899  -0.35823  -0.38603  -0.38420
  10750.  3.00  -0.26657  -0.30755  -0.33899  -0.34936  -0.36201  -0.39434  -0.39390
  10750.  3.50  -0.27430  -0.30901  -0.34015  -0.35221  -0.36614  -0.39939  -0.40191
  10750.  4.00  -0.29024  -0.31555  -0.34244  -0.35497  -0.36864  -0.40037  -0.40691
  10750.  4.50  -0.31200  -0.32517  -0.34422  -0.35631  -0.36853  -0.39707  -0.40811
  10750.  5.00  -0.33886  -0.33755  -0.34514  -0.35612  -0.36589  -0.39000  -0.40533
  11000.  2.00  -0.34771  -0.39031  -0.40712  -0.40813  -0.41156  -0.43122  -0.43238
  11000.  2.50  -0.31581  -0.36166  -0.39072  -0.39848  -0.40878  -0.43921  -0.43937
  11000.  3.00  -0.30978  -0.35347  -0.38741  -0.39880  -0.41262  -0.44791  -0.44926
  11000.  3.50  -0.31687  -0.35476  -0.38885  -0.40213  -0.41745  -0.45417  -0.45815
  11000.  4.00  -0.33192  -0.36111  -0.39170  -0.40570  -0.42111  -0.45687  -0.46449
  11000.  4.50  -0.35261  -0.37045  -0.39414  -0.40802  -0.42236  -0.45548  -0.46727
  11000.  5.00  -0.37807  -0.38220  -0.39551  -0.40863  -0.42092  -0.45010  -0.46598
  11250.  2.00  -0.39319  -0.43787  -0.45674  -0.45873  -0.46326  -0.48535  -0.48836
  11250.  2.50  -0.35990  -0.40803  -0.43927  -0.44797  -0.45933  -0.49227  -0.49428
  11250.  3.00  -0.35319  -0.39940  -0.43567  -0.44802  -0.46293  -0.50097  -0.50403
  11250.  3.50  -0.35973  -0.40051  -0.43726  -0.45161  -0.46819  -0.50803  -0.51346
  11250.  4.00  -0.37410  -0.40673  -0.44055  -0.45584  -0.47276  -0.51213  -0.52086
  11250.  4.50  -0.39384  -0.41587  -0.44361  -0.45905  -0.47524  -0.51245  -0.52502
  11250.  5.00  -0.41813  -0.42720  -0.44556  -0.46053  -0.47503  -0.50881  -0.52525
  11500.  2.00  -0.43846  -0.48515  -0.50607  -0.50909  -0.51474  -0.53936  -0.54406
  11500.  2.50  -0.40396  -0.45428  -0.48769  -0.49736  -0.50982  -0.54525  -0.54896
  11500.  3.00  -0.39666  -0.44525  -0.48378  -0.49707  -0.51307  -0.55370  -0.55836
  11500.  3.50  -0.40275  -0.44620  -0.48542  -0.50077  -0.51851  -0.56119  -0.56805
  11500.  4.00  -0.41659  -0.45235  -0.48905  -0.50548  -0.52374  -0.56631  -0.57619
  11500.  4.50  -0.43555  -0.46133  -0.49264  -0.50943  -0.52723  -0.56810  -0.58150
  11500.  5.00  -0.45880  -0.47237  -0.49519  -0.51175  -0.52819  -0.56608  -0.58311
  11750.  2.00  -0.48364  -0.53226  -0.55518  -0.55923  -0.56602  -0.59314  -0.59940
  11750.  2.50  -0.44802  -0.50045  -0.53600  -0.54666  -0.56024  -0.59813  -0.60340
  11750.  3.00  -0.44011  -0.49097  -0.53168  -0.54592  -0.56300  -0.60611  -0.61229
  11750.  3.50  -0.44576  -0.49171  -0.53325  -0.54956  -0.56840  -0.61374  -0.62197
  11750.  4.00  -0.45913  -0.49771  -0.53703  -0.55451  -0.57401  -0.61957  -0.63060
  11750.  4.50  -0.47750  -0.50663  -0.54106  -0.55907  -0.57831  -0.62257  -0.63686
  11750.  5.00  -0.49991  -0.51748  -0.54418  -0.56217  -0.58033  -0.62202  -0.63974
  12000.  2.50  -0.49203  -0.54645  -0.58406  -0.59573  -0.61044  -0.65081  -0.65754
  12000.  3.00  -0.48365  -0.53666  -0.57948  -0.59466  -0.61280  -0.65833  -0.66591
  12000.  3.50  -0.48889  -0.53718  -0.58094  -0.59816  -0.61807  -0.66589  -0.67542
  12000.  4.00  -0.50183  -0.54306  -0.58480  -0.60324  -0.62387  -0.67212  -0.68428
  12000.  4.50  -0.51966  -0.55186  -0.58913  -0.60821  -0.62875  -0.67603  -0.69123
  12000.  5.00  -0.54126  -0.56253  -0.59274  -0.61197  -0.63166  -0.67675  -0.69510
  12250.  2.50  -0.53569  -0.59209  -0.63178  -0.64449  -0.66037  -0.70323  -0.71130
  12250.  3.00  -0.52691  -0.58203  -0.62699  -0.64313  -0.66239  -0.71030  -0.71920
  12250.  3.50  -0.53183  -0.58238  -0.62832  -0.64646  -0.66743  -0.71769  -0.72844
  12250.  4.00  -0.54436  -0.58808  -0.63213  -0.65150  -0.67323  -0.72407  -0.73732
  12250.  4.50  -0.56178  -0.59679  -0.63666  -0.65675  -0.67849  -0.72861  -0.74474
  12250.  5.00  -0.58278  -0.60734  -0.64064  -0.66101  -0.68209  -0.73037  -0.74942
  12500.  2.50  -0.57912  -0.63741  -0.67912  -0.69287  -0.70990  -0.75524  -0.76457
  12500.  3.00  -0.57010  -0.62722  -0.67423  -0.69134  -0.71169  -0.76198  -0.77209
  12500.  3.50  -0.57471  -0.62741  -0.67544  -0.69449  -0.71653  -0.76912  -0.78102
  12500.  4.00  -0.58690  -0.63295  -0.67920  -0.69945  -0.72223  -0.77549  -0.78979
  12500.  4.50  -0.60388  -0.64153  -0.68382  -0.70484  -0.72771  -0.78046  -0.79747
  12500.  5.00  -0.62428  -0.65192  -0.68810  -0.70951  -0.73186  -0.78304  -0.80281
  12750.  2.50  -0.62222  -0.68232  -0.72601  -0.74078  -0.75896  -0.80674  -0.81727
  12750.  3.00  -0.61308  -0.67214  -0.72116  -0.73923  -0.76070  -0.81334  -0.82460
  12750.  3.50  -0.61740  -0.67216  -0.72224  -0.74221  -0.76531  -0.82022  -0.83320
  12750.  4.00  -0.62926  -0.67755  -0.72592  -0.74706  -0.77088  -0.82648  -0.84178
  12750.  4.50  -0.64582  -0.68596  -0.73053  -0.75246  -0.77641  -0.83165  -0.84954
  12750.  5.00  -0.66574  -0.69622  -0.73500  -0.75739  -0.78093  -0.83484  -0.85535
  13000.  2.50  -0.66473  -0.72662  -0.77227  -0.78807  -0.80743  -0.85766  -0.86930
  13000.  3.00  -0.65562  -0.71656  -0.76760  -0.78666  -0.80925  -0.86424  -0.87659
  13000.  3.50  -0.65980  -0.71657  -0.76869  -0.78958  -0.81375  -0.87093  -0.88495
  13000.  4.00  -0.67142  -0.72187  -0.77231  -0.79433  -0.81918  -0.87706  -0.89330
  13000.  4.50  -0.68763  -0.73011  -0.77687  -0.79966  -0.82465  -0.88227  -0.90100
  13000.  5.00  -0.70709  -0.74020  -0.78142  -0.80472  -0.82938  -0.88589  -0.90713
  14000.  2.00  -0.87114  -0.93391  -0.97132  -0.98378  -0.99981  -1.04776  -1.06474
  14000.  2.50  -0.82981  -0.89830  -0.95121  -0.97098  -0.99478  -1.05446  -1.07008
  14000.  3.00  -0.82190  -0.88980  -0.94841  -0.97130  -0.99827  -1.06237  -1.07851
  14000.  3.50  -0.82599  -0.89017  -0.95002  -0.97457  -1.00298  -1.06899  -1.08659
  14000.  4.00  -0.83730  -0.89557  -0.95381  -0.97928  -1.00818  -1.07473  -1.09430
  14000.  4.50  -0.85244  -0.90335  -0.95814  -0.98425  -1.01320  -1.07958  -1.10136
  14000.  5.00  -0.87030  -0.91270  -0.96253  -0.98918  -1.01791  -1.08361  -1.10757
  15000.  2.50  -0.98494  -1.05937  -1.11877  -1.14226  -1.17026  -1.23891  -1.25792
  15000.  3.00  -0.97982  -1.05401  -1.11955  -1.14612  -1.17730  -1.25011  -1.26943
  15000.  3.50  -0.98506  -1.05585  -1.12288  -1.15100  -1.18353  -1.25798  -1.27856
  15000.  4.00  -0.99686  -1.06209  -1.12758  -1.15644  -1.18933  -1.26406  -1.28638
  15000.  4.50  -1.01200  -1.07026  -1.13232  -1.16162  -1.19437  -1.26873  -1.29302
  15000.  5.00  -1.02868  -1.07901  -1.13634  -1.16607  -1.19852  -1.27227  -1.29853
  16000.  2.50  -1.12971  -1.20942  -1.27439  -1.30129  -1.33317  -1.41028  -1.43227
  16000.  3.00  -1.12809  -1.20805  -1.27997  -1.31003  -1.34521  -1.42635  -1.44845
  16000.  3.50  -1.13559  -1.21244  -1.28611  -1.31762  -1.35411  -1.43663  -1.45979
  16000.  4.00  -1.14827  -1.21988  -1.29222  -1.32442  -1.36122  -1.44382  -1.46852
  16000.  4.50  -1.16451  -1.22940  -1.29828  -1.33071  -1.36720  -1.44917  -1.47560
  16000.  5.00  -1.18112  -1.23846  -1.30268  -1.33537  -1.37141  -1.45259  -1.48080
  17000.  2.50  -1.26477  -1.34896  -1.41828  -1.44815  -1.48343  -1.56830  -1.59299
  17000.  3.00  -1.26658  -1.35178  -1.42940  -1.46274  -1.50173  -1.59079  -1.61536
  17000.  3.50  -1.27745  -1.35982  -1.43954  -1.47425  -1.51449  -1.60460  -1.63005
  17000.  4.00  -1.29105  -1.36852  -1.44725  -1.48263  -1.52319  -1.61333  -1.64014
  17000.  4.50  -1.30901  -1.37998  -1.45524  -1.49071  -1.53081  -1.62005  -1.64837
  17000.  5.00  -1.32666  -1.39034  -1.46091  -1.49645  -1.53595  -1.62415  -1.65405
  18000.  2.50  -1.39118  -1.47905  -1.55131  -1.58342  -1.62128  -1.71262  -1.73977
  18000.  3.00  -1.39555  -1.48546  -1.56803  -1.60442  -1.64695  -1.74360  -1.77043
  18000.  3.50  -1.41047  -1.49789  -1.58308  -1.62082  -1.66462  -1.76199  -1.78951
  18000.  4.00  -1.42545  -1.50832  -1.59290  -1.63131  -1.67545  -1.77277  -1.80148
  18000.  4.50  -1.44506  -1.52168  -1.60295  -1.64135  -1.68496  -1.78117  -1.81122
  18000.  5.00  -1.46458  -1.53411  -1.61062  -1.64891  -1.69174  -1.78664  -1.81808
  19000.  2.50  -1.51066  -1.60148  -1.67531  -1.70872  -1.74810  -1.84349  -1.87288
  19000.  3.00  -1.51565  -1.60972  -1.69637  -1.73545  -1.78115  -1.88483  -1.91373
  19000.  3.50  -1.53511  -1.62713  -1.71713  -1.75771  -1.80484  -1.90923  -1.93863
  19000.  4.00  -1.55214  -1.63995  -1.72978  -1.77101  -1.81852  -1.92266  -1.95312
  19000.  4.50  -1.57283  -1.65472  -1.74158  -1.78279  -1.82978  -1.93271  -1.96436
  19000.  5.00  -1.59457  -1.66956  -1.75172  -1.79266  -1.83871  -1.94003  -1.97288
  20000.  3.00  -1.62777  -1.72545  -1.81527  -1.85657  -1.90490  -2.01456  -2.04539
  20000.  3.50  -1.65174  -1.74789  -1.84206  -1.88521  -1.93542  -2.04638  -2.07754
  20000.  4.00  -1.67160  -1.76389  -1.85833  -1.90217  -1.95279  -2.06348  -2.09553
  20000.  4.50  -1.69268  -1.77946  -1.87144  -1.91532  -1.96552  -2.07498  -2.10812
  20000.  5.00  -1.71656  -1.79670  -1.88418  -1.92772  -1.97689  -2.08444  -2.11863
  21000.  3.00  -1.73339  -1.83431  -1.92659  -1.96959  -2.01995  -2.13419  -2.16671
  21000.  3.50  -1.76099  -1.86087  -1.95852  -2.00392  -2.05682  -2.17370  -2.20650
  21000.  4.00  -1.78439  -1.88073  -1.97914  -2.02534  -2.07880  -2.19560  -2.22916
  21000.  4.50  -1.80577  -1.89702  -1.99352  -2.03986  -2.09303  -2.20881  -2.24335
  21000.  5.00  -1.83091  -1.91590  -2.00835  -2.05436  -2.10656  -2.22017  -2.25563
  22000.  3.00  -1.83374  -1.93776  -2.03234  -2.07673  -2.12882  -2.24651  -2.28048
  22000.  3.50  -1.86363  -1.96690  -2.06747  -2.11476  -2.16996  -2.29185  -2.32613
  22000.  4.00  -1.89076  -1.99078  -2.09264  -2.14092  -2.19691  -2.31922  -2.35419
  22000.  4.50  -1.91267  -2.00799  -2.10839  -2.15694  -2.21278  -2.33437  -2.37025
  22000.  5.00  -1.93834  -2.02785  -2.12478  -2.17310  -2.22814  -2.34766  -2.38435
  23000.  3.00  -1.92947  -2.03662  -2.13387  -2.17973  -2.23360  -2.35464  -2.38985
  23000.  3.50  -1.96072  -2.06719  -2.17041  -2.21933  -2.27655  -2.40261  -2.43818
  23000.  4.00  -1.99118  -2.09463  -2.19950  -2.24960  -2.30782  -2.43492  -2.47116
  23000.  4.50  -2.01486  -2.11391  -2.21770  -2.26816  -2.32634  -2.45298  -2.49008
  23000.  5.00  -2.03960  -2.13327  -2.23415  -2.28454  -2.34212  -2.46715  -2.50501
  24000.  3.00  -2.01914  -2.12936  -2.22954  -2.27703  -2.33284  -2.45788  -2.49425
  24000.  3.50  -2.05307  -2.16272  -2.26871  -2.31923  -2.37841  -2.50830  -2.54501
  24000.  4.00  -2.08622  -2.19291  -2.30057  -2.35230  -2.41254  -2.54380  -2.58116
  24000.  4.50  -2.11204  -2.21458  -2.32143  -2.37358  -2.43387  -2.56493  -2.60311
  24000.  5.00  -2.13584  -2.23336  -2.33768  -2.38988  -2.44970  -2.57953  -2.61846
  25000.  3.00  -2.10191  -2.21466  -2.31738  -2.36610  -2.42356  -2.55209  -2.58959
  25000.  3.50  -2.14045  -2.25329  -2.36245  -2.41472  -2.47604  -2.60997  -2.64773
  25000.  4.00  -2.17635  -2.28622  -2.39670  -2.45000  -2.51219  -2.64730  -2.68565
  25000.  4.50  -2.20443  -2.31028  -2.42006  -2.47379  -2.53606  -2.67111  -2.71024
  25000.  5.00  -2.22786  -2.32900  -2.43648  -2.49027  -2.55212  -2.68617  -2.72603
  26000.  3.00  -2.18151  -2.29590  -2.39969  -2.44838  -2.50609  -2.63554  -2.67393
  26000.  3.50  -2.22167  -2.33771  -2.45032  -2.50448  -2.56808  -2.70653  -2.74531
  26000.  4.00  -2.26154  -2.37456  -2.48809  -2.54306  -2.60733  -2.74637  -2.78564
  26000.  4.50  -2.29207  -2.40115  -2.51386  -2.56916  -2.63340  -2.77226  -2.81224
  26000.  5.00  -2.31607  -2.42066  -2.53119  -2.58654  -2.65036  -2.78833  -2.82899
  27000.  3.50  -2.29600  -2.41503  -2.53110  -2.58698  -2.65282  -2.79554  -2.83533
  27000.  4.00  -2.34119  -2.45737  -2.57426  -2.63103  -2.69751  -2.84081  -2.88099
  27000.  4.50  -2.37471  -2.48698  -2.60279  -2.65972  -2.72601  -2.86877  -2.90955
  27000.  5.00  -2.40015  -2.50806  -2.62172  -2.67865  -2.74448  -2.88634  -2.92775
  28000.  3.50  -2.36487  -2.48649  -2.60547  -2.66260  -2.73020  -2.87622  -2.91691
  28000.  4.00  -2.41464  -2.53395  -2.65433  -2.71292  -2.78167  -2.92936  -2.97045
  28000.  4.50  -2.45188  -2.56730  -2.68641  -2.74505  -2.81348  -2.96034  -3.00192
  28000.  5.00  -2.47927  -2.59043  -2.70729  -2.76587  -2.83374  -2.97958  -3.02172
  29000.  3.50  -2.43245  -2.55614  -2.67743  -2.73508  -2.80377  -2.95140  -2.99279
  29000.  4.00  -2.48202  -2.60428  -2.72815  -2.78836  -2.85926  -3.01084  -3.05278
  29000.  4.50  -2.52313  -2.64167  -2.76416  -2.82454  -2.89513  -3.04616  -3.08854
  29000.  5.00  -2.55302  -2.66737  -2.78750  -2.84774  -2.91771  -3.06756  -3.11044
  30000.  3.50  -2.50262  -2.62780  -2.75071  -2.80816  -2.87727  -3.02486  -3.06673
  30000.  4.00  -2.54571  -2.67061  -2.79758  -2.85902  -2.93173  -3.08632  -3.12901
  30000.  4.50  -2.58899  -2.71054  -2.83646  -2.89843  -2.97111  -3.12592  -3.16906
  30000.  5.00  -2.62138  -2.73888  -2.86231  -2.92416  -2.99617  -3.14996  -3.19354
  31000.  3.50  -2.57878  -2.70509  -2.82920  -2.88597  -2.95498  -3.10133  -3.14344
  31000.  4.00  -2.60846  -2.73558  -2.86526  -2.92743  -3.00153  -3.15795  -3.20124
  31000.  4.50  -2.65105  -2.77540  -2.90455  -2.96781  -3.04235  -3.20026  -3.24406
  31000.  5.00  -2.68505  -2.80558  -2.93225  -2.99556  -3.06947  -3.22681  -3.27102
  32000.  4.00  -2.67294  -2.80186  -2.93388  -2.99632  -3.07147  -3.22862  -3.27237
  32000.  4.50  -2.71144  -2.83829  -2.97038  -3.03460  -3.11072  -3.27085  -3.31521
  32000.  5.00  -2.74573  -2.86911  -2.99899  -3.06349  -3.13918  -3.29927  -3.34404
  33000.  4.00  -2.74142  -2.87176  -3.00579  -3.06809  -3.14393  -3.30083  -3.34489
  33000.  4.50  -2.77213  -2.90111  -3.03589  -3.10071  -3.17818  -3.33966  -3.38447
  33000.  5.00  -2.80453  -2.93050  -3.06335  -3.12881  -3.20605  -3.36833  -3.41357
  34000.  4.00  -2.81359  -2.94510  -3.08092  -3.14282  -3.21906  -3.37498  -3.41922
  34000.  4.50  -2.83578  -2.96646  -3.10363  -3.16867  -3.24721  -3.40912  -3.45428
  34000.  5.00  -2.86415  -2.99237  -3.12797  -3.19408  -3.27269  -3.43636  -3.48199
  35000.  4.00  -2.88918  -3.02174  -3.15924  -3.22070  -3.29721  -3.45197  -3.49624
  35000.  4.50  -2.90231  -3.03439  -3.17370  -3.23866  -3.31801  -3.47956  -3.52498
  35000.  5.00  -2.92591  -3.05600  -3.19409  -3.26055  -3.34031  -3.50461  -3.55055
  36000.  4.00  -2.96729  -3.10087  -3.24000  -3.30115  -3.37797  -3.53186  -3.57616
  36000.  4.50  -2.97178  -3.10505  -3.24638  -3.31105  -3.39103  -3.55168  -3.59724
  36000.  5.00  -2.98994  -3.12156  -3.26192  -3.32845  -3.40917  -3.57339  -3.61958
  37000.  4.00  -3.04679  -3.18136  -3.32203  -3.38308  -3.46029  -3.61387  -3.65821
  37000.  4.50  -3.04404  -3.17838  -3.32165  -3.38602  -3.46656  -3.62621  -3.67186
  37000.  5.00  -3.05633  -3.18925  -3.33179  -3.39817  -3.47971  -3.64323  -3.68960
  38000.  4.00  -3.12629  -3.26177  -3.40383  -3.46492  -3.54257  -3.69634  -3.74078
  38000.  4.50  -3.11838  -3.25373  -3.39889  -3.46306  -3.54417  -3.70310  -3.74882
  38000.  5.00  -3.12544  -3.25948  -3.40410  -3.47025  -3.55250  -3.71506  -3.76157
  39000.  4.00  -3.20486  -3.34120  -3.48439  -3.54564  -3.62369  -3.77793  -3.82249
  39000.  4.50  -3.19371  -3.33004  -3.47701  -3.54115  -3.62288  -3.78150  -3.82732
  39000.  5.00  -3.19667  -3.33173  -3.47834  -3.54430  -3.62725  -3.78893  -3.83555
  40000.  4.50  -3.26897  -3.40625  -3.55487  -3.61911  -3.70145  -3.86017  -3.90612
  40000.  5.00  -3.26922  -3.40524  -3.55376  -3.61963  -3.70326  -3.86437  -3.91111
  41000.  4.50  -3.34337  -3.48155  -3.63164  -3.69606  -3.77899  -3.93809  -3.98418
  41000.  5.00  -3.34216  -3.47911  -3.62939  -3.69528  -3.77960  -3.94048  -3.98736
  42000.  4.50  -3.41644  -3.55547  -3.70683  -3.77147  -3.85492  -4.01457  -4.06081
  42000.  5.00  -3.41470  -3.55255  -3.70445  -3.77046  -3.85544  -4.01637  -4.06341
  43000.  4.50  -3.48804  -3.62788  -3.78029  -3.84517  -3.92904  -4.08931  -4.13569
  43000.  5.00  -3.48634  -3.62503  -3.77838  -3.84457  -3.93016  -4.09137  -4.13856
  44000.  4.50  -3.55814  -3.69877  -3.85204  -3.91715  -4.00136  -4.16230  -4.20878
  44000.  5.00  -3.55675  -3.69625  -3.85087  -3.91726  -4.00338  -4.16502  -4.21236
  45000.  4.50  -3.62684  -3.76822  -3.92220  -3.98754  -4.07200  -4.23365  -4.28020
  45000.  5.00  -3.62578  -3.76608  -3.92179  -3.98840  -4.07496  -4.23713  -4.28460
  46000.  4.50  -3.69425  -3.83634  -3.99091  -4.05650  -4.14115  -4.30353  -4.35016
  46000.  5.00  -3.69350  -3.83455  -3.99118  -4.05801  -4.14495  -4.30770  -4.35527
  47000.  4.50  -3.76039  -3.90318  -4.05826  -4.12409  -4.20892  -4.37207  -4.41877
  47000.  5.00  -3.75989  -3.90166  -4.05910  -4.12616  -4.21340  -4.37677  -4.42445
  48000.  4.50  -3.82533  -3.96880  -4.12434  -4.19040  -4.27538  -4.43930  -4.48607
  48000.  5.00  -3.82505  -3.96754  -4.12566  -4.19295  -4.28045  -4.44449  -4.49224
  49000.  4.50  -3.88912  -4.03322  -4.18919  -4.25550  -4.34063  -4.50534  -4.55217
  49000.  5.00  -3.88905  -4.03222  -4.19094  -4.25848  -4.34620  -4.51094  -4.55877
  50000.  5.00  -3.95192  -4.09575  -4.25502  -4.32280  -4.41072  -4.57619  -4.62408
