   3500.  0.00  -3.75912  -2.83590  -1.84178  -1.17947  -0.79579   0.19849   0.36809
   3500.  0.50  -3.48811  -2.65954  -1.73105  -1.11172  -0.74203   0.23536   0.40297
   3500.  1.00  -3.25535  -2.50875  -1.63685  -1.04924  -0.69075   0.27782   0.44413
   3500.  1.50  -3.05727  -2.37822  -1.55226  -0.98759  -0.63750   0.32557   0.49076
   3500.  2.00  -2.88842  -2.26271  -1.47348  -0.92516  -0.58121   0.37689   0.54073
   3500.  2.50  -2.76460  -2.17292  -1.40422  -0.86189  -0.52010   0.43199   0.59381
   3500.  3.00  -2.70126  -2.11527  -1.34367  -0.79206  -0.44677   0.49162   0.64945
   3500.  3.50  -2.66899  -2.07771  -1.29285  -0.72565  -0.37437   0.53658   0.68848
   3500.  4.00  -2.67553  -2.07813  -1.27728  -0.69179  -0.33382   0.55741   0.70495
   3500.  4.50  -2.71506  -2.10946  -1.28818  -0.67942  -0.31347   0.56828   0.71323
   3500.  5.00  -2.79123  -2.17174  -1.32647  -0.68556  -0.31028   0.57285   0.71679
   3750.  0.00  -3.17273  -2.30445  -1.39436  -0.81706  -0.46035   0.35001   0.48408
   3750.  0.50  -2.97981  -2.19257  -1.33213  -0.78377  -0.43750   0.35226   0.48418
   3750.  1.00  -2.82327  -2.10605  -1.28580  -0.75607  -0.41664   0.36126   0.49214
   3750.  1.50  -2.69047  -2.03199  -1.24459  -0.72716  -0.39224   0.37997   0.51041
   3750.  2.00  -2.57208  -1.96217  -1.20289  -0.69471  -0.36320   0.40712   0.53742
   3750.  2.50  -2.47397  -1.90095  -1.16214  -0.65911  -0.32936   0.44097   0.57106
   3750.  3.00  -2.41181  -1.85839  -1.12810  -0.62234  -0.29169   0.48336   0.61303
   3750.  3.50  -2.38684  -1.83306  -1.09754  -0.58101  -0.24689   0.53349   0.66171
   3750.  4.00  -2.36689  -1.81068  -1.06861  -0.54169  -0.20412   0.57247   0.69815
   3750.  4.50  -2.37127  -1.81324  -1.06093  -0.52126  -0.17891   0.59421   0.71803
   3750.  5.00  -2.40343  -1.84114  -1.07230  -0.51436  -0.16514   0.60773   0.73037
   4000.  0.00  -2.64402  -1.84788  -1.03049  -0.53853  -0.21446   0.48851   0.60089
   4000.  0.50  -2.47509  -1.74890  -0.98067  -0.51711  -0.20547   0.47806   0.58860
   4000.  1.00  -2.35078  -1.68445  -0.95364  -0.50659  -0.20250   0.47021   0.57978
   4000.  1.50  -2.26255  -1.64572  -0.94149  -0.50190  -0.20114   0.46578   0.57488
   4000.  2.00  -2.20003  -1.62297  -0.93625  -0.49781  -0.19719   0.46648   0.57527
   4000.  2.50  -2.15244  -1.60675  -0.93061  -0.48947  -0.18695   0.47452   0.58300
   4000.  3.00  -2.11213  -1.59029  -0.91954  -0.47315  -0.16748   0.49373   0.60187
   4000.  3.50  -2.09130  -1.58048  -0.90716  -0.45065  -0.14030   0.52820   0.63625
   4000.  4.00  -2.08731  -1.57461  -0.89325  -0.42443  -0.10939   0.57069   0.67853
   4000.  4.50  -2.07782  -1.56429  -0.87646  -0.39787  -0.07911   0.60722   0.71440
   4000.  5.00  -2.08304  -1.56992  -0.87269  -0.38256  -0.05888   0.63037   0.73687
   4250.  0.00  -2.22064  -1.50713  -0.76598  -0.33447  -0.03637   0.59146   0.68735
   4250.  0.50  -2.07188  -1.41576  -0.72066  -0.31714  -0.03267   0.57505   0.66963
   4250.  1.00  -1.96179  -1.35472  -0.69585  -0.31018  -0.03498   0.56171   0.65565
   4250.  1.50  -1.88427  -1.31739  -0.68523  -0.30940  -0.03953   0.55184   0.64553
   4250.  2.00  -1.83186  -1.29733  -0.68353  -0.31145  -0.04359   0.54545   0.63908
   4250.  2.50  -1.79749  -1.28926  -0.68705  -0.31409  -0.04556   0.54265   0.63624
   4250.  3.00  -1.77628  -1.28907  -0.69262  -0.31512  -0.04374   0.54402   0.63747
   4250.  3.50  -1.76630  -1.29490  -0.69846  -0.31293  -0.03669   0.55115   0.64432
   4250.  4.00  -1.77450  -1.30864  -0.70388  -0.30515  -0.02188   0.57202   0.66505
   4250.  4.50  -1.79249  -1.32281  -0.70462  -0.29070  -0.00024   0.60520   0.69827
   4250.  5.00  -1.80223  -1.33105  -0.70127  -0.27377   0.02304   0.63731   0.73014
   4500.  0.00  -1.86406  -1.23675  -0.56703  -0.18316   0.09215   0.66278   0.74559
   4500.  0.50  -1.74573  -1.16306  -0.53128  -0.17090   0.09220   0.64357   0.72533
   4500.  1.00  -1.65664  -1.11189  -0.51072  -0.16651   0.08765   0.62746   0.70881
   4500.  1.50  -1.59405  -1.07959  -0.50123  -0.16702   0.08136   0.61501   0.69628
   4500.  2.00  -1.55131  -1.06082  -0.49884  -0.16997   0.07523   0.60606   0.68738
   4500.  2.50  -1.52291  -1.05165  -0.50080  -0.17350   0.07080   0.60067   0.68203
   4500.  3.00  -1.50504  -1.04920  -0.50484  -0.17604   0.06930   0.59886   0.68019
   4500.  3.50  -1.49482  -1.05195  -0.51024  -0.17707   0.07118   0.60075   0.68194
   4500.  4.00  -1.49149  -1.05985  -0.51711  -0.17633   0.07683   0.60681   0.68771
   4500.  4.50  -1.50101  -1.07470  -0.52474  -0.17258   0.08739   0.62104   0.70168
   4500.  5.00  -1.52320  -1.09394  -0.53102  -0.16479   0.10270   0.64593   0.72666
   4750.  0.00  -1.52853  -0.99543  -0.40438  -0.06740   0.18335   0.70125   0.77379
   4750.  0.50  -1.44685  -0.94593  -0.38292  -0.06266   0.17870   0.68206   0.75370
   4750.  1.00  -1.38408  -0.91043  -0.37023  -0.06223   0.17193   0.66550   0.73674
   4750.  1.50  -1.33994  -0.88752  -0.36443  -0.06468   0.16445   0.65209   0.72325
   4750.  2.00  -1.31065  -0.87407  -0.36318  -0.06847   0.15751   0.64196   0.71319
   4750.  2.50  -1.29232  -0.86710  -0.36426  -0.07203   0.15238   0.63529   0.70658
   4750.  3.00  -1.28080  -0.86405  -0.36627  -0.07457   0.14955   0.63171   0.70300
   4750.  3.50  -1.27415  -0.86391  -0.36845  -0.07521   0.15003   0.63180   0.70297
   4750.  4.00  -1.27098  -0.86657  -0.37129  -0.07431   0.15353   0.63520   0.70615
   4750.  4.50  -1.27183  -0.87296  -0.37545  -0.07219   0.15994   0.64207   0.71267
   4750.  5.00  -1.28136  -0.88562  -0.38140  -0.06859   0.16975   0.65420   0.72444
   5000.  0.00  -1.21228  -0.77549  -0.26797   0.02227   0.24657   0.70958   0.77369
   5000.  0.50  -1.16592  -0.75087  -0.26186   0.01857   0.23674   0.69212   0.75546
   5000.  1.00  -1.13059  -0.73339  -0.25914   0.01376   0.22711   0.67679   0.73973
   5000.  1.50  -1.10648  -0.72287  -0.25953   0.00802   0.21789   0.66378   0.72660
   5000.  2.00  -1.09209  -0.71790  -0.26194   0.00224   0.20985   0.65360   0.71643
   5000.  2.50  -1.08497  -0.71631  -0.26471  -0.00248   0.20384   0.64637   0.70924
   5000.  3.00  -1.08242  -0.71651  -0.26696  -0.00537   0.20053   0.64232   0.70520
   5000.  3.50  -1.08279  -0.71743  -0.26786  -0.00572   0.20063   0.64186   0.70463
   5000.  4.00  -1.08439  -0.71861  -0.26768  -0.00381   0.20385   0.64468   0.70725
   5000.  4.50  -1.08679  -0.72099  -0.26782  -0.00052   0.20961   0.65051   0.71275
   5000.  5.00  -1.09195  -0.72574  -0.26839   0.00413   0.21795   0.65944   0.72129
   5250.  0.00  -0.93867  -0.58702  -0.15829   0.08919   0.28742   0.69664   0.75420
   5250.  0.50  -0.91771  -0.58112  -0.16391   0.07916   0.27422   0.68154   0.73806
   5250.  1.00  -0.90411  -0.57903  -0.17020   0.06948   0.26206   0.66809   0.72404
   5250.  1.50  -0.89798  -0.58076  -0.17727   0.06013   0.25099   0.65642   0.71212
   5250.  2.00  -0.89827  -0.58538  -0.18447   0.05167   0.24156   0.64690   0.70253
   5250.  2.50  -0.90268  -0.59109  -0.19078   0.04477   0.23417   0.63962   0.69526
   5250.  3.00  -0.90942  -0.59672  -0.19535   0.04028   0.22971   0.63537   0.69102
   5250.  3.50  -0.91684  -0.60099  -0.19722   0.03900   0.22888   0.63452   0.69009
   5250.  4.00  -0.92425  -0.60384  -0.19649   0.04103   0.23191   0.63739   0.69278
   5250.  4.50  -0.93097  -0.60578  -0.19438   0.04535   0.23788   0.64345   0.69856
   5250.  5.00  -0.93750  -0.60765  -0.19158   0.05130   0.24620   0.65205   0.70680
   5500.  0.00  -0.71404  -0.43172  -0.07219   0.13739   0.31078   0.66970   0.72282
   5500.  0.50  -0.71083  -0.43857  -0.08533   0.12375   0.29644   0.65774   0.70913
   5500.  1.00  -0.71189  -0.44730  -0.09825   0.11065   0.28291   0.64648   0.69677
   5500.  1.50  -0.71843  -0.45852  -0.11113   0.09805   0.27026   0.63616   0.68583
   5500.  2.00  -0.72979  -0.47150  -0.12345   0.08643   0.25894   0.62712   0.67651
   5500.  2.50  -0.74397  -0.48478  -0.13443   0.07639   0.24942   0.61962   0.66893
   5500.  3.00  -0.75932  -0.49685  -0.14285   0.06912   0.24288   0.61480   0.66409
   5500.  3.50  -0.77353  -0.50603  -0.14754   0.06554   0.24009   0.61305   0.66232
   5500.  4.00  -0.78642  -0.51234  -0.14842   0.06618   0.24187   0.61552   0.66465
   5500.  4.50  -0.79718  -0.51577  -0.14603   0.07048   0.24763   0.62171   0.67061
   5500.  5.00  -0.80637  -0.51760  -0.14189   0.07710   0.25615   0.63071   0.67932
   5750.  0.00  -0.52823  -0.30329  -0.00462   0.17109   0.32077   0.63247   0.68319
   5750.  0.50  -0.53941  -0.31930  -0.02180   0.15645   0.30765   0.62508   0.67305
   5750.  1.00  -0.55204  -0.33588  -0.03876   0.14182   0.29440   0.61695   0.66297
   5750.  1.50  -0.56831  -0.35420  -0.05589   0.12704   0.28110   0.60849   0.65324
   5750.  2.00  -0.58803  -0.37395  -0.07286   0.11250   0.26811   0.60005   0.64408
   5750.  2.50  -0.60980  -0.39384  -0.08872   0.09899   0.25615   0.59215   0.63586
   5750.  3.00  -0.63207  -0.41232  -0.10213   0.08785   0.24653   0.58604   0.62965
   5750.  3.50  -0.65258  -0.42754  -0.11161   0.08034   0.24039   0.58248   0.62608
   5750.  4.00  -0.67044  -0.43858  -0.11616   0.07779   0.23932   0.58323   0.62678
   5750.  4.50  -0.68477  -0.44495  -0.11562   0.08033   0.24337   0.58848   0.63189
   5750.  5.00  -0.69635  -0.44816  -0.11183   0.08647   0.25134   0.59747   0.64064
   6000.  0.00  -0.36889  -0.19517   0.04717   0.19224   0.31907   0.58612   0.63618
   6000.  0.50  -0.39399  -0.21788   0.02988   0.17978   0.31013   0.58515   0.63134
   6000.  1.00  -0.41656  -0.24025   0.01118   0.16541   0.29883   0.58137   0.62451
   6000.  1.50  -0.44126  -0.26415  -0.00856   0.14983   0.28617   0.57584   0.61681
   6000.  2.00  -0.46837  -0.28942  -0.02892   0.13345   0.27259   0.56896   0.60850
   6000.  2.50  -0.49696  -0.31501  -0.04894   0.11712   0.25887   0.56135   0.60009
   6000.  3.00  -0.52554  -0.33963  -0.06749   0.10198   0.24614   0.55402   0.59244
   6000.  3.50  -0.55231  -0.36134  -0.08266   0.08985   0.23619   0.54845   0.58680
   6000.  4.00  -0.57512  -0.37809  -0.09266   0.08249   0.23075   0.54634   0.58471
   6000.  4.50  -0.59325  -0.38911  -0.09658   0.08091   0.23094   0.54884   0.58720
   6000.  5.00  -0.60727  -0.39505  -0.09503   0.08490   0.23683   0.55642   0.59468
   6250.  0.50  -0.26528  -0.12993   0.07006   0.19357   0.30337   0.53774   0.58358
   6250.  1.00  -0.29855  -0.15684   0.05261   0.18206   0.29654   0.53991   0.58155
   6250.  1.50  -0.33070  -0.18492   0.03202   0.16709   0.28587   0.53830   0.57664
   6250.  2.00  -0.36434  -0.21449   0.00975   0.15014   0.27292   0.53403   0.57000
   6250.  2.50  -0.39933  -0.24510  -0.01348   0.13187   0.25838   0.52767   0.56215
   6250.  3.00  -0.43427  -0.27531  -0.03630   0.11364   0.24354   0.52017   0.55389
   6250.  3.50  -0.46735  -0.30323  -0.05677   0.09729   0.23024   0.51316   0.54660
   6250.  4.00  -0.49596  -0.32640  -0.07290   0.08461   0.22012   0.50813   0.54160
   6250.  4.50  -0.51928  -0.34362  -0.08289   0.07766   0.21547   0.50731   0.54089
   6250.  5.00  -0.53637  -0.35388  -0.08592   0.07726   0.21709   0.51165   0.54527
   6500.  0.50  -0.14748  -0.05290   0.09810   0.19678   0.28602   0.48251   0.52898
   6500.  1.00  -0.19139  -0.08302   0.08474   0.19070   0.28628   0.49179   0.53309
   6500.  1.50  -0.23226  -0.11442   0.06609   0.17889   0.28012   0.49574   0.53256
   6500.  2.00  -0.27193  -0.14740   0.04324   0.16253   0.26898   0.49505   0.52845
   6500.  2.50  -0.31256  -0.18193   0.01817   0.14357   0.25482   0.49095   0.52194
   6500.  3.00  -0.35337  -0.21685  -0.00773   0.12336   0.23903   0.48446   0.51401
   6500.  3.50  -0.39270  -0.25040  -0.03260   0.10363   0.22327   0.47698   0.50589
   6500.  4.00  -0.42786  -0.28015  -0.05447   0.08618   0.20919   0.46990   0.49870
   6500.  4.50  -0.45737  -0.30412  -0.07086   0.07362   0.19956   0.46588   0.49482
   6500.  5.00  -0.47941  -0.32047  -0.08009   0.06754   0.19592   0.46634   0.49550
   6750.  0.50  -0.05819   0.00710   0.12082   0.19769   0.26820   0.42780   0.47525
   6750.  1.00  -0.09163  -0.01753   0.10641   0.19005   0.26655   0.43682   0.47855
   6750.  1.50  -0.14141  -0.05146   0.09200   0.18354   0.26719   0.44727   0.48358
   6750.  2.00  -0.18871  -0.08735   0.07121   0.17025   0.26037   0.45170   0.48345
   6750.  2.50  -0.23448  -0.12469   0.04588   0.15200   0.24800   0.45096   0.47925
   6750.  3.00  -0.28042  -0.16327   0.01821   0.13099   0.23241   0.44662   0.47261
   6750.  3.50  -0.32528  -0.20152  -0.01000   0.10891   0.21523   0.43971   0.46449
   6750.  4.00  -0.36689  -0.23716  -0.03654   0.08778   0.19838   0.43184   0.45619
   6750.  4.50  -0.40309  -0.26784  -0.05884   0.07019   0.18447   0.42542   0.44984
   6750.  5.00  -0.43157  -0.29128  -0.07484   0.05808   0.17540   0.42225   0.44702
   7000.  0.50   0.00569   0.04973   0.13605   0.19495   0.24951   0.37562   0.42367
   7000.  1.00  -0.01754   0.03183   0.12293   0.18721   0.24662   0.38314   0.42562
   7000.  1.50  -0.05634   0.00433   0.10824   0.17955   0.24546   0.39281   0.42925
   7000.  2.00  -0.11127  -0.03326   0.09214   0.17172   0.24539   0.40327   0.43417
   7000.  2.50  -0.16363  -0.07318   0.06882   0.15640   0.23713   0.40746   0.43382
   7000.  3.00  -0.21402  -0.11437   0.04079   0.13587   0.22302   0.40607   0.42920
   7000.  3.50  -0.26364  -0.15612   0.01070   0.11273   0.20568   0.40084   0.42195
   7000.  4.00  -0.31104  -0.19669  -0.01930   0.08910   0.18726   0.39341   0.41359
   7000.  4.50  -0.35390  -0.23364  -0.04671   0.06734   0.17007   0.38567   0.40577
   7000.  5.00  -0.38942  -0.26411  -0.06892   0.04983   0.15630   0.37971   0.40015
   7250.  0.50   0.04152   0.07274   0.14254   0.18795   0.23028   0.32785   0.37524
   7250.  1.00   0.03411   0.06511   0.13179   0.18025   0.22527   0.33133   0.37416
   7250.  1.50   0.00491   0.04461   0.11931   0.17333   0.22364   0.33989   0.37657
   7250.  2.00  -0.03904   0.01376   0.10340   0.16465   0.22190   0.34942   0.38000
   7250.  2.50  -0.09774  -0.02720   0.08501   0.15480   0.22025   0.35920   0.38432
   7250.  3.00  -0.15365  -0.07037   0.05911   0.13711   0.21000   0.36227   0.38310
   7250.  3.50  -0.20754  -0.11467   0.02866   0.11440   0.19404   0.35995   0.37784
   7250.  4.00  -0.25979  -0.15898  -0.00349   0.08942   0.17515   0.35391   0.37028
   7250.  4.50  -0.30859  -0.20113  -0.03476   0.06466   0.15582   0.34599   0.36192
   7250.  5.00  -0.35098  -0.23809  -0.06232   0.04268   0.13842   0.33837   0.35455
   7500.  0.50   0.02937   0.06249   0.13623   0.17626   0.21424   0.29111   0.33507
   7500.  1.00   0.06450   0.08172   0.13090   0.16704   0.20052   0.28096   0.32341
   7500.  1.50   0.04600   0.06933   0.12203   0.16199   0.19924   0.28790   0.32472
   7500.  2.00   0.01151   0.04571   0.10876   0.15445   0.19737   0.29651   0.32698
   7500.  2.50  -0.03688   0.01186   0.09163   0.14470   0.19493   0.30568   0.33009
   7500.  3.00  -0.09827  -0.03178   0.07114   0.13282   0.19149   0.31434   0.33345
   7500.  3.50  -0.15676  -0.07778   0.04261   0.11267   0.17906   0.31620   0.33149
   7500.  4.00  -0.21311  -0.12466   0.00993   0.08785   0.16121   0.31265   0.32562
   7500.  4.50  -0.26686  -0.17069  -0.02369   0.06148   0.14110   0.30586   0.31783
   7500.  5.00  -0.31537  -0.21310  -0.05544   0.03610   0.12111   0.29758   0.30960
   7750.  1.00   0.06730   0.07703   0.11797   0.14622   0.17226   0.23296   0.27366
   7750.  1.50   0.06828   0.07835   0.11421   0.14315   0.16984   0.23542   0.27182
   7750.  2.00   0.04263   0.06237   0.10554   0.13868   0.16976   0.24369   0.27390
   7750.  2.50   0.00399   0.03624   0.09156   0.13048   0.16748   0.25220   0.27600
   7750.  3.00  -0.04810  -0.00042   0.07323   0.11967   0.16430   0.26109   0.27911
   7750.  3.50  -0.11095  -0.04615   0.05063   0.10567   0.15886   0.26845   0.28166
   7750.  4.00  -0.17122  -0.09438   0.01982   0.08326   0.14430   0.26886   0.27880
   7750.  4.50  -0.22897  -0.14304  -0.01456   0.05677   0.12492   0.26431   0.27261
   7750.  5.00  -0.28262  -0.18974  -0.04918   0.02926   0.10361   0.25652   0.26459
   8000.  1.00   0.03569   0.04513   0.08908   0.11543   0.13998   0.18912   0.22593
   8000.  1.50   0.06944   0.06989   0.09476   0.11597   0.13512   0.18281   0.21793
   8000.  2.00   0.05653   0.06376   0.09095   0.11423   0.13569   0.18896   0.21865
   8000.  2.50   0.02600   0.04487   0.08174   0.10939   0.13560   0.19764   0.22099
   8000.  3.00  -0.01602   0.01642   0.06694   0.10045   0.13282   0.20604   0.22321
   8000.  3.50  -0.07123  -0.02237   0.04831   0.08939   0.12966   0.21497   0.22666
   8000.  4.00  -0.13443  -0.06939   0.02401   0.07364   0.12251   0.22136   0.22879
   8000.  4.50  -0.19530  -0.11913  -0.00877   0.04927   0.10606   0.22052   0.22561
   8000.  5.00  -0.25305  -0.16867  -0.04445   0.02128   0.08503   0.21452   0.21881
   8250.  1.00  -0.02866  -0.01579   0.03818   0.06903   0.09816   0.14690   0.17645
   8250.  1.50   0.04991   0.04442   0.06408   0.08081   0.09555   0.13053   0.16349
   8250.  2.00   0.05272   0.04992   0.06562   0.08174   0.09607   0.13317   0.16183
   8250.  2.50   0.03086   0.03842   0.06082   0.07984   0.09754   0.14110   0.16368
   8250.  3.00  -0.00392   0.01691   0.05101   0.07457   0.09734   0.15007   0.16629
   8250.  3.50  -0.04842  -0.01323   0.03580   0.06516   0.09421   0.15838   0.16882
   8250.  4.00  -0.10514  -0.05326   0.01750   0.05443   0.09154   0.16777   0.17343
   8250.  4.50  -0.16689  -0.10057  -0.00843   0.03695   0.08256   0.17315   0.17545
   8250.  5.00  -0.22730  -0.15092  -0.04261   0.01091   0.06422   0.17065   0.17145
   8500.  1.50   0.01200   0.00372   0.02285   0.03821   0.05164   0.07911   0.10866
   8500.  2.00   0.03309   0.02296   0.03122   0.04263   0.05217   0.07721   0.10412
   8500.  2.50   0.02126   0.01941   0.03059   0.04307   0.05417   0.08307   0.10448
   8500.  3.00  -0.00625   0.00423   0.02480   0.04052   0.05549   0.09159   0.10689
   8500.  3.50  -0.04378  -0.01934   0.01421   0.03451   0.05472   0.10043   0.10981
   8500.  4.00  -0.09039  -0.05117  -0.00122   0.02497   0.05167   0.10897   0.11324
   8500.  4.50  -0.14699  -0.09121  -0.01826   0.01548   0.05036   0.11969   0.11977
   8500.  5.00  -0.20687  -0.13841  -0.04581  -0.00391   0.03919   0.12350   0.12122
   8750.  1.50  -0.03742  -0.04750  -0.02719  -0.01136   0.00253   0.02714   0.05243
   8750.  2.00   0.00168  -0.01404  -0.01040  -0.00186   0.00468   0.02138   0.04624
   8750.  2.50   0.00038  -0.00967  -0.00708   0.00065   0.00681   0.02448   0.04473
   8750.  3.00  -0.02013  -0.01899  -0.00948   0.00021   0.00901   0.03174   0.04606
   8750.  3.50  -0.05190  -0.03702  -0.01616  -0.00304   0.01001   0.04042   0.04866
   8750.  4.00  -0.09212  -0.06256  -0.02726  -0.00950   0.00897   0.04939   0.05220
   8750.  4.50  -0.14073  -0.09571  -0.04179  -0.01804   0.00721   0.05910   0.05753
   8750.  5.00  -0.19480  -0.13454  -0.05792  -0.02676   0.00653   0.07069   0.06595
   9000.  1.50  -0.09127  -0.10300  -0.08201  -0.06540  -0.05080  -0.02753  -0.00692
   9000.  2.00  -0.03845  -0.05805  -0.05694  -0.04997  -0.04508  -0.03432  -0.01208
   9000.  2.50  -0.03064  -0.04696  -0.05016  -0.04559  -0.04278  -0.03360  -0.01495
   9000.  3.00  -0.04428  -0.05096  -0.05002  -0.04477  -0.04062  -0.02837  -0.01528
   9000.  3.50  -0.07001  -0.06358  -0.05324  -0.04577  -0.03854  -0.02063  -0.01360
   9000.  4.00  -0.10532  -0.08414  -0.06069  -0.04963  -0.03786  -0.01161  -0.01015
   9000.  4.50  -0.14776  -0.11173  -0.07227  -0.05642  -0.03897  -0.00224  -0.00522
   9000.  5.00  -0.19582  -0.14452  -0.08430  -0.06220  -0.03757   0.01038   0.00390
   9250.  2.00  -0.08357  -0.10625  -0.10696  -0.10094  -0.09708  -0.09058  -0.07132
   9250.  2.50  -0.06791  -0.08926  -0.09691  -0.09468  -0.09440  -0.09197  -0.07519
   9250.  3.00  -0.07542  -0.08860  -0.09422  -0.09236  -0.09186  -0.08817  -0.07641
   9250.  3.50  -0.09643  -0.09748  -0.09544  -0.09214  -0.08932  -0.08121  -0.07523
   9250.  4.00  -0.12661  -0.11348  -0.09996  -0.09401  -0.08753  -0.07269  -0.07228
   9250.  4.50  -0.16386  -0.13598  -0.10820  -0.09865  -0.08753  -0.06392  -0.06827
   9250.  5.00  -0.20765  -0.16479  -0.11928  -0.10485  -0.08781  -0.05362  -0.06161
   9500.  2.00  -0.13100  -0.15639  -0.15878  -0.15349  -0.15047  -0.14721  -0.13096
   9500.  2.50  -0.10968  -0.13525  -0.14636  -0.14582  -0.14741  -0.15002  -0.13520
   9500.  3.00  -0.11189  -0.13094  -0.14207  -0.14281  -0.14516  -0.14800  -0.13745
   9500.  3.50  -0.12799  -0.13615  -0.14149  -0.14160  -0.14252  -0.14240  -0.13731
   9500.  4.00  -0.15381  -0.14828  -0.14355  -0.14182  -0.13985  -0.13452  -0.13509
   9500.  4.50  -0.18727  -0.16669  -0.14857  -0.14404  -0.13810  -0.12553  -0.13113
   9500.  5.00  -0.22759  -0.19168  -0.15702  -0.14862  -0.13762  -0.11576  -0.12526
   9750.  2.00  -0.17908  -0.20694  -0.21106  -0.20655  -0.20437  -0.20415  -0.19086
   9750.  2.50  -0.15432  -0.18336  -0.19727  -0.19804  -0.20111  -0.20788  -0.19522
   9750.  3.00  -0.15255  -0.17643  -0.19189  -0.19461  -0.19920  -0.20748  -0.19834
   9750.  3.50  -0.16463  -0.17879  -0.19004  -0.19281  -0.19670  -0.20323  -0.19921
   9750.  4.00  -0.18650  -0.18773  -0.19036  -0.19199  -0.19369  -0.19624  -0.19781
   9750.  4.50  -0.21616  -0.20246  -0.19286  -0.19243  -0.19086  -0.18753  -0.19427
   9750.  5.00  -0.25275  -0.22353  -0.19844  -0.19504  -0.18917  -0.17799  -0.18877
  10000.  2.00  -0.22718  -0.25733  -0.26327  -0.25959  -0.25832  -0.26108  -0.25056
  10000.  2.50  -0.20036  -0.23234  -0.24871  -0.25067  -0.25504  -0.26561  -0.25518
  10000.  3.00  -0.19597  -0.22380  -0.24279  -0.24716  -0.25360  -0.26657  -0.25903
  10000.  3.50  -0.20492  -0.22412  -0.24024  -0.24519  -0.25152  -0.26371  -0.26085
  10000.  4.00  -0.22340  -0.23055  -0.23937  -0.24374  -0.24849  -0.25769  -0.26019
  10000.  4.50  -0.24938  -0.24221  -0.24007  -0.24297  -0.24505  -0.24943  -0.25701
  10000.  5.00  -0.28221  -0.25967  -0.24321  -0.24383  -0.24224  -0.24000  -0.25177
  10250.  2.00  -0.27502  -0.30739  -0.31521  -0.31243  -0.31215  -0.31781  -0.30988
  10250.  2.50  -0.24700  -0.28164  -0.30030  -0.30338  -0.30898  -0.32299  -0.31476
  10250.  3.00  -0.24105  -0.27231  -0.29435  -0.30014  -0.30816  -0.32518  -0.31931
  10250.  3.50  -0.24769  -0.27135  -0.29158  -0.29832  -0.30671  -0.32366  -0.32190
  10250.  4.00  -0.26314  -0.27585  -0.29009  -0.29668  -0.30401  -0.31870  -0.32192
  10250.  4.50  -0.28575  -0.28495  -0.28954  -0.29514  -0.30030  -0.31108  -0.31930
  10250.  5.00  -0.31504  -0.29911  -0.29052  -0.29442  -0.29649  -0.30176  -0.31440
  10500.  2.00  -0.32251  -0.35703  -0.36679  -0.36495  -0.36568  -0.37423  -0.36867
  10500.  2.50  -0.29367  -0.33075  -0.35165  -0.35581  -0.36260  -0.37991  -0.37380
  10500.  3.00  -0.28685  -0.32109  -0.34586  -0.35295  -0.36243  -0.38321  -0.37904
  10500.  3.50  -0.29199  -0.31946  -0.34323  -0.35155  -0.36174  -0.38295  -0.38241
  10500.  4.00  -0.30532  -0.32277  -0.34156  -0.35006  -0.35959  -0.37918  -0.38324
  10500.  4.50  -0.32520  -0.32994  -0.34020  -0.34810  -0.35590  -0.37232  -0.38126
  10500.  5.00  -0.35146  -0.34141  -0.33953  -0.34621  -0.35139  -0.36325  -0.37671
  10750.  2.00  -0.36978  -0.40641  -0.41811  -0.41723  -0.41900  -0.43033  -0.42695
  10750.  2.50  -0.34033  -0.37974  -0.40279  -0.40801  -0.41596  -0.43635  -0.43226
  10750.  3.00  -0.33300  -0.36998  -0.39727  -0.40555  -0.41637  -0.44057  -0.43811
  10750.  3.50  -0.33723  -0.36806  -0.39495  -0.40467  -0.41646  -0.44152  -0.44227
  10750.  4.00  -0.34898  -0.37062  -0.39339  -0.40355  -0.41501  -0.43896  -0.44394
  10750.  4.50  -0.36670  -0.37645  -0.39170  -0.40156  -0.41167  -0.43304  -0.44269
  10750.  5.00  -0.39022  -0.38580  -0.39000  -0.39901  -0.40691  -0.42442  -0.43854
  11000.  2.00  -0.41663  -0.45533  -0.46903  -0.46917  -0.47202  -0.48613  -0.48476
  11000.  2.50  -0.38665  -0.42831  -0.45351  -0.45980  -0.46892  -0.49232  -0.49013
  11000.  3.00  -0.37911  -0.41860  -0.44828  -0.45772  -0.46981  -0.49728  -0.49650
  11000.  3.50  -0.38281  -0.41663  -0.44634  -0.45737  -0.47063  -0.49930  -0.50139
  11000.  4.00  -0.39354  -0.41881  -0.44507  -0.45673  -0.46992  -0.49789  -0.50387
  11000.  4.50  -0.40969  -0.42382  -0.44339  -0.45500  -0.46716  -0.49303  -0.50341
  11000.  5.00  -0.43103  -0.43169  -0.44122  -0.45226  -0.46254  -0.48511  -0.49979
  11250.  2.00  -0.46323  -0.50395  -0.51963  -0.52077  -0.52472  -0.54154  -0.54203
  11250.  2.50  -0.43278  -0.47658  -0.50389  -0.51122  -0.52148  -0.54776  -0.54736
  11250.  3.00  -0.42512  -0.46697  -0.49893  -0.50947  -0.52279  -0.55333  -0.55415
  11250.  3.50  -0.42851  -0.46506  -0.49736  -0.50959  -0.52422  -0.55622  -0.55966
  11250.  4.00  -0.43851  -0.46708  -0.49647  -0.50949  -0.52426  -0.55590  -0.56290
  11250.  4.50  -0.45348  -0.47160  -0.49502  -0.50820  -0.52219  -0.55213  -0.56326
  11250.  5.00  -0.47305  -0.47841  -0.49273  -0.50558  -0.51801  -0.54510  -0.56032
  11500.  2.00  -0.50945  -0.55215  -0.56981  -0.57198  -0.57702  -0.59656  -0.59876
  11500.  2.50  -0.47852  -0.52443  -0.55384  -0.56223  -0.57365  -0.60274  -0.60399
  11500.  3.00  -0.47079  -0.51492  -0.54910  -0.56072  -0.57524  -0.60872  -0.61108
  11500.  3.50  -0.47404  -0.51313  -0.54788  -0.56126  -0.57718  -0.61233  -0.61710
  11500.  4.00  -0.48361  -0.51514  -0.54736  -0.56165  -0.57786  -0.61294  -0.62101
  11500.  4.50  -0.49773  -0.51941  -0.54626  -0.56086  -0.57651  -0.61021  -0.62211
  11500.  5.00  -0.51595  -0.52556  -0.54411  -0.55856  -0.57289  -0.60415  -0.61994
  11750.  2.00  -0.55526  -0.59988  -0.61951  -0.62272  -0.62887  -0.65110  -0.65490
  11750.  2.50  -0.52391  -0.57187  -0.60338  -0.61283  -0.62539  -0.65723  -0.66003
  11750.  3.00  -0.51621  -0.56252  -0.59887  -0.61155  -0.62724  -0.66354  -0.66735
  11750.  3.50  -0.51940  -0.56088  -0.59795  -0.61243  -0.62958  -0.66769  -0.67375
  11750.  4.00  -0.52864  -0.56292  -0.59779  -0.61324  -0.63081  -0.66907  -0.67820
  11750.  4.50  -0.54208  -0.56704  -0.59704  -0.61294  -0.63012  -0.66728  -0.67996
  11750.  5.00  -0.55918  -0.57273  -0.59513  -0.61105  -0.62713  -0.66218  -0.67855
  12000.  2.50  -0.56888  -0.61884  -0.65242  -0.66291  -0.67664  -0.71118  -0.71544
  12000.  3.00  -0.56124  -0.60965  -0.64811  -0.66183  -0.67868  -0.71771  -0.72290
  12000.  3.50  -0.56441  -0.60817  -0.64747  -0.66299  -0.68134  -0.72229  -0.72960
  12000.  4.00  -0.57345  -0.61028  -0.64760  -0.66417  -0.68301  -0.72429  -0.73449
  12000.  4.50  -0.58640  -0.61432  -0.64718  -0.66428  -0.68288  -0.72332  -0.73685
  12000.  5.00  -0.60267  -0.61974  -0.64560  -0.66285  -0.68054  -0.71915  -0.73615
  12250.  2.50  -0.61336  -0.66529  -0.70094  -0.71250  -0.72739  -0.76462  -0.77024
  12250.  3.00  -0.60585  -0.65632  -0.69690  -0.71164  -0.72965  -0.77134  -0.77783
  12250.  3.50  -0.60907  -0.65501  -0.69650  -0.71305  -0.73256  -0.77623  -0.78473
  12250.  4.00  -0.61795  -0.65720  -0.69688  -0.71452  -0.73457  -0.77872  -0.78995
  12250.  4.50  -0.63054  -0.66124  -0.69676  -0.71500  -0.73492  -0.77842  -0.79280
  12250.  5.00  -0.64611  -0.66647  -0.69549  -0.71397  -0.73315  -0.77506  -0.79270
  12500.  2.50  -0.65739  -0.71124  -0.74892  -0.76154  -0.77757  -0.81744  -0.82434
  12500.  3.00  -0.65001  -0.70248  -0.74514  -0.76091  -0.78006  -0.82434  -0.83206
  12500.  3.50  -0.65331  -0.70136  -0.74497  -0.76253  -0.78319  -0.82950  -0.83913
  12500.  4.00  -0.66208  -0.70362  -0.74555  -0.76421  -0.78545  -0.83233  -0.84457
  12500.  4.50  -0.67441  -0.70767  -0.74567  -0.76499  -0.78617  -0.83258  -0.84782
  12500.  5.00  -0.68942  -0.71277  -0.74468  -0.76432  -0.78489  -0.82993  -0.84825
  12750.  2.50  -0.70091  -0.75660  -0.79628  -0.80993  -0.82711  -0.86959  -0.87771
  12750.  3.00  -0.69372  -0.74812  -0.79281  -0.80960  -0.82988  -0.87672  -0.88560
  12750.  3.50  -0.69714  -0.74723  -0.79291  -0.81146  -0.83323  -0.88209  -0.89281
  12750.  4.00  -0.70585  -0.74959  -0.79368  -0.81332  -0.83570  -0.88519  -0.89842
  12750.  4.50  -0.71796  -0.75364  -0.79400  -0.81433  -0.83672  -0.88587  -0.90196
  12750.  5.00  -0.73251  -0.75865  -0.79325  -0.81399  -0.83586  -0.88383  -0.90282
  13000.  2.50  -0.74379  -0.80131  -0.84298  -0.85767  -0.87600  -0.92107  -0.93034
  13000.  3.00  -0.73692  -0.79321  -0.83994  -0.85774  -0.87916  -0.92854  -0.93851
  13000.  3.50  -0.74050  -0.79258  -0.84029  -0.85983  -0.88271  -0.93407  -0.94583
  13000.  4.00  -0.74919  -0.79504  -0.84124  -0.86185  -0.88533  -0.93736  -0.95153
  13000.  4.50  -0.76109  -0.79909  -0.84169  -0.86302  -0.88655  -0.93835  -0.95527
  13000.  5.00  -0.77527  -0.80402  -0.84115  -0.86292  -0.88601  -0.93681  -0.95649
  14000.  2.00  -0.94459  -1.00402  -1.03872  -1.05027  -1.06537  -1.10944  -1.12428
  14000.  2.50  -0.90945  -0.97378  -1.02292  -1.04158  -1.06429  -1.11929  -1.13268
  14000.  3.00  -0.90425  -0.96765  -1.02209  -1.04383  -1.06966  -1.12879  -1.14269
  14000.  3.50  -0.90895  -0.96841  -1.02393  -1.04726  -1.07446  -1.13534  -1.15076
  14000.  4.00  -0.91787  -0.97151  -1.02563  -1.04993  -1.07767  -1.13919  -1.15676
  14000.  4.50  -0.92928  -0.97565  -1.02652  -1.05152  -1.07933  -1.14080  -1.16079
  14000.  5.00  -0.94247  -0.98040  -1.02642  -1.05193  -1.07946  -1.14033  -1.16273
  15000.  2.50  -1.06513  -1.13560  -1.19144  -1.21373  -1.24046  -1.30458  -1.32153
  15000.  3.00  -1.06206  -1.13194  -1.19354  -1.21897  -1.24895  -1.31720  -1.33444
  15000.  3.50  -1.06860  -1.13478  -1.19755  -1.22448  -1.25578  -1.32553  -1.34409
  15000.  4.00  -1.07835  -1.13900  -1.20045  -1.22824  -1.26001  -1.33023  -1.35070
  15000.  4.50  -1.08973  -1.14352  -1.20188  -1.23027  -1.26206  -1.33221  -1.35487
  15000.  5.00  -1.10237  -1.14821  -1.20200  -1.23086  -1.26237  -1.33205  -1.35690
  16000.  2.50  -1.21098  -1.28705  -1.34881  -1.37431  -1.40463  -1.47693  -1.49701
  16000.  3.00  -1.21020  -1.28603  -1.35418  -1.38302  -1.41686  -1.49352  -1.51369
  16000.  3.50  -1.21909  -1.29145  -1.36095  -1.39127  -1.42644  -1.50449  -1.52577
  16000.  4.00  -1.23026  -1.29733  -1.36560  -1.39669  -1.43228  -1.51063  -1.53360
  16000.  4.50  -1.24211  -1.30263  -1.36795  -1.39954  -1.43510  -1.51326  -1.53819
  16000.  5.00  -1.25453  -1.30751  -1.36842  -1.40041  -1.43565  -1.51332  -1.54025
  17000.  2.50  -1.34763  -1.42875  -1.49562  -1.52394  -1.55743  -1.63706  -1.65992
  17000.  3.00  -1.34886  -1.43018  -1.50430  -1.53623  -1.57360  -1.65796  -1.68076
  17000.  3.50  -1.36047  -1.43852  -1.51422  -1.54764  -1.58639  -1.67212  -1.69584
  17000.  4.00  -1.37352  -1.44649  -1.52106  -1.55523  -1.59439  -1.68033  -1.70552
  17000.  4.50  -1.38631  -1.45301  -1.52474  -1.55936  -1.59846  -1.68410  -1.71104
  17000.  5.00  -1.39894  -1.45845  -1.52591  -1.56086  -1.59963  -1.68471  -1.71347
  18000.  2.50  -1.47592  -1.56155  -1.63273  -1.66346  -1.69968  -1.78579  -1.81115
  18000.  3.00  -1.47878  -1.56517  -1.64468  -1.67940  -1.72001  -1.81137  -1.83653
  18000.  3.50  -1.49318  -1.57653  -1.65791  -1.69417  -1.73623  -1.82897  -1.85488
  18000.  4.00  -1.50836  -1.58682  -1.66721  -1.70421  -1.74669  -1.83961  -1.86683
  18000.  4.50  -1.52240  -1.59483  -1.67251  -1.70992  -1.75234  -1.84494  -1.87371
  18000.  5.00  -1.53560  -1.60112  -1.67468  -1.71238  -1.75446  -1.84647  -1.87687
  19000.  2.50  -1.59653  -1.68610  -1.76076  -1.79343  -1.83188  -1.92345  -1.95107
  19000.  3.00  -1.60054  -1.69163  -1.77599  -1.81329  -1.85687  -1.95477  -1.98205
  19000.  3.50  -1.61775  -1.70606  -1.79266  -1.83153  -1.87666  -1.97588  -2.00377
  19000.  4.00  -1.63522  -1.71882  -1.80460  -1.84419  -1.88974  -1.98910  -2.01812
  19000.  4.50  -1.65078  -1.72855  -1.81174  -1.85174  -1.89724  -1.99628  -2.02671
  19000.  5.00  -1.66477  -1.73589  -1.81509  -1.85537  -1.90054  -1.99899  -2.03090
  20000.  3.00  -1.71480  -1.81019  -1.89892  -1.93855  -1.98484  -2.08879  -2.11800
  20000.  3.50  -1.73489  -1.82781  -1.91925  -1.96056  -2.00856  -2.11392  -2.14360
  20000.  4.00  -1.75467  -1.84311  -1.93391  -1.97591  -2.02434  -2.12970  -2.16036
  20000.  4.50  -1.77179  -1.85461  -1.94296  -1.98535  -2.03373  -2.13871  -2.17065
  20000.  5.00  -1.78666  -1.86308  -1.94763  -1.99029  -2.03836  -2.14278  -2.17608
  21000.  3.00  -1.82199  -1.92134  -2.01395  -2.05564  -2.10436  -2.21373  -2.24467
  21000.  3.50  -1.84512  -1.94232  -2.03822  -2.08179  -2.13248  -2.24361  -2.27494
  21000.  4.00  -1.86726  -1.96024  -2.05575  -2.10001  -2.15115  -2.26221  -2.29439
  21000.  4.50  -1.88600  -1.97358  -2.06679  -2.11140  -2.16249  -2.27305  -2.30636
  21000.  5.00  -1.90183  -1.98325  -2.07279  -2.11767  -2.16846  -2.27843  -2.31299
  22000.  3.00  -1.92256  -2.02562  -2.12176  -2.16526  -2.21613  -2.33018  -2.36270
  22000.  3.50  -1.94893  -2.05014  -2.15013  -2.19580  -2.24897  -2.36549  -2.39833
  22000.  4.00  -1.97355  -2.07077  -2.17067  -2.21708  -2.27079  -2.38731  -2.42090
  22000.  4.50  -1.99394  -2.08602  -2.18380  -2.23053  -2.28419  -2.40017  -2.43475
  22000.  5.00  -2.01078  -2.09694  -2.19122  -2.23819  -2.29156  -2.40681  -2.44253
  23000.  3.00  -2.01658  -2.12322  -2.22275  -2.26793  -2.32081  -2.43912  -2.47305
  23000.  3.50  -2.04663  -2.15162  -2.25540  -2.30297  -2.35843  -2.47982  -2.51405
  23000.  4.00  -2.07380  -2.17501  -2.27903  -2.32745  -2.38359  -2.50526  -2.54016
  23000.  4.50  -2.09599  -2.19228  -2.29439  -2.34316  -2.39928  -2.52043  -2.55623
  23000.  5.00  -2.11380  -2.20445  -2.30324  -2.35221  -2.40805  -2.52844  -2.56525
  24000.  3.00  -2.10309  -2.21320  -2.31612  -2.36302  -2.41794  -2.54062  -2.57586
  24000.  3.50  -2.13856  -2.24716  -2.35458  -2.40394  -2.46155  -2.58747  -2.62294
  24000.  4.00  -2.16838  -2.27337  -2.38124  -2.43153  -2.48994  -2.61644  -2.65255
  24000.  4.50  -2.19238  -2.29266  -2.39885  -2.44954  -2.50800  -2.63409  -2.67104
  24000.  5.00  -2.21128  -2.30617  -2.40925  -2.46015  -2.51834  -2.64371  -2.68157
  25000.  3.00  -2.18031  -2.29354  -2.39941  -2.44790  -2.50471  -2.63184  -2.66836
  25000.  3.50  -2.22463  -2.33675  -2.44779  -2.49892  -2.55869  -2.68903  -2.72565
  25000.  4.00  -2.25761  -2.36622  -2.47775  -2.52981  -2.59038  -2.72135  -2.75858
  25000.  4.50  -2.28333  -2.38741  -2.49747  -2.54998  -2.61066  -2.74143  -2.77944
  25000.  5.00  -2.30336  -2.40227  -2.50943  -2.56216  -2.62263  -2.75278  -2.79163
  26000.  3.00  -2.24828  -2.36374  -2.47120  -2.52031  -2.57811  -2.70765  -2.74533
  26000.  3.50  -2.30396  -2.41956  -2.53428  -2.58724  -2.64921  -2.78411  -2.82186
  26000.  4.00  -2.34140  -2.45351  -2.56864  -2.62243  -2.68510  -2.82043  -2.85868
  26000.  4.50  -2.36899  -2.47672  -2.59047  -2.64469  -2.70750  -2.84268  -2.88168
  26000.  5.00  -2.39014  -2.49290  -2.60395  -2.65843  -2.72106  -2.85574  -2.89553
  27000.  3.50  -2.37539  -2.49432  -2.61260  -2.66735  -2.73148  -2.87100  -2.90983
  27000.  4.00  -2.41941  -2.53493  -2.65368  -2.70921  -2.77402  -2.91371  -2.95295
  27000.  4.50  -2.44941  -2.56066  -2.67800  -2.73389  -2.79876  -2.93819  -2.97811
  27000.  5.00  -2.47164  -2.57812  -2.69289  -2.74904  -2.81374  -2.95274  -2.99342
  28000.  3.50  -2.43891  -2.56080  -2.68219  -2.73833  -2.80432  -2.94756  -2.98739
  28000.  4.00  -2.49090  -2.60979  -2.73216  -2.78944  -2.85638  -3.00045  -3.04064
  28000.  4.50  -2.52441  -2.63911  -2.76003  -2.81757  -2.88447  -3.02809  -3.06887
  28000.  5.00  -2.54794  -2.65803  -2.77642  -2.83417  -2.90088  -3.04401  -3.08550
  29000.  3.50  -2.49807  -2.62236  -2.74598  -2.80286  -2.87007  -3.01543  -3.05606
  29000.  4.00  -2.55550  -2.67762  -2.80340  -2.86229  -2.93124  -3.07946  -3.12054
  29000.  4.50  -2.59359  -2.71166  -2.83610  -2.89528  -2.96420  -3.11192  -3.15353
  29000.  5.00  -2.61895  -2.73256  -2.85449  -2.91380  -2.98246  -3.12957  -3.17181
  30000.  3.50  -2.55847  -2.68444  -2.80947  -2.86643  -2.93427  -3.08014  -3.12133
  30000.  4.00  -2.61433  -2.73940  -2.86838  -2.92855  -2.99930  -3.15068  -3.19257
  30000.  4.50  -2.65674  -2.77808  -2.90593  -2.96663  -3.03748  -3.18908  -3.23146
  30000.  5.00  -2.68455  -2.80160  -2.92700  -2.98782  -3.05838  -3.20931  -3.25225
  31000.  3.50  -2.62394  -2.75091  -2.87662  -2.93313  -3.00111  -3.14636  -3.18791
  31000.  4.00  -2.67079  -2.79839  -2.93000  -2.99104  -3.06319  -3.21675  -3.25927
  31000.  4.50  -2.71494  -2.83936  -2.97040  -3.03241  -3.10502  -3.25990  -3.30297
  31000.  5.00  -2.74517  -2.86554  -2.99426  -3.05647  -3.12882  -3.28328  -3.32687
  32000.  4.00  -2.72711  -2.85670  -2.99045  -3.05195  -3.12524  -3.27998  -3.32300
  32000.  4.50  -2.77049  -2.89767  -3.03167  -3.09467  -3.16884  -3.32606  -3.36970
  32000.  5.00  -2.80196  -2.92545  -3.05726  -3.12067  -3.19462  -3.35214  -3.39629
  33000.  4.00  -2.78775  -2.91878  -3.05421  -3.11577  -3.18986  -3.34483  -3.38822
  33000.  4.50  -2.82441  -2.95396  -3.09055  -3.15429  -3.22983  -3.38875  -3.43285
  33000.  5.00  -2.85646  -2.98279  -3.11762  -3.18197  -3.25746  -3.41714  -3.46174
  34000.  4.00  -2.85355  -2.98558  -3.12223  -3.18343  -3.25797  -3.41227  -3.45588
  34000.  4.50  -2.88134  -3.01276  -3.15152  -3.21563  -3.29227  -3.45205  -3.49651
  34000.  5.00  -2.90996  -3.03879  -3.17630  -3.24140  -3.31824  -3.47960  -3.52458
  35000.  4.00  -2.92411  -3.05689  -3.19443  -3.25506  -3.32973  -3.48273  -3.52642
  35000.  4.50  -2.94215  -3.07494  -3.21548  -3.27961  -3.35711  -3.51685  -3.56158
  35000.  5.00  -2.96634  -3.09718  -3.23699  -3.30252  -3.38051  -3.54277  -3.58806
  36000.  4.00  -2.99902  -3.13248  -3.27082  -3.33091  -3.40563  -3.55723  -3.60089
  36000.  4.50  -3.00679  -3.14061  -3.28260  -3.34642  -3.42448  -3.58340  -3.62831
  36000.  5.00  -3.02557  -3.15799  -3.29979  -3.36544  -3.44437  -3.60678  -3.65231
  37000.  4.00  -3.07711  -3.21127  -3.35040  -3.41017  -3.48502  -3.63570  -3.67934
  37000.  4.50  -3.07550  -3.21016  -3.35339  -3.41675  -3.49517  -3.65285  -3.69781
  37000.  5.00  -3.08806  -3.22170  -3.36519  -3.43068  -3.51033  -3.67217  -3.71788
  38000.  4.00  -3.15669  -3.29156  -3.43150  -3.49119  -3.56629  -3.71670  -3.76036
  38000.  4.50  -3.14779  -3.28321  -3.42759  -3.49054  -3.56928  -3.72574  -3.77071
  38000.  5.00  -3.15406  -3.28867  -3.43366  -3.49882  -3.57903  -3.73979  -3.78559
  39000.  4.00  -3.23627  -3.37186  -3.51257  -3.57236  -3.64777  -3.79842  -3.84216
  39000.  4.50  -3.22262  -3.35877  -3.50427  -3.56698  -3.64607  -3.80173  -3.84672
  39000.  5.00  -3.22335  -3.35880  -3.50517  -3.56996  -3.65065  -3.81022  -3.85608
  40000.  4.50  -3.29863  -3.43551  -3.58207  -3.64473  -3.72422  -3.87959  -3.92463
  40000.  5.00  -3.29527  -3.43147  -3.57911  -3.64365  -3.72481  -3.88339  -3.92931
  41000.  4.50  -3.37465  -3.51225  -3.65983  -3.72258  -3.80251  -3.95797  -4.00310
  41000.  5.00  -3.36872  -3.50564  -3.65449  -3.71889  -3.80052  -3.95853  -4.00450
  42000.  4.50  -3.44989  -3.58820  -3.73670  -3.79964  -3.88001  -4.03584  -4.08108
  42000.  5.00  -3.44272  -3.58035  -3.73031  -3.79473  -3.87683  -4.03461  -4.08066
  43000.  4.50  -3.52386  -3.66287  -3.81223  -3.87540  -3.95620  -4.11258  -4.15793
  43000.  5.00  -3.51646  -3.65478  -3.80578  -3.87031  -3.95288  -4.11073  -4.15688
  44000.  4.50  -3.59641  -3.73608  -3.88619  -3.94962  -4.03080  -4.18782  -4.23329
  44000.  5.00  -3.58940  -3.72839  -3.88033  -3.94505  -4.02808  -4.18621  -4.23248
  45000.  4.50  -3.66741  -3.80773  -3.95849  -4.02221  -4.10372  -4.26143  -4.30702
  45000.  5.00  -3.66114  -3.80079  -3.95362  -4.01855  -4.10202  -4.26060  -4.30698
  46000.  4.50  -3.73690  -3.87785  -4.02920  -4.09318  -4.17500  -4.33342  -4.37911
  46000.  5.00  -3.73157  -3.87185  -4.02548  -4.09066  -4.17454  -4.33365  -4.38016
  47000.  4.50  -3.80492  -3.94648  -4.09835  -4.16260  -4.24469  -4.40384  -4.44962
  47000.  5.00  -3.80055  -3.94145  -4.09582  -4.16125  -4.24551  -4.40521  -4.45183
  48000.  4.50  -3.87155  -4.01369  -4.16601  -4.23053  -4.31285  -4.47274  -4.51861
  48000.  5.00  -3.86809  -4.00959  -4.16462  -4.23031  -4.31491  -4.47524  -4.52197
  49000.  4.50  -3.93682  -4.07954  -4.23227  -4.29705  -4.37959  -4.54023  -4.58617
  49000.  5.00  -3.93423  -4.07631  -4.23193  -4.29788  -4.38279  -4.54379  -4.59061
  50000.  5.00  -3.99901  -4.14167  -4.29782  -4.36403  -4.44920  -4.61089  -4.65780
