   3500.  0.00 -10.42720  -9.83993 -10.89718  -8.96259  -8.14858  -6.12886  -5.17533  -4.06490  -3.20893  -2.48220  -2.13517  -0.65438  -0.38650
   3500.  0.50 -10.35703  -9.84194 -10.83824  -8.72795  -7.82051  -5.89753  -5.04378  -4.05242  -3.25339  -2.54454  -2.20707  -0.66524  -0.39003
   3500.  1.00 -10.27753  -9.83506 -10.75768  -8.47794  -7.48486  -5.67374  -4.91936  -4.03669  -3.28862  -2.59376  -2.26435  -0.66806  -0.38623
   3500.  1.50 -10.18303  -9.81539 -10.65112  -8.21129  -7.13818  -5.45059  -4.78703  -4.00360  -3.30095  -2.61855  -2.29579  -0.65848  -0.37189
   3500.  2.00 -10.07339  -9.78157 -10.51813  -7.93157  -6.78225  -5.22874  -4.64349  -3.94762  -3.28505  -2.61515  -2.29794  -0.63505  -0.34590
   3500.  2.50  -9.95112  -9.73215 -10.35747  -7.65252  -6.43670  -5.01516  -4.48711  -3.86458  -3.23537  -2.57913  -2.26640  -0.59568  -0.30670
   3500.  3.00  -9.82091  -9.66680 -10.17082  -7.38489  -6.11434  -4.81519  -4.32313  -3.75754  -3.15267  -2.51050  -2.20076  -0.53959  -0.25344
   3500.  3.50  -9.69325  -9.58294  -9.95661  -7.14601  -5.83329  -4.64576  -4.16689  -3.63029  -3.03145  -2.39948  -2.08940  -0.46258  -0.18263
   3500.  4.00  -9.57392  -9.48325  -9.71952  -6.93551  -5.59059  -4.50891  -4.02792  -3.48743  -2.87130  -2.24134  -1.92636  -0.36756  -0.09793
   3500.  4.50  -9.49642  -9.39985  -9.48992  -6.78189  -5.41608  -4.43532  -3.93434  -3.36879  -2.71788  -2.08103  -1.75725  -0.29006  -0.03265
   3500.  5.00  -9.48724  -9.34714  -9.32814  -6.74332  -5.37546  -4.45957  -3.91461  -3.31276  -2.61724  -1.96310  -1.62818  -0.24234   0.00467
   3750.  0.00  -9.99374  -9.59805 -10.57775  -8.44996  -7.56482  -5.57817  -4.49641  -3.32475  -2.45206  -1.77665  -1.43307  -0.39573  -0.19777
   3750.  0.50  -9.92790  -9.59845 -10.49323  -8.22599  -7.25210  -5.39053  -4.38164  -3.30546  -2.46228  -1.80006  -1.46022  -0.40344  -0.20284
   3750.  1.00  -9.86359  -9.59571 -10.38539  -8.00311  -6.95355  -5.21528  -4.28234  -3.29644  -2.48168  -1.83007  -1.49351  -0.40895  -0.20477
   3750.  1.50  -9.79651  -9.58768 -10.25423  -7.78033  -6.66497  -5.04721  -4.18853  -3.28843  -2.50310  -1.86150  -1.52835  -0.41123  -0.20281
   3750.  2.00  -9.72404  -9.57301 -10.10422  -7.55290  -6.37567  -4.88261  -4.09491  -3.27600  -2.52172  -1.89027  -1.56092  -0.40952  -0.19677
   3750.  2.50  -9.64800  -9.54951  -9.94081  -7.33099  -6.09903  -4.72813  -4.00229  -3.25692  -2.53247  -1.91061  -1.58487  -0.40141  -0.18487
   3750.  3.00  -9.56595  -9.51535  -9.77025  -7.11499  -5.83565  -4.58033  -3.90528  -3.22520  -2.52892  -1.91674  -1.59440  -0.38498  -0.16560
   3750.  3.50  -9.48601  -9.46796  -9.59513  -6.92164  -5.60483  -4.45409  -3.81475  -3.18366  -2.50658  -1.90104  -1.58032  -0.35521  -0.13462
   3750.  4.00  -9.41151  -9.40073  -9.40086  -6.75990  -5.41862  -4.35588  -3.74269  -3.13073  -2.45499  -1.84779  -1.52527  -0.30314  -0.08418
   3750.  4.50  -9.33599  -9.32170  -9.17817  -6.58124  -5.21344  -4.26484  -3.67560  -3.05999  -2.37389  -1.76021  -1.43397  -0.24144  -0.02768
   3750.  5.00  -9.29081  -9.25577  -8.96787  -6.45693  -5.07783  -4.21961  -3.63320  -3.00544  -2.30233  -1.67941  -1.34813  -0.19226   0.01565
   4000.  0.00  -9.59938  -9.43399 -10.31418  -7.75387  -6.63245  -4.98444  -3.95459  -2.83483  -2.04099  -1.43362  -1.11552  -0.25024  -0.08474
   4000.  0.50  -9.53422  -9.43123 -10.19925  -7.53180  -6.35002  -4.82792  -3.85698  -2.81059  -2.03781  -1.44068  -1.12512  -0.25690  -0.09145
   4000.  1.00  -9.47631  -9.42532 -10.05628  -7.32238  -6.09193  -4.68847  -3.77624  -2.79876  -2.04203  -1.45107  -1.13623  -0.26123  -0.09543
   4000.  1.50  -9.42382  -9.41597  -9.88882  -7.12772  -5.85870  -4.56386  -3.70679  -2.79438  -2.05083  -1.46389  -1.14869  -0.26443  -0.09778
   4000.  2.00  -9.37077  -9.40171  -9.70199  -6.94249  -5.64220  -4.44570  -3.63832  -2.79100  -2.06078  -1.47778  -1.16197  -0.26659  -0.09863
   4000.  2.50  -9.32260  -9.38230  -9.50660  -6.77736  -5.45253  -4.34352  -3.57819  -2.79081  -2.07257  -1.49271  -1.17592  -0.26741  -0.09769
   4000.  3.00  -9.27718  -9.35631  -9.31351  -6.63661  -5.29476  -4.25530  -3.52270  -2.78987  -2.08366  -1.50705  -1.18948  -0.26529  -0.09342
   4000.  3.50  -9.23648  -9.32254  -9.13153  -6.52012  -5.16620  -4.18336  -3.47542  -2.78988  -2.09350  -1.51862  -1.19986  -0.25754  -0.08336
   4000.  4.00  -9.19860  -9.27577  -8.95612  -6.42622  -5.06605  -4.12700  -3.43748  -2.78575  -2.09373  -1.51706  -1.19621  -0.23690  -0.06106
   4000.  4.50  -9.15708  -9.20649  -8.75213  -6.31954  -4.95282  -4.07489  -3.41467  -2.77129  -2.07461  -1.48891  -1.16486  -0.19617  -0.02067
   4000.  5.00  -9.11012  -9.12616  -8.52218  -6.19064  -4.81689  -4.01909  -3.39051  -2.74449  -2.04111  -1.44562  -1.11872  -0.15182   0.02162
   4250.  0.00  -9.24268  -9.29064  -9.72717  -6.92266  -5.62560  -4.43841  -3.51385  -2.49022  -1.76783  -1.21708  -0.92173  -0.15261  -0.00776
   4250.  0.50  -9.17533  -9.27831  -9.51265  -6.70218  -5.37782  -4.29896  -3.42688  -2.46033  -1.75992  -1.22129  -0.93014  -0.16177  -0.01675
   4250.  1.00  -9.11850  -9.26014  -9.26746  -6.49866  -5.15441  -4.17804  -3.35842  -2.44422  -1.75994  -1.22846  -0.93918  -0.16743  -0.02239
   4250.  1.50  -9.06781  -9.23532  -9.00737  -6.30630  -4.94683  -4.06989  -3.30030  -2.43690  -1.76492  -1.23742  -0.94825  -0.17105  -0.02605
   4250.  2.00  -9.02032  -9.20460  -8.76148  -6.13567  -4.76563  -3.97292  -3.24552  -2.43227  -1.77073  -1.24629  -0.95627  -0.17393  -0.02894
   4250.  2.50  -8.97948  -9.17170  -8.56378  -5.99747  -4.61829  -3.89256  -3.19773  -2.43200  -1.77814  -1.25532  -0.96336  -0.17614  -0.03102
   4250.  3.00  -8.94961  -9.13980  -8.42644  -5.90853  -4.52287  -3.83631  -3.16082  -2.43743  -1.78711  -1.26379  -0.96859  -0.17675  -0.03147
   4250.  3.50  -8.92916  -9.10814  -8.33149  -5.86150  -4.47163  -3.80038  -3.13386  -2.44724  -1.79771  -1.27234  -0.97327  -0.17563  -0.02988
   4250.  4.00  -8.91943  -9.07307  -8.25122  -5.85116  -4.46219  -3.78650  -3.11905  -2.46293  -1.80995  -1.27989  -0.97588  -0.17057  -0.02411
   4250.  4.50  -8.91113  -9.02041  -8.13639  -5.84278  -4.46107  -3.78139  -3.11517  -2.47861  -1.81852  -1.28025  -0.97092  -0.15523  -0.00816
   4250.  5.00  -8.89389  -8.92966  -7.92965  -5.79841  -4.43044  -3.76930  -3.12475  -2.48940  -1.81873  -1.26712  -0.95288  -0.12407   0.02313
   4500.  0.00  -8.92932  -9.07575  -8.41837  -6.17501  -4.86006  -3.97317  -3.15728  -2.23751  -1.57285  -1.06470  -0.78659  -0.07990   0.04768
   4500.  0.50  -8.86523  -9.02803  -8.15765  -5.97081  -4.64855  -3.85508  -3.08342  -2.20769  -1.56345  -1.06794  -0.79474  -0.09206   0.03639
   4500.  1.00  -8.81211  -8.96302  -7.87918  -5.78424  -4.46199  -3.75495  -3.02749  -2.19034  -1.56143  -1.07395  -0.80361  -0.10014   0.02892
   4500.  1.50  -8.76492  -8.88008  -7.59919  -5.60960  -4.29161  -3.66677  -2.98190  -2.18111  -1.56417  -1.08172  -0.81268  -0.10558   0.02387
   4500.  2.00  -8.72009  -8.78219  -7.33912  -5.44948  -4.13742  -3.58792  -2.94084  -2.17611  -1.56902  -1.09001  -0.82108  -0.10957   0.02008
   4500.  2.50  -8.67607  -8.68661  -7.13955  -5.31601  -4.00630  -3.51765  -2.90072  -2.17300  -1.57437  -1.09811  -0.82835  -0.11299   0.01669
   4500.  3.00  -8.64120  -8.62023  -7.03947  -5.23029  -3.91521  -3.46663  -2.86836  -2.17521  -1.58124  -1.10562  -0.83340  -0.11472   0.01484
   4500.  3.50  -8.61587  -8.58020  -7.02343  -5.19449  -3.86855  -3.43565  -2.84431  -2.18196  -1.58910  -1.11230  -0.83636  -0.11483   0.01456
   4500.  4.00  -8.60329  -8.56400  -7.06973  -5.20610  -3.86731  -3.42645  -2.83186  -2.19576  -1.59956  -1.11876  -0.83762  -0.11228   0.01705
   4500.  4.50  -8.60120  -8.55384  -7.13151  -5.24867  -3.90135  -3.43579  -2.82924  -2.21527  -1.61157  -1.12413  -0.83654  -0.10688   0.02236
   4500.  5.00  -8.60407  -8.52327  -7.15145  -5.29598  -3.94989  -3.45868  -2.83879  -2.23843  -1.62325  -1.12582  -0.83114  -0.09451   0.03468
   4750.  0.00  -8.61045  -8.64673  -7.21387  -5.54410  -4.28857  -3.55411  -2.84528  -2.03269  -1.42480  -0.95507  -0.69302  -0.02815   0.08507
   4750.  0.50  -8.54961  -8.54060  -6.95724  -5.34641  -4.09205  -3.45565  -2.78495  -2.00692  -1.41639  -0.95810  -0.70071  -0.04264   0.07169
   4750.  1.00  -8.49717  -8.41463  -6.70398  -5.16840  -3.92194  -3.37396  -2.74042  -1.99103  -1.41371  -0.96321  -0.70892  -0.05308   0.06226
   4750.  1.50  -8.44852  -8.26963  -6.46020  -5.00727  -3.77312  -3.30462  -2.70634  -1.98198  -1.41500  -0.96973  -0.71735  -0.06068   0.05552
   4750.  2.00  -8.39907  -8.11090  -6.23334  -4.86074  -3.64062  -3.24425  -2.67769  -1.97683  -1.41844  -0.97696  -0.72562  -0.06661   0.05023
   4750.  2.50  -8.34797  -7.96146  -6.04838  -4.73542  -3.52553  -3.19065  -2.64993  -1.97293  -1.42223  -0.98405  -0.73309  -0.07164   0.04558
   4750.  3.00  -8.30146  -7.85101  -5.93672  -4.64627  -3.43680  -3.14812  -2.62480  -1.97141  -1.42649  -0.99059  -0.73893  -0.07534   0.04202
   4750.  3.50  -8.26493  -7.79384  -5.91293  -4.60353  -3.38260  -3.12057  -2.60450  -1.97378  -1.43165  -0.99631  -0.74242  -0.07690   0.04031
   4750.  4.00  -8.24079  -7.78678  -5.97209  -4.60739  -3.36479  -3.10855  -2.59044  -1.98073  -1.43822  -1.00143  -0.74384  -0.07602   0.04099
   4750.  4.50  -8.23107  -7.81773  -6.09417  -4.65232  -3.38396  -3.11324  -2.58447  -1.99360  -1.44681  -1.00605  -0.74307  -0.07244   0.04431
   4750.  5.00  -8.23397  -7.86522  -6.24261  -4.72428  -3.43310  -3.13356  -2.58690  -2.01213  -1.45711  -1.00983  -0.73999  -0.06620   0.05015
   5000.  0.00  -8.19019  -8.05894  -6.40918  -5.02747  -3.83804  -3.16429  -2.55790  -1.85154  -1.30362  -0.87371  -0.62907  -0.00034   0.10279
   5000.  0.50  -8.12876  -7.90403  -6.13788  -4.82999  -3.64798  -3.08493  -2.51302  -1.83370  -1.29943  -0.87853  -0.63765  -0.01543   0.08836
   5000.  1.00  -8.07163  -7.72938  -5.87046  -4.64666  -3.47926  -3.01741  -2.47926  -1.82233  -1.29876  -0.88432  -0.64612  -0.02723   0.07736
   5000.  1.50  -8.01792  -7.54476  -5.62204  -4.48288  -3.33435  -2.96177  -2.45490  -1.81621  -1.30080  -0.89074  -0.65432  -0.03637   0.06902
   5000.  2.00  -7.96504  -7.36053  -5.40046  -4.33909  -3.21058  -2.91636  -2.43663  -1.81332  -1.30434  -0.89745  -0.66218  -0.04375   0.06237
   5000.  2.50  -7.91347  -7.19194  -5.21600  -4.21723  -3.10588  -2.87880  -2.42086  -1.81158  -1.30807  -0.90384  -0.66928  -0.04991   0.05678
   5000.  3.00  -7.86755  -7.06150  -5.08873  -4.12639  -3.02336  -2.85022  -2.40669  -1.81049  -1.31135  -0.90938  -0.67497  -0.05477   0.05224
   5000.  3.50  -7.82935  -6.97841  -5.02802  -4.07228  -2.96577  -2.83136  -2.39421  -1.81075  -1.31445  -0.91399  -0.67883  -0.05788   0.04921
   5000.  4.00  -7.80204  -6.94746  -5.04122  -4.06063  -2.93750  -2.82396  -2.38465  -1.81340  -1.31777  -0.91751  -0.68035  -0.05846   0.04851
   5000.  4.50  -7.78570  -6.96165  -5.12202  -4.08883  -2.93863  -2.82750  -2.37845  -1.81955  -1.32214  -0.92039  -0.67971  -0.05640   0.05030
   5000.  5.00  -7.78169  -7.00908  -5.25417  -4.14860  -2.96630  -2.84118  -2.37638  -1.82990  -1.32800  -0.92275  -0.67699  -0.05178   0.05454
   5250.  0.00  -7.72230  -7.47844  -5.80832  -4.58756  -3.46481  -2.79930  -2.28908  -1.68516  -1.19930  -0.81102  -0.58547   0.00229   0.09902
   5250.  0.50  -7.64398  -7.29216  -5.54406  -4.40372  -3.28941  -2.74426  -2.26351  -1.67826  -1.20140  -0.81873  -0.59549  -0.01089   0.08567
   5250.  1.00  -7.56149  -7.08534  -5.27550  -4.22384  -3.12629  -2.69423  -2.24359  -1.67436  -1.20487  -0.82640  -0.60491  -0.02212   0.07463
   5250.  1.50  -7.47803  -6.87308  -5.02254  -4.05868  -2.98304  -2.65226  -2.22985  -1.67350  -1.20958  -0.83397  -0.61366  -0.03145   0.06566
   5250.  2.00  -7.39637  -6.66790  -4.79461  -3.91138  -2.85965  -2.61834  -2.22081  -1.67477  -1.21504  -0.84137  -0.62180  -0.03926   0.05829
   5250.  2.50  -7.32311  -6.48541  -4.60300  -3.78670  -2.75685  -2.59262  -2.21490  -1.67701  -1.22035  -0.84808  -0.62891  -0.04571   0.05227
   5250.  3.00  -7.26565  -6.34258  -4.46095  -3.69066  -2.67537  -2.57547  -2.21075  -1.67920  -1.22465  -0.85357  -0.63451  -0.05083   0.04745
   5250.  3.50  -7.22450  -6.24462  -4.37429  -3.62676  -2.61573  -2.56639  -2.20751  -1.68126  -1.22784  -0.85768  -0.63826  -0.05427   0.04417
   5250.  4.00  -7.19868  -6.19645  -4.35164  -3.60115  -2.58144  -2.56662  -2.20541  -1.68351  -1.22988  -0.86012  -0.63961  -0.05546   0.04295
   5250.  4.50  -7.18198  -6.18869  -4.38767  -3.61140  -2.57140  -2.57469  -2.20399  -1.68671  -1.23150  -0.86131  -0.63874  -0.05423   0.04398
   5250.  5.00  -7.17324  -6.21289  -4.47552  -3.65390  -2.58492  -2.58977  -2.20348  -1.69180  -1.23344  -0.86160  -0.63570  -0.05047   0.04740
   5500.  0.00  -7.25543  -6.92013  -5.29545  -4.20195  -3.15522  -2.46719  -2.04313  -1.53436  -1.10972  -0.76332  -0.55775  -0.01665   0.07624
   5500.  0.50  -7.15029  -6.72235  -5.05724  -4.04034  -2.99860  -2.43642  -2.03648  -1.53862  -1.11827  -0.77366  -0.56870  -0.02612   0.06553
   5500.  1.00  -7.02259  -6.49872  -4.80593  -3.87332  -2.84531  -2.40567  -2.03135  -1.54308  -1.12634  -0.78320  -0.57876  -0.03496   0.05601
   5500.  1.50  -6.88134  -6.26802  -4.56166  -3.71329  -2.70536  -2.37897  -2.02949  -1.54869  -1.13452  -0.79227  -0.58813  -0.04292   0.04774
   5500.  2.00  -6.73820  -6.04521  -4.33530  -3.56566  -2.58149  -2.35676  -2.03019  -1.55522  -1.14280  -0.80098  -0.59693  -0.05012   0.04051
   5500.  2.50  -6.61097  -5.84845  -4.14024  -3.43771  -2.47667  -2.34095  -2.03313  -1.56209  -1.15053  -0.80878  -0.60461  -0.05624   0.03450
   5500.  3.00  -6.51320  -5.69095  -3.98584  -3.33388  -2.39081  -2.33153  -2.03706  -1.56844  -1.15708  -0.81533  -0.61092  -0.06131   0.02959
   5500.  3.50  -6.44894  -5.57876  -3.87921  -3.25876  -2.32514  -2.32896  -2.04165  -1.57409  -1.16210  -0.82018  -0.61522  -0.06467   0.02633
   5500.  4.00  -6.41949  -5.51886  -3.82982  -3.21871  -2.28244  -2.33438  -2.04656  -1.57862  -1.16496  -0.82272  -0.61683  -0.06586   0.02513
   5500.  4.50  -6.41208  -5.50008  -3.83229  -3.21165  -2.26176  -2.34636  -2.05103  -1.58229  -1.16612  -0.82331  -0.61597  -0.06478   0.02607
   5500.  5.00  -6.41899  -5.51591  -3.88548  -3.23748  -2.26397  -2.36476  -2.05492  -1.58569  -1.16605  -0.82213  -0.61251  -0.06115   0.02940
   5750.  0.00  -6.74867  -6.35664  -4.84299  -3.87210  -2.91078  -2.18111  -1.82787  -1.40300  -1.03574  -0.72968  -0.54414  -0.05143   0.03984
   5750.  0.50  -6.61556  -6.16571  -4.63892  -3.73440  -2.77331  -2.17087  -1.83672  -1.41625  -1.04886  -0.74096  -0.55424  -0.05609   0.03261
   5750.  1.00  -6.44314  -5.94096  -4.41261  -3.58236  -2.62995  -2.15642  -1.84414  -1.42812  -1.06096  -0.75173  -0.56417  -0.06144   0.02541
   5750.  1.50  -6.24955  -5.70424  -4.18368  -3.42945  -2.49282  -2.14288  -1.85274  -1.43999  -1.07261  -0.76214  -0.57384  -0.06704   0.01859
   5750.  2.00  -6.05576  -5.47456  -3.96622  -3.28440  -2.36826  -2.13226  -1.86298  -1.45203  -1.08391  -0.77211  -0.58308  -0.07255   0.01236
   5750.  2.50  -5.88383  -5.27014  -3.77315  -3.15457  -2.25969  -2.12597  -1.87450  -1.46383  -1.09436  -0.78122  -0.59143  -0.07769   0.00684
   5750.  3.00  -5.74662  -5.10074  -3.61167  -3.04380  -2.16744  -2.12354  -1.88625  -1.47484  -1.10366  -0.78923  -0.59867  -0.08227   0.00214
   5750.  3.50  -5.65290  -4.97614  -3.49187  -2.95850  -2.09359  -2.12605  -1.89788  -1.48459  -1.11116  -0.79547  -0.60400  -0.08552  -0.00114
   5750.  4.00  -5.60690  -4.90319  -3.42117  -2.90370  -2.03971  -2.13391  -1.90855  -1.49240  -1.11617  -0.79934  -0.60680  -0.08694  -0.00259
   5750.  4.50  -5.59812  -4.87428  -3.39750  -2.87963  -2.00647  -2.14699  -1.91803  -1.49832  -1.11867  -0.80070  -0.60681  -0.08610  -0.00183
   5750.  5.00  -5.62089  -4.88683  -3.42318  -2.88861  -1.99589  -2.16620  -1.92615  -1.50247  -1.11862  -0.79933  -0.60360  -0.08245   0.00160
   6000.  0.00  -6.21054  -5.81518  -4.45321  -3.59552  -2.72527  -1.93151  -1.63760  -1.29005  -0.97784  -0.71064  -0.54505  -0.09912  -0.00764
   6000.  0.50  -6.06286  -5.64074  -4.28322  -3.48342  -2.60715  -1.94749  -1.66395  -1.31065  -0.99197  -0.71916  -0.55049  -0.09687  -0.00931
   6000.  1.00  -5.86391  -5.42354  -4.08112  -3.34572  -2.47364  -1.94749  -1.68180  -1.32843  -1.00665  -0.72980  -0.55886  -0.09779  -0.01343
   6000.  1.50  -5.64340  -5.19091  -3.86903  -3.20019  -2.33940  -1.94490  -1.69889  -1.34559  -1.02114  -0.74084  -0.56799  -0.10020  -0.01822
   6000.  2.00  -5.42643  -4.96343  -3.66229  -3.05759  -2.21292  -1.94388  -1.71716  -1.36272  -1.03529  -0.75178  -0.57721  -0.10341  -0.02309
   6000.  2.50  -5.23283  -4.75694  -3.47219  -2.92514  -2.09867  -1.94541  -1.73629  -1.37946  -1.04870  -0.76228  -0.58616  -0.10708  -0.02779
   6000.  3.00  -5.07381  -4.58105  -3.30710  -2.80811  -1.99878  -1.94952  -1.75554  -1.39532  -1.06100  -0.77188  -0.59433  -0.11071  -0.03199
   6000.  3.50  -4.96059  -4.44851  -3.17893  -2.71404  -1.91600  -1.95685  -1.77384  -1.40939  -1.07129  -0.77982  -0.60090  -0.11367  -0.03524
   6000.  4.00  -4.89535  -4.36268  -3.09157  -2.64556  -1.85016  -1.96686  -1.79041  -1.42127  -1.07924  -0.78571  -0.60543  -0.11535  -0.03702
   6000.  4.50  -4.87491  -4.32333  -3.04856  -2.60650  -1.80391  -1.98043  -1.80499  -1.43050  -1.08413  -0.78868  -0.60690  -0.11484  -0.03657
   6000.  5.00  -4.89642  -4.32874  -3.05107  -2.59868  -1.77895  -1.99836  -1.81693  -1.43672  -1.08560  -0.78840  -0.60489  -0.11162  -0.03348
   6250.  0.50  -5.53991  -5.17203  -3.98336  -3.27491  -2.48564  -1.74836  -1.50849  -1.21925  -0.94828  -0.70971  -0.55911  -0.14785  -0.05991
   6250.  1.00  -5.33532  -4.96694  -3.80301  -3.15355  -2.36300  -1.77122  -1.54081  -1.24203  -0.96200  -0.71629  -0.56183  -0.14204  -0.05865
   6250.  1.50  -5.10923  -4.74353  -3.60695  -3.01655  -2.23334  -1.78074  -1.56591  -1.26345  -0.97791  -0.72651  -0.56888  -0.14022  -0.06056
   6250.  2.00  -4.88692  -4.52170  -3.40984  -2.87629  -2.10553  -1.78822  -1.59063  -1.28479  -0.99431  -0.73790  -0.57753  -0.14051  -0.06363
   6250.  2.50  -4.68482  -4.31499  -3.22226  -2.74084  -1.98550  -1.79619  -1.61586  -1.30596  -1.01059  -0.74964  -0.58685  -0.14228  -0.06730
   6250.  3.00  -4.51526  -4.13585  -3.05529  -2.61796  -1.87771  -1.80574  -1.64123  -1.32637  -1.02599  -0.76097  -0.59601  -0.14484  -0.07105
   6250.  3.50  -4.38920  -3.99625  -2.91909  -2.51409  -1.78403  -1.81717  -1.66596  -1.34524  -1.03971  -0.77106  -0.60411  -0.14737  -0.07422
   6250.  4.00  -4.30761  -3.89897  -2.81816  -2.43295  -1.70605  -1.82969  -1.68876  -1.36179  -1.05111  -0.77926  -0.61047  -0.14920  -0.07633
   6250.  4.50  -4.27393  -3.84966  -2.75975  -2.38030  -1.64663  -1.84395  -1.70861  -1.37498  -1.05907  -0.78445  -0.61386  -0.14916  -0.07641
   6250.  5.00  -4.28406  -3.84451  -2.74258  -2.35647  -1.60675  -1.86028  -1.72478  -1.38440  -1.06318  -0.78620  -0.61380  -0.14674  -0.07405
   6500.  0.50  -5.06909  -4.76122  -3.72586  -3.09658  -2.39174  -1.57761  -1.37635  -1.14236  -0.91519  -0.70901  -0.57629  -0.20544  -0.11625
   6500.  1.00  -4.87989  -4.57874  -3.57029  -2.99404  -2.28453  -1.61111  -1.41149  -1.16639  -0.92808  -0.71314  -0.57527  -0.19477  -0.11120
   6500.  1.50  -4.65692  -4.36392  -3.38737  -2.86693  -2.16067  -1.64040  -1.44922  -1.19180  -0.94240  -0.71908  -0.57665  -0.18654  -0.10798
   6500.  2.00  -4.43689  -4.14803  -3.19905  -2.73071  -2.03429  -1.65820  -1.48059  -1.21657  -0.95973  -0.72954  -0.58327  -0.18298  -0.10844
   6500.  2.50  -4.23399  -3.94352  -3.01554  -2.59465  -1.91130  -1.67362  -1.51129  -1.24146  -0.97806  -0.74177  -0.59214  -0.18215  -0.11060
   6500.  3.00  -4.06034  -3.76299  -2.84749  -2.46675  -1.79640  -1.68877  -1.54206  -1.26605  -0.99633  -0.75453  -0.60191  -0.18311  -0.11356
   6500.  3.50  -3.92341  -3.61519  -2.70305  -2.35313  -1.69252  -1.70385  -1.57232  -1.28965  -1.01372  -0.76695  -0.61163  -0.18514  -0.11672
   6500.  4.00  -3.82821  -3.50716  -2.59018  -2.25989  -1.60245  -1.71900  -1.60094  -1.31111  -1.02901  -0.77784  -0.62007  -0.18711  -0.11926
   6500.  4.50  -3.78125  -3.44721  -2.51743  -2.19359  -1.52910  -1.73420  -1.62620  -1.32891  -1.04078  -0.78584  -0.62586  -0.18771  -0.12006
   6500.  5.00  -3.77528  -3.42868  -2.48226  -2.15413  -1.47414  -1.74941  -1.64715  -1.34249  -1.04851  -0.79042  -0.62837  -0.18640  -0.11876
   6750.  0.50  -4.63573  -4.38847  -3.49278  -2.93575  -2.30905  -1.44346  -1.27748  -1.08389  -0.89122  -0.71210  -0.59534  -0.26278  -0.17227
   6750.  1.00  -4.48913  -4.24609  -3.36967  -2.85546  -2.22345  -1.47140  -1.30088  -1.10292  -0.90336  -0.71762  -0.59620  -0.25273  -0.16827
   6750.  1.50  -4.28291  -4.04783  -3.20329  -2.74154  -2.11006  -1.51034  -1.34058  -1.12874  -0.91616  -0.72083  -0.59377  -0.24023  -0.16179
   6750.  2.00  -4.06516  -3.83515  -3.02163  -2.61076  -1.98659  -1.54612  -1.38359  -1.15710  -0.93169  -0.72699  -0.59476  -0.23059  -0.15744
   6750.  2.50  -3.86565  -3.63465  -2.84344  -2.47683  -1.86391  -1.57121  -1.42045  -1.18509  -0.95071  -0.73826  -0.60166  -0.22617  -0.15719
   6750.  3.00  -3.69092  -3.45362  -2.67559  -2.34643  -1.74541  -1.59293  -1.45626  -1.21326  -0.97109  -0.75176  -0.61129  -0.22498  -0.15892
   6750.  3.50  -3.54664  -3.29947  -2.52564  -2.22594  -1.63454  -1.61289  -1.49149  -1.24102  -0.99155  -0.76600  -0.62207  -0.22594  -0.16173
   6750.  4.00  -3.44108  -3.18237  -2.40330  -2.12264  -1.53418  -1.63147  -1.52545  -1.26722  -1.01070  -0.77949  -0.63245  -0.22769  -0.16447
   6750.  4.50  -3.37743  -3.10755  -2.31497  -2.04215  -1.44777  -1.64791  -1.55579  -1.28995  -1.02685  -0.79089  -0.64113  -0.22926  -0.16639
   6750.  5.00  -3.35499  -3.07462  -2.26310  -1.98757  -1.37784  -1.66289  -1.58206  -1.30851  -1.03903  -0.79889  -0.64665  -0.22906  -0.16620
   7000.  0.50  -4.22164  -4.03054  -3.26525  -2.77827  -2.22537  -1.33694  -1.20513  -1.04198  -0.87676  -0.71981  -0.61703  -0.31872  -0.22746
   7000.  1.00  -4.12824  -3.93562  -3.17860  -2.72354  -2.16414  -1.36283  -1.22011  -1.05581  -0.88622  -0.72453  -0.61763  -0.30924  -0.22386
   7000.  1.50  -3.96344  -3.77412  -3.04035  -2.62937  -2.06890  -1.39646  -1.24731  -1.07595  -0.89784  -0.72918  -0.61739  -0.29818  -0.21939
   7000.  2.00  -3.76130  -3.57558  -2.87182  -2.50906  -1.95354  -1.44165  -1.29221  -1.10439  -0.91143  -0.73241  -0.61448  -0.28456  -0.21204
   7000.  2.50  -3.56350  -3.37678  -2.69753  -2.37816  -1.83262  -1.48201  -1.33971  -1.13584  -0.92895  -0.73986  -0.61632  -0.27462  -0.20737
   7000.  3.00  -3.38953  -3.19643  -2.53151  -2.24804  -1.71384  -1.51260  -1.38158  -1.16727  -0.95024  -0.75268  -0.62427  -0.27017  -0.20691
   7000.  3.50  -3.24219  -3.03970  -2.38003  -2.12468  -1.59981  -1.53876  -1.42154  -1.19845  -0.97278  -0.76780  -0.63512  -0.26927  -0.20873
   7000.  4.00  -3.12803  -2.91467  -2.25056  -2.01421  -1.49301  -1.56177  -1.46016  -1.22872  -0.99509  -0.78339  -0.64692  -0.27042  -0.21141
   7000.  4.50  -3.04914  -2.82515  -2.14881  -1.92191  -1.39656  -1.58118  -1.49598  -1.25656  -1.01561  -0.79798  -0.65815  -0.27243  -0.21405
   7000.  5.00  -3.01061  -2.77721  -2.08146  -1.85352  -1.31366  -1.59725  -1.52759  -1.28033  -1.03248  -0.80962  -0.66681  -0.27339  -0.21511
   7250.  0.50  -3.79570  -3.65374  -3.01635  -2.60654  -2.12376  -1.26532  -1.16510  -1.01931  -0.87155  -0.72991  -0.63786  -0.36888  -0.27850
   7250.  1.00  -3.78578  -3.63470  -2.98662  -2.58950  -2.09918  -1.27612  -1.16103  -1.02291  -0.87772  -0.73596  -0.64184  -0.36481  -0.27905
   7250.  1.50  -3.66399  -3.51196  -2.87822  -2.51665  -2.02343  -1.30908  -1.18143  -1.03841  -0.88650  -0.73941  -0.64091  -0.35394  -0.27481
   7250.  2.00  -3.50085  -3.34886  -2.73647  -2.41529  -1.92480  -1.34798  -1.21313  -1.06078  -0.89886  -0.74438  -0.64067  -0.34246  -0.27010
   7250.  2.50  -3.31417  -3.16039  -2.57212  -2.29261  -1.81044  -1.39807  -1.26327  -1.09251  -0.91428  -0.74868  -0.63837  -0.32857  -0.26242
   7250.  3.00  -3.14016  -2.98048  -2.40877  -2.16468  -1.69341  -1.44219  -1.31450  -1.12698  -0.93409  -0.75802  -0.64169  -0.31915  -0.25813
   7250.  3.50  -2.99262  -2.82376  -2.25825  -2.04140  -1.57942  -1.47633  -1.35992  -1.16114  -0.95751  -0.77264  -0.65116  -0.31539  -0.25800
   7250.  4.00  -2.87186  -2.69242  -2.12439  -1.92695  -1.47004  -1.50496  -1.40329  -1.19500  -0.98217  -0.78947  -0.66344  -0.31517  -0.25999
   7250.  4.50  -2.78221  -2.59214  -2.01338  -1.82669  -1.36740  -1.52890  -1.44438  -1.22737  -1.00621  -0.80645  -0.67637  -0.31682  -0.26273
   7250.  5.00  -2.72986  -2.53048  -1.93293  -1.74707  -1.27482  -1.54782  -1.48142  -1.25619  -1.02742  -0.82139  -0.68772  -0.31849  -0.26465
   7500.  0.50  -3.29683  -3.19310  -2.68887  -2.37808  -1.96638  -1.25094  -1.18304  -1.03270  -0.88332  -0.74253  -0.65313  -0.40252  -0.31688
   7500.  1.00  -3.44701  -3.32620  -2.77779  -2.44129  -2.01786  -1.21228  -1.12636  -1.00676  -0.87977  -0.75287  -0.66910  -0.41767  -0.33242
   7500.  1.50  -3.38017  -3.25590  -2.71131  -2.39792  -1.96958  -1.23852  -1.13484  -1.01443  -0.88424  -0.75492  -0.66806  -0.40931  -0.33003
   7500.  2.00  -3.25166  -3.12558  -2.59578  -2.31595  -1.88799  -1.27758  -1.16002  -1.03203  -0.89330  -0.75822  -0.66669  -0.39794  -0.32571
   7500.  2.50  -3.09834  -2.96986  -2.45745  -2.21246  -1.78957  -1.32241  -1.19645  -1.05700  -0.90676  -0.76393  -0.66686  -0.38649  -0.32107
   7500.  3.00  -2.93190  -2.79776  -2.30232  -2.09140  -1.67838  -1.37624  -1.25132  -1.09191  -0.92418  -0.76967  -0.66561  -0.37288  -0.31348
   7500.  3.50  -2.78311  -2.64024  -2.15322  -1.96952  -1.56652  -1.42136  -1.30501  -1.12906  -0.94662  -0.78143  -0.67112  -0.36473  -0.30989
   7500.  4.00  -2.65953  -2.50616  -2.01823  -1.85424  -1.45745  -1.45729  -1.35344  -1.16586  -0.97231  -0.79809  -0.68239  -0.36204  -0.31027
   7500.  4.50  -2.56343  -2.39932  -1.90213  -1.74986  -1.35230  -1.48684  -1.39936  -1.20185  -0.99871  -0.81636  -0.69590  -0.36249  -0.31240
   7500.  5.00  -2.49945  -2.32555  -1.81097  -1.66177  -1.25387  -1.50978  -1.44166  -1.23530  -1.02366  -0.83405  -0.70935  -0.36428  -0.31466
   7750.  1.00  -3.09987  -2.99966  -2.54245  -2.27142  -1.91209  -1.17869  -1.12080  -1.01001  -0.89297  -0.77469  -0.69786  -0.46614  -0.38301
   7750.  1.50  -3.10143  -2.99444  -2.52795  -2.26448  -1.89824  -1.18841  -1.11000  -1.00624  -0.89257  -0.77645  -0.69889  -0.46268  -0.38420
   7750.  2.00  -3.01318  -2.90297  -2.44380  -2.20539  -1.83725  -1.22429  -1.12673  -1.01773  -0.89760  -0.77773  -0.69633  -0.45213  -0.38048
   7750.  2.50  -2.89132  -2.77901  -2.33208  -2.12180  -1.75605  -1.26731  -1.15539  -1.03718  -0.90748  -0.78189  -0.69576  -0.44144  -0.37674
   7750.  3.00  -2.75251  -2.63747  -2.20411  -2.02165  -1.66219  -1.31561  -1.19587  -1.06455  -0.92220  -0.78861  -0.69675  -0.43077  -0.37246
   7750.  3.50  -2.60581  -2.48344  -2.06131  -1.90570  -1.55672  -1.37085  -1.25404  -1.10189  -0.94138  -0.79590  -0.69688  -0.41830  -0.36552
   7750.  4.00  -2.48038  -2.34768  -1.92666  -1.79119  -1.44981  -1.41623  -1.30953  -1.14129  -0.96622  -0.81002  -0.70459  -0.41148  -0.36273
   7750.  4.50  -2.38090  -2.23733  -1.80844  -1.68555  -1.34517  -1.45208  -1.36005  -1.18007  -0.99370  -0.82835  -0.71737  -0.40982  -0.36334
   7750.  5.00  -2.30810  -2.15403  -1.70979  -1.59211  -1.24438  -1.48004  -1.40718  -1.21739  -1.02142  -0.84779  -0.73191  -0.41086  -0.36528
   8000.  1.00  -2.74075  -2.65172  -2.27357  -2.07127  -1.77459  -1.17937  -1.15144  -1.03965  -0.92305  -0.80505  -0.73000  -0.50838  -0.42988
   8000.  1.50  -2.83133  -2.73601  -2.33741  -2.12229  -1.81419  -1.15724  -1.10491  -1.01250  -0.91090  -0.80433  -0.73410  -0.51583  -0.43873
   8000.  2.00  -2.78611  -2.68696  -2.28907  -2.08948  -1.77766  -1.18416  -1.10950  -1.01589  -0.91135  -0.80380  -0.73119  -0.50751  -0.43649
   8000.  2.50  -2.69357  -2.59164  -2.20135  -2.02428  -1.71301  -1.22574  -1.13194  -1.03037  -0.91735  -0.80535  -0.72850  -0.49646  -0.43245
   8000.  3.00  -2.57976  -2.47556  -2.09494  -1.94109  -1.63354  -1.27324  -1.16497  -1.05241  -0.92843  -0.81036  -0.72844  -0.48595  -0.42878
   8000.  3.50  -2.45475  -2.34687  -1.97565  -1.84399  -1.54313  -1.32550  -1.21043  -1.08276  -0.94461  -0.81800  -0.72996  -0.47549  -0.42435
   8000.  4.00  -2.32821  -2.21220  -1.84650  -1.73494  -1.44330  -1.37943  -1.27013  -1.12178  -0.96555  -0.82718  -0.73201  -0.46458  -0.41825
   8000.  4.50  -2.22579  -2.09878  -1.72751  -1.62962  -1.34161  -1.42242  -1.32592  -1.16259  -0.99241  -0.84351  -0.74189  -0.45940  -0.41613
   8000.  5.00  -2.14642  -2.00882  -1.62484  -1.53396  -1.24184  -1.45636  -1.37742  -1.20263  -1.02129  -0.86324  -0.75604  -0.45877  -0.41699
   8250.  1.00  -2.39946  -2.31194  -1.98757  -1.84880  -1.60924  -1.21032  -1.21497  -1.09826  -0.97641  -0.85170  -0.77341  -0.54879  -0.47915
   8250.  1.50  -2.57139  -2.48314  -2.14107  -1.97261  -1.71824  -1.14846  -1.12169  -1.03511  -0.94038  -0.83897  -0.77337  -0.56784  -0.49316
   8250.  2.00  -2.56932  -2.47715  -2.13108  -1.96843  -1.70860  -1.16019  -1.10920  -1.02715  -0.93478  -0.83650  -0.77095  -0.56371  -0.49382
   8250.  2.50  -2.50646  -2.41166  -2.06956  -1.92333  -1.66223  -1.19658  -1.12258  -1.03505  -0.93642  -0.83571  -0.76694  -0.55352  -0.49042
   8250.  3.00  -2.41584  -2.31914  -1.98409  -1.85682  -1.59762  -1.24277  -1.14930  -1.05188  -0.94326  -0.83785  -0.76456  -0.54244  -0.48638
   8250.  3.50  -2.31167  -2.21328  -1.88575  -1.77678  -1.52180  -1.29269  -1.18597  -1.07623  -0.95562  -0.84393  -0.76535  -0.53249  -0.48269
   8250.  4.00  -2.19890  -2.09632  -1.77518  -1.68360  -1.43571  -1.34631  -1.23618  -1.10942  -0.97315  -0.85221  -0.76715  -0.52221  -0.47770
   8250.  4.50  -2.09129  -1.97876  -1.65683  -1.58013  -1.33953  -1.39732  -1.29660  -1.14991  -0.99593  -0.86321  -0.77094  -0.51226  -0.47178
   8250.  5.00  -2.00796  -1.88462  -1.55236  -1.48410  -1.24251  -1.43740  -1.35225  -1.19155  -1.02422  -0.88128  -0.78264  -0.50854  -0.47024
   8500.  1.50  -2.33723  -2.25389  -1.95490  -1.82742  -1.62003  -1.16017  -1.15754  -1.07298  -0.98088  -0.88083  -0.81708  -0.61868  -0.54776
   8500.  2.00  -2.36918  -2.28210  -1.97861  -1.84972  -1.63676  -1.15395  -1.12608  -1.05171  -0.96776  -0.87557  -0.81506  -0.62011  -0.55192
   8500.  2.50  -2.33202  -2.24173  -1.93961  -1.82178  -1.60658  -1.18104  -1.12865  -1.05214  -0.96504  -0.87286  -0.81061  -0.61184  -0.54972
   8500.  3.00  -2.26306  -2.17085  -1.87359  -1.77061  -1.55600  -1.22245  -1.14773  -1.06317  -0.96776  -0.87239  -0.80643  -0.60083  -0.54554
   8500.  3.50  -2.17670  -2.08346  -1.79255  -1.70493  -1.49317  -1.27089  -1.17793  -1.08206  -0.97556  -0.87527  -0.80457  -0.59002  -0.54133
   8500.  4.00  -2.08054  -1.98629  -1.70152  -1.62831  -1.42087  -1.32283  -1.21812  -1.10861  -0.98903  -0.88228  -0.80606  -0.58057  -0.53762
   8500.  4.50  -1.97765  -1.87806  -1.59683  -1.53739  -1.33731  -1.37654  -1.27272  -1.14412  -1.00725  -0.89043  -0.80735  -0.56981  -0.53151
   8500.  5.00  -1.88817  -1.77779  -1.49008  -1.44078  -1.24443  -1.42256  -1.33192  -1.18504  -1.03152  -0.90327  -0.81309  -0.56108  -0.52576
   8750.  1.50  -2.13674  -2.05667  -1.78687  -1.69256  -1.52283  -1.18399  -1.20401  -1.12033  -1.02914  -0.92866  -0.86525  -0.66982  -0.60371
   8750.  2.00  -2.19278  -2.11092  -1.84157  -1.74160  -1.56934  -1.16290  -1.15648  -1.08691  -1.00835  -0.91971  -0.86240  -0.67605  -0.61011
   8750.  2.50  -2.17618  -2.09050  -1.82177  -1.72876  -1.55449  -1.17984  -1.14891  -1.08056  -1.00217  -0.91603  -0.85868  -0.67117  -0.61024
   8750.  3.00  -2.12432  -2.03608  -1.77073  -1.68943  -1.51505  -1.21501  -1.15997  -1.08584  -1.00130  -0.91374  -0.85376  -0.66143  -0.60704
   8750.  3.50  -2.05273  -1.96333  -1.70337  -1.63502  -1.46255  -1.26009  -1.18317  -1.09904  -1.00462  -0.91356  -0.84956  -0.65016  -0.60254
   8750.  4.00  -1.96945  -1.87977  -1.62576  -1.56990  -1.40079  -1.31038  -1.21655  -1.11972  -1.01307  -0.91697  -0.84802  -0.63945  -0.59792
   8750.  4.50  -1.87932  -1.78888  -1.53974  -1.49515  -1.33043  -1.36277  -1.26074  -1.14855  -1.02742  -0.92435  -0.84957  -0.62983  -0.59316
   8750.  5.00  -1.78709  -1.68861  -1.43835  -1.40447  -1.24680  -1.41197  -1.31729  -1.18511  -1.04592  -0.93195  -0.85003  -0.61790  -0.58492
   9000.  1.50  -1.96884  -1.89037  -1.63764  -1.56883  -1.42598  -1.21303  -1.25449  -1.17176  -1.08125  -0.98008  -0.91656  -0.72222  -0.66138
   9000.  2.00  -2.03893  -1.96234  -1.71953  -1.64382  -1.50553  -1.18219  -1.19466  -1.12829  -1.05325  -0.96675  -0.91143  -0.73151  -0.66850
   9000.  2.50  -2.03855  -1.95858  -1.71824  -1.64661  -1.50806  -1.19118  -1.17919  -1.11659  -1.04446  -0.96260  -0.90881  -0.73037  -0.67118
   9000.  3.00  -2.00107  -1.91771  -1.68005  -1.61771  -1.47914  -1.22078  -1.18421  -1.11790  -1.04163  -0.95983  -0.90443  -0.72272  -0.66957
   9000.  3.50  -1.94257  -1.85700  -1.62329  -1.57188  -1.43469  -1.26136  -1.20148  -1.12679  -1.04216  -0.95810  -0.89944  -0.71204  -0.66542
   9000.  4.00  -1.87108  -1.78480  -1.55622  -1.51562  -1.38113  -1.30765  -1.22803  -1.14199  -1.04640  -0.95861  -0.89571  -0.70078  -0.66022
   9000.  4.50  -1.79046  -1.70450  -1.48145  -1.45081  -1.32003  -1.35729  -1.26420  -1.16431  -1.05555  -0.96256  -0.89456  -0.69025  -0.65491
   9000.  5.00  -1.70443  -1.61661  -1.39680  -1.37524  -1.24946  -1.40736  -1.31159  -1.19469  -1.07006  -0.96930  -0.89514  -0.67965  -0.64838
   9250.  2.00  -1.90546  -1.83308  -1.60918  -1.55348  -1.44222  -1.20693  -1.23713  -1.17318  -1.10068  -1.01552  -0.96148  -0.78611  -0.72640
   9250.  2.50  -1.91719  -1.84291  -1.62565  -1.57232  -1.46438  -1.21009  -1.21544  -1.15719  -1.08977  -1.01102  -0.95985  -0.78861  -0.73143
   9250.  3.00  -1.89265  -1.81503  -1.60131  -1.55519  -1.44826  -1.23483  -1.21570  -1.15566  -1.08606  -1.00875  -0.95699  -0.78399  -0.73211
   9250.  3.50  -1.84598  -1.76551  -1.55524  -1.51830  -1.41267  -1.27124  -1.22845  -1.16170  -1.08532  -1.00684  -0.95258  -0.77505  -0.72934
   9250.  4.00  -1.78429  -1.70218  -1.49623  -1.46891  -1.36571  -1.31457  -1.25013  -1.17316  -1.08686  -1.00563  -0.94769  -0.76395  -0.72439
   9250.  4.50  -1.71198  -1.62968  -1.42895  -1.41072  -1.31097  -1.36185  -1.28027  -1.19038  -1.09179  -1.00657  -0.94411  -0.75255  -0.71848
   9250.  5.00  -1.63287  -1.55094  -1.35500  -1.34480  -1.24884  -1.41065  -1.31985  -1.21468  -1.10170  -1.01089  -0.94310  -0.74180  -0.71206
   9500.  2.00  -1.79033  -1.72094  -1.50998  -1.47055  -1.38000  -1.23478  -1.28191  -1.22000  -1.14952  -1.06533  -1.01219  -0.84017  -0.78392
   9500.  2.50  -1.80972  -1.74021  -1.54086  -1.50322  -1.42091  -1.23378  -1.25549  -1.20065  -1.13686  -1.06039  -1.01114  -0.84554  -0.79063
   9500.  3.00  -1.79556  -1.72342  -1.52988  -1.49799  -1.41887  -1.25465  -1.25204  -1.19698  -1.13266  -1.05882  -1.00990  -0.84414  -0.79371
   9500.  3.50  -1.75944  -1.68444  -1.49493  -1.47080  -1.39356  -1.28824  -1.26151  -1.20116  -1.13149  -1.05746  -1.00676  -0.83762  -0.79302
   9500.  4.00  -1.70753  -1.63047  -1.44502  -1.42932  -1.35432  -1.32933  -1.27964  -1.21029  -1.13185  -1.05599  -1.00219  -0.82786  -0.78936
   9500.  4.50  -1.64354  -1.56562  -1.38490  -1.37745  -1.30557  -1.37473  -1.30541  -1.22407  -1.13420  -1.05530  -0.99750  -0.81653  -0.78358
   9500.  5.00  -1.57071  -1.49311  -1.31745  -1.31746  -1.24925  -1.42201  -1.33965  -1.24368  -1.14008  -1.05682  -0.99423  -0.80497  -0.77652
   9750.  2.00  -1.69108  -1.62393  -1.42225  -1.39614  -1.32182  -1.26441  -1.32750  -1.26739  -1.19867  -1.11538  -1.06302  -0.89391  -0.84108
   9750.  2.50  -1.71486  -1.64918  -1.46338  -1.43911  -1.37772  -1.26101  -1.29808  -1.24590  -1.18489  -1.11012  -1.06230  -0.90125  -0.84884
   9750.  3.00  -1.70843  -1.64112  -1.46410  -1.44471  -1.38960  -1.27881  -1.29170  -1.24057  -1.18044  -1.10929  -1.06260  -0.90289  -0.85413
   9750.  3.50  -1.68125  -1.61143  -1.43981  -1.42709  -1.37522  -1.30988  -1.29858  -1.24346  -1.17929  -1.10883  -1.06102  -0.89902  -0.85564
   9750.  4.00  -1.63848  -1.56653  -1.39931  -1.39395  -1.34460  -1.34903  -1.31405  -1.25112  -1.17931  -1.10782  -1.05747  -0.89116  -0.85367
   9750.  4.50  -1.58306  -1.50981  -1.34705  -1.34908  -1.30259  -1.39293  -1.33665  -1.26273  -1.18042  -1.10669  -1.05280  -0.88075  -0.84875
   9750.  5.00  -1.51736  -1.44395  -1.28606  -1.29496  -1.25203  -1.43830  -1.36644  -1.27883  -1.18367  -1.10651  -1.04834  -0.86914  -0.84172
  10000.  2.00  -1.60555  -1.54003  -1.34536  -1.33048  -1.26987  -1.29500  -1.37328  -1.31491  -1.24790  -1.16554  -1.11396  -0.94749  -0.89792
  10000.  2.50  -1.63171  -1.56934  -1.39399  -1.38097  -1.33663  -1.29018  -1.34169  -1.29180  -1.23315  -1.15982  -1.11320  -0.95606  -0.90626
  10000.  3.00  -1.63044  -1.56727  -1.40341  -1.39495  -1.36018  -1.30607  -1.33356  -1.28550  -1.22865  -1.15958  -1.11462  -0.96000  -0.91311
  10000.  3.50  -1.61073  -1.54559  -1.38898  -1.38639  -1.35685  -1.33497  -1.33841  -1.28756  -1.22790  -1.16030  -1.11486  -0.95893  -0.91685
  10000.  4.00  -1.57585  -1.50885  -1.35769  -1.36159  -1.33543  -1.37217  -1.35163  -1.29414  -1.22800  -1.16015  -1.11274  -0.95339  -0.91686
  10000.  4.50  -1.52842  -1.45994  -1.31343  -1.32395  -1.30080  -1.41454  -1.37174  -1.30434  -1.22869  -1.15927  -1.10877  -0.94444  -0.91329
  10000.  5.00  -1.46980  -1.40076  -1.25906  -1.27591  -1.25626  -1.45908  -1.39839  -1.31814  -1.23036  -1.15829  -1.10389  -0.93335  -0.90696
  10250.  2.00  -1.53084  -1.46615  -1.27745  -1.27254  -1.22497  -1.32639  -1.41919  -1.36254  -1.29723  -1.21587  -1.16508  -1.00112  -0.95454
  10250.  2.50  -1.55908  -1.49939  -1.33225  -1.32890  -1.29887  -1.32071  -1.38601  -1.33817  -1.28163  -1.20960  -1.16402  -1.01024  -0.96303
  10250.  3.00  -1.56160  -1.50210  -1.34888  -1.34982  -1.33210  -1.33530  -1.37657  -1.33119  -1.27715  -1.20986  -1.16636  -1.01606  -0.97115
  10250.  3.50  -1.54694  -1.48598  -1.34200  -1.34838  -1.33839  -1.36233  -1.37997  -1.33260  -1.27664  -1.21138  -1.16789  -1.01725  -0.97654
  10250.  4.00  -1.51892  -1.45613  -1.31857  -1.33083  -1.32558  -1.39762  -1.39166  -1.33870  -1.27729  -1.21231  -1.16732  -1.01394  -0.97834
  10250.  4.50  -1.47898  -1.41491  -1.28271  -1.30087  -1.29905  -1.43840  -1.40954  -1.34788  -1.27810  -1.21226  -1.16468  -1.00704  -0.97671
  10250.  5.00  -1.42712  -1.36232  -1.23520  -1.25920  -1.26101  -1.48236  -1.43372  -1.36010  -1.27898  -1.21117  -1.16006  -0.99701  -0.97152
  10500.  2.00  -1.46484  -1.40024  -1.21712  -1.22143  -1.18734  -1.35847  -1.46515  -1.41018  -1.34655  -1.26625  -1.21631  -1.05478  -1.01094
  10500.  2.50  -1.49515  -1.43750  -1.27717  -1.28235  -1.26521  -1.35209  -1.43062  -1.38467  -1.33006  -1.25925  -1.21465  -1.06388  -1.01918
  10500.  3.00  -1.50072  -1.44432  -1.29972  -1.30887  -1.30573  -1.36592  -1.42032  -1.37727  -1.32563  -1.25988  -1.21762  -1.07108  -1.02821
  10500.  3.50  -1.49030  -1.43307  -1.29952  -1.31379  -1.32060  -1.39159  -1.42269  -1.37834  -1.32555  -1.26227  -1.22041  -1.07433  -1.03510
  10500.  4.00  -1.46745  -1.40875  -1.28312  -1.30283  -1.31615  -1.42527  -1.43308  -1.38401  -1.32669  -1.26421  -1.22131  -1.07322  -1.03868
  10500.  4.50  -1.43325  -1.37318  -1.25364  -1.27882  -1.29663  -1.46467  -1.44948  -1.39255  -1.32767  -1.26478  -1.21967  -1.06799  -1.03853
  10500.  5.00  -1.38786  -1.32703  -1.21297  -1.24351  -1.26517  -1.50801  -1.47176  -1.40379  -1.32839  -1.26413  -1.21585  -1.05943  -1.03478
  10750.  2.00  -1.40590  -1.34072  -1.16340  -1.17649  -1.15693  -1.39135  -1.51123  -1.45789  -1.39593  -1.31674  -1.26768  -1.10855  -1.06721
  10750.  2.50  -1.43859  -1.38234  -1.22798  -1.24097  -1.23620  -1.38415  -1.47538  -1.43122  -1.37843  -1.30880  -1.26513  -1.11716  -1.07482
  10750.  3.00  -1.44673  -1.39293  -1.25555  -1.27201  -1.28175  -1.39746  -1.46443  -1.42344  -1.37395  -1.30957  -1.26841  -1.12523  -1.08440
  10750.  3.50  -1.43969  -1.38575  -1.26096  -1.28222  -1.30359  -1.42222  -1.46615  -1.42437  -1.37426  -1.31268  -1.27222  -1.13012  -1.09247
  10750.  4.00  -1.42123  -1.36621  -1.25076  -1.27713  -1.30678  -1.45473  -1.47568  -1.42990  -1.37601  -1.31563  -1.27449  -1.13106  -1.09769
  10750.  4.50  -1.39209  -1.33590  -1.22760  -1.25908  -1.29449  -1.49281  -1.49080  -1.43803  -1.37745  -1.31714  -1.27419  -1.12781  -1.09925
  10750.  5.00  -1.35225  -1.29534  -1.19316  -1.22960  -1.26945  -1.53511  -1.51134  -1.44846  -1.37823  -1.31709  -1.27134  -1.12084  -1.09695
  11000.  2.00  -1.35283  -1.28660  -1.11587  -1.13736  -1.13363  -1.42498  -1.55731  -1.50560  -1.44534  -1.36736  -1.31924  -1.16256  -1.12348
  11000.  2.50  -1.38828  -1.33284  -1.18419  -1.20450  -1.21233  -1.41680  -1.52019  -1.47778  -1.42677  -1.35835  -1.31561  -1.17027  -1.13014
  11000.  3.00  -1.39892  -1.34718  -1.21606  -1.23916  -1.26079  -1.42963  -1.50871  -1.46965  -1.42215  -1.35906  -1.31892  -1.17875  -1.13990
  11000.  3.50  -1.39467  -1.34356  -1.22618  -1.25367  -1.28787  -1.45376  -1.51000  -1.47048  -1.42274  -1.36266  -1.32342  -1.18486  -1.14883
  11000.  4.00  -1.37971  -1.32800  -1.22124  -1.25358  -1.29760  -1.48524  -1.51885  -1.47591  -1.42501  -1.36644  -1.32682  -1.18751  -1.15535
  11000.  4.50  -1.35504  -1.30240  -1.20388  -1.24102  -1.29215  -1.52209  -1.53307  -1.48389  -1.42706  -1.36894  -1.32785  -1.18617  -1.15847
  11000.  5.00  -1.32023  -1.26693  -1.17524  -1.21699  -1.27340  -1.56303  -1.55218  -1.49380  -1.42822  -1.36970  -1.32619  -1.18090  -1.15763
  11250.  2.00  -1.30506  -1.23749  -1.07407  -1.10353  -1.11652  -1.45945  -1.60353  -1.55338  -1.49477  -1.41800  -1.37084  -1.21662  -1.17959
  11250.  2.50  -1.34332  -1.28815  -1.14532  -1.17260  -1.19365  -1.45013  -1.56514  -1.52439  -1.47511  -1.40788  -1.36607  -1.22328  -1.18519
  11250.  3.00  -1.35646  -1.30622  -1.18083  -1.21010  -1.24334  -1.46236  -1.55312  -1.51585  -1.47020  -1.40833  -1.36916  -1.23175  -1.19481
  11250.  3.50  -1.35466  -1.30592  -1.19494  -1.22812  -1.27398  -1.48592  -1.55402  -1.51654  -1.47094  -1.41220  -1.37406  -1.23866  -1.20426
  11250.  4.00  -1.34258  -1.29379  -1.19451  -1.23222  -1.28898  -1.51659  -1.56239  -1.52193  -1.47363  -1.41665  -1.37837  -1.24273  -1.21182
  11250.  4.50  -1.32167  -1.27227  -1.18225  -1.22449  -1.28965  -1.55225  -1.57584  -1.52981  -1.47626  -1.42005  -1.38061  -1.24311  -1.21628
  11250.  5.00  -1.29123  -1.24129  -1.15894  -1.20553  -1.27699  -1.59201  -1.59383  -1.53943  -1.47792  -1.42170  -1.38016  -1.23955  -1.21693
  11500.  2.00  -1.26184  -1.19294  -1.03761  -1.07455  -1.10479  -1.49437  -1.64949  -1.60086  -1.54390  -1.46840  -1.42223  -1.27057  -1.23542
  11500.  2.50  -1.30299  -1.24777  -1.11122  -1.14515  -1.18002  -1.48399  -1.60998  -1.57087  -1.52332  -1.45731  -1.41647  -1.27621  -1.24000
  11500.  3.00  -1.31864  -1.26951  -1.14973  -1.18483  -1.22976  -1.49559  -1.59750  -1.56195  -1.51809  -1.45743  -1.41921  -1.28443  -1.24926
  11500.  3.50  -1.31917  -1.27240  -1.16724  -1.20565  -1.26252  -1.51862  -1.59811  -1.56252  -1.51888  -1.46141  -1.42429  -1.29178  -1.25896
  11500.  4.00  -1.30952  -1.26328  -1.17054  -1.21312  -1.28138  -1.54856  -1.60612  -1.56789  -1.52191  -1.46634  -1.42924  -1.29688  -1.26724
  11500.  4.50  -1.29169  -1.24517  -1.16260  -1.20947  -1.28719  -1.58322  -1.61900  -1.57571  -1.52503  -1.47049  -1.43248  -1.29871  -1.27283
  11500.  5.00  -1.26499  -1.21812  -1.14404  -1.19503  -1.28012  -1.62172  -1.63609  -1.58517  -1.52726  -1.47299  -1.43319  -1.29678  -1.27483
  11750.  2.00  -1.22294  -1.15280  -1.00609  -1.04997  -1.09752  -1.52971  -1.69532  -1.64816  -1.59282  -1.51859  -1.47342  -1.32428  -1.29088
  11750.  2.50  -1.26686  -1.21136  -1.08155  -1.12180  -1.17110  -1.51839  -1.65477  -1.61726  -1.57141  -1.50666  -1.46679  -1.32903  -1.29456
  11750.  3.00  -1.28501  -1.23664  -1.12249  -1.16315  -1.22008  -1.52927  -1.64180  -1.60792  -1.56579  -1.50632  -1.46905  -1.33680  -1.30330
  11750.  3.50  -1.28774  -1.24260  -1.14285  -1.18620  -1.25381  -1.55170  -1.64210  -1.60830  -1.56651  -1.51025  -1.47410  -1.34430  -1.31300
  11750.  4.00  -1.28019  -1.23618  -1.14925  -1.19636  -1.27530  -1.58100  -1.64980  -1.61356  -1.56968  -1.51543  -1.47941  -1.35009  -1.32175
  11750.  4.50  -1.26484  -1.22100  -1.14502  -1.19613  -1.28522  -1.61486  -1.66226  -1.62139  -1.57323  -1.52019  -1.48346  -1.35313  -1.32826
  11750.  5.00  -1.24128  -1.19731  -1.13063  -1.18568  -1.28313  -1.65235  -1.67865  -1.63076  -1.57599  -1.52348  -1.48521  -1.35269  -1.33149
  12000.  2.50  -1.23443  -1.17853  -1.05598  -1.10221  -1.16635  -1.55328  -1.69947  -1.66347  -1.61927  -1.55578  -1.51690  -1.38167  -1.34880
  12000.  3.00  -1.25510  -1.20719  -1.09896  -1.14494  -1.21428  -1.56347  -1.68613  -1.65384  -1.61338  -1.55511  -1.51877  -1.38898  -1.35703
  12000.  3.50  -1.25995  -1.21605  -1.12168  -1.16971  -1.24812  -1.58525  -1.68615  -1.65403  -1.61399  -1.55890  -1.52368  -1.39641  -1.36655
  12000.  4.00  -1.25441  -1.21228  -1.13076  -1.18208  -1.27120  -1.61387  -1.69359  -1.65920  -1.61726  -1.56421  -1.52919  -1.40261  -1.37551
  12000.  4.50  -1.24115  -1.19963  -1.12960  -1.18462  -1.28418  -1.64694  -1.70567  -1.66698  -1.62110  -1.56939  -1.53381  -1.40656  -1.38269
  12000.  5.00  -1.22032  -1.17894  -1.11885  -1.17759  -1.28626  -1.68330  -1.72142  -1.67625  -1.62432  -1.57335  -1.53645  -1.40737  -1.38690
  12250.  2.50  -1.20538  -1.14917  -1.03432  -1.08615  -1.16521  -1.58833  -1.74377  -1.70932  -1.66678  -1.60460  -1.56673  -1.43404  -1.40266
  12250.  3.00  -1.22847  -1.18091  -1.07898  -1.13001  -1.21209  -1.59793  -1.73014  -1.69943  -1.66068  -1.60363  -1.56825  -1.44092  -1.41042
  12250.  3.50  -1.23544  -1.19260  -1.10369  -1.15620  -1.24559  -1.61912  -1.72995  -1.69947  -1.66117  -1.60725  -1.57296  -1.44817  -1.41966
  12250.  4.00  -1.23174  -1.19129  -1.11498  -1.17029  -1.26939  -1.64704  -1.73712  -1.70449  -1.66439  -1.61251  -1.57846  -1.45451  -1.42864
  12250.  4.50  -1.22029  -1.18093  -1.11638  -1.17506  -1.28452  -1.67945  -1.74893  -1.71223  -1.66843  -1.61797  -1.58346  -1.45911  -1.43628
  12250.  5.00  -1.20172  -1.16280  -1.10872  -1.17089  -1.28992  -1.71493  -1.76422  -1.72145  -1.67201  -1.62244  -1.58679  -1.46095  -1.44128
  12500.  2.50  -1.17950  -1.12304  -1.01612  -1.07314  -1.16700  -1.62355  -1.78782  -1.75484  -1.71393  -1.65303  -1.61616  -1.48601  -1.45602
  12500.  3.00  -1.20484  -1.15748  -1.06218  -1.11801  -1.21307  -1.63276  -1.77403  -1.74483  -1.70771  -1.65189  -1.61746  -1.49255  -1.46342
  12500.  3.50  -1.21383  -1.17181  -1.08855  -1.14535  -1.24598  -1.65334  -1.77365  -1.74474  -1.70810  -1.65532  -1.62196  -1.49957  -1.47234
  12500.  4.00  -1.21201  -1.17294  -1.10175  -1.16085  -1.26989  -1.68056  -1.78060  -1.74963  -1.71127  -1.66051  -1.62738  -1.50590  -1.48120
  12500.  4.50  -1.20222  -1.16471  -1.10531  -1.16743  -1.28637  -1.71223  -1.79211  -1.75725  -1.71540  -1.66611  -1.63260  -1.51091  -1.48908
  12500.  5.00  -1.18560  -1.14889  -1.10032  -1.16570  -1.29441  -1.74682  -1.80695  -1.76640  -1.71926  -1.67099  -1.63647  -1.51358  -1.49471
  12750.  2.50  -1.15654  -1.09990  -1.00101  -1.06284  -1.17120  -1.65882  -1.83152  -1.79995  -1.76062  -1.70099  -1.66512  -1.53747  -1.50880
  12750.  3.00  -1.18395  -1.13679  -1.04842  -1.10878  -1.21690  -1.66781  -1.81768  -1.78996  -1.75444  -1.69984  -1.66637  -1.54388  -1.51600
  12750.  3.50  -1.19484  -1.15351  -1.07616  -1.13705  -1.24911  -1.68779  -1.81710  -1.78971  -1.75470  -1.70309  -1.67066  -1.55063  -1.52460
  12750.  4.00  -1.19479  -1.15692  -1.09095  -1.15370  -1.27282  -1.71433  -1.82384  -1.79447  -1.75780  -1.70817  -1.67595  -1.55686  -1.53326
  12750.  4.50  -1.18659  -1.15074  -1.09634  -1.16174  -1.29000  -1.74525  -1.83508  -1.80196  -1.76194  -1.71378  -1.68122  -1.56208  -1.54122
  12750.  5.00  -1.17167  -1.13700  -1.09362  -1.16199  -1.29992  -1.77909  -1.84957  -1.81101  -1.76599  -1.71891  -1.68546  -1.56535  -1.54731
  13000.  2.50  -1.13602  -1.07935  -0.98856  -1.05483  -1.17735  -1.69385  -1.87461  -1.84444  -1.80668  -1.74834  -1.71347  -1.58834  -1.56091
  13000.  3.00  -1.16546  -1.11855  -1.03736  -1.10195  -1.22305  -1.70282  -1.86084  -1.83459  -1.80067  -1.74731  -1.71482  -1.59475  -1.56807
  13000.  3.50  -1.17819  -1.13752  -1.06635  -1.13112  -1.25472  -1.72239  -1.86022  -1.83434  -1.80094  -1.75051  -1.71901  -1.60133  -1.57642
  13000.  4.00  -1.17988  -1.14308  -1.08248  -1.14872  -1.27802  -1.74832  -1.86683  -1.83902  -1.80400  -1.75548  -1.72416  -1.60741  -1.58485
  13000.  4.50  -1.17319  -1.13884  -1.08937  -1.15789  -1.29538  -1.77850  -1.87784  -1.84637  -1.80810  -1.76102  -1.72937  -1.61266  -1.59275
  13000.  5.00  -1.15976  -1.12697  -1.08854  -1.15977  -1.30657  -1.81163  -1.89199  -1.85530  -1.81223  -1.76630  -1.73383  -1.61636  -1.59914
  14000.  2.00  -1.01162  -0.93671  -0.86469  -0.94961  -1.12917  -1.84246  -2.08817  -2.05122  -2.00771  -1.94353  -1.90636  -1.77850  -1.75696
  14000.  2.50  -1.07565  -1.01964  -0.95969  -1.04058  -1.21503  -1.83141  -2.04185  -2.01683  -1.98490  -1.93146  -1.90041  -1.78500  -1.76196
  14000.  3.00  -1.11299  -1.06755  -1.01509  -1.09386  -1.26392  -1.84194  -2.02943  -2.00860  -1.98072  -1.93216  -1.90345  -1.79276  -1.77026
  14000.  3.50  -1.13151  -1.09330  -1.04806  -1.12624  -1.29505  -1.86065  -2.02899  -2.00874  -1.98151  -1.93570  -1.90786  -1.79927  -1.77833
  14000.  4.00  -1.13946  -1.10610  -1.06828  -1.14686  -1.31702  -1.88503  -2.03565  -2.01360  -1.98477  -1.94062  -1.91283  -1.80498  -1.78613
  14000.  4.50  -1.13831  -1.10858  -1.07929  -1.15902  -1.33333  -1.91266  -2.04601  -2.02055  -1.98868  -1.94578  -1.91762  -1.80986  -1.79334
  14000.  5.00  -1.12971  -1.10284  -1.08332  -1.16473  -1.34565  -1.94286  -2.05900  -2.02883  -1.99267  -1.95093  -1.92205  -1.81395  -1.79979
  15000.  2.50  -1.03960  -0.98475  -0.95225  -1.04393  -1.26308  -1.96178  -2.19906  -2.17854  -2.15187  -2.10294  -2.07548  -1.96932  -1.95002
  15000.  3.00  -1.08544  -1.04205  -1.01666  -1.10617  -1.31992  -1.97626  -2.18941  -2.17350  -2.15119  -2.10720  -2.08208  -1.98038  -1.96141
  15000.  3.50  -1.10896  -1.07346  -1.05419  -1.14280  -1.35353  -1.99592  -2.19027  -2.17518  -2.15367  -2.11233  -2.08804  -1.98818  -1.97053
  15000.  4.00  -1.12189  -1.09177  -1.07792  -1.16639  -1.37587  -2.01994  -2.19770  -2.18089  -2.15786  -2.11798  -2.09363  -1.99423  -1.97842
  15000.  4.50  -1.12606  -1.09994  -1.09202  -1.18096  -1.39134  -2.04629  -2.20840  -2.18829  -2.16222  -2.12333  -2.09846  -1.99892  -1.98520
  15000.  5.00  -1.12133  -1.09880  -1.09840  -1.18832  -1.40227  -2.07386  -2.22060  -2.19603  -2.16589  -2.12796  -2.10238  -2.00251  -1.99092
  16000.  2.50  -1.01852  -0.96476  -0.95598  -1.05578  -1.31297  -2.08339  -2.34589  -2.32914  -2.30704  -2.26216  -2.23800  -2.14057  -2.12458
  16000.  3.00  -1.07378  -1.03263  -1.03152  -1.12928  -1.38117  -2.10324  -2.33963  -2.32817  -2.31101  -2.27130  -2.24961  -2.15652  -2.14062
  16000.  3.50  -1.10273  -1.07007  -1.07489  -1.17165  -1.41997  -2.12550  -2.34283  -2.33244  -2.31625  -2.27915  -2.25825  -2.16673  -2.15194
  16000.  4.00  -1.11909  -1.09237  -1.10203  -1.19845  -1.44447  -2.15001  -2.35128  -2.33939  -2.32184  -2.28614  -2.26515  -2.17391  -2.16073
  16000.  4.50  -1.12842  -1.10585  -1.11973  -1.21622  -1.46104  -2.17660  -2.36337  -2.34817  -2.32757  -2.29260  -2.27097  -2.17928  -2.16794
  16000.  5.00  -1.12780  -1.10897  -1.12836  -1.22539  -1.47142  -2.20285  -2.37584  -2.35629  -2.33166  -2.29743  -2.27497  -2.18275  -2.17333
  17000.  2.50  -1.00711  -0.95414  -0.96541  -1.07135  -1.36026  -2.19611  -2.48309  -2.46912  -2.45066  -2.40918  -2.38790  -2.29848  -2.28548
  17000.  3.00  -1.07177  -1.03277  -1.05302  -1.15721  -1.44227  -2.22197  -2.48005  -2.47248  -2.45993  -2.42421  -2.40574  -2.32085  -2.30770
  17000.  3.50  -1.10766  -1.07768  -1.10393  -1.20713  -1.48843  -2.24824  -2.48660  -2.48043  -2.46912  -2.43597  -2.41826  -2.33462  -2.32236
  17000.  4.00  -1.12635  -1.10293  -1.13423  -1.23705  -1.51603  -2.27368  -2.49607  -2.48870  -2.47626  -2.44454  -2.42678  -2.34334  -2.33250
  17000.  4.50  -1.14037  -1.12133  -1.15606  -1.25874  -1.53539  -2.30151  -2.51006  -2.49944  -2.48396  -2.45277  -2.43426  -2.35009  -2.34086
  17000.  5.00  -1.14438  -1.12907  -1.16787  -1.27078  -1.54689  -2.32792  -2.52386  -2.50888  -2.48936  -2.45867  -2.43921  -2.35423  -2.34671
  18000.  2.50  -1.00257  -0.95024  -0.97848  -1.08891  -1.40325  -2.30043  -2.61169  -2.59953  -2.58361  -2.54456  -2.52548  -2.44270  -2.43244
  18000.  3.00  -1.07536  -1.03830  -1.07742  -1.18671  -1.50071  -2.33231  -2.61094  -2.60666  -2.59816  -2.56606  -2.55060  -2.47358  -2.46291
  18000.  3.50  -1.11934  -1.09179  -1.13702  -1.24538  -1.55573  -2.36354  -2.62148  -2.61907  -2.61217  -2.58271  -2.56803  -2.49193  -2.48195
  18000.  4.00  -1.14084  -1.12035  -1.17093  -1.27895  -1.58725  -2.39051  -2.63237  -2.62911  -2.62139  -2.59340  -2.57869  -2.50270  -2.49397
  18000.  4.50  -1.15837  -1.14270  -1.19667  -1.30445  -1.60998  -2.41981  -2.64812  -2.64178  -2.63114  -2.60358  -2.58807  -2.51113  -2.50383
  18000.  5.00  -1.16729  -1.15540  -1.21262  -1.32042  -1.62439  -2.44761  -2.66402  -2.65332  -2.63858  -2.61128  -2.59470  -2.51665  -2.51085
  19000.  2.50  -1.00368  -0.95226  -0.99509  -1.10873  -1.44253  -2.39756  -2.73336  -2.72216  -2.70773  -2.66990  -2.65216  -2.57349  -2.56570
  19000.  3.00  -1.08241  -1.04717  -1.10302  -1.21631  -1.55516  -2.43461  -2.73298  -2.73132  -2.72621  -2.69724  -2.68446  -2.61472  -2.60636
  19000.  3.50  -1.13491  -1.10962  -1.17187  -1.28440  -1.62044  -2.47158  -2.74795  -2.74879  -2.74583  -2.71976  -2.70792  -2.63909  -2.63120
  19000.  4.00  -1.16058  -1.14262  -1.21026  -1.32250  -1.65673  -2.50084  -2.76091  -2.76128  -2.75781  -2.73326  -2.72142  -2.65253  -2.64573
  19000.  4.50  -1.18010  -1.16751  -1.23891  -1.35092  -1.68259  -2.53120  -2.77783  -2.77542  -2.76928  -2.74519  -2.73256  -2.66261  -2.65707
  19000.  5.00  -1.19370  -1.18512  -1.25944  -1.37134  -1.70068  -2.56093  -2.79608  -2.78940  -2.77921  -2.75518  -2.74137  -2.66996  -2.66575
  20000.  3.00  -1.09178  -1.05839  -1.12918  -1.24558  -1.60531  -2.52936  -2.84706  -2.84740  -2.84495  -2.81849  -2.80793  -2.74437  -2.73814
  20000.  3.50  -1.15252  -1.12938  -1.20698  -1.32290  -1.68156  -2.57251  -2.86641  -2.86999  -2.87045  -2.84743  -2.83817  -2.77617  -2.77024
  20000.  4.00  -1.18371  -1.16800  -1.25084  -1.36654  -1.72367  -2.60497  -2.88219  -2.88571  -2.88599  -2.86457  -2.85538  -2.79327  -2.78825
  20000.  4.50  -1.20430  -1.19429  -1.28118  -1.39673  -1.75185  -2.63568  -2.89955  -2.90071  -2.89871  -2.87787  -2.86799  -2.80480  -2.80093
  20000.  5.00  -1.22166  -1.21613  -1.30611  -1.42149  -1.77407  -2.66747  -2.92002  -2.91713  -2.91123  -2.89038  -2.87926  -2.81431  -2.81159
  21000.  3.00  -1.10319  -1.07218  -1.15689  -1.27575  -1.65311  -2.61805  -2.95463  -2.95655  -2.95621  -2.93158  -2.92279  -2.86394  -2.85958
  21000.  3.50  -1.17100  -1.15006  -1.24174  -1.36039  -1.73877  -2.66667  -2.97748  -2.98333  -2.98667  -2.96626  -2.95929  -2.90341  -2.89931
  21000.  4.00  -1.20886  -1.19530  -1.29193  -1.41046  -1.78783  -2.70332  -2.99678  -3.00297  -3.00651  -2.98788  -2.98109  -2.92532  -2.92198
  21000.  4.50  -1.23059  -1.22286  -1.32361  -1.44210  -1.81813  -2.73429  -3.01446  -3.01875  -3.02044  -3.00256  -2.99520  -2.93856  -2.93624
  21000.  5.00  -1.25007  -1.24726  -1.35150  -1.46985  -1.84364  -2.76730  -3.03625  -3.03687  -3.03500  -3.01717  -3.00864  -2.94997  -2.94866
  22000.  3.00  -1.11649  -1.08905  -1.18742  -1.30845  -1.70158  -2.70252  -3.05679  -3.06028  -3.06192  -3.03880  -3.03150  -2.97620  -2.97346
  22000.  3.50  -1.18975  -1.17131  -1.27623  -1.39709  -1.79269  -2.75470  -3.08195  -3.08969  -3.09547  -3.07721  -3.07220  -3.02150  -3.01904
  22000.  4.00  -1.23468  -1.22335  -1.33274  -1.45359  -1.84882  -2.79590  -3.10490  -3.11340  -3.11978  -3.10358  -3.09895  -3.04887  -3.04711
  22000.  4.50  -1.25822  -1.25259  -1.36589  -1.48680  -1.88123  -2.82743  -3.12317  -3.13015  -3.13505  -3.11975  -3.11469  -3.06405  -3.06324
  22000.  5.00  -1.27876  -1.27835  -1.39546  -1.51634  -1.90930  -2.86104  -3.14553  -3.14931  -3.15110  -3.13605  -3.12994  -3.07738  -3.07745
  23000.  3.00  -1.13148  -1.10935  -1.22131  -1.34457  -1.75283  -2.78413  -3.15405  -3.15944  -3.16335  -3.14188  -3.13612  -3.08430  -3.08292
  23000.  3.50  -1.20871  -1.19351  -1.31134  -1.43414  -1.84532  -2.83796  -3.18079  -3.19029  -3.19828  -3.18187  -3.17860  -3.13220  -3.13118
  23000.  4.00  -1.26028  -1.25148  -1.37307  -1.49584  -1.90703  -2.88311  -3.20707  -3.21759  -3.22647  -3.21236  -3.20963  -3.16451  -3.16416
  23000.  4.50  -1.28774  -1.28437  -1.40942  -1.53229  -1.94291  -2.91661  -3.22712  -3.23645  -3.24415  -3.23108  -3.22802  -3.18260  -3.18314
  23000.  5.00  -1.30756  -1.30936  -1.43818  -1.56115  -1.97111  -2.94914  -3.24861  -3.25518  -3.26021  -3.24760  -3.24368  -3.19681  -3.19817
  24000.  3.00  -1.14733  -1.13164  -1.25584  -1.38134  -1.80335  -2.86118  -3.24497  -3.25249  -3.25891  -3.23928  -3.23518  -3.18748  -3.18740
  24000.  3.50  -1.22773  -1.21697  -1.34786  -1.47253  -1.89857  -2.91777  -3.27470  -3.28613  -3.29645  -3.28186  -3.28028  -3.23784  -3.23808
  24000.  4.00  -1.28510  -1.27939  -1.41300  -1.53746  -1.96333  -2.96566  -3.30379  -3.31620  -3.32740  -3.31515  -3.31417  -3.27334  -3.27423
  24000.  4.50  -1.31740  -1.31657  -1.45291  -1.57745  -2.00277  -3.00147  -3.32602  -3.33747  -3.34769  -3.33659  -3.33534  -3.29449  -3.29624
  24000.  5.00  -1.33702  -1.34099  -1.48067  -1.60537  -2.03037  -3.03276  -3.34664  -3.35567  -3.36355  -3.35304  -3.35104  -3.30912  -3.31168
  25000.  3.00  -1.16535  -1.15594  -1.28909  -1.41650  -1.84840  -2.93173  -3.32885  -3.33806  -3.34669  -3.32843  -3.32577  -3.28163  -3.28279
  25000.  3.50  -1.24628  -1.24103  -1.38475  -1.51136  -1.95199  -2.99398  -3.36339  -3.37704  -3.39000  -3.37746  -3.37770  -3.33946  -3.34087
  25000.  4.00  -1.30878  -1.30701  -1.45269  -1.57877  -2.01868  -3.04428  -3.39545  -3.40982  -3.42336  -3.41293  -3.41364  -3.37679  -3.37880
  25000.  4.50  -1.34628  -1.34849  -1.49600  -1.62205  -2.06114  -3.08236  -3.42003  -3.43353  -3.44615  -3.43689  -3.43736  -3.40062  -3.40343
  25000.  5.00  -1.36697  -1.37341  -1.52358  -1.64976  -2.08852  -3.11295  -3.44039  -3.45169  -3.46217  -3.45351  -3.45328  -3.41571  -3.41932
  26000.  3.00  -1.19262  -1.18837  -1.32628  -1.45472  -1.89035  -2.99899  -3.40950  -3.41944  -3.42907  -3.41069  -3.40834  -3.36504  -3.36719
  26000.  3.50  -1.26370  -1.26442  -1.41978  -1.54838  -2.00269  -3.06506  -3.44571  -3.46181  -3.47765  -3.46733  -3.46952  -3.43596  -3.43850
  26000.  4.00  -1.33089  -1.33388  -1.49156  -1.61931  -2.07306  -3.11906  -3.48199  -3.49850  -3.51456  -3.50610  -3.50858  -3.47581  -3.47884
  26000.  4.50  -1.37350  -1.37937  -1.53807  -1.66559  -2.11803  -3.15938  -3.50917  -3.52472  -3.53978  -3.53235  -3.53452  -3.50172  -3.50549
  26000.  5.00  -1.39687  -1.40623  -1.56684  -1.69440  -2.14624  -3.19028  -3.53022  -3.54370  -3.55671  -3.54987  -3.55135  -3.51782  -3.52232
  27000.  3.50  -1.28093  -1.28716  -1.45179  -1.58219  -2.04785  -3.12963  -3.52103  -3.53948  -3.55821  -3.54996  -3.55406  -3.52491  -3.52856
  27000.  4.00  -1.35098  -1.35922  -1.52832  -1.65779  -2.12500  -3.18925  -3.56279  -3.58166  -3.60049  -3.59419  -3.59856  -3.57020  -3.57423
  27000.  4.50  -1.39840  -1.40853  -1.57836  -1.70736  -2.17294  -3.23231  -3.59314  -3.61089  -3.62849  -3.62301  -3.62693  -3.59818  -3.60284
  27000.  5.00  -1.42550  -1.43832  -1.60936  -1.73827  -2.20290  -3.26448  -3.61577  -3.63147  -3.64703  -3.64207  -3.64528  -3.61578  -3.62113
  28000.  3.50  -1.30160  -1.31226  -1.48306  -1.61488  -2.08832  -3.18893  -3.59082  -3.61123  -3.63245  -3.62566  -3.63130  -3.60553  -3.61019
  28000.  4.00  -1.36957  -1.38293  -1.56193  -1.69312  -2.17261  -3.25381  -3.63724  -3.65860  -3.68032  -3.67621  -3.68249  -3.65869  -3.66373
  28000.  4.50  -1.42076  -1.43549  -1.61587  -1.74640  -2.22471  -3.30051  -3.67147  -3.69157  -3.71187  -3.70846  -3.71420  -3.68970  -3.69526
  28000.  5.00  -1.45167  -1.46831  -1.64950  -1.77979  -2.25687  -3.33444  -3.69620  -3.71420  -3.73238  -3.72939  -3.73436  -3.70897  -3.71515
  29000.  3.50  -1.33147  -1.34517  -1.51915  -1.65189  -2.12943  -3.24754  -3.65928  -3.68111  -3.70429  -3.69817  -3.70485  -3.68066  -3.68610
  29000.  4.00  -1.38842  -1.40614  -1.59276  -1.72548  -2.21507  -3.31253  -3.70555  -3.72927  -3.75390  -3.75175  -3.75990  -3.74011  -3.74611
  29000.  4.50  -1.44110  -1.46027  -1.64996  -1.78201  -2.27208  -3.36325  -3.74379  -3.76630  -3.78939  -3.78806  -3.79565  -3.77546  -3.78192
  29000.  5.00  -1.47523  -1.49584  -1.68651  -1.81818  -2.30716  -3.39955  -3.77116  -3.79149  -3.81236  -3.81137  -3.81813  -3.79690  -3.80389
  30000.  3.50  -1.37467  -1.39000  -1.56469  -1.69786  -2.17635  -3.30980  -3.73026  -3.75293  -3.77744  -3.77124  -3.77840  -3.75408  -3.76004
  30000.  4.00  -1.41161  -1.43256  -1.62423  -1.75818  -2.25506  -3.36795  -3.77013  -3.79591  -3.82315  -3.82249  -3.83223  -3.81553  -3.82237
  30000.  4.50  -1.46135  -1.48442  -1.68156  -1.81501  -2.31520  -3.42093  -3.81063  -3.83552  -3.86145  -3.86205  -3.87144  -3.85518  -3.86247
  30000.  5.00  -1.49720  -1.52158  -1.72052  -1.85354  -2.35338  -3.45968  -3.84064  -3.86335  -3.88695  -3.88789  -3.89640  -3.87925  -3.88702
  31000.  3.50  -1.43106  -1.44730  -1.62195  -1.75531  -2.23375  -3.37952  -3.80708  -3.83033  -3.85575  -3.84901  -3.85624  -3.83050  -3.83674
  31000.  4.00  -1.44274  -1.46565  -1.65984  -1.79469  -2.29604  -3.42308  -3.83371  -3.86115  -3.89064  -3.89096  -3.90197  -3.88712  -3.89461
  31000.  4.50  -1.48460  -1.51060  -1.71299  -1.84766  -2.35575  -3.47516  -3.87362  -3.90071  -3.92932  -3.93153  -3.94254  -3.92945  -3.93750
  31000.  5.00  -1.51953  -1.54716  -1.75267  -1.88694  -2.39605  -3.51542  -3.90535  -3.93040  -3.95668  -3.95938  -3.96954  -3.95604  -3.96453
  32000.  4.00  -1.48323  -1.50711  -1.70218  -1.83762  -2.34138  -3.48094  -3.89893  -3.92764  -3.95907  -3.95987  -3.97189  -3.95773  -3.96574
  32000.  4.50  -1.51383  -1.54164  -1.74699  -1.88263  -2.39627  -3.52830  -3.93489  -3.96389  -3.99496  -3.99837  -4.01080  -4.00001  -4.00866
  32000.  5.00  -1.54500  -1.57505  -1.78523  -1.92060  -2.43718  -3.56861  -3.96701  -3.99427  -4.02320  -4.02740  -4.03912  -4.02846  -4.03757
  33000.  4.00  -1.53338  -1.55770  -1.75296  -1.88878  -2.39384  -3.54394  -3.96804  -3.99771  -4.03075  -4.03164  -4.04440  -4.02987  -4.03825
  33000.  4.50  -1.55027  -1.57889  -1.78547  -1.92185  -2.43911  -3.58256  -3.99636  -4.02697  -4.06027  -4.06453  -4.07820  -4.06876  -4.07792
  33000.  5.00  -1.57543  -1.60685  -1.81961  -1.95589  -2.47794  -3.62053  -4.02672  -4.05598  -4.08738  -4.09277  -4.10590  -4.09747  -4.10711
  34000.  4.00  -1.59097  -1.61552  -1.81084  -1.94692  -2.45285  -3.61159  -4.04070  -4.07119  -4.10561  -4.10635  -4.11961  -4.10397  -4.11254
  34000.  4.50  -1.59529  -1.62414  -1.83105  -1.96794  -2.48740  -3.64075  -4.06068  -4.09254  -4.12780  -4.13251  -4.14724  -4.13816  -4.14772
  34000.  5.00  -1.61277  -1.64473  -1.85863  -1.99564  -2.52153  -3.67410  -4.08716  -4.11813  -4.15181  -4.15809  -4.17247  -4.16545  -4.17553
  35000.  4.00  -1.65425  -1.67901  -1.87468  -2.01094  -2.51790  -3.68354  -4.11668  -4.14796  -4.18362  -4.18420  -4.19785  -4.18089  -4.18953
  35000.  4.50  -1.64724  -1.67599  -1.88281  -2.02004  -2.54088  -3.70273  -4.12778  -4.16064  -4.19763  -4.20248  -4.21807  -4.20853  -4.21839
  35000.  5.00  -1.65742  -1.68930  -1.90340  -2.04094  -2.56933  -3.73068  -4.14962  -4.18199  -4.21773  -4.22457  -4.24006  -4.23365  -4.24408
  36000.  4.00  -1.72139  -1.74641  -1.94275  -2.07917  -2.58750  -3.75871  -4.19509  -4.22722  -4.26404  -4.26464  -4.27867  -4.26073  -4.26941
  36000.  4.50  -1.70470  -1.73331  -1.94008  -2.07758  -2.59955  -3.76847  -4.19770  -4.23146  -4.27001  -4.27486  -4.29115  -4.28058  -4.29062
  36000.  5.00  -1.70811  -1.73962  -1.95342  -2.09134  -2.62135  -3.79036  -4.21424  -4.24775  -4.28535  -4.29247  -4.30894  -4.30236  -4.31308
  37000.  4.00  -1.79066  -1.81607  -2.01341  -2.15000  -2.66014  -3.83587  -4.27484  -4.30782  -4.34574  -4.34657  -4.36102  -4.34269  -4.35144
  37000.  4.50  -1.76635  -1.79484  -2.00187  -2.13959  -2.66294  -3.83771  -4.27031  -4.30492  -4.34496  -4.34982  -4.36674  -4.35504  -4.36518
  37000.  5.00  -1.76373  -1.79474  -2.00815  -2.14637  -2.67756  -3.85314  -4.28112  -4.31562  -4.35495  -4.36218  -4.37950  -4.37213  -4.38307
  38000.  4.00  -1.86053  -1.88645  -2.08491  -2.22168  -2.73377  -3.91332  -4.35456  -4.38835  -4.42724  -4.42844  -4.44331  -4.42512  -4.43398
  38000.  4.50  -1.83081  -1.85935  -2.06700  -2.20495  -2.72998  -3.90959  -4.34489  -4.38041  -4.42184  -4.42686  -4.44439  -4.43187  -4.44212
  38000.  5.00  -1.82352  -1.85410  -2.06733  -2.20581  -2.73822  -3.91931  -4.35060  -4.38601  -4.42695  -4.43424  -4.45234  -4.44389  -4.45499
  39000.  4.00  -1.93005  -1.95659  -2.15625  -2.29318  -2.80711  -3.99001  -4.43336  -4.46787  -4.50756  -4.50918  -4.52442  -4.50668  -4.51567
  39000.  4.50  -1.89665  -1.92540  -2.13398  -2.27216  -2.79910  -3.98287  -4.42041  -4.45686  -4.49961  -4.50496  -4.52311  -4.51019  -4.52057
  39000.  5.00  -1.88608  -1.91640  -2.12986  -2.26855  -2.80241  -3.98815  -4.42210  -4.45840  -4.50087  -4.50829  -4.52713  -4.51768  -4.52892
  40000.  4.50  -1.96272  -1.99184  -2.20156  -2.33995  -2.86901  -4.05636  -4.49585  -4.53319  -4.57715  -4.58293  -4.60168  -4.58882  -4.59935
  40000.  5.00  -1.95023  -1.98045  -2.19446  -2.33337  -2.86895  -4.05870  -4.49486  -4.53205  -4.57595  -4.58361  -4.60316  -4.59305  -4.60444
  41000.  4.50  -2.02824  -2.05786  -2.26885  -2.40744  -2.93860  -4.12912  -4.57042  -4.60860  -4.65363  -4.65990  -4.67920  -4.66669  -4.67738
  41000.  5.00  -2.01492  -2.04524  -2.26007  -2.39919  -2.93657  -4.12989  -4.56797  -4.60604  -4.65126  -4.65928  -4.67950  -4.66910  -4.68065
  42000.  4.50  -2.09285  -2.12309  -2.33535  -2.47414  -3.00729  -4.20063  -4.64367  -4.68263  -4.72858  -4.73534  -4.75511  -4.74313  -4.75399
  42000.  5.00  -2.07938  -2.10996  -2.32578  -2.46511  -3.00448  -4.20090  -4.64067  -4.67960  -4.72603  -4.73448  -4.75533  -4.74494  -4.75667
  43000.  4.50  -2.15636  -2.18732  -2.40089  -2.53985  -3.07484  -4.27069  -4.71547  -4.75514  -4.80185  -4.80906  -4.82920  -4.81784  -4.82886
  43000.  5.00  -2.14310  -2.17409  -2.39104  -2.53056  -3.07189  -4.27109  -4.71246  -4.75220  -4.79970  -4.80861  -4.83002  -4.81989  -4.83180
  44000.  4.50  -2.21879  -2.25053  -2.46541  -2.60452  -3.14119  -4.33928  -4.78579  -4.82611  -4.87344  -4.88107  -4.90150  -4.89081  -4.90194
  44000.  5.00  -2.20584  -2.23736  -2.45552  -2.59522  -3.13842  -4.34011  -4.78303  -4.82353  -4.87195  -4.88132  -4.90322  -4.89351  -4.90559
  45000.  4.50  -2.28005  -2.31268  -2.52890  -2.66815  -3.20638  -4.40647  -4.85474  -4.89565  -4.94347  -4.95147  -4.97211  -4.96215  -4.97338
  45000.  5.00  -2.26749  -2.29963  -2.51902  -2.65889  -3.20388  -4.40779  -4.85224  -4.89346  -4.94268  -4.95248  -4.97478  -4.96558  -4.97781
  46000.  4.50  -2.34035  -2.37391  -2.59145  -2.73083  -3.27052  -4.47243  -4.92238  -4.96385  -5.01208  -5.02044  -5.04124  -5.03203  -5.04334
  46000.  5.00  -2.32805  -2.36091  -2.58158  -2.72160  -3.26824  -4.47416  -4.92015  -4.96202  -5.01190  -5.02211  -5.04474  -5.03613  -5.04848
  47000.  4.50  -2.39962  -2.43415  -2.65298  -2.79252  -3.33358  -4.53715  -4.98875  -5.03076  -5.07935  -5.08806  -5.10898  -5.10056  -5.11195
  47000.  5.00  -2.38754  -2.42120  -2.64314  -2.78330  -3.33150  -4.53923  -4.98674  -5.02923  -5.07969  -5.09027  -5.11317  -5.10519  -5.11766
  48000.  4.50  -2.45794  -2.49345  -2.71357  -2.85326  -3.39565  -4.60073  -5.05395  -5.09645  -5.14536  -5.15438  -5.17542  -5.16781  -5.17928
  48000.  5.00  -2.44600  -2.48050  -2.70373  -2.84403  -3.39373  -4.60311  -5.05212  -5.09518  -5.14613  -5.15709  -5.18019  -5.17289  -5.18545
  49000.  4.50  -2.51531  -2.55182  -2.77320  -2.91305  -3.45671  -4.66319  -5.11795  -5.16095  -5.21016  -5.21950  -5.24063  -5.23384  -5.24538
  49000.  5.00  -2.50345  -2.53885  -2.76338  -2.90382  -3.45496  -4.66585  -5.11633  -5.15993  -5.21133  -5.22264  -5.24592  -5.23935  -5.25198
  50000.  5.00  -2.55998  -2.59628  -2.82210  -2.96269  -3.51521  -4.72750  -5.17941  -5.22354  -5.27533  -5.28698  -5.31042  -5.30459  -5.31730
