   3500.  0.00 -10.44587  -9.67372 -10.85729  -9.32899  -8.83855  -6.54621  -5.49037  -4.17395  -3.21444  -2.41972  -2.05352  -0.48035  -0.19929
   3500.  0.50 -10.39803  -9.67755 -10.84212  -9.14125  -8.51289  -6.31987  -5.36384  -4.16680  -3.26179  -2.48288  -2.12525  -0.49092  -0.20258
   3500.  1.00 -10.34073  -9.67332 -10.81387  -8.93262  -8.17849  -6.10134  -5.24458  -4.15648  -3.29949  -2.53273  -2.18235  -0.49352  -0.19859
   3500.  1.50 -10.26854  -9.65751 -10.76766  -8.70195  -7.83275  -5.88336  -5.11710  -4.12889  -3.31396  -2.55807  -2.21365  -0.48378  -0.18412
   3500.  2.00 -10.18078  -9.62893 -10.70164  -8.45353  -7.47823  -5.66629  -4.97779  -4.07826  -3.29996  -2.55521  -2.21576  -0.46026  -0.15806
   3500.  2.50 -10.07875  -9.58611 -10.61328  -8.20107  -7.13511  -5.45661  -4.82447  -4.00005  -3.25196  -2.51976  -2.18430  -0.42086  -0.11885
   3500.  3.00  -9.96593  -9.52841 -10.50184  -7.95578  -6.81600  -5.25955  -4.66228  -3.89695  -3.17062  -2.45167  -2.11889  -0.36477  -0.06562
   3500.  3.50  -9.85003  -9.45275 -10.36429  -7.73539  -6.53885  -5.09199  -4.50626  -3.77175  -3.04990  -2.34100  -2.00787  -0.28784   0.00508
   3500.  4.00  -9.73687  -9.36228 -10.20420  -7.54112  -6.30062  -4.95631  -4.36630  -3.62869  -2.88902  -2.18286  -1.84527  -0.19304   0.08956
   3500.  4.50  -9.66028  -9.28955 -10.05273  -7.40298  -6.13157  -4.88337  -4.27061  -3.50843  -2.73402  -2.02209  -1.67652  -0.11589   0.15451
   3500.  5.00  -9.64418  -9.24671  -9.94940  -7.37441  -6.09581  -4.90736  -4.24774  -3.44982  -2.63130  -1.90314  -1.54755  -0.06856   0.19148
   3750.  0.00 -10.05982  -9.44783 -10.57752  -8.85003  -8.25675  -5.99235  -4.80521  -3.43503  -2.45932  -1.71720  -1.35366  -0.22461  -0.01331
   3750.  0.50 -10.01242  -9.45147 -10.55211  -8.66786  -7.94692  -5.80963  -4.69343  -3.41959  -2.47123  -1.74109  -1.38091  -0.23211  -0.01822
   3750.  1.00  -9.96549  -9.45280 -10.51656  -8.48161  -7.65037  -5.63937  -4.59735  -3.41440  -2.49213  -1.77144  -1.41421  -0.23738  -0.01993
   3750.  1.50  -9.91528  -9.45019 -10.46818  -8.29076  -7.36351  -5.47604  -4.50679  -3.41031  -2.51505  -1.80319  -1.44905  -0.23939  -0.01775
   3750.  2.00  -9.85950  -9.44283 -10.40650  -8.09190  -7.07621  -5.31593  -4.41640  -3.40193  -2.53524  -1.83230  -1.48159  -0.23742  -0.01149
   3750.  2.50  -9.79907  -9.42869 -10.33124  -7.89486  -6.80225  -5.16534  -4.32671  -3.38681  -2.54747  -1.85297  -1.50551  -0.22908   0.00060
   3750.  3.00  -9.73162  -9.40587 -10.24318  -7.70036  -6.54203  -5.02076  -4.23220  -3.35889  -2.54537  -1.85942  -1.51503  -0.21249   0.02002
   3750.  3.50  -9.66298  -9.37078 -10.14173  -7.52478  -6.31465  -4.89698  -4.14339  -3.32030  -2.52399  -1.84388  -1.50096  -0.18259   0.05109
   3750.  4.00  -9.59478  -9.31624 -10.01646  -7.37737  -6.13165  -4.80057  -4.07231  -3.26854  -2.47224  -1.79045  -1.44592  -0.13052   0.10152
   3750.  4.50  -9.52406  -9.25270  -9.86588  -7.21587  -5.93127  -4.71148  -4.00576  -3.19784  -2.39038  -1.70255  -1.35463  -0.06899   0.15784
   3750.  5.00  -9.47981  -9.20204  -9.72225  -7.10627  -5.80032  -4.66757  -3.96283  -3.14266  -2.31790  -1.62124  -1.26875  -0.02005   0.20095
   4000.  0.00  -9.71837  -9.29890 -10.37138  -8.24243  -7.34138  -5.40232  -4.26571  -2.94955  -2.05413  -1.37848  -1.03742  -0.08053   0.09829
   4000.  0.50  -9.66883  -9.30150 -10.33230  -8.05233  -7.06055  -5.25065  -4.17028  -2.92865  -2.05240  -1.38591  -1.04712  -0.08714   0.09161
   4000.  1.00  -9.62465  -9.30217 -10.27991  -7.87024  -6.80379  -5.11596  -4.09170  -2.91997  -2.05764  -1.39640  -1.05826  -0.09140   0.08767
   4000.  1.50  -9.58451  -9.30124 -10.21330  -7.69904  -6.57195  -4.99581  -4.02430  -2.91863  -2.06720  -1.40918  -1.07074  -0.09451   0.08540
   4000.  2.00  -9.54350  -9.29809 -10.13170  -7.53438  -6.35703  -4.88162  -3.95775  -2.91840  -2.07790  -1.42298  -1.08403  -0.09655   0.08465
   4000.  2.50  -9.50611  -9.29271 -10.03860  -7.38697  -6.16922  -4.78275  -3.89932  -2.92119  -2.09031  -1.43778  -1.09798  -0.09722   0.08570
   4000.  3.00  -9.47040  -9.28366  -9.93818  -7.26066  -6.01321  -4.69702  -3.84526  -2.92304  -2.10199  -1.45200  -1.11154  -0.09493   0.09013
   4000.  3.50  -9.43792  -9.26918  -9.83541  -7.15590  -5.88621  -4.62692  -3.79915  -2.92549  -2.11225  -1.46338  -1.12189  -0.08699   0.10035
   4000.  4.00  -9.40622  -9.24328  -9.72652  -7.07156  -5.78745  -4.57179  -3.76205  -2.92306  -2.11251  -1.46149  -1.11818  -0.06619   0.12278
   4000.  4.50  -9.36956  -9.19884  -9.58751  -6.97659  -5.67639  -4.52115  -3.74031  -2.90903  -2.09269  -1.43280  -1.08665  -0.02543   0.16319
   4000.  5.00  -9.32847  -9.14891  -9.42235  -6.86222  -5.54357  -4.46719  -3.71717  -2.88221  -2.05846  -1.38905  -1.04034   0.01883   0.20538
   4250.  0.00  -9.41014  -9.18305 -10.06181  -7.51938  -6.35604  -4.86440  -3.82924  -2.61031  -1.78605  -1.16553  -0.84464   0.01640   0.17447
   4250.  0.50  -9.35667  -9.18298  -9.96417  -7.32271  -6.11055  -4.72936  -3.74421  -2.58341  -1.77976  -1.17033  -0.85317   0.00726   0.16549
   4250.  1.00  -9.31168  -9.18031  -9.84056  -7.14011  -5.88914  -4.61280  -3.67764  -2.57004  -1.78092  -1.17775  -0.86225   0.00162   0.15986
   4250.  1.50  -9.27173  -9.17520  -9.69516  -6.96695  -5.68370  -4.50877  -3.62129  -2.56540  -1.78672  -1.18673  -0.87133  -0.00198   0.15622
   4250.  2.00  -9.23425  -9.16813  -9.54490  -6.81224  -5.50430  -4.41534  -3.56800  -2.56348  -1.79322  -1.19550  -0.87935  -0.00483   0.15334
   4250.  2.50  -9.20228  -9.16035  -9.41648  -6.68568  -5.35813  -4.33783  -3.52140  -2.56582  -1.80114  -1.20432  -0.88645  -0.00699   0.15129
   4250.  3.00  -9.17955  -9.15279  -9.32559  -6.60313  -5.26285  -4.28345  -3.48521  -2.57352  -1.81033  -1.21241  -0.89167  -0.00756   0.15086
   4250.  3.50  -9.16501  -9.14515  -9.26418  -6.55844  -5.21071  -4.24862  -3.45861  -2.58525  -1.82095  -1.22049  -0.89632  -0.00637   0.15251
   4250.  4.00  -9.15995  -9.13529  -9.21324  -6.54824  -5.19973  -4.23516  -3.44377  -2.60242  -1.83289  -1.22740  -0.89887  -0.00122   0.15834
   4250.  4.50  -9.15647  -9.11486  -9.13351  -6.54227  -5.19769  -4.23022  -3.43991  -2.61890  -1.84081  -1.22702  -0.89379   0.01420   0.17436
   4250.  5.00  -9.14659  -9.07433  -8.97715  -6.50680  -5.16711  -4.21902  -3.45016  -2.62959  -1.83990  -1.21309  -0.87550   0.04539   0.20567
   4500.  0.00  -9.13864  -9.06784  -9.29010  -6.85711  -5.60067  -4.40764  -3.47689  -2.36341  -1.59522  -1.01579  -0.71023   0.08864   0.22928
   4500.  0.50  -9.08684  -9.05822  -9.10560  -6.67198  -5.39243  -4.29337  -3.40474  -2.33615  -1.58739  -1.01972  -0.71852   0.07650   0.21803
   4500.  1.00  -9.04472  -9.04263  -8.89676  -6.50353  -5.20874  -4.19693  -3.35043  -2.32103  -1.58648  -1.02611  -0.72746   0.06844   0.21059
   4500.  1.50  -9.00838  -9.02082  -8.67562  -6.34635  -5.04105  -4.11223  -3.30634  -2.31392  -1.59007  -1.03405  -0.73655   0.06303   0.20556
   4500.  2.00  -8.97506  -8.99339  -8.46200  -6.20217  -4.88933  -4.03647  -3.26662  -2.31105  -1.59560  -1.04237  -0.74496   0.05907   0.20179
   4500.  2.50  -8.94337  -8.96561  -8.29416  -6.08045  -4.75996  -3.96870  -3.22759  -2.31018  -1.60155  -1.05039  -0.75224   0.05567   0.19841
   4500.  3.00  -8.91956  -8.94635  -8.21047  -5.99999  -4.66961  -3.91935  -3.19592  -2.31448  -1.60879  -1.05765  -0.75728   0.05396   0.19656
   4500.  3.50  -8.90444  -8.93630  -8.20195  -5.96366  -4.62247  -3.88924  -3.17216  -2.32307  -1.61679  -1.06392  -0.76024   0.05387   0.19629
   4500.  4.00  -8.90031  -8.93444  -8.24978  -5.97021  -4.61951  -3.88021  -3.15958  -2.33833  -1.62707  -1.06976  -0.76147   0.05645   0.19878
   4500.  4.50  -8.90562  -8.93433  -8.31204  -6.00647  -4.65128  -3.88915  -3.15646  -2.35895  -1.63859  -1.07433  -0.76031   0.06187   0.20411
   4500.  5.00  -8.91738  -8.92445  -8.33741  -6.05046  -4.69793  -3.91148  -3.16539  -2.38265  -1.64946  -1.07510  -0.75478   0.07427   0.21645
   4750.  0.00  -8.87942  -8.90940  -8.35154  -6.29123  -5.03246  -3.99562  -3.16928  -2.16511  -1.45127  -0.90849  -0.61724   0.14008   0.26617
   4750.  0.50  -8.83212  -8.87821  -8.12902  -6.11154  -4.83994  -3.90077  -3.11047  -2.14151  -1.44420  -0.91219  -0.62508   0.12560   0.25283
   4750.  1.00  -8.79416  -8.83725  -7.90486  -5.95090  -4.67344  -3.82243  -3.06733  -2.12741  -1.44251  -0.91772  -0.63337   0.11518   0.24345
   4750.  1.50  -8.76238  -8.78607  -7.68601  -5.80643  -4.52784  -3.75613  -3.03450  -2.11992  -1.44453  -0.92449  -0.64184   0.10760   0.23674
   4750.  2.00  -8.73385  -8.72576  -7.48032  -5.67558  -4.39824  -3.69846  -3.00694  -2.11627  -1.44857  -0.93186  -0.65013   0.10169   0.23148
   4750.  2.50  -8.70647  -8.66510  -7.31170  -5.56287  -4.28554  -3.64708  -2.98007  -2.11394  -1.45294  -0.93902  -0.65762   0.09668   0.22685
   4750.  3.00  -8.68301  -8.61884  -7.21081  -5.48079  -4.19845  -3.60609  -2.95557  -2.11399  -1.45767  -0.94552  -0.66348   0.09300   0.22330
   4750.  3.50  -8.66630  -8.59684  -7.19301  -5.43859  -4.14496  -3.57936  -2.93557  -2.11787  -1.46313  -0.95103  -0.66698   0.09145   0.22160
   4750.  4.00  -8.65756  -8.59951  -7.25464  -5.43694  -4.12680  -3.56746  -2.92148  -2.12621  -1.46979  -0.95576  -0.66838   0.09234   0.22226
   4750.  4.50  -8.65836  -8.62065  -7.37648  -5.47221  -4.14473  -3.57166  -2.91514  -2.14025  -1.47821  -0.95978  -0.66758   0.09592   0.22558
   4750.  5.00  -8.66851  -8.64870  -7.52290  -5.53324  -4.19210  -3.59105  -2.91686  -2.15969  -1.48805  -0.96275  -0.66443   0.10217   0.23141
   5000.  0.00  -8.61073  -8.70100  -7.63970  -5.81712  -4.58378  -3.61099  -2.88652  -1.99111  -1.33438  -0.82961  -0.55389   0.16768   0.28354
   5000.  0.50  -8.57035  -8.63752  -7.38835  -5.63897  -4.39776  -3.53535  -2.84297  -1.97507  -1.33126  -0.83496  -0.56258   0.15260   0.26914
   5000.  1.00  -8.53637  -8.55787  -7.13884  -5.47491  -4.23287  -3.47128  -2.81043  -1.96518  -1.33138  -0.84111  -0.57113   0.14080   0.25817
   5000.  1.50  -8.50830  -8.46571  -6.90637  -5.32946  -4.09143  -3.41869  -2.78714  -1.96025  -1.33399  -0.84777  -0.57937   0.13167   0.24987
   5000.  2.00  -8.48434  -8.36653  -6.69878  -5.20251  -3.97073  -3.37591  -2.76976  -1.95838  -1.33799  -0.85462  -0.58725   0.12430   0.24324
   5000.  2.50  -8.46275  -8.26981  -6.52609  -5.09488  -3.86870  -3.34047  -2.75467  -1.95760  -1.34213  -0.86111  -0.59437   0.11816   0.23768
   5000.  3.00  -8.44447  -8.19197  -6.40777  -5.01372  -3.78831  -3.31343  -2.74093  -1.95744  -1.34579  -0.86670  -0.60008   0.11331   0.23315
   5000.  3.50  -8.43037  -8.14289  -6.35368  -4.96383  -3.73225  -3.29545  -2.72864  -1.95864  -1.34921  -0.87127  -0.60395   0.11020   0.23013
   5000.  4.00  -8.42218  -8.12860  -6.37187  -4.95041  -3.70475  -3.28827  -2.71899  -1.96220  -1.35274  -0.87461  -0.60547   0.10962   0.22942
   5000.  4.50  -8.42006  -8.14551  -6.45685  -4.97165  -3.70594  -3.29140  -2.71248  -1.96925  -1.35717  -0.87713  -0.60483   0.11168   0.23121
   5000.  5.00  -8.42440  -8.18447  -6.59281  -5.02097  -3.73315  -3.30414  -2.70985  -1.98047  -1.36289  -0.87894  -0.60208   0.11630   0.23543
   5250.  0.00  -8.33639  -8.45851  -7.08282  -5.40634  -4.21366  -3.24985  -2.62234  -1.83226  -1.23446  -0.76961  -0.51095   0.17009   0.27950
   5250.  0.50  -8.30457  -8.36216  -6.83187  -5.24245  -4.04169  -3.19845  -2.59781  -1.82665  -1.23727  -0.77762  -0.52103   0.15693   0.26617
   5250.  1.00  -8.27414  -8.24356  -6.57651  -5.08321  -3.88198  -3.15194  -2.57889  -1.82385  -1.24128  -0.78552  -0.53049   0.14570   0.25515
   5250.  1.50  -8.24653  -8.11077  -6.33626  -4.93803  -3.74190  -3.11316  -2.56603  -1.82385  -1.24638  -0.79324  -0.53926   0.13638   0.24620
   5250.  2.00  -8.22159  -7.97275  -6.12013  -4.80934  -3.62138  -3.08202  -2.55771  -1.82581  -1.25213  -0.80072  -0.54741   0.12858   0.23885
   5250.  2.50  -8.20004  -7.84254  -5.93888  -4.70076  -3.52109  -3.05860  -2.55233  -1.82859  -1.25766  -0.80748  -0.55452   0.12215   0.23285
   5250.  3.00  -8.18331  -7.73620  -5.80506  -4.61683  -3.44175  -3.04319  -2.54848  -1.83123  -1.26217  -0.81300  -0.56013   0.11703   0.22804
   5250.  3.50  -8.17173  -7.66208  -5.72478  -4.56028  -3.38387  -3.03524  -2.54530  -1.83369  -1.26555  -0.81709  -0.56388   0.11359   0.22477
   5250.  4.00  -8.16621  -7.62765  -5.70706  -4.53653  -3.35085  -3.03594  -2.54300  -1.83632  -1.26775  -0.81944  -0.56524   0.11240   0.22355
   5250.  4.50  -8.16515  -7.62769  -5.74768  -4.54378  -3.34161  -3.04386  -2.54119  -1.83991  -1.26948  -0.82044  -0.56436   0.11362   0.22457
   5250.  5.00  -8.16813  -7.65550  -5.84069  -4.57931  -3.35557  -3.05816  -2.54011  -1.84548  -1.27144  -0.82041  -0.56131   0.11737   0.22797
   5500.  0.00  -8.06804  -8.17471  -6.60085  -5.04530  -3.90887  -2.92077  -2.38069  -1.68901  -1.14921  -0.72469  -0.48393   0.15089   0.25651
   5500.  0.50  -8.04270  -8.05415  -6.37197  -4.90338  -3.75484  -2.89330  -2.37480  -1.69402  -1.15808  -0.73508  -0.49487   0.14145   0.24579
   5500.  1.00  -8.01181  -7.90694  -6.13084  -4.75726  -3.60425  -2.86592  -2.37043  -1.69912  -1.16640  -0.74467  -0.50492   0.13264   0.23627
   5500.  1.50  -7.97770  -7.74439  -5.89701  -4.61800  -3.46685  -2.84245  -2.36922  -1.70522  -1.17476  -0.75377  -0.51428   0.12469   0.22800
   5500.  2.00  -7.94162  -7.57755  -5.68079  -4.49008  -3.34535  -2.82319  -2.37049  -1.71210  -1.18315  -0.76247  -0.52307   0.11752   0.22080
   5500.  2.50  -7.90776  -7.42209  -5.49491  -4.37958  -3.24263  -2.80992  -2.37382  -1.71919  -1.19095  -0.77023  -0.53074   0.11141   0.21480
   5500.  3.00  -7.88009  -7.29180  -5.34808  -4.28973  -3.15862  -2.80257  -2.37795  -1.72568  -1.19756  -0.77676  -0.53703   0.10635   0.20990
   5500.  3.50  -7.86154  -7.19583  -5.24736  -4.22430  -3.09454  -2.80154  -2.38253  -1.73138  -1.20262  -0.78154  -0.54132   0.10299   0.20665
   5500.  4.00  -7.85456  -7.14374  -5.20217  -4.18872  -3.05313  -2.80787  -2.38721  -1.73588  -1.20552  -0.78400  -0.54293   0.10180   0.20545
   5500.  4.50  -7.85583  -7.12888  -5.20821  -4.18160  -3.03347  -2.82013  -2.39124  -1.73952  -1.20673  -0.78445  -0.54205   0.10287   0.20638
   5500.  5.00  -7.86331  -7.14709  -5.26525  -4.20331  -3.03647  -2.83814  -2.39452  -1.74295  -1.20667  -0.78306  -0.53859   0.10649   0.20971
   5750.  0.00  -7.80632  -7.84304  -6.17614  -4.73955  -3.66970  -2.63712  -2.16921  -1.56479  -1.07937  -0.69379  -0.47101   0.11584   0.21992
   5750.  0.50  -7.78225  -7.71222  -5.97846  -4.62079  -3.53430  -2.62961  -2.17856  -1.57827  -1.09241  -0.70488  -0.48105   0.11123   0.21267
   5750.  1.00  -7.74401  -7.55042  -5.75986  -4.48936  -3.39305  -2.61821  -2.18651  -1.59038  -1.10447  -0.71550  -0.49092   0.10591   0.20544
   5750.  1.50  -7.69518  -7.37124  -5.53932  -4.35740  -3.25792  -2.60780  -2.19559  -1.60237  -1.11607  -0.72578  -0.50054   0.10034   0.19862
   5750.  2.00  -7.63968  -7.18874  -5.33030  -4.23253  -3.13519  -2.60019  -2.20623  -1.61444  -1.12730  -0.73563  -0.50974   0.09486   0.19239
   5750.  2.50  -7.58424  -7.01868  -5.14497  -4.12088  -3.02824  -2.59664  -2.21800  -1.62616  -1.13767  -0.74462  -0.51805   0.08975   0.18688
   5750.  3.00  -7.53497  -6.87164  -4.99011  -4.02534  -2.93742  -2.59663  -2.22986  -1.63702  -1.14687  -0.75253  -0.52526   0.08519   0.18219
   5750.  3.50  -7.49891  -6.75933  -4.87545  -3.95121  -2.86482  -2.60110  -2.24144  -1.64656  -1.15429  -0.75864  -0.53055   0.08195   0.17892
   5750.  4.00  -7.48131  -6.69063  -4.80818  -3.90267  -2.81200  -2.61040  -2.25187  -1.65411  -1.15923  -0.76239  -0.53333   0.08053   0.17747
   5750.  4.50  -7.48002  -6.66159  -4.78701  -3.88046  -2.77964  -2.62432  -2.26093  -1.65975  -1.16169  -0.76361  -0.53333   0.08136   0.17822
   5750.  5.00  -7.49372  -6.67156  -4.81488  -3.88709  -2.76983  -2.64367  -2.26845  -1.66360  -1.16159  -0.76207  -0.53009   0.08501   0.18165
   6000.  0.00  -7.54239  -7.48705  -5.81254  -4.48563  -3.48876  -2.38959  -1.98254  -1.45885  -1.02552  -0.67741  -0.47259   0.06789   0.17233
   6000.  0.50  -7.52022  -7.35828  -5.64681  -4.39267  -3.37243  -2.40755  -2.00883  -1.47874  -1.03909  -0.68550  -0.47792   0.07018   0.17059
   6000.  1.00  -7.47028  -7.19236  -5.45058  -4.27555  -3.24079  -2.41013  -2.02698  -1.49634  -1.05342  -0.69580  -0.48619   0.06931   0.16642
   6000.  1.50  -7.40287  -7.00752  -5.24512  -4.15109  -3.10830  -2.41038  -2.04440  -1.51334  -1.06763  -0.70656  -0.49524   0.06694   0.16160
   6000.  2.00  -7.32549  -6.81929  -5.04515  -4.02891  -2.98334  -2.41228  -2.06291  -1.53022  -1.08150  -0.71724  -0.50438   0.06378   0.15671
   6000.  2.50  -7.24643  -6.64147  -4.86135  -3.91514  -2.87039  -2.41668  -2.08218  -1.54662  -1.09465  -0.72751  -0.51326   0.06015   0.15201
   6000.  3.00  -7.17362  -6.48428  -4.70174  -3.81415  -2.77160  -2.42347  -2.10146  -1.56210  -1.10672  -0.73692  -0.52137   0.05654   0.14781
   6000.  3.50  -7.11737  -6.36157  -4.57766  -3.73211  -2.68973  -2.43315  -2.11965  -1.57573  -1.11680  -0.74467  -0.52790   0.05361   0.14458
   6000.  4.00  -7.08339  -6.27856  -4.49287  -3.67114  -2.62467  -2.44512  -2.13597  -1.58716  -1.12459  -0.75039  -0.53238   0.05193   0.14280
   6000.  4.50  -7.07346  -6.23737  -4.45127  -3.63503  -2.57903  -2.46012  -2.15017  -1.59591  -1.12933  -0.75319  -0.53381   0.05245   0.14325
   6000.  5.00  -7.08749  -6.23749  -4.45451  -3.62590  -2.55463  -2.47882  -2.16156  -1.60167  -1.13068  -0.75273  -0.53178   0.05567   0.14634
   6250.  0.50  -7.25478  -7.01895  -5.36953  -4.20492  -3.25427  -2.20958  -1.85638  -1.39344  -0.99895  -0.67842  -0.48714   0.01897   0.11988
   6250.  1.00  -7.19781  -6.85586  -5.19382  -4.10537  -3.13341  -2.23442  -1.88846  -1.41510  -1.01191  -0.68447  -0.48973   0.02482   0.12105
   6250.  1.50  -7.11452  -6.67201  -5.00314  -3.98999  -3.00546  -2.24635  -1.91366  -1.43599  -1.02726  -0.69424  -0.49667   0.02669   0.11908
   6250.  2.00  -7.01803  -6.48280  -4.81151  -3.87064  -2.87915  -2.25651  -1.93849  -1.45685  -1.04319  -0.70525  -0.50521   0.02645   0.11597
   6250.  2.50  -6.91793  -6.30019  -4.62915  -3.75452  -2.76037  -2.26729  -1.96377  -1.47750  -1.05904  -0.71664  -0.51442   0.02473   0.11229
   6250.  3.00  -6.82463  -6.13684  -4.46662  -3.64830  -2.65356  -2.27964  -1.98911  -1.49734  -1.07407  -0.72767  -0.52350   0.02222   0.10853
   6250.  3.50  -6.74971  -6.00536  -4.33345  -3.55717  -2.56063  -2.29374  -2.01368  -1.51560  -1.08744  -0.73748  -0.53153   0.01972   0.10537
   6250.  4.00  -6.69858  -5.91038  -4.23417  -3.48444  -2.48321  -2.30867  -2.03623  -1.53153  -1.09856  -0.74545  -0.53782   0.01791   0.10326
   6250.  4.50  -6.67731  -5.85882  -4.17604  -3.43532  -2.42418  -2.32492  -2.05570  -1.54411  -1.10627  -0.75042  -0.54117   0.01796   0.10320
   6250.  5.00  -6.68502  -5.84792  -4.15831  -3.41076  -2.38461  -2.34267  -2.07139  -1.55293  -1.11018  -0.75197  -0.54107   0.02038   0.10555
   6500.  0.50  -6.99797  -6.70519  -5.13256  -4.04619  -3.16300  -2.04005  -1.72689  -1.32210  -0.96922  -0.68001  -0.50489  -0.03885   0.06347
   6500.  1.00  -6.93396  -6.55538  -4.98070  -3.96549  -3.05740  -2.07476  -1.76165  -1.34479  -0.98116  -0.68346  -0.50372  -0.02814   0.06839
   6500.  1.50  -6.84163  -6.37411  -4.80249  -3.86174  -2.93523  -2.10602  -1.79898  -1.36876  -0.99455  -0.68879  -0.50496  -0.01986   0.07151
   6500.  2.00  -6.73140  -6.18573  -4.61895  -3.74744  -2.81040  -2.12617  -1.83025  -1.39271  -1.01119  -0.69873  -0.51145  -0.01624   0.07098
   6500.  2.50  -6.61612  -6.00160  -4.43995  -3.63156  -2.68874  -2.14420  -1.86088  -1.41688  -1.02892  -0.71049  -0.52018  -0.01535   0.06879
   6500.  3.00  -6.50762  -5.83433  -4.27551  -3.52104  -2.57491  -2.16211  -1.89153  -1.44075  -1.04665  -0.72284  -0.52984  -0.01626   0.06581
   6500.  3.50  -6.41574  -5.69353  -4.13344  -3.42109  -2.47184  -2.18002  -1.92162  -1.46362  -1.06356  -0.73490  -0.53946  -0.01825   0.06264
   6500.  4.00  -6.34867  -5.58753  -4.02143  -3.33707  -2.38232  -2.19791  -1.94998  -1.48435  -1.07843  -0.74546  -0.54782  -0.02018   0.06012
   6500.  4.50  -6.31501  -5.52543  -3.94792  -3.27470  -2.30927  -2.21558  -1.97488  -1.50142  -1.08986  -0.75319  -0.55354  -0.02076   0.05932
   6500.  5.00  -6.31129  -5.50198  -3.91108  -3.23495  -2.25445  -2.23281  -1.99540  -1.51431  -1.09730  -0.75752  -0.55600  -0.01943   0.06063
   6750.  0.50  -6.75206  -6.40985  -4.91792  -3.90630  -3.08255  -1.90738  -1.63013  -1.26783  -0.94794  -0.68512  -0.52446  -0.09641   0.00736
   6750.  1.00  -6.68896  -6.28844  -4.79745  -3.84494  -2.99826  -1.93570  -1.65329  -1.28621  -0.95947  -0.69002  -0.52517  -0.08630   0.01123
   6750.  1.50  -6.59154  -6.11722  -4.63535  -3.75515  -2.88644  -1.97595  -1.69242  -1.31037  -0.97118  -0.69249  -0.52258  -0.07376   0.01759
   6750.  2.00  -6.47300  -5.92869  -4.45833  -3.64847  -2.76453  -2.01375  -1.73486  -1.33703  -0.98566  -0.69798  -0.52342  -0.06407   0.02183
   6750.  2.50  -6.34875  -5.74554  -4.28424  -3.53584  -2.64326  -2.04118  -1.77145  -1.36396  -1.00388  -0.70866  -0.53017  -0.05959   0.02201
   6750.  3.00  -6.22976  -5.57570  -4.11961  -3.42381  -2.52597  -2.06551  -1.80704  -1.39124  -1.02356  -0.72164  -0.53967  -0.05833   0.02026
   6750.  3.50  -6.12487  -5.42759  -3.97170  -3.31806  -2.41606  -2.08829  -1.84204  -1.41815  -1.04341  -0.73542  -0.55033  -0.05924   0.01743
   6750.  4.00  -6.04468  -5.31218  -3.84973  -3.22479  -2.31639  -2.10977  -1.87573  -1.44352  -1.06201  -0.74849  -0.56059  -0.06094   0.01470
   6750.  4.50  -5.99528  -5.23581  -3.76009  -3.14915  -2.23038  -2.12902  -1.90575  -1.46546  -1.07771  -0.75954  -0.56918  -0.06247   0.01279
   6750.  5.00  -5.97811  -5.19887  -3.70573  -3.09471  -2.16059  -2.14655  -1.93164  -1.48327  -1.08950  -0.76723  -0.57462  -0.06225   0.01300
   7000.  0.50  -6.50349  -6.11685  -4.70767  -3.77278  -3.00099  -1.80258  -1.55954  -1.22916  -0.93563  -0.69456  -0.54660  -0.15253  -0.04790
   7000.  1.00  -6.45539  -6.03219  -4.62244  -3.73316  -2.94073  -1.82816  -1.57426  -1.24271  -0.94469  -0.69873  -0.54707  -0.14302  -0.04443
   7000.  1.50  -6.36464  -5.88863  -4.48755  -3.66071  -2.84679  -1.86226  -1.60102  -1.26190  -0.95561  -0.70275  -0.54668  -0.13191  -0.04012
   7000.  2.00  -6.24525  -5.70983  -4.32335  -3.56538  -2.73289  -1.90888  -1.64516  -1.28838  -0.96801  -0.70519  -0.54361  -0.11824  -0.03289
   7000.  2.50  -6.11565  -5.52644  -4.15313  -3.45768  -2.61341  -1.95139  -1.69199  -1.31798  -0.98438  -0.71192  -0.54529  -0.10824  -0.02832
   7000.  3.00  -5.99036  -5.35568  -3.99024  -3.34717  -2.49593  -1.98441  -1.73347  -1.34818  -1.00479  -0.72410  -0.55308  -0.10372  -0.02792
   7000.  3.50  -5.87748  -5.20414  -3.84063  -3.23953  -2.38298  -2.01327  -1.77310  -1.37834  -1.02658  -0.73865  -0.56379  -0.10276  -0.02977
   7000.  4.00  -5.78640  -5.08056  -3.71140  -3.14012  -2.27703  -2.03922  -1.81140  -1.40767  -1.04822  -0.75375  -0.57545  -0.10385  -0.03244
   7000.  4.50  -5.72186  -4.98991  -3.60830  -3.05393  -2.18117  -2.06166  -1.84691  -1.43466  -1.06817  -0.76790  -0.58658  -0.10580  -0.03507
   7000.  5.00  -5.69038  -4.93869  -3.53802  -2.98639  -2.09854  -2.08066  -1.87818  -1.45762  -1.08454  -0.77916  -0.59513  -0.10673  -0.03611
   7250.  0.50  -6.23256  -5.79771  -4.47615  -3.63298  -2.90158  -1.73301  -1.52070  -1.20834  -0.93177  -0.70598  -0.56780  -0.20286  -0.09904
   7250.  1.00  -6.22305  -5.77679  -4.44560  -3.62208  -2.87751  -1.74277  -1.51664  -1.21268  -0.93813  -0.71174  -0.57169  -0.19876  -0.09970
   7250.  1.50  -6.14790  -5.66452  -4.33954  -3.56803  -2.80278  -1.77558  -1.53658  -1.22748  -0.94639  -0.71462  -0.57064  -0.18785  -0.09562
   7250.  2.00  -6.04156  -5.51446  -4.20116  -3.48899  -2.70539  -1.81510  -1.56767  -1.24863  -0.95796  -0.71892  -0.57026  -0.17633  -0.09105
   7250.  2.50  -5.91322  -5.33893  -4.04073  -3.39051  -2.59238  -1.86683  -1.61692  -1.27819  -0.97208  -0.72238  -0.56778  -0.16238  -0.08351
   7250.  3.00  -5.78412  -5.16783  -3.88060  -3.28381  -2.47666  -1.91323  -1.66739  -1.31070  -0.99070  -0.73095  -0.57093  -0.15290  -0.07930
   7250.  3.50  -5.66729  -5.01552  -3.73195  -3.17727  -2.36383  -1.94994  -1.71232  -1.34354  -1.01320  -0.74490  -0.58024  -0.14906  -0.07922
   7250.  4.00  -5.56766  -4.88551  -3.59851  -3.07510  -2.25543  -1.98145  -1.75531  -1.37631  -1.03706  -0.76113  -0.59237  -0.14877  -0.08122
   7250.  4.50  -5.49178  -4.78418  -3.48630  -2.98220  -2.15355  -2.00850  -1.79605  -1.40771  -1.06041  -0.77759  -0.60516  -0.15036  -0.08395
   7250.  5.00  -5.44723  -4.71960  -3.40285  -2.90440  -2.06142  -2.03062  -1.83275  -1.43564  -1.08101  -0.79208  -0.61639  -0.15198  -0.08584
   7500.  0.50  -5.89032  -5.39061  -4.16821  -3.45465  -2.74686  -1.72169  -1.53905  -1.22106  -0.94325  -0.71894  -0.58322  -0.23664  -0.13759
   7500.  1.00  -5.98175  -5.50639  -4.25156  -3.50189  -2.79801  -1.68070  -1.48315  -1.19859  -0.94159  -0.72991  -0.59928  -0.25177  -0.15316
   7500.  1.50  -5.93512  -5.43993  -4.18592  -3.47153  -2.75042  -1.70613  -1.49125  -1.20605  -0.94586  -0.73154  -0.59815  -0.24339  -0.15092
   7500.  2.00  -5.84506  -5.31793  -4.07290  -3.40943  -2.66983  -1.74519  -1.51577  -1.22262  -0.95430  -0.73425  -0.59666  -0.23198  -0.14676
   7500.  2.50  -5.73297  -5.17106  -3.93754  -3.32748  -2.57255  -1.79080  -1.55140  -1.24613  -0.96690  -0.73924  -0.59669  -0.22047  -0.14227
   7500.  3.00  -5.60614  -5.00665  -3.78554  -3.22847  -2.46260  -1.84652  -1.60528  -1.27868  -0.98293  -0.74410  -0.59527  -0.20681  -0.13479
   7500.  3.50  -5.48617  -4.85330  -3.63853  -3.12469  -2.35194  -1.89413  -1.65821  -1.31388  -1.00417  -0.75507  -0.60061  -0.19858  -0.13128
   7500.  4.00  -5.38195  -4.72029  -3.50421  -3.02282  -2.24391  -1.93283  -1.70610  -1.34932  -1.02891  -0.77104  -0.61171  -0.19582  -0.13168
   7500.  4.50  -5.29873  -4.61232  -3.38715  -2.92691  -2.13962  -1.96550  -1.75160  -1.38417  -1.05448  -0.78870  -0.62505  -0.19619  -0.13380
   7500.  5.00  -5.24270  -4.53574  -3.29326  -2.84192  -2.04181  -1.99177  -1.79355  -1.41664  -1.07872  -0.80585  -0.63837  -0.19792  -0.13604
   7750.  1.00  -5.72174  -5.21160  -4.03078  -3.36715  -2.69420  -1.64926  -1.47833  -1.20280  -0.95552  -0.75256  -0.62825  -0.30036  -0.20385
   7750.  1.50  -5.71886  -5.20378  -4.01527  -3.36441  -2.68066  -1.65756  -1.46744  -1.19975  -0.95547  -0.75420  -0.62926  -0.29690  -0.20518
   7750.  2.00  -5.65243  -5.11642  -3.93253  -3.32113  -2.62042  -1.69286  -1.48353  -1.21049  -0.96008  -0.75497  -0.62663  -0.28632  -0.20163
   7750.  2.50  -5.55910  -4.99842  -3.82290  -3.25610  -2.54014  -1.73607  -1.51138  -1.22873  -0.96931  -0.75852  -0.62594  -0.27557  -0.19804
   7750.  3.00  -5.44960  -4.86298  -3.69721  -3.17507  -2.44730  -1.78538  -1.55095  -1.25445  -0.98310  -0.76451  -0.62679  -0.26484  -0.19389
   7750.  3.50  -5.32968  -4.71332  -3.55672  -3.07822  -2.34298  -1.84280  -1.60807  -1.28932  -1.00085  -0.77091  -0.62675  -0.25232  -0.18706
   7750.  4.00  -5.22257  -4.57857  -3.42305  -2.97834  -2.23716  -1.89088  -1.66279  -1.32681  -1.02449  -0.78423  -0.63429  -0.24543  -0.18431
   7750.  4.50  -5.13506  -4.46695  -3.30416  -2.88218  -2.13345  -1.92978  -1.71276  -1.36422  -1.05101  -0.80185  -0.64690  -0.24368  -0.18494
   7750.  5.00  -5.06993  -4.38083  -3.20329  -2.79324  -2.03337  -1.96114  -1.75948  -1.40041  -1.07789  -0.82067  -0.66127  -0.24466  -0.18684
   8000.  1.00  -5.43753  -4.88858  -3.77579  -3.20914  -2.55886  -1.65283  -1.50929  -1.23225  -0.98547  -0.78313  -0.66046  -0.34268  -0.25087
   8000.  1.50  -5.50210  -4.96584  -3.83638  -3.25078  -2.59821  -1.62827  -1.46311  -1.20731  -0.97469  -0.78294  -0.66469  -0.35015  -0.25979
   8000.  2.00  -5.46482  -4.91770  -3.78836  -3.22829  -2.56218  -1.65410  -1.46723  -1.21045  -0.97504  -0.78209  -0.66173  -0.34181  -0.25771
   8000.  2.50  -5.39077  -4.82584  -3.70203  -3.17882  -2.49826  -1.69537  -1.48886  -1.22386  -0.98050  -0.78309  -0.65896  -0.33072  -0.25383
   8000.  3.00  -5.29823  -4.71400  -3.59728  -3.11248  -2.41964  -1.74328  -1.52095  -1.24446  -0.99086  -0.78745  -0.65879  -0.32017  -0.25031
   8000.  3.50  -5.19414  -4.58920  -3.47963  -3.03209  -2.33018  -1.79687  -1.56534  -1.27292  -1.00601  -0.79432  -0.66018  -0.30965  -0.24601
   8000.  4.00  -5.08544  -4.45652  -3.35182  -2.93858  -2.23141  -1.85329  -1.62400  -1.30947  -1.02552  -0.80262  -0.66206  -0.29868  -0.23999
   8000.  4.50  -4.99432  -4.34187  -3.23265  -2.84398  -2.13070  -1.89926  -1.67908  -1.34851  -1.05122  -0.81815  -0.67178  -0.29342  -0.23789
   8000.  5.00  -4.92238  -4.24929  -3.12829  -2.75420  -2.03172  -1.93655  -1.73005  -1.38720  -1.07914  -0.83718  -0.68575  -0.29272  -0.23874
   8250.  1.00  -5.15219  -4.56438  -3.50085  -3.02994  -2.39594  -1.68743  -1.57296  -1.29020  -1.03812  -0.82937  -0.70375  -0.38311  -0.30037
   8250.  1.50  -5.28706  -4.72900  -3.65036  -3.13153  -2.50391  -1.62165  -1.48039  -1.23061  -1.00463  -0.81813  -0.70408  -0.40224  -0.31431
   8250.  2.00  -5.28204  -4.72170  -3.63982  -3.13128  -2.49446  -1.63180  -1.46766  -1.22308  -0.99939  -0.81562  -0.70170  -0.39811  -0.31512
   8250.  2.50  -5.22935  -4.65793  -3.57901  -3.09829  -2.44864  -1.66740  -1.48033  -1.23021  -1.00069  -0.81440  -0.69763  -0.38790  -0.31189
   8250.  3.00  -5.15364  -4.56835  -3.49470  -3.04626  -2.38472  -1.71351  -1.50608  -1.24571  -1.00693  -0.81596  -0.69518  -0.37678  -0.30801
   8250.  3.50  -5.06544  -4.46571  -3.39751  -2.98070  -2.30968  -1.76414  -1.54169  -1.26846  -1.01851  -0.82137  -0.69587  -0.36677  -0.30444
   8250.  4.00  -4.96784  -4.35122  -3.28804  -2.90166  -2.22449  -1.81953  -1.59076  -1.29954  -1.03490  -0.82884  -0.69753  -0.35644  -0.29955
   8250.  4.50  -4.87154  -4.23333  -3.17016  -2.81041  -2.12932  -1.87339  -1.65020  -1.33764  -1.05625  -0.83896  -0.70115  -0.34642  -0.29369
   8250.  5.00  -4.79523  -4.13668  -3.06453  -2.72150  -2.03315  -1.91674  -1.70517  -1.37760  -1.08342  -0.85624  -0.71268  -0.34263  -0.29216
   8500.  1.50  -5.08858  -4.51179  -3.47239  -3.01531  -2.40738  -1.63570  -1.51653  -1.26870  -1.04524  -0.86021  -0.74784  -0.45313  -0.36902
   8500.  2.00  -5.11073  -4.53773  -3.49533  -3.03629  -2.42398  -1.62740  -1.48508  -1.24857  -1.03296  -0.85528  -0.74593  -0.45458  -0.37329
   8500.  2.50  -5.07719  -4.49765  -3.45669  -3.01690  -2.39413  -1.65335  -1.48709  -1.24861  -1.03017  -0.85232  -0.74148  -0.44630  -0.37126
   8500.  3.00  -5.01776  -4.42858  -3.39146  -2.97762  -2.34409  -1.69430  -1.50529  -1.25854  -1.03244  -0.85136  -0.73724  -0.43526  -0.36724
   8500.  3.50  -4.94332  -4.34374  -3.31130  -2.92466  -2.28191  -1.74299  -1.53440  -1.27593  -1.03957  -0.85364  -0.73531  -0.42441  -0.36318
   8500.  4.00  -4.85957  -4.24922  -3.22103  -2.86031  -2.21035  -1.79600  -1.57341  -1.30071  -1.05221  -0.85994  -0.73671  -0.41491  -0.35958
   8500.  4.50  -4.76760  -4.14221  -3.11702  -2.78133  -2.12768  -1.85197  -1.62681  -1.33386  -1.06915  -0.86725  -0.73787  -0.40409  -0.35355
   8500.  5.00  -4.68497  -4.03994  -3.00981  -2.69344  -2.03573  -1.90118  -1.68513  -1.37257  -1.09205  -0.87922  -0.74345  -0.39531  -0.34783
   8750.  1.50  -4.91503  -4.32293  -3.31016  -2.90538  -2.31181  -1.66195  -1.56318  -1.31615  -1.09346  -0.90808  -0.79601  -0.50430  -0.42511
   8750.  2.00  -4.95825  -4.37574  -3.36462  -2.94983  -2.35791  -1.63826  -1.51585  -1.28437  -1.07391  -0.89981  -0.79335  -0.51057  -0.43155
   8750.  2.50  -4.94071  -4.35471  -3.34512  -2.94260  -2.34319  -1.65379  -1.50790  -1.27805  -1.06793  -0.89607  -0.78967  -0.50570  -0.43184
   8750.  3.00  -4.89415  -4.30111  -3.29475  -2.91304  -2.30412  -1.68819  -1.51819  -1.28249  -1.06678  -0.89341  -0.78473  -0.49594  -0.42880
   8750.  3.50  -4.83102  -4.23020  -3.22816  -2.86978  -2.25214  -1.73312  -1.54033  -1.29434  -1.06957  -0.89271  -0.78049  -0.48464  -0.42446
   8750.  4.00  -4.75755  -4.14899  -3.15126  -2.81575  -2.19100  -1.78403  -1.57250  -1.31333  -1.07730  -0.89548  -0.77888  -0.47388  -0.41998
   8750.  4.50  -4.67729  -4.06026  -3.06567  -2.75129  -2.12135  -1.83799  -1.61539  -1.34017  -1.09072  -0.90212  -0.78034  -0.46421  -0.41530
   8750.  5.00  -4.59205  -3.95939  -2.96444  -2.67023  -2.03863  -1.89001  -1.67081  -1.37426  -1.10782  -0.90886  -0.78067  -0.45224  -0.40712
   9000.  1.50  -4.76707  -4.16190  -3.16466  -2.80168  -2.21641  -1.69348  -1.61377  -1.36769  -1.14553  -0.95950  -0.84730  -0.55672  -0.48292
   9000.  2.00  -4.82406  -4.23468  -3.24740  -2.87114  -2.29540  -1.65939  -1.55428  -1.32614  -1.11903  -0.94709  -0.84243  -0.56608  -0.49004
   9000.  2.50  -4.82004  -4.23032  -3.24666  -2.87746  -2.29790  -1.66673  -1.53857  -1.31480  -1.11066  -0.94306  -0.83989  -0.56495  -0.49284
   9000.  3.00  -4.78471  -4.18952  -3.20914  -2.85661  -2.26921  -1.69534  -1.54294  -1.31553  -1.10772  -0.94004  -0.83551  -0.55729  -0.49139
   9000.  3.50  -4.73162  -4.12973  -3.15312  -2.82051  -2.22515  -1.73554  -1.55925  -1.32325  -1.10784  -0.93788  -0.83051  -0.54659  -0.48740
   9000.  4.00  -4.66737  -4.05923  -3.08674  -2.77417  -2.17208  -1.78211  -1.58462  -1.33692  -1.11148  -0.93783  -0.82673  -0.53529  -0.48235
   9000.  4.50  -4.59496  -3.98113  -3.01249  -2.71879  -2.11156  -1.83285  -1.61946  -1.35740  -1.11987  -0.94112  -0.82553  -0.52472  -0.47714
   9000.  5.00  -4.51650  -3.89463  -2.92807  -2.65193  -2.04171  -1.88507  -1.66552  -1.38557  -1.13331  -0.94710  -0.82602  -0.51407  -0.47067
   9250.  2.00  -4.70647  -4.11107  -3.14058  -2.79710  -2.23329  -1.68602  -1.59693  -1.37134  -1.16661  -0.99603  -0.89251  -0.62071  -0.54804
   9250.  2.50  -4.71323  -4.12110  -3.15808  -2.81831  -2.25530  -1.68723  -1.57511  -1.35596  -1.15630  -0.99180  -0.89100  -0.62323  -0.55317
   9250.  3.00  -4.68867  -4.09314  -3.13456  -2.80777  -2.23930  -1.71079  -1.57484  -1.35408  -1.15262  -0.98940  -0.88816  -0.61861  -0.55399
   9250.  3.50  -4.64508  -4.04398  -3.08924  -2.77932  -2.20398  -1.74662  -1.58674  -1.35915  -1.15160  -0.98714  -0.88375  -0.60964  -0.55137
   9250.  4.00  -4.58849  -3.98167  -3.03098  -2.73901  -2.15742  -1.78999  -1.60730  -1.36921  -1.15263  -0.98544  -0.87885  -0.59852  -0.54657
   9250.  4.50  -4.52259  -3.91088  -2.96431  -2.68968  -2.10316  -1.83803  -1.63611  -1.38468  -1.15690  -0.98578  -0.87523  -0.58709  -0.54078
   9250.  5.00  -4.45042  -3.83408  -2.89072  -2.63179  -2.04161  -1.88850  -1.67426  -1.40694  -1.16596  -0.98942  -0.87418  -0.57630  -0.53444
   9500.  2.00  -4.60403  -4.00301  -3.04390  -2.72781  -2.17214  -1.71579  -1.64185  -1.41842  -1.21557  -1.04594  -0.94324  -0.67480  -0.60565
   9500.  2.50  -4.61805  -4.02359  -3.07645  -2.76257  -2.21285  -1.71254  -1.61539  -1.39986  -1.20364  -1.04140  -0.94233  -0.68020  -0.61242
   9500.  3.00  -4.60251  -4.00704  -3.06656  -2.76292  -2.21084  -1.73204  -1.61152  -1.39605  -1.19961  -1.03981  -0.94114  -0.67880  -0.61564
   9500.  3.50  -4.56784  -3.96828  -3.03246  -2.74319  -2.18573  -1.76487  -1.62022  -1.39944  -1.19825  -1.03819  -0.93802  -0.67226  -0.61510
   9500.  4.00  -4.51936  -3.91497  -2.98332  -2.70993  -2.14679  -1.80577  -1.63731  -1.40731  -1.19820  -1.03629  -0.93345  -0.66248  -0.61160
   9500.  4.50  -4.46020  -3.85135  -2.92388  -2.66631  -2.09843  -1.85166  -1.66178  -1.41943  -1.19997  -1.03506  -0.92874  -0.65112  -0.60595
   9500.  5.00  -4.39315  -3.78055  -2.85696  -2.61401  -2.04258  -1.90031  -1.69454  -1.43706  -1.20510  -1.03595  -0.92545  -0.63954  -0.59897
   9750.  2.00  -4.51499  -3.90910  -2.95803  -2.66482  -2.11490  -1.74731  -1.68754  -1.46603  -1.26484  -1.09609  -0.99408  -0.72856  -0.66291
   9750.  2.50  -4.53350  -3.93665  -3.00140  -2.71010  -2.17060  -1.74140  -1.65815  -1.44545  -1.25187  -1.09132  -0.99353  -0.73594  -0.67072
   9750.  3.00  -4.52494  -3.92941  -3.00358  -2.72078  -2.18246  -1.75765  -1.65143  -1.44016  -1.24769  -1.09056  -0.99389  -0.73758  -0.67612
   9750.  3.50  -4.49806  -3.90009  -2.98034  -2.70987  -2.16821  -1.78778  -1.65764  -1.44242  -1.24645  -1.08990  -0.99235  -0.73370  -0.67777
   9750.  4.00  -4.45743  -3.85569  -2.94067  -2.68419  -2.13781  -1.82655  -1.67214  -1.44896  -1.24615  -1.08853  -0.98882  -0.72583  -0.67596
   9750.  4.50  -4.40553  -3.79986  -2.88914  -2.64695  -2.09612  -1.87072  -1.69350  -1.45904  -1.24676  -1.08691  -0.98415  -0.71539  -0.67117
   9750.  5.00  -4.34440  -3.73536  -2.82876  -2.60009  -2.04596  -1.91718  -1.72184  -1.47326  -1.24935  -1.08617  -0.97968  -0.70376  -0.66423
  10000.  2.00  -4.43768  -3.82754  -2.88264  -2.60889  -2.06379  -1.77974  -1.73341  -1.51377  -1.31418  -1.14635  -1.04504  -0.78218  -0.71985
  10000.  2.50  -4.45906  -3.86013  -2.93388  -2.66197  -2.13037  -1.77218  -1.70190  -1.49165  -1.30030  -1.14117  -1.04446  -0.79078  -0.72821
  10000.  3.00  -4.45529  -3.85942  -2.94515  -2.68092  -2.15388  -1.78638  -1.69349  -1.48549  -1.29613  -1.14106  -1.04596  -0.79473  -0.73516
  10000.  3.50  -4.43507  -3.83840  -2.93201  -2.67857  -2.15061  -1.81419  -1.69775  -1.48708  -1.29538  -1.14166  -1.04624  -0.79365  -0.73904
  10000.  4.00  -4.40138  -3.80226  -2.90169  -2.66064  -2.12936  -1.85083  -1.71009  -1.49268  -1.29525  -1.14121  -1.04415  -0.78809  -0.73919
  10000.  4.50  -4.35641  -3.75409  -2.85823  -2.63007  -2.09499  -1.89328  -1.72903  -1.50149  -1.29551  -1.13990  -1.04020  -0.77913  -0.73575
  10000.  5.00  -4.30133  -3.69601  -2.80453  -2.58894  -2.05077  -1.93866  -1.75427  -1.51349  -1.29659  -1.13839  -1.03532  -0.76801  -0.72952
  10250.  2.00  -4.36948  -3.75545  -2.81611  -2.55965  -2.01963  -1.81292  -1.77942  -1.56161  -1.36362  -1.19677  -1.09618  -0.83582  -0.77656
  10250.  2.50  -4.39373  -3.79287  -2.87365  -2.61857  -2.09338  -1.80431  -1.74633  -1.53828  -1.34892  -1.19107  -1.09531  -0.84499  -0.78507
  10250.  3.00  -4.39367  -3.79752  -2.89243  -2.64445  -2.12656  -1.81707  -1.73666  -1.53153  -1.34483  -1.19153  -1.09774  -0.85082  -0.79327
  10250.  3.50  -4.37799  -3.78239  -2.88712  -2.64904  -2.13289  -1.84290  -1.73955  -1.53259  -1.34439  -1.19299  -1.09932  -0.85200  -0.79877
  10250.  4.00  -4.35035  -3.75319  -2.86485  -2.63795  -2.12020  -1.87751  -1.75045  -1.53784  -1.34487  -1.19368  -1.09879  -0.84867  -0.80071
  10250.  4.50  -4.31207  -3.71275  -2.82987  -2.61456  -2.09387  -1.91816  -1.76724  -1.54577  -1.34533  -1.19324  -1.09617  -0.84175  -0.79920
  10250.  5.00  -4.26291  -3.66115  -2.78312  -2.57947  -2.05611  -1.96272  -1.79005  -1.55630  -1.34569  -1.19166  -1.09158  -0.83172  -0.79412
  10500.  2.00  -4.30862  -3.69090  -2.75718  -2.51664  -1.98269  -1.84672  -1.82546  -1.60947  -1.41308  -1.24726  -1.14743  -0.88949  -0.83304
  10500.  2.50  -4.33587  -3.73315  -2.81987  -2.57978  -2.06041  -1.83726  -1.79105  -1.58503  -1.39749  -1.24085  -1.14595  -0.89865  -0.84129
  10500.  3.00  -4.33902  -3.74245  -2.84474  -2.61117  -2.10089  -1.84915  -1.78056  -1.57791  -1.39349  -1.24170  -1.14902  -0.90586  -0.85039
  10500.  3.50  -4.32730  -3.73257  -2.84637  -2.62199  -2.11579  -1.87350  -1.78247  -1.57872  -1.39352  -1.24408  -1.15189  -0.90911  -0.85739
  10500.  4.00  -4.30432  -3.70914  -2.83133  -2.61728  -2.11142  -1.90638  -1.79213  -1.58368  -1.39456  -1.24583  -1.15282  -0.90799  -0.86109
  10500.  4.50  -4.27107  -3.67434  -2.80287  -2.59958  -2.09208  -1.94551  -1.80752  -1.59107  -1.39524  -1.24607  -1.15121  -0.90273  -0.86106
  10500.  5.00  -4.22768  -3.62913  -2.76304  -2.57053  -2.06085  -1.98925  -1.82848  -1.60073  -1.39551  -1.24497  -1.14743  -0.89417  -0.85743
  10750.  2.00  -4.25363  -3.63245  -2.70498  -2.47949  -1.95291  -1.88123  -1.87161  -1.65738  -1.46258  -1.29786  -1.19881  -0.94329  -0.88938
  10750.  2.50  -4.28432  -3.67974  -2.77191  -2.54551  -2.03204  -1.87085  -1.83590  -1.63181  -1.44600  -1.29052  -1.19646  -0.95195  -0.89701
  10750.  3.00  -4.29039  -3.69334  -2.80184  -2.58117  -2.07755  -1.88211  -1.82478  -1.62436  -1.44197  -1.29153  -1.19985  -0.96004  -0.90665
  10750.  3.50  -4.28197  -3.68792  -2.80925  -2.59717  -2.09941  -1.90548  -1.82609  -1.62509  -1.44244  -1.29467  -1.20372  -0.96492  -0.91481
  10750.  4.00  -4.26300  -3.66952  -2.80061  -2.59820  -2.10267  -1.93708  -1.83496  -1.63000  -1.44413  -1.29747  -1.20604  -0.96585  -0.92014
  10750.  4.50  -4.23432  -3.64012  -2.77864  -2.58628  -2.09052  -1.97476  -1.84914  -1.63710  -1.44534  -1.29869  -1.20577  -0.96258  -0.92181
  10750.  5.00  -4.19591  -3.60053  -2.74514  -2.56281  -2.06567  -2.01728  -1.86843  -1.64607  -1.44573  -1.29823  -1.20297  -0.95561  -0.91964
  11000.  2.00  -4.20352  -3.57928  -2.65913  -2.44802  -1.93023  -1.91639  -1.91776  -1.70528  -1.51213  -1.34858  -1.25039  -0.99731  -0.94572
  11000.  2.50  -4.23808  -3.63168  -2.72939  -2.51577  -2.00877  -1.90496  -1.88079  -1.67859  -1.49448  -1.34018  -1.24695  -1.00508  -0.95240
  11000.  3.00  -4.24714  -3.64951  -2.76350  -2.55458  -2.05718  -1.91568  -1.86917  -1.67082  -1.49032  -1.34115  -1.25039  -1.01358  -0.96221
  11000.  3.50  -4.24157  -3.64802  -2.77570  -2.57471  -2.08429  -1.93835  -1.87008  -1.67150  -1.49109  -1.34480  -1.25495  -1.01969  -0.97121
  11000.  4.00  -4.22590  -3.63387  -2.77249  -2.58062  -2.09407  -1.96885  -1.87831  -1.67639  -1.49334  -1.34847  -1.25840  -1.02233  -0.97784
  11000.  4.50  -4.20131  -3.60934  -2.75648  -2.57405  -2.08874  -2.00519  -1.89167  -1.68344  -1.49521  -1.35073  -1.25948  -1.02097  -0.98107
  11000.  5.00  -4.16745  -3.57491  -2.72890  -2.55585  -2.07014  -2.04621  -1.90961  -1.69202  -1.49603  -1.35112  -1.25787  -1.01569  -0.98034
  11250.  2.00  -4.15792  -3.53107  -2.61913  -2.42171  -1.91370  -1.95230  -1.96405  -1.75324  -1.56169  -1.39934  -1.30202  -1.05139  -1.00190
  11250.  2.50  -4.19637  -3.58820  -2.69184  -2.49039  -1.99063  -1.93968  -1.92582  -1.72540  -1.54296  -1.38982  -1.29744  -1.05811  -1.00750
  11250.  3.00  -4.20849  -3.61016  -2.72939  -2.53141  -2.04028  -1.94977  -1.91367  -1.71725  -1.53851  -1.39053  -1.30064  -1.06660  -1.01717
  11250.  3.50  -4.20559  -3.61234  -2.74556  -2.55471  -2.07093  -1.97182  -1.91422  -1.71783  -1.53944  -1.39447  -1.30562  -1.07352  -1.02670
  11250.  4.00  -4.19273  -3.60191  -2.74697  -2.56468  -2.08599  -2.00145  -1.92202  -1.72274  -1.54215  -1.39885  -1.30998  -1.07756  -1.03435
  11250.  4.50  -4.17165  -3.58164  -2.73620  -2.56283  -2.08675  -2.03652  -1.93467  -1.72979  -1.54465  -1.40204  -1.31227  -1.07793  -1.03891
  11250.  5.00  -4.14177  -3.55180  -2.71408  -2.54958  -2.07423  -2.07623  -1.95156  -1.73818  -1.54602  -1.40336  -1.31187  -1.07437  -1.03967
  11500.  2.00  -4.11632  -3.48751  -2.58455  -2.40004  -1.90253  -1.98856  -2.01006  -1.80091  -1.61096  -1.44986  -1.35344  -1.10535  -1.05778
  11500.  2.50  -4.15862  -3.54897  -2.65915  -2.46929  -1.97754  -1.97486  -1.97073  -1.77209  -1.59130  -1.43937  -1.34786  -1.11105  -1.06237
  11500.  3.00  -4.17386  -3.57486  -2.69941  -2.51177  -2.02721  -1.98431  -1.95814  -1.76357  -1.58654  -1.43975  -1.35072  -1.11930  -1.07169
  11500.  3.50  -4.17357  -3.58053  -2.71888  -2.53742  -2.05998  -2.00580  -1.95842  -1.76407  -1.58754  -1.44382  -1.35587  -1.12666  -1.08145
  11500.  4.00  -4.16319  -3.57336  -2.72406  -2.55054  -2.07890  -2.03466  -1.96591  -1.76900  -1.59060  -1.44868  -1.36088  -1.13174  -1.08981
  11500.  4.50  -4.14502  -3.55671  -2.71772  -2.55266  -2.08479  -2.06866  -1.97802  -1.77606  -1.59363  -1.45266  -1.36417  -1.13356  -1.09550
  11500.  5.00  -4.11860  -3.53091  -2.70047  -2.54384  -2.07784  -2.10701  -1.99409  -1.78439  -1.59561  -1.45488  -1.36493  -1.13162  -1.09760
  11750.  2.00  -4.07861  -3.44844  -2.55492  -2.38250  -1.89578  -2.02518  -2.05595  -1.84839  -1.66001  -1.50016  -1.40465  -1.15909  -1.11329
  11750.  2.50  -4.12452  -3.51364  -2.63098  -2.45219  -1.96912  -2.01050  -2.01560  -1.81869  -1.63953  -1.48883  -1.39821  -1.16389  -1.11698
  11750.  3.00  -4.14288  -3.54325  -2.67333  -2.49553  -2.01801  -2.01923  -2.00253  -1.80975  -1.63438  -1.48876  -1.40058  -1.17168  -1.12578
  11750.  3.50  -4.14515  -3.55222  -2.69549  -2.52287  -2.05174  -2.04012  -2.00251  -1.81007  -1.63531  -1.49277  -1.40570  -1.17919  -1.13554
  11750.  4.00  -4.13699  -3.54801  -2.70374  -2.53839  -2.07328  -2.06831  -2.00970  -1.81494  -1.63853  -1.49791  -1.41108  -1.18497  -1.14437
  11750.  4.50  -4.12126  -3.53449  -2.70118  -2.54379  -2.08328  -2.10146  -2.02146  -1.82206  -1.64201  -1.50252  -1.41518  -1.18800  -1.15096
  11750.  5.00  -4.09777  -3.51220  -2.68822  -2.53889  -2.08130  -2.13871  -2.03688  -1.83039  -1.64456  -1.50556  -1.41698  -1.18755  -1.15429
  12000.  2.50  -4.09365  -3.48191  -2.60696  -2.43872  -1.96485  -2.04656  -2.06036  -1.86509  -1.68753  -1.53807  -1.44834  -1.21655  -1.17127
  12000.  3.00  -4.11512  -3.51497  -2.65103  -2.48267  -2.01266  -2.05462  -2.04694  -1.85587  -1.68211  -1.53766  -1.45032  -1.22388  -1.17956
  12000.  3.50  -4.11988  -3.52702  -2.67533  -2.51111  -2.04650  -2.07487  -2.04667  -1.85603  -1.68293  -1.54153  -1.45530  -1.23132  -1.18914
  12000.  4.00  -4.11394  -3.52564  -2.68618  -2.52845  -2.06962  -2.10237  -2.05362  -1.86083  -1.68625  -1.54681  -1.46087  -1.23751  -1.19818
  12000.  4.50  -4.10031  -3.51487  -2.68671  -2.53642  -2.08268  -2.13469  -2.06502  -1.86794  -1.69004  -1.55186  -1.46555  -1.24145  -1.20543
  12000.  5.00  -4.07943  -3.49571  -2.67746  -2.53484  -2.08485  -2.17075  -2.07986  -1.87626  -1.69309  -1.55559  -1.46825  -1.24225  -1.20972
  12250.  2.50  -4.06586  -3.45372  -2.58688  -2.42858  -1.96417  -2.08271  -2.10474  -1.91112  -1.73518  -1.58700  -1.49819  -1.26893  -1.22518
  12250.  3.00  -4.09026  -3.48986  -2.63232  -2.47298  -2.01092  -2.09019  -2.09103  -1.90168  -1.72953  -1.58629  -1.49982  -1.27584  -1.23299
  12250.  3.50  -4.09753  -3.50485  -2.65838  -2.50221  -2.04440  -2.10987  -2.09055  -1.90168  -1.73024  -1.58999  -1.50460  -1.28310  -1.24229
  12250.  4.00  -4.09367  -3.50608  -2.67130  -2.52080  -2.06823  -2.13668  -2.09726  -1.90635  -1.73352  -1.59524  -1.51017  -1.28943  -1.25134
  12250.  4.50  -4.08195  -3.49776  -2.67436  -2.53076  -2.08342  -2.16833  -2.10842  -1.91346  -1.73753  -1.60058  -1.51522  -1.29402  -1.25905
  12250.  5.00  -4.06327  -3.48132  -2.66825  -2.53190  -2.08891  -2.20346  -2.12284  -1.92178  -1.74096  -1.60485  -1.51860  -1.29585  -1.26413
  12500.  2.50  -4.04099  -3.42879  -2.57024  -2.42129  -1.96640  -2.11897  -2.14885  -1.95683  -1.78246  -1.63554  -1.54765  -1.32092  -1.27859
  12500.  3.00  -4.06804  -3.46758  -2.61684  -2.46612  -2.01233  -2.12606  -2.13499  -1.94727  -1.77670  -1.63466  -1.54906  -1.32749  -1.28603
  12500.  3.50  -4.07772  -3.48526  -2.64432  -2.49590  -2.04519  -2.14516  -2.13434  -1.94715  -1.77729  -1.63818  -1.55363  -1.33451  -1.29501
  12500.  4.00  -4.07600  -3.48903  -2.65897  -2.51538  -2.06911  -2.17130  -2.14083  -1.95171  -1.78053  -1.64334  -1.55911  -1.34084  -1.30394
  12500.  4.50  -4.06607  -3.48299  -2.66413  -2.52683  -2.08566  -2.20220  -2.15172  -1.95874  -1.78464  -1.64884  -1.56438  -1.34584  -1.31190
  12500.  5.00  -4.04935  -3.46900  -2.66071  -2.53024  -2.09377  -2.23641  -2.16574  -1.96703  -1.78838  -1.65353  -1.56831  -1.34850  -1.31760
  12750.  2.50  -4.01883  -3.40689  -2.55666  -2.41646  -1.97102  -2.15523  -2.19261  -2.00211  -1.82928  -1.68362  -1.59663  -1.37240  -1.33141
  12750.  3.00  -4.04831  -3.44806  -2.60443  -2.46191  -2.01656  -2.16211  -2.17871  -1.99259  -1.82357  -1.68272  -1.59799  -1.37883  -1.33865
  12750.  3.50  -4.06023  -3.46814  -2.63305  -2.49206  -2.04871  -2.18063  -2.17787  -1.99232  -1.82403  -1.68606  -1.60235  -1.38559  -1.34731
  12750.  4.00  -4.06056  -3.47425  -2.64910  -2.51217  -2.07242  -2.20611  -2.18417  -1.99676  -1.82720  -1.69111  -1.60770  -1.39182  -1.35604
  12750.  4.50  -4.05238  -3.47037  -2.65599  -2.52470  -2.08966  -2.23628  -2.19481  -2.00368  -1.83131  -1.69663  -1.61303  -1.39703  -1.36407
  12750.  5.00  -4.03744  -3.45860  -2.65480  -2.52988  -2.09964  -2.26972  -2.20850  -2.01192  -1.83525  -1.70159  -1.61732  -1.40029  -1.37022
  13000.  2.50  -3.99900  -3.38763  -2.54571  -2.41368  -1.97757  -2.19120  -2.23576  -2.04679  -1.87548  -1.73109  -1.64501  -1.42328  -1.38356
  13000.  3.00  -4.03080  -3.43105  -2.59470  -2.45994  -2.02309  -2.19806  -2.22194  -2.03740  -1.86993  -1.73032  -1.64646  -1.42972  -1.39076
  13000.  3.50  -4.04486  -3.45333  -2.62437  -2.49050  -2.05469  -2.21619  -2.22107  -2.03715  -1.87040  -1.73359  -1.65071  -1.43629  -1.39917
  13000.  4.00  -4.04718  -3.46161  -2.64159  -2.51106  -2.07797  -2.24109  -2.22725  -2.04152  -1.87352  -1.73853  -1.65593  -1.44238  -1.40767
  13000.  4.50  -4.04071  -3.45974  -2.64984  -2.52432  -2.09538  -2.27053  -2.23767  -2.04831  -1.87760  -1.74398  -1.66120  -1.44762  -1.41563
  13000.  5.00  -4.02735  -3.44996  -2.65049  -2.53087  -2.10664  -2.30325  -2.25106  -2.05645  -1.88162  -1.74910  -1.66571  -1.45131  -1.42208
  14000.  2.00  -3.87059  -3.24300  -2.42750  -2.33112  -1.93109  -2.34747  -2.44926  -2.25271  -2.07593  -1.92602  -1.83779  -1.61343  -1.57975
  14000.  2.50  -3.94046  -3.33298  -2.52222  -2.41799  -2.01666  -2.33218  -2.40323  -2.21982  -2.05421  -1.91465  -1.83205  -1.62000  -1.58475
  14000.  3.00  -3.98100  -3.38501  -2.57747  -2.46949  -2.06533  -2.34053  -2.39078  -2.21210  -2.05049  -1.91560  -1.83519  -1.62778  -1.59309
  14000.  3.50  -4.00170  -3.41392  -2.61063  -2.50195  -2.09634  -2.35786  -2.39012  -2.21229  -2.05148  -1.91921  -1.83966  -1.63430  -1.60121
  14000.  4.00  -4.01103  -3.42927  -2.63133  -2.52396  -2.11826  -2.38131  -2.39640  -2.21685  -2.05479  -1.92409  -1.84468  -1.64001  -1.60907
  14000.  4.50  -4.01082  -3.43409  -2.64315  -2.53865  -2.13457  -2.40831  -2.40622  -2.22329  -2.05867  -1.92916  -1.84952  -1.64488  -1.61634
  14000.  5.00  -4.00285  -3.43066  -2.64828  -2.54780  -2.14695  -2.43814  -2.41853  -2.23088  -2.06258  -1.93417  -1.85401  -1.64896  -1.62284
  15000.  2.50  -3.90533  -3.30270  -2.51931  -2.43668  -2.06589  -2.46560  -2.56067  -2.38211  -2.22165  -2.08654  -2.00722  -1.80437  -1.77294
  15000.  3.00  -3.95500  -3.36430  -2.58347  -2.49676  -2.12249  -2.47770  -2.55101  -2.37763  -2.22144  -2.09105  -2.01391  -1.81545  -1.78436
  15000.  3.50  -3.98123  -3.39890  -2.62098  -2.53284  -2.15596  -2.49597  -2.55167  -2.37938  -2.22411  -2.09625  -2.01992  -1.82325  -1.79352
  15000.  4.00  -3.99601  -3.41958  -2.64487  -2.55690  -2.17821  -2.51912  -2.55873  -2.38483  -2.22834  -2.10185  -2.02557  -1.82931  -1.80146
  15000.  4.50  -4.00153  -3.42982  -2.65935  -2.57281  -2.19365  -2.54494  -2.56894  -2.39174  -2.23267  -2.10710  -2.03045  -1.83400  -1.80830
  15000.  5.00  -3.99794  -3.43087  -2.66642  -2.58245  -2.20461  -2.57224  -2.58050  -2.39884  -2.23625  -2.11161  -2.03440  -1.83758  -1.81408
  16000.  2.50  -3.88467  -3.28668  -2.52685  -2.46132  -2.11678  -2.59003  -2.70770  -2.53320  -2.37722  -2.24614  -2.16982  -1.97567  -1.94762
  16000.  3.00  -3.94437  -3.35928  -2.60215  -2.53255  -2.18474  -2.60723  -2.70146  -2.53289  -2.38169  -2.25554  -2.18152  -1.99164  -1.96367
  16000.  3.50  -3.97639  -3.40002  -2.64544  -2.57411  -2.22338  -2.62801  -2.70448  -2.53726  -2.38715  -2.26346  -2.19023  -2.00186  -1.97503
  16000.  4.00  -3.99496  -3.42477  -2.67260  -2.60093  -2.24778  -2.65166  -2.71259  -2.54399  -2.39278  -2.27040  -2.19717  -2.00903  -1.98386
  16000.  4.50  -4.00587  -3.44009  -2.69044  -2.61931  -2.26429  -2.67779  -2.72420  -2.55229  -2.39844  -2.27675  -2.20302  -2.01440  -1.99113
  16000.  5.00  -4.00664  -3.44514  -2.69945  -2.62987  -2.27466  -2.70385  -2.73606  -2.55977  -2.40244  -2.28144  -2.20706  -2.01787  -1.99656
  17000.  2.50  -3.87334  -3.27930  -2.53950  -2.48753  -2.16494  -2.70548  -2.84507  -2.67355  -2.52118  -2.39350  -2.31980  -2.13363  -2.10862
  17000.  3.00  -3.94307  -3.36325  -2.62695  -2.57132  -2.24671  -2.72830  -2.84209  -2.67771  -2.53103  -2.40882  -2.33775  -2.15602  -2.13085
  17000.  3.50  -3.98232  -3.41166  -2.67775  -2.62024  -2.29271  -2.75297  -2.84848  -2.68582  -2.54042  -2.42064  -2.35032  -2.16979  -2.14554
  17000.  4.00  -4.00352  -3.43956  -2.70806  -2.65006  -2.32020  -2.77750  -2.85763  -2.69389  -2.54762  -2.42918  -2.35888  -2.17851  -2.15573
  17000.  4.50  -4.01931  -3.45974  -2.72989  -2.67191  -2.33948  -2.80488  -2.87116  -2.70417  -2.55524  -2.43728  -2.36638  -2.18525  -2.16412
  17000.  5.00  -4.02481  -3.46918  -2.74188  -2.68473  -2.35094  -2.83115  -2.88439  -2.71299  -2.56053  -2.44303  -2.37137  -2.18939  -2.17001
  18000.  2.50  -3.86871  -3.27809  -2.55525  -2.51383  -2.20863  -2.81252  -2.97382  -2.80420  -2.65436  -2.52914  -2.45745  -2.27790  -2.25567
  18000.  3.00  -3.94715  -3.37215  -2.65424  -2.61016  -2.30591  -2.84086  -2.97317  -2.81232  -2.66962  -2.55102  -2.48268  -2.30880  -2.28616
  18000.  3.50  -3.99474  -3.42930  -2.71370  -2.66774  -2.36076  -2.87033  -2.98357  -2.82495  -2.68386  -2.56774  -2.50017  -2.32714  -2.30522
  18000.  4.00  -4.01899  -3.46073  -2.74763  -2.70116  -2.39219  -2.89632  -2.99417  -2.83485  -2.69314  -2.57838  -2.51086  -2.33791  -2.31728
  18000.  4.50  -4.03849  -3.48499  -2.77333  -2.72659  -2.41483  -2.92514  -3.00948  -2.84709  -2.70282  -2.58844  -2.52027  -2.34634  -2.32716
  18000.  5.00  -4.04899  -3.49926  -2.78934  -2.74295  -2.42918  -2.95281  -3.02483  -2.85800  -2.71013  -2.59598  -2.52693  -2.35185  -2.33422
  19000.  2.50  -3.86979  -3.28250  -2.57410  -2.54072  -2.24842  -2.91237  -3.09561  -2.92698  -2.77860  -2.65463  -2.58416  -2.40872  -2.38903
  19000.  3.00  -3.95457  -3.38401  -2.68238  -2.64783  -2.36105  -2.94529  -3.09538  -2.93735  -2.79798  -2.68252  -2.61662  -2.44999  -2.42969
  19000.  3.50  -4.01091  -3.45030  -2.75112  -2.71487  -2.42615  -2.98029  -3.11024  -2.95511  -2.81786  -2.70512  -2.64013  -2.47435  -2.45455
  19000.  4.00  -4.03946  -3.48625  -2.78951  -2.75276  -2.46235  -3.00850  -3.12293  -2.96751  -2.82993  -2.71858  -2.65367  -2.48778  -2.46910
  19000.  4.50  -4.06118  -3.51327  -2.81812  -2.78107  -2.48812  -3.03833  -3.13943  -2.98125  -2.84132  -2.73039  -2.66484  -2.49785  -2.48048
  19000.  5.00  -4.07648  -3.53248  -2.83862  -2.80158  -2.50614  -3.06792  -3.15715  -2.99462  -2.85111  -2.74021  -2.67368  -2.50520  -2.48918
  20000.  3.00  -3.96428  -3.39792  -2.71078  -2.68400  -2.41177  -3.04211  -3.20961  -3.05370  -2.91697  -2.80402  -2.74015  -2.57968  -2.56154
  20000.  3.50  -4.02902  -3.47291  -2.78852  -2.76051  -2.48788  -3.08306  -3.22887  -3.07669  -2.94278  -2.83308  -2.77045  -2.61147  -2.59365
  20000.  4.00  -4.06317  -3.51449  -2.83234  -2.80387  -2.52990  -3.11436  -3.24441  -3.09237  -2.95842  -2.85021  -2.78770  -2.62857  -2.61170
  20000.  4.50  -4.08609  -3.54306  -2.86267  -2.83399  -2.55800  -3.14450  -3.26138  -3.10702  -2.97109  -2.86339  -2.80033  -2.64008  -2.62440
  20000.  5.00  -4.10535  -3.56668  -2.88756  -2.85872  -2.58014  -3.17609  -3.28134  -3.12286  -2.98348  -2.87572  -2.81163  -2.64959  -2.63508
  21000.  3.00  -3.97622  -3.41440  -2.74050  -2.72014  -2.46000  -3.13282  -3.31732  -3.16306  -3.02842  -2.91732  -2.85506  -2.69927  -2.68306
  21000.  3.50  -4.04801  -3.49625  -2.82535  -2.80429  -2.54562  -3.17898  -3.34010  -3.19034  -3.05928  -2.95218  -2.89164  -2.73875  -2.72280
  21000.  4.00  -4.08884  -3.54440  -2.87550  -2.85406  -2.59460  -3.21436  -3.35918  -3.20999  -3.07923  -2.97379  -2.91348  -2.76065  -2.74549
  21000.  4.50  -4.11297  -3.57429  -2.90715  -2.88568  -2.62485  -3.24470  -3.37650  -3.22549  -3.09313  -2.98837  -2.92761  -2.77388  -2.75978
  21000.  5.00  -4.13452  -3.60066  -2.93501  -2.91338  -2.65026  -3.27747  -3.39781  -3.24309  -3.10757  -3.00281  -2.94106  -2.78528  -2.77221
  22000.  3.00  -3.99055  -3.43431  -2.77286  -2.75817  -2.50883  -3.21912  -3.41962  -3.26700  -3.13428  -3.02471  -2.96380  -2.81156  -2.79699
  22000.  3.50  -4.06737  -3.52012  -2.86174  -2.84657  -2.59998  -3.26872  -3.44472  -3.29696  -3.16829  -3.06335  -3.00460  -2.85687  -2.84259
  22000.  4.00  -4.11520  -3.57491  -2.91818  -2.90277  -2.65606  -3.30852  -3.46746  -3.32073  -3.19275  -3.08974  -3.03139  -2.88425  -2.87068
  22000.  4.50  -4.14112  -3.60642  -2.95129  -2.93598  -2.68844  -3.33936  -3.48540  -3.33726  -3.20800  -3.10583  -3.04715  -2.89941  -2.88683
  22000.  5.00  -4.16383  -3.63430  -2.98085  -2.96556  -2.71644  -3.37267  -3.50731  -3.35596  -3.22396  -3.12197  -3.06243  -2.91274  -2.90105
  23000.  3.00  -4.00732  -3.45819  -2.80838  -2.79911  -2.56042  -3.30232  -3.51704  -3.36643  -3.23588  -3.12796  -3.06846  -2.91967  -2.90650
  23000.  3.50  -4.08722  -3.54510  -2.89862  -2.88867  -2.65298  -3.35357  -3.54370  -3.39779  -3.27130  -3.16821  -3.11104  -2.96760  -2.95478
  23000.  4.00  -4.14145  -3.60550  -2.96024  -2.95006  -2.71468  -3.39724  -3.56979  -3.42520  -3.29965  -3.19874  -3.14212  -2.99992  -2.98779
  23000.  4.50  -4.17120  -3.64052  -2.99652  -2.98645  -2.75054  -3.42999  -3.58953  -3.44388  -3.31734  -3.21739  -3.16053  -3.01800  -3.00678
  23000.  5.00  -4.19319  -3.66760  -3.02528  -3.01545  -2.77870  -3.46217  -3.61059  -3.46221  -3.33333  -3.23378  -3.17622  -3.03220  -3.02183
  24000.  3.00  -4.02554  -3.48426  -2.84416  -2.83998  -2.61127  -3.38073  -3.60812  -3.45977  -3.33162  -3.22555  -3.16756  -3.02288  -3.01102
  24000.  3.50  -4.10764  -3.57178  -2.93678  -2.93175  -2.70656  -3.43478  -3.63777  -3.49389  -3.36965  -3.26839  -3.21276  -3.07327  -3.06173
  24000.  4.00  -4.16713  -3.63603  -3.00182  -2.99633  -2.77133  -3.48119  -3.66666  -3.52407  -3.40078  -3.30173  -3.24670  -3.10877  -3.09791
  24000.  4.50  -4.20153  -3.67504  -3.04161  -3.03617  -2.81076  -3.51621  -3.68859  -3.54519  -3.42109  -3.32311  -3.26790  -3.12992  -3.11994
  24000.  5.00  -4.22319  -3.70138  -3.06936  -3.06421  -2.83834  -3.54715  -3.70882  -3.56304  -3.43689  -3.33944  -3.28363  -3.14454  -3.13540
  25000.  3.00  -4.04607  -3.51183  -2.87813  -2.87799  -2.65661  -3.45260  -3.69213  -3.54558  -3.41955  -3.31486  -3.25818  -3.11705  -3.10646
  25000.  3.50  -4.12805  -3.59940  -2.97513  -2.97494  -2.76033  -3.51220  -3.72661  -3.58511  -3.46341  -3.36420  -3.31023  -3.17492  -3.16456
  25000.  4.00  -4.19202  -3.66655  -3.04306  -3.04200  -2.82701  -3.56107  -3.75848  -3.61796  -3.49693  -3.39971  -3.34621  -3.21225  -3.20251
  25000.  4.50  -4.23127  -3.70943  -3.08622  -3.08502  -2.86945  -3.59835  -3.78277  -3.64152  -3.51975  -3.42360  -3.36996  -3.23608  -3.22717
  25000.  5.00  -4.25379  -3.73598  -3.11375  -3.11279  -2.89683  -3.62859  -3.80275  -3.65936  -3.53572  -3.44012  -3.38591  -3.25116  -3.24307
  26000.  3.00  -4.07560  -3.54649  -2.91550  -2.91752  -2.69869  -3.52120  -3.77286  -3.62706  -3.50194  -3.39714  -3.34074  -3.20048  -3.19090
  26000.  3.50  -4.14762  -3.62635  -3.01137  -3.01581  -2.81137  -3.58434  -3.80910  -3.67022  -3.55129  -3.45430  -3.40210  -3.27143  -3.26223
  26000.  4.00  -4.21568  -3.69658  -3.08336  -3.08666  -2.88169  -3.63697  -3.84518  -3.70693  -3.58834  -3.49308  -3.44120  -3.31129  -3.30260
  26000.  4.50  -4.25959  -3.74297  -3.12975  -3.13260  -2.92665  -3.67651  -3.87206  -3.73300  -3.61357  -3.51926  -3.46716  -3.33721  -3.32927
  26000.  5.00  -4.28451  -3.77113  -3.15843  -3.16137  -2.95485  -3.70707  -3.89275  -3.75168  -3.63047  -3.53667  -3.48402  -3.35329  -3.34612
  27000.  3.50  -4.16694  -3.65220  -3.04422  -3.05270  -2.85685  -3.64991  -3.88458  -3.74821  -3.63206  -3.53713  -3.48668  -3.36042  -3.35235
  27000.  4.00  -4.23757  -3.72520  -3.12136  -3.12896  -2.93396  -3.70815  -3.92613  -3.79041  -3.67449  -3.58138  -3.53122  -3.40570  -3.39803
  27000.  4.50  -4.28586  -3.77502  -3.17139  -3.17823  -2.98186  -3.75047  -3.95619  -3.81947  -3.70250  -3.61012  -3.55962  -3.43369  -3.42666
  27000.  5.00  -4.31419  -3.80572  -3.20230  -3.20901  -3.01181  -3.78230  -3.97847  -3.83974  -3.72099  -3.62908  -3.57800  -3.45128  -3.44496
  28000.  3.50  -4.18939  -3.67960  -3.07598  -3.08747  -2.89757  -3.71017  -3.95453  -3.82024  -3.70646  -3.61300  -3.56395  -3.44106  -3.43401
  28000.  4.00  -4.25800  -3.75196  -3.15600  -3.16761  -2.98189  -3.77360  -4.00074  -3.86770  -3.75454  -3.66362  -3.61520  -3.49422  -3.48757
  28000.  4.50  -4.30975  -3.80490  -3.21010  -3.22085  -3.03393  -3.81958  -4.03469  -3.90047  -3.78610  -3.69577  -3.64693  -3.52523  -3.51911
  28000.  5.00  -4.34156  -3.83831  -3.24368  -3.25410  -3.06608  -3.85319  -4.05907  -3.92278  -3.80655  -3.71659  -3.66711  -3.54449  -3.53901
  29000.  3.50  -4.22055  -3.71390  -3.11224  -3.12562  -2.93885  -3.76970  -4.02310  -3.89032  -3.77842  -3.68560  -3.63749  -3.51622  -3.50996
  29000.  4.00  -4.27847  -3.77766  -3.18757  -3.20262  -3.02464  -3.83318  -4.06923  -3.93870  -3.82834  -3.73936  -3.69265  -3.57566  -3.56999
  29000.  4.50  -4.33162  -3.83242  -3.24521  -3.25965  -3.08160  -3.88317  -4.10717  -3.97553  -3.86383  -3.77559  -3.72843  -3.61102  -3.60580
  29000.  5.00  -4.36641  -3.86840  -3.28181  -3.29580  -3.11665  -3.91917  -4.13420  -4.00040  -3.88675  -3.79877  -3.75093  -3.63244  -3.62778
  30000.  3.50  -4.26454  -3.75925  -3.15778  -3.17201  -2.98586  -3.83278  -4.09416  -3.96226  -3.85163  -3.75870  -3.71101  -3.58965  -3.58393
  30000.  4.00  -4.30290  -3.80585  -3.21948  -3.23719  -3.06487  -3.88940  -4.13396  -4.00563  -3.89776  -3.81027  -3.76501  -3.65112  -3.64628
  30000.  4.50  -4.35326  -3.85886  -3.27758  -3.29530  -3.12500  -3.94164  -4.17417  -4.04508  -3.93610  -3.84978  -3.80426  -3.69075  -3.68640
  30000.  5.00  -4.38964  -3.89650  -3.31677  -3.33408  -3.16314  -3.98009  -4.20384  -4.07260  -3.96154  -3.87551  -3.82925  -3.71481  -3.71095
  31000.  3.50  -4.32139  -3.81669  -3.21503  -3.22964  -3.04330  -3.90317  -4.17102  -4.03974  -3.92996  -3.83645  -3.78881  -3.66609  -3.66065
  31000.  4.00  -4.33483  -3.83992  -3.25532  -3.27486  -3.10603  -3.94528  -4.19766  -4.07110  -3.96540  -3.87885  -3.83474  -3.72272  -3.71856
  31000.  4.50  -4.37757  -3.88674  -3.30955  -3.32996  -3.16579  -3.99662  -4.23732  -4.11058  -4.00416  -3.91943  -3.87539  -3.76505  -3.76146
  31000.  5.00  -4.41308  -3.92402  -3.34963  -3.36988  -3.20607  -4.03659  -4.26872  -4.13997  -4.03146  -3.94717  -3.90242  -3.79163  -3.78849
  32000.  4.00  -4.37575  -3.88177  -3.29774  -3.31845  -3.15150  -4.00378  -4.26300  -4.13778  -4.03394  -3.94785  -3.90464  -3.79336  -3.78972
  32000.  4.50  -4.40747  -3.91875  -3.34386  -3.36631  -3.20650  -4.05045  -4.29874  -4.17404  -4.06996  -3.98643  -3.94366  -3.83563  -3.83265
  32000.  5.00  -4.43937  -3.95333  -3.38271  -3.40541  -3.24741  -4.09048  -4.33054  -4.20415  -4.09816  -4.01536  -3.97202  -3.86407  -3.86156
  33000.  4.00  -4.42612  -3.93246  -3.34856  -3.37003  -3.20406  -4.06732  -4.33218  -4.20798  -4.10572  -4.01966  -3.97712  -3.86552  -3.86225
  33000.  4.50  -4.44423  -3.95642  -3.38250  -3.40643  -3.24950  -4.10531  -4.36034  -4.23734  -4.13541  -4.05270  -4.01105  -3.90440  -3.90194
  33000.  5.00  -4.47027  -3.98589  -3.41741  -3.44205  -3.28836  -4.14302  -4.39041  -4.26613  -4.16250  -4.08088  -4.03881  -3.93310  -3.93113
  34000.  4.00  -4.48382  -3.99029  -3.40650  -3.42849  -3.26313  -4.13541  -4.40492  -4.28158  -4.18066  -4.09439  -4.05228  -3.93964  -3.93657
  34000.  4.50  -4.48933  -4.00175  -3.42817  -3.45309  -3.29791  -4.16401  -4.42478  -4.30309  -4.20307  -4.12076  -4.08006  -3.97382  -3.97176
  34000.  5.00  -4.50778  -4.02407  -3.45662  -3.48272  -3.33210  -4.19713  -4.45098  -4.32853  -4.22708  -4.14632  -4.10538  -4.00111  -3.99957
  35000.  4.00  -4.54720  -4.05381  -3.47044  -3.49288  -3.32824  -4.20771  -4.48095  -4.35846  -4.25875  -4.17225  -4.13047  -4.01659  -4.01357
  35000.  4.50  -4.54124  -4.05352  -3.47997  -3.50559  -3.35148  -4.22641  -4.49197  -4.37134  -4.27300  -4.19079  -4.15086  -4.04423  -4.04246
  35000.  5.00  -4.55236  -4.06861  -3.50148  -3.52863  -3.38002  -4.25418  -4.51357  -4.39259  -4.29314  -4.21290  -4.17296  -4.06932  -4.06814
  36000.  4.00  -4.61444  -4.12130  -3.53867  -3.56156  -3.39790  -4.28317  -4.55939  -4.43783  -4.33926  -4.25270  -4.21126  -4.09646  -4.09347
  36000.  4.50  -4.59863  -4.11073  -3.53730  -3.56347  -3.41022  -4.29249  -4.56196  -4.44228  -4.34549  -4.26320  -4.22389  -4.11630  -4.11471
  36000.  5.00  -4.60287  -4.11874  -3.55156  -3.57945  -3.43213  -4.31424  -4.57830  -4.45852  -4.36088  -4.28088  -4.24180  -4.13806  -4.13717
  37000.  4.00  -4.68386  -4.19113  -3.60952  -3.63293  -3.47062  -4.36056  -4.63918  -4.51855  -4.42104  -4.33466  -4.29358  -4.17844  -4.17551
  37000.  4.50  -4.66021  -4.17223  -3.59919  -3.62590  -3.47368  -4.36201  -4.63463  -4.51587  -4.42054  -4.33819  -4.29943  -4.19078  -4.18930
  37000.  5.00  -4.65826  -4.17361  -3.60634  -3.63481  -3.48842  -4.37734  -4.64527  -4.52652  -4.43059  -4.35064  -4.31232  -4.20785  -4.20718
  38000.  4.00  -4.75396  -4.26172  -3.68124  -3.70517  -3.54432  -4.43821  -4.71893  -4.59917  -4.50262  -4.41656  -4.37586  -4.26088  -4.25807
  38000.  4.50  -4.72467  -4.23679  -3.66449  -3.69175  -3.54080  -4.43412  -4.70927  -4.59148  -4.49753  -4.41526  -4.37704  -4.26764  -4.26624
  38000.  5.00  -4.71785  -4.23277  -3.66559  -3.69459  -3.54915  -4.44376  -4.71483  -4.59704  -4.50270  -4.42274  -4.38511  -4.27963  -4.27912
  39000.  4.00  -4.82374  -4.33212  -3.75278  -3.77719  -3.61771  -4.51508  -4.79777  -4.67879  -4.58302  -4.49733  -4.45696  -4.34246  -4.33978
  39000.  4.50  -4.79057  -4.30299  -3.73165  -3.75949  -3.60999  -4.50758  -4.78484  -4.66805  -4.57541  -4.49340  -4.45574  -4.34599  -4.34472
  39000.  5.00  -4.78027  -4.29499  -3.72822  -3.75774  -3.61341  -4.51280  -4.78640  -4.66956  -4.57674  -4.49683  -4.45986  -4.35345  -4.35308
  40000.  4.50  -4.85677  -4.36965  -3.79943  -3.82786  -3.67999  -4.58123  -4.86032  -4.74450  -4.65305  -4.57142  -4.53429  -4.42463  -4.42351
  40000.  5.00  -4.84434  -4.35906  -3.79296  -3.82302  -3.68002  -4.58352  -4.85921  -4.74334  -4.65192  -4.57220  -4.53585  -4.42885  -4.42862
  41000.  4.50  -4.92247  -4.43595  -3.86692  -3.89591  -3.74966  -4.65416  -4.93492  -4.82003  -4.72963  -4.64843  -4.61180  -4.50252  -4.50157
  41000.  5.00  -4.90903  -4.42396  -3.85874  -3.88934  -3.74771  -4.65487  -4.93237  -4.81745  -4.72734  -4.64791  -4.61217  -4.50491  -4.50485
  42000.  4.50  -4.98732  -4.50149  -3.93361  -3.96313  -3.81842  -4.72580  -5.00820  -4.89416  -4.80465  -4.72391  -4.68771  -4.57897  -4.57820
  42000.  5.00  -4.97356  -4.48886  -3.92463  -3.95578  -3.81570  -4.72602  -5.00512  -4.89112  -4.80222  -4.72316  -4.68798  -4.58078  -4.58089
  43000.  4.50  -5.05111  -4.56606  -3.99933  -4.02934  -3.88603  -4.79601  -5.08003  -4.96677  -4.87799  -4.79766  -4.76180  -4.65371  -4.65307
  43000.  5.00  -5.03741  -4.55325  -3.99005  -4.02175  -3.88318  -4.79633  -5.07695  -4.96383  -4.87598  -4.79733  -4.76266  -4.65575  -4.65604
  44000.  4.50  -5.11386  -4.62965  -4.06403  -4.09445  -3.95243  -4.86474  -5.15038  -5.03783  -4.94963  -4.86970  -4.83410  -4.72668  -4.72617
  44000.  5.00  -5.10033  -4.61681  -4.05470  -4.08689  -3.94978  -4.86547  -5.14754  -5.03527  -4.94831  -4.87008  -4.83585  -4.72937  -4.72983
  45000.  4.50  -5.17548  -4.69220  -4.12767  -4.15849  -4.01766  -4.93208  -5.21934  -5.10744  -5.01970  -4.94014  -4.90472  -4.79802  -4.79761
  45000.  5.00  -5.16222  -4.67941  -4.11837  -4.15102  -4.01530  -4.93328  -5.21679  -5.10529  -5.01911  -4.94128  -4.90742  -4.80146  -4.80207
  46000.  4.50  -5.23617  -4.75385  -4.19038  -4.22157  -4.08184  -4.99818  -5.28701  -5.17572  -5.08836  -5.00913  -4.97386  -4.86790  -4.86757
  46000.  5.00  -5.22305  -4.74106  -4.18108  -4.21416  -4.07971  -4.99977  -5.28472  -5.17393  -5.08839  -5.01094  -4.97738  -4.87201  -4.87276
  47000.  4.50  -5.29584  -4.81453  -4.25207  -4.28362  -4.14495  -5.06303  -5.35340  -5.24269  -5.15565  -5.07677  -5.04162  -4.93644  -4.93619
  47000.  5.00  -5.28285  -4.80172  -4.24279  -4.27627  -4.14302  -5.06496  -5.35135  -5.24122  -5.15622  -5.07914  -5.04581  -4.94108  -4.94194
  48000.  4.50  -5.35456  -4.87426  -4.31280  -4.34470  -4.20705  -5.12673  -5.41861  -5.30845  -5.22168  -5.14312  -5.10806  -5.00368  -5.00351
  48000.  5.00  -5.34164  -4.86144  -4.30352  -4.33738  -4.20529  -5.12895  -5.41675  -5.30725  -5.22271  -5.14598  -5.11284  -5.00879  -5.00973
  49000.  4.50  -5.41235  -4.93307  -4.37257  -4.40482  -4.26814  -5.18932  -5.48264  -5.37300  -5.28650  -5.20826  -5.17330  -5.06972  -5.06962
  49000.  5.00  -5.39944  -4.92021  -4.36332  -4.39754  -4.26657  -5.19181  -5.48098  -5.37209  -5.28794  -5.21155  -5.17858  -5.07524  -5.07627
  50000.  5.00  -5.45634  -4.97808  -4.42217  -4.45676  -4.32685  -5.25357  -5.54408  -5.43576  -5.35197  -5.27592  -5.24309  -5.14050  -5.14159
