   3500.  0.00  -9.51037  -9.16099 -10.09355  -7.82014  -6.88309  -4.92869  -4.01476  -2.99741  -2.21986  -1.57415  -1.25038   0.06044   0.27499
   3500.  0.50  -9.41945  -9.16228 -10.00304  -7.56302  -6.55373  -4.69542  -3.88117  -2.98216  -2.26194  -1.63556  -1.32258   0.04905   0.27060
   3500.  1.00  -9.32014  -9.15359  -9.88729  -7.29445  -6.21717  -4.46961  -3.75465  -2.96362  -2.29517  -1.68411  -1.38021   0.04580   0.27367
   3500.  1.50  -9.20633  -9.13038  -9.74303  -7.01266  -5.86985  -4.24448  -3.62036  -2.92771  -2.30579  -1.70831  -1.41191   0.05508   0.28749
   3500.  2.00  -9.07828  -9.09104  -9.57159  -6.72077  -5.51349  -4.02084  -3.47512  -2.86900  -2.28841  -1.70428  -1.41415   0.07833   0.31321
   3500.  2.50  -8.93939  -9.03410  -9.37309  -6.43246  -5.16768  -3.80580  -3.31751  -2.78353  -2.23740  -1.66755  -1.38245   0.11764   0.35238
   3500.  3.00  -8.79515  -8.95975  -9.15078  -6.15801  -4.84520  -3.60477  -3.15281  -2.67452  -2.15365  -1.59815  -1.31642   0.17375   0.40586
   3500.  3.50  -8.65798  -8.86598  -8.90387  -5.91448  -4.56412  -3.43469  -2.99646  -2.54627  -2.03207  -1.48656  -1.20443   0.25092   0.47721
   3500.  4.00  -8.53333  -8.75501  -8.63718  -5.70078  -4.32145  -3.29745  -2.85790  -2.40352  -1.87254  -1.32825  -1.04062   0.34635   0.56290
   3500.  4.50  -8.45440  -8.65906  -8.38066  -5.54501  -4.14706  -3.22367  -2.76515  -2.28570  -1.72048  -1.16832  -0.87083   0.42452   0.62947
   3500.  5.00  -8.44994  -8.59583  -8.20082  -5.50614  -4.10661  -3.24806  -2.74667  -2.23099  -1.62169  -1.05158  -0.74157   0.47298   0.66801
   3750.  0.00  -9.02296  -8.88250  -9.72381  -7.28765  -6.29918  -4.37926  -3.33836  -2.25653  -1.46157  -0.86420  -0.54424   0.32461   0.47264
   3750.  0.50  -8.94164  -8.87984  -9.60106  -7.04600  -5.98536  -4.18970  -3.22236  -2.23526  -1.47046  -0.88699  -0.57123   0.31651   0.46707
   3750.  1.00  -8.86342  -8.87369  -9.45140  -6.80875  -5.68603  -4.01254  -3.12174  -2.22428  -1.48869  -0.91656  -0.60448   0.31052   0.46453
   3750.  1.50  -8.78337  -8.86117  -9.27761  -6.57434  -5.39689  -3.84264  -3.02660  -2.21427  -1.50894  -0.94761  -0.63934   0.30775   0.46582
   3750.  2.00  -8.69846  -8.84028  -9.08717  -6.33724  -5.10720  -3.67635  -2.93166  -2.19978  -1.52635  -0.97598  -0.67197   0.30899   0.47120
   3750.  2.50  -8.61110  -8.80865  -8.88784  -6.10769  -4.83031  -3.52041  -2.83785  -2.17870  -1.53594  -0.99595  -0.69598   0.31668   0.48252
   3750.  3.00  -8.51870  -8.76440  -8.68704  -5.88568  -4.56679  -3.37143  -2.73982  -2.14508  -1.53128  -1.00168  -0.70553   0.33276   0.50135
   3750.  3.50  -8.43096  -8.70603  -8.48742  -5.68798  -4.33590  -3.24430  -2.64859  -2.10205  -1.50821  -0.98576  -0.69143   0.36231   0.53208
   3750.  4.00  -8.35227  -8.62747  -8.27216  -5.52340  -4.14968  -3.14545  -2.57615  -2.04854  -1.45679  -0.93272  -0.63638   0.41437   0.58264
   3750.  4.50  -8.27350  -8.53423  -8.02917  -5.34187  -3.94453  -3.05375  -2.50884  -1.97780  -1.37633  -0.84552  -0.54505   0.47638   0.63974
   3750.  5.00  -8.22770  -8.45491  -7.80174  -5.21577  -3.80902  -3.00807  -2.46664  -1.92356  -1.30558  -0.76535  -0.45926   0.52602   0.68381
   4000.  0.00  -8.58036  -8.69144  -9.41003  -6.55677  -5.36527  -3.78421  -2.79560  -1.76419  -1.04546  -0.51567  -0.22437   0.47274   0.59007
   4000.  0.50  -8.50334  -8.68304  -9.25196  -6.32351  -5.08232  -3.62583  -2.69708  -1.73824  -1.04119  -0.52227  -0.23382   0.46600   0.58330
   4000.  1.00  -8.43543  -8.67082  -9.06396  -6.10528  -4.82388  -3.48454  -2.61544  -1.72480  -1.04469  -0.53254  -0.24487   0.46155   0.57919
   4000.  1.50  -8.37431  -8.65391  -8.85291  -5.90371  -4.59041  -3.35823  -2.54515  -1.71889  -1.05297  -0.54541  -0.25731   0.45817   0.57662
   4000.  2.00  -8.31310  -8.63009  -8.62648  -5.71294  -4.37375  -3.23857  -2.47589  -1.71393  -1.06242  -0.55938  -0.27056   0.45578   0.57548
   4000.  2.50  -8.25789  -8.59910  -8.39750  -5.54353  -4.18399  -3.13516  -2.41506  -1.71226  -1.07383  -0.57444  -0.28451   0.45468   0.57605
   4000.  3.00  -8.20636  -8.55967  -8.17750  -5.39963  -4.02617  -3.04602  -2.35898  -1.70994  -1.08452  -0.58889  -0.29807   0.45647   0.57990
   4000.  3.50  -8.16076  -8.51122  -7.97485  -5.28083  -3.89757  -2.97341  -2.31123  -1.70874  -1.09409  -0.60067  -0.30849   0.46386   0.58950
   4000.  4.00  -8.11949  -8.44913  -7.78357  -5.18534  -3.79739  -2.91660  -2.27294  -1.70378  -1.09437  -0.59952  -0.30497   0.48420   0.61145
   4000.  4.50  -8.07568  -8.36193  -7.56516  -5.07708  -3.68415  -2.86398  -2.24970  -1.68912  -1.07584  -0.57206  -0.27394   0.52487   0.65182
   4000.  5.00  -8.02580  -8.26006  -7.32171  -4.94636  -3.54825  -2.80754  -2.22514  -1.66232  -1.04296  -0.52942  -0.22812   0.56939   0.69440
   4250.  0.00  -8.18571  -8.51452  -8.68213  -5.69659  -4.35786  -3.23522  -2.35312  -1.41676  -0.76806  -0.29460  -0.02881   0.57170   0.66963
   4250.  0.50  -8.10881  -8.49086  -8.42483  -5.47009  -4.10994  -3.09409  -2.26534  -1.38534  -0.75891  -0.29811  -0.03702   0.56251   0.66061
   4250.  1.00  -8.04419  -8.45952  -8.14178  -5.26187  -3.88644  -2.97153  -2.19610  -1.36783  -0.75811  -0.30500  -0.04599   0.55681   0.65494
   4250.  1.50  -7.98674  -8.41897  -7.85091  -5.06571  -3.67883  -2.86183  -2.13725  -1.35916  -0.76254  -0.31396  -0.05506   0.55313   0.65123
   4250.  2.00  -7.93312  -8.37029  -7.58242  -4.89220  -3.49762  -2.76356  -2.08184  -1.35316  -0.76789  -0.32294  -0.06307   0.55018   0.64827
   4250.  2.50  -7.88704  -8.31920  -7.36988  -4.75193  -3.35027  -2.68214  -2.03357  -1.35160  -0.77502  -0.33222  -0.07016   0.54789   0.64610
   4250.  3.00  -7.85316  -8.27057  -7.22333  -4.66174  -3.25482  -2.62519  -1.99636  -1.35593  -0.78393  -0.34112  -0.07541   0.54719   0.64553
   4250.  3.50  -7.82960  -8.22318  -7.12215  -4.61404  -3.20352  -2.58885  -1.96924  -1.36479  -0.79463  -0.35021  -0.08012   0.54819   0.64697
   4250.  4.00  -7.81772  -8.17246  -7.03676  -4.60345  -3.19399  -2.57481  -1.95443  -1.37980  -0.80720  -0.35850  -0.08284   0.55309   0.65253
   4250.  4.50  -7.80753  -8.10064  -6.91594  -4.59489  -3.19280  -2.56963  -1.95055  -1.39510  -0.81636  -0.35976  -0.07811   0.56828   0.66830
   4250.  5.00  -7.78744  -7.98154  -6.70084  -4.54992  -3.16214  -2.55723  -1.95986  -1.40594  -0.81750  -0.34765  -0.06050   0.59939   0.69954
   4500.  0.00  -7.84370  -8.21894  -7.22058  -4.93407  -3.59220  -2.76686  -1.99483  -1.16105  -0.56975  -0.13895   0.10759   0.64528   0.72704
   4500.  0.50  -7.77205  -8.14502  -6.94506  -4.72664  -3.38071  -2.64735  -1.92026  -1.12992  -0.55916  -0.14136   0.09969   0.63309   0.71568
   4500.  1.00  -7.71259  -8.04907  -6.65431  -4.53751  -3.19419  -2.54585  -1.86366  -1.11143  -0.55630  -0.14692   0.09093   0.62497   0.70815
   4500.  1.50  -7.65954  -7.93132  -6.36471  -4.36076  -3.02387  -2.45639  -1.81744  -1.10113  -0.55845  -0.15452   0.08190   0.61948   0.70303
   4500.  2.00  -7.60883  -7.79701  -6.09751  -4.19894  -2.86975  -2.37640  -1.77584  -1.09506  -0.56284  -0.16279   0.07350   0.61544   0.69918
   4500.  2.50  -7.55870  -7.66931  -5.89325  -4.06416  -2.73868  -2.30523  -1.73526  -1.09085  -0.56780  -0.17097   0.06625   0.61197   0.69574
   4500.  3.00  -7.51846  -7.58181  -5.79076  -3.97765  -2.64761  -2.25359  -1.70261  -1.09203  -0.57449  -0.17879   0.06120   0.61020   0.69384
   4500.  3.50  -7.48829  -7.52839  -5.77360  -3.94143  -2.60091  -2.22230  -1.67844  -1.09790  -0.58236  -0.18594   0.05822   0.61005   0.69351
   4500.  4.00  -7.47184  -7.50530  -5.81964  -3.95295  -2.59959  -2.21302  -1.66602  -1.11100  -0.59307  -0.19312   0.05689   0.61255   0.69594
   4500.  4.50  -7.46656  -7.49017  -5.88138  -3.99567  -2.63353  -2.22250  -1.66360  -1.12999  -0.60557  -0.19941   0.05785   0.61791   0.70119
   4500.  5.00  -7.46585  -7.45074  -5.90062  -4.04314  -2.68197  -2.24557  -1.67341  -1.15291  -0.61798  -0.20222   0.06300   0.63023   0.71345
   4750.  0.00  -7.49159  -7.63388  -5.96989  -4.29540  -3.02058  -2.34520  -1.68104  -0.95289  -0.41850  -0.02648   0.20218   0.69761   0.76593
   4750.  0.50  -7.42378  -7.49495  -5.70831  -4.09565  -2.82416  -2.24543  -1.62008  -0.92603  -0.40907  -0.02872   0.19474   0.68311   0.75249
   4750.  1.00  -7.36442  -7.33580  -5.45104  -3.91601  -2.65416  -2.16252  -1.57497  -0.90923  -0.40565  -0.03332   0.18667   0.67264   0.74298
   4750.  1.50  -7.30817  -7.15820  -5.20394  -3.75352  -2.50546  -2.09207  -1.54038  -0.89939  -0.40641  -0.03955   0.17831   0.66500   0.73616
   4750.  2.00  -7.24961  -6.96893  -4.97433  -3.60585  -2.37307  -2.03074  -1.51128  -0.89349  -0.40942  -0.04663   0.17007   0.65902   0.73079
   4750.  2.50  -7.18842  -6.79452  -4.78727  -3.47960  -2.25806  -1.97636  -1.48314  -0.88882  -0.41282  -0.05366   0.16263   0.65394   0.72609
   4750.  3.00  -7.13224  -6.66698  -4.67420  -3.38980  -2.16941  -1.93327  -1.45776  -0.88652  -0.41677  -0.06025   0.15681   0.65022   0.72247
   4750.  3.50  -7.08749  -6.60007  -4.64956  -3.34670  -2.11523  -1.90544  -1.43734  -0.88816  -0.42179  -0.06622   0.15333   0.64863   0.72075
   4750.  4.00  -7.05698  -6.58895  -4.70826  -3.35043  -2.09741  -1.89338  -1.42327  -0.89444  -0.42839  -0.07180   0.15190   0.64950   0.72140
   4750.  4.50  -7.04291  -6.62014  -4.83020  -3.39544  -2.11652  -1.89824  -1.41745  -0.90675  -0.43723  -0.07713   0.15260   0.65306   0.72470
   4750.  5.00  -7.04287  -6.67020  -4.97873  -3.46761  -2.16558  -1.91888  -1.42017  -0.92488  -0.44800  -0.08185   0.15556   0.65929   0.73053
   5000.  0.00  -6.99972  -6.89432  -5.15159  -3.77433  -2.57000  -1.95342  -1.39180  -0.76814  -0.29401   0.05785   0.26715   0.72582   0.78466
   5000.  0.50  -6.93033  -6.71617  -4.87783  -3.57532  -2.38005  -1.87275  -1.34637  -0.74939  -0.28902   0.05366   0.25878   0.71074   0.77024
   5000.  1.00  -6.86490  -6.52043  -4.60828  -3.39070  -2.21146  -1.80400  -1.31210  -0.73729  -0.28777   0.04830   0.25043   0.69892   0.75920
   5000.  1.50  -6.80235  -6.31769  -4.35799  -3.22583  -2.06668  -1.74727  -1.28729  -0.73056  -0.28939   0.04214   0.24229   0.68975   0.75082
   5000.  2.00  -6.73977  -6.11842  -4.13479  -3.08112  -1.94303  -1.70095  -1.26866  -0.72717  -0.29261   0.03560   0.23447   0.68234   0.74411
   5000.  2.50  -6.67849  -5.93814  -3.94896  -2.95849  -1.83844  -1.66265  -1.25260  -0.72495  -0.29606   0.02932   0.22741   0.67616   0.73846
   5000.  3.00  -6.62392  -5.79945  -3.82064  -2.86707  -1.75602  -1.63356  -1.23825  -0.72340  -0.29907   0.02383   0.22174   0.67128   0.73389
   5000.  3.50  -6.57831  -5.71075  -3.75909  -2.81256  -1.69850  -1.61440  -1.22569  -0.72320  -0.30198   0.01916   0.21791   0.66816   0.73084
   5000.  4.00  -6.54516  -5.67631  -3.77161  -2.80069  -1.67026  -1.60694  -1.21615  -0.72542  -0.30520   0.01542   0.21640   0.66757   0.73012
   5000.  4.50  -6.52444  -5.68848  -3.85175  -2.82881  -1.67139  -1.61063  -1.21008  -0.73114  -0.30961   0.01213   0.21701   0.66964   0.73192
   5000.  5.00  -6.51788  -5.73526  -3.98324  -2.88862  -1.69905  -1.62465  -1.20822  -0.74108  -0.31568   0.00913   0.21967   0.67427   0.73616
   5250.  0.00  -6.45721  -6.22166  -4.54453  -3.33166  -2.19682  -1.58694  -1.12113  -0.59800  -0.18633   0.12373   0.31189   0.72887   0.78162
   5250.  0.50  -6.36472  -6.02006  -4.27883  -3.14655  -2.02154  -1.53062  -1.09511  -0.59044  -0.18792   0.11639   0.30197   0.71567   0.76834
   5250.  1.00  -6.26737  -5.80035  -4.00886  -2.96552  -1.85852  -1.47937  -1.07478  -0.58600  -0.19099   0.10898   0.29262   0.70441   0.75732
   5250.  1.50  -6.16894  -5.57804  -3.75454  -2.79934  -1.71540  -1.43630  -1.06067  -0.58471  -0.19543   0.10157   0.28390   0.69506   0.74836
   5250.  2.00  -6.07307  -5.36543  -3.52534  -2.65114  -1.59212  -1.40142  -1.05132  -0.58565  -0.20070   0.09427   0.27578   0.68722   0.74096
   5250.  2.50  -5.98791  -5.17789  -3.33262  -2.52568  -1.48941  -1.37493  -1.04519  -0.58761  -0.20584   0.08762   0.26867   0.68076   0.73492
   5250.  3.00  -5.92197  -5.03197  -3.18967  -2.42904  -1.40802  -1.35722  -1.04093  -0.58959  -0.21001   0.08214   0.26308   0.67562   0.73008
   5250.  3.50  -5.87527  -4.93204  -3.10229  -2.36470  -1.34847  -1.34778  -1.03765  -0.59145  -0.21307   0.07801   0.25934   0.67218   0.72679
   5250.  4.00  -5.84587  -4.88232  -3.07903  -2.33882  -1.31424  -1.34787  -1.03562  -0.59353  -0.21503   0.07547   0.25801   0.67100   0.72557
   5250.  4.50  -5.82640  -4.87282  -3.11441  -2.34890  -1.30423  -1.35603  -1.03436  -0.59654  -0.21662   0.07406   0.25887   0.67224   0.72662
   5250.  5.00  -5.81557  -4.89506  -3.20150  -2.39129  -1.31777  -1.37139  -1.03407  -0.60141  -0.21863   0.07338   0.26188   0.67601   0.73005
   5500.  0.00  -5.92958  -5.60921  -4.02744  -2.94403  -1.88740  -1.25360  -0.87346  -0.44347  -0.09348   0.17471   0.34081   0.71040   0.75942
   5500.  0.50  -5.80436  -5.40074  -3.78831  -2.78128  -1.73085  -1.22170  -0.86648  -0.44735  -0.10181   0.16444   0.32984   0.70089   0.74886
   5500.  1.00  -5.65426  -5.16741  -3.53600  -2.61315  -1.57765  -1.18980  -0.86104  -0.45149  -0.10971   0.15495   0.31977   0.69200   0.73942
   5500.  1.50  -5.49055  -4.92873  -3.29067  -2.45207  -1.43780  -1.16201  -0.85889  -0.45687  -0.11777   0.14589   0.31038   0.68399   0.73120
   5500.  2.00  -5.32745  -4.70002  -3.06327  -2.30347  -1.31402  -1.13881  -0.85936  -0.46323  -0.12598   0.13717   0.30155   0.67676   0.72400
   5500.  2.50  -5.18495  -4.49963  -2.86728  -2.17469  -1.20928  -1.12215  -0.86213  -0.46998  -0.13367   0.12934   0.29384   0.67061   0.71798
   5500.  3.00  -5.07732  -4.34049  -2.71210  -2.07018  -1.12350  -1.11207  -0.86597  -0.47627  -0.14019   0.12274   0.28751   0.66553   0.71307
   5500.  3.50  -5.00775  -4.22791  -2.60485  -1.99454  -1.05790  -1.10902  -0.87055  -0.48189  -0.14519   0.11782   0.28319   0.66215   0.70981
   5500.  4.00  -4.97659  -4.16818  -2.55498  -1.95419  -1.01525  -1.11418  -0.87556  -0.48643  -0.14804   0.11518   0.28157   0.66096   0.70862
   5500.  4.50  -4.96928  -4.14933  -2.55700  -1.94693  -0.99462  -1.12611  -0.88019  -0.49012  -0.14921   0.11443   0.28243   0.66206   0.70958
   5500.  5.00  -4.97712  -4.16449  -2.60965  -1.97264  -0.99686  -1.14468  -0.88432  -0.49353  -0.14917   0.11536   0.28586   0.66571   0.71294
   5750.  0.00  -5.36299  -5.00733  -3.57128  -2.61233  -1.64315  -0.96653  -0.65669  -0.30861  -0.01642   0.21156   0.35561   0.67612   0.72344
   5750.  0.50  -5.20803  -4.80833  -3.36664  -2.47357  -1.50575  -0.95536  -0.66534  -0.32175  -0.02961   0.20007   0.34539   0.67139   0.71646
   5750.  1.00  -5.01157  -4.57521  -3.13960  -2.32041  -1.36246  -0.93989  -0.67252  -0.33352  -0.04175   0.18912   0.33535   0.66597   0.70943
   5750.  1.50  -4.79532  -4.33104  -2.90985  -2.16640  -1.22540  -0.92532  -0.68092  -0.34531  -0.05345   0.17856   0.32561   0.66031   0.70273
   5750.  2.00  -4.58291  -4.09564  -2.69156  -2.02029  -1.10090  -0.91370  -0.69100  -0.35735  -0.06482   0.16844   0.31629   0.65474   0.69657
   5750.  2.50  -4.39761  -3.88761  -2.49773  -1.88953  -0.99239  -0.90652  -0.70240  -0.36918  -0.07535   0.15919   0.30787   0.64956   0.69110
   5750.  3.00  -4.25192  -3.71655  -2.33560  -1.77799  -0.90020  -0.90332  -0.71410  -0.38025  -0.08472   0.15104   0.30057   0.64495   0.68641
   5750.  3.50  -4.15378  -3.59177  -2.21529  -1.69211  -0.82640  -0.90522  -0.72573  -0.39011  -0.09229   0.14466   0.29520   0.64167   0.68314
   5750.  4.00  -4.10654  -3.51962  -2.14425  -1.63694  -0.77257  -0.91266  -0.73649  -0.39804  -0.09736   0.14065   0.29236   0.64024   0.68169
   5750.  4.50  -4.09852  -3.49178  -2.12030  -1.61267  -0.73936  -0.92551  -0.74613  -0.40411  -0.09992   0.13913   0.29232   0.64108   0.68246
   5750.  5.00  -4.12347  -3.50527  -2.14569  -1.62158  -0.72881  -0.94472  -0.75448  -0.40839  -0.09994   0.14029   0.29550   0.64475   0.68592
   6000.  0.00  -4.77298  -4.43722  -3.17803  -2.33384  -1.45783  -0.71606  -0.46498  -0.19228   0.04445   0.23369   0.35584   0.62892   0.67622
   6000.  0.50  -4.60574  -4.25608  -3.00769  -2.22070  -1.33976  -0.73140  -0.49135  -0.21322   0.02990   0.22468   0.35020   0.63108   0.67490
   6000.  1.00  -4.38634  -4.03138  -2.80506  -2.08186  -1.20631  -0.73055  -0.50906  -0.23108   0.01497   0.21365   0.34167   0.63008   0.67107
   6000.  1.50  -4.14768  -3.79188  -2.59234  -1.93515  -1.07213  -0.72704  -0.52602  -0.24832   0.00024   0.20228   0.33239   0.62758   0.66649
   6000.  2.00  -3.91658  -3.55905  -2.38495  -1.79143  -0.94571  -0.72507  -0.54418  -0.26557  -0.01410   0.19104   0.32303   0.62430   0.66176
   6000.  2.50  -3.71316  -3.34911  -2.19426  -1.65796  -0.83150  -0.72568  -0.56324  -0.28246  -0.02771   0.18028   0.31396   0.62056   0.65715
   6000.  3.00  -3.54802  -3.17152  -2.02865  -1.54006  -0.73166  -0.72894  -0.58247  -0.29852  -0.04019   0.17043   0.30569   0.61688   0.65300
   6000.  3.50  -3.43163  -3.03870  -1.90011  -1.44534  -0.64891  -0.73554  -0.60081  -0.31280  -0.05064   0.16228   0.29904   0.61388   0.64978
   6000.  4.00  -3.36540  -2.95363  -1.81253  -1.37646  -0.58310  -0.74496  -0.61747  -0.32489  -0.05873   0.15619   0.29445   0.61217   0.64801
   6000.  4.50  -3.34549  -2.91557  -1.76941  -1.33722  -0.53687  -0.75812  -0.63219  -0.33434  -0.06374   0.15302   0.29292   0.61267   0.64846
   6000.  5.00  -3.36872  -2.92258  -1.77185  -1.32939  -0.51193  -0.77585  -0.64434  -0.34080  -0.06531   0.15309   0.29489   0.61590   0.65157
   6250.  0.50  -4.04965  -3.76725  -2.70479  -2.01023  -1.21839  -0.53173  -0.33468  -0.11889   0.07618   0.23685   0.34261   0.58055   0.62451
   6250.  1.00  -3.82900  -3.55549  -2.52402  -1.88763  -1.09581  -0.55398  -0.36709  -0.14220   0.06190   0.22968   0.33966   0.58628   0.62618
   6250.  1.50  -3.58945  -3.32601  -2.32746  -1.74938  -0.96621  -0.56273  -0.39215  -0.16388   0.04559   0.21896   0.33241   0.58801   0.62460
   6250.  2.00  -3.35695  -3.09945  -2.12983  -1.60791  -0.83846  -0.56936  -0.41681  -0.18544   0.02884   0.20712   0.32357   0.58762   0.62176
   6250.  2.50  -3.14781  -2.88965  -1.94176  -1.47135  -0.71846  -0.57644  -0.44201  -0.20686   0.01225   0.19498   0.31409   0.58577   0.61826
   6250.  3.00  -2.97388  -2.70889  -1.77440  -1.34753  -0.61071  -0.58512  -0.46740  -0.22754  -0.00344   0.18330   0.30478   0.58313   0.61460
   6250.  3.50  -2.84553  -2.56894  -1.63796  -1.24297  -0.51706  -0.59572  -0.49218  -0.24670  -0.01741   0.17290   0.29655   0.58054   0.61148
   6250.  4.00  -2.76312  -2.47220  -1.53693  -1.16139  -0.43909  -0.60751  -0.51508  -0.26355  -0.02903   0.16441   0.29009   0.57866   0.60939
   6250.  4.50  -2.72967  -2.42400  -1.47858  -1.10858  -0.37969  -0.62118  -0.53506  -0.27704  -0.03719   0.15897   0.28661   0.57868   0.60933
   6250.  5.00  -2.74087  -2.42038  -1.46153  -1.08481  -0.33982  -0.63710  -0.55143  -0.28675  -0.04144   0.15698   0.28660   0.58108   0.61169
   6500.  0.50  -3.55771  -3.34162  -2.44454  -1.82987  -1.12460  -0.36044  -0.20148  -0.03936   0.11168   0.24015   0.32639   0.52338   0.56830
   6500.  1.00  -3.35723  -3.15376  -2.28863  -1.72607  -1.01745  -0.39361  -0.23678  -0.06402   0.09811   0.23528   0.32716   0.53397   0.57384
   6500.  1.50  -3.12393  -2.93359  -2.10525  -1.59756  -0.89364  -0.42229  -0.27466  -0.09011   0.08313   0.22867   0.32554   0.54212   0.57750
   6500.  2.00  -2.89639  -2.71364  -1.91646  -1.46002  -0.76732  -0.43937  -0.30606  -0.11528   0.06530   0.21761   0.31868   0.54557   0.57738
   6500.  2.50  -2.68836  -2.50645  -1.73252  -1.32275  -0.64438  -0.45398  -0.33679  -0.14051   0.04653   0.20485   0.30960   0.54629   0.57548
   6500.  3.00  -2.51151  -2.32452  -1.56416  -1.19383  -0.52952  -0.46828  -0.36760  -0.16544   0.02786   0.19162   0.29964   0.54523   0.57269
   6500.  3.50  -2.37281  -2.17635  -1.41956  -1.07944  -0.42567  -0.48250  -0.39792  -0.18938   0.01013   0.17878   0.28975   0.54312   0.56961
   6500.  4.00  -2.27689  -2.06868  -1.30669  -0.98575  -0.33562  -0.49682  -0.42664  -0.21120  -0.00548   0.16752   0.28117   0.54108   0.56712
   6500.  4.50  -2.22991  -2.00959  -1.23415  -0.91934  -0.26228  -0.51128  -0.45203  -0.22935  -0.01751   0.15919   0.27525   0.54044   0.56633
   6500.  5.00  -2.22445  -1.99225  -1.19927  -0.88000  -0.20731  -0.52588  -0.47315  -0.24326  -0.02545   0.15433   0.27264   0.54172   0.56762
   6750.  0.50  -3.10963  -2.95698  -2.20899  -1.66683  -1.04200  -0.22567  -0.10176   0.02111   0.13760   0.23936   0.30823   0.46643   0.51237
   6750.  1.00  -2.95665  -2.81125  -2.08565  -1.58547  -0.95644  -0.25357  -0.12527   0.00177   0.12499   0.23315   0.30711   0.47640   0.51689
   6750.  1.50  -2.74298  -2.60873  -1.91882  -1.47006  -0.84311  -0.29216  -0.16519  -0.02483   0.11142   0.22916   0.30928   0.48883   0.52390
   6750.  2.00  -2.51926  -2.39246  -1.73668  -1.33776  -0.71970  -0.32733  -0.20842  -0.05399   0.09515   0.22225   0.30803   0.49837   0.52872
   6750.  2.50  -2.31587  -2.18970  -1.55809  -1.20251  -0.59707  -0.35172  -0.24538  -0.08249   0.07555   0.21031   0.30088   0.50267   0.52932
   6750.  3.00  -2.13870  -2.00751  -1.38995  -1.07100  -0.47863  -0.37264  -0.28128  -0.11110   0.05468   0.19622   0.29102   0.50374   0.52784
   6750.  3.50  -1.99305  -1.85305  -1.23987  -0.94965  -0.36778  -0.39175  -0.31660  -0.13926   0.03377   0.18145   0.28002   0.50267   0.52518
   6750.  4.00  -1.88685  -1.73623  -1.11759  -0.84587  -0.26745  -0.40945  -0.35065  -0.16585   0.01422   0.16749   0.26946   0.50084   0.52252
   6750.  4.50  -1.82299  -1.66204  -1.02954  -0.76527  -0.18105  -0.42504  -0.38112  -0.18895  -0.00226   0.15569   0.26062   0.49919   0.52062
   6750.  5.00  -1.80070  -1.63000  -0.97808  -0.71087  -0.11112  -0.43925  -0.40754  -0.20788  -0.01473   0.14733   0.25496   0.49934   0.52080
   7000.  0.50  -2.68496  -2.58915  -1.97915  -1.50686  -0.95841  -0.11846  -0.02872   0.06456   0.15359   0.23363   0.28731   0.41085   0.45732
   7000.  1.00  -2.58860  -2.49273  -1.89240  -1.45134  -0.89721  -0.14455  -0.04380   0.05059   0.14384   0.22831   0.28648   0.42026   0.46142
   7000.  1.50  -2.41941  -2.32859  -1.75381  -1.35584  -0.80202  -0.17812  -0.07117   0.03000   0.13170   0.22295   0.28647   0.43124   0.46645
   7000.  2.00  -2.21278  -2.12719  -1.58480  -1.23392  -0.68671  -0.22292  -0.11637   0.00063   0.11726   0.21888   0.28911   0.44478   0.47436
   7000.  2.50  -2.01177  -1.92640  -1.41008  -1.10151  -0.56585  -0.26266  -0.16414  -0.03170   0.09896   0.21062   0.28700   0.45461   0.47949
   7000.  3.00  -1.83588  -1.74511  -1.24376  -0.97015  -0.44712  -0.29253  -0.20617  -0.06371   0.07703   0.19708   0.27878   0.45893   0.48029
   7000.  3.50  -1.68744  -1.58815  -1.09214  -0.84586  -0.33313  -0.31788  -0.24625  -0.09538   0.05396   0.18133   0.26768   0.45970   0.47870
   7000.  4.00  -1.57271  -1.46337  -0.96274  -0.73484  -0.22636  -0.34000  -0.28499  -0.12609   0.03117   0.16516   0.25566   0.45844   0.47615
   7000.  4.50  -1.49355  -1.37437  -0.86128  -0.64235  -0.12993  -0.35851  -0.32093  -0.15434   0.01022   0.15007   0.24422   0.45633   0.47355
   7000.  5.00  -1.45497  -1.32713  -0.79440  -0.57418  -0.04704  -0.37369  -0.35267  -0.17849  -0.00701   0.13799   0.23540   0.45529   0.47248
   7250.  0.50  -2.25080  -2.20375  -1.72791  -1.33201  -0.85689  -0.04609   0.01179   0.08809   0.15980   0.22501   0.26708   0.36101   0.40657
   7250.  1.00  -2.24089  -2.18520  -1.69837  -1.31484  -0.83232  -0.05732   0.01587   0.08484   0.15372   0.21864   0.26297   0.36503   0.40638
   7250.  1.50  -2.11672  -2.06108  -1.58974  -1.24088  -0.75661  -0.09044  -0.00471   0.06900   0.14455   0.21457   0.26368   0.37583   0.41118
   7250.  2.00  -1.95087  -1.89627  -1.44763  -1.13808  -0.65802  -0.12923  -0.03667   0.04607   0.13163   0.20887   0.26367   0.38721   0.41648
   7250.  2.50  -1.76163  -1.70618  -1.28284  -1.01380  -0.54372  -0.17887  -0.08715   0.01330   0.11530   0.20367   0.26570   0.40100   0.42471
   7250.  3.00  -1.58594  -1.52540  -1.11916  -0.88447  -0.42674  -0.22233  -0.13868  -0.02209   0.09466   0.19349   0.26209   0.41030   0.42945
   7250.  3.50  -1.43747  -1.36852  -0.96848  -0.76017  -0.31279  -0.25572  -0.18429  -0.05688   0.07059   0.17812   0.25234   0.41393   0.42990
   7250.  4.00  -1.31620  -1.23744  -0.83465  -0.64507  -0.20345  -0.28349  -0.22781  -0.09126   0.04537   0.16063   0.23980   0.41402   0.42810
   7250.  4.50  -1.22631  -1.13766  -0.72390  -0.54455  -0.10085  -0.30649  -0.26904  -0.12408   0.02081   0.14304   0.22663   0.41225   0.42545
   7250.  5.00  -1.17383  -1.07663  -0.64393  -0.46512  -0.00827  -0.32446  -0.30621  -0.15332  -0.00084   0.12758   0.21508   0.41048   0.42353
   7500.  0.50  -1.74506  -1.73556  -1.39781  -1.09907  -0.69962  -0.03065  -0.00599   0.07439   0.14788   0.21281   0.25206   0.32761   0.36882
   7500.  1.00  -1.89815  -1.87148  -1.48753  -1.16379  -0.75108   0.00720   0.05101   0.10195   0.15267   0.20314   0.23625   0.31244   0.35323
   7500.  1.50  -1.83045  -1.80079  -1.42101  -1.11972  -0.70282  -0.01942   0.04238   0.09417   0.14804   0.20066   0.23716   0.32077   0.35611
   7500.  2.00  -1.70034  -1.66948  -1.30522  -1.03652  -0.62127  -0.05861   0.01693   0.07610   0.13854   0.19670   0.23832   0.33206   0.36105
   7500.  2.50  -1.54539  -1.51275  -1.16657  -0.93162  -0.52290  -0.10330  -0.01981   0.05045   0.12446   0.19024   0.23791   0.34340   0.36628
   7500.  3.00  -1.37750  -1.33988  -1.01109  -0.80908  -0.41175  -0.15660  -0.07507   0.01441   0.10609   0.18356   0.23888   0.35690   0.37441
   7500.  3.50  -1.22784  -1.18219  -0.86178  -0.68605  -0.29995  -0.20100  -0.12907  -0.02365   0.08281   0.17093   0.23307   0.36493   0.37840
   7500.  4.00  -1.10383  -1.04840  -0.72679  -0.57002  -0.19091  -0.23611  -0.17771  -0.06109   0.05646   0.15350   0.22151   0.36747   0.37830
   7500.  4.50  -1.00752  -0.94210  -0.61089  -0.46530  -0.08579  -0.26473  -0.22379  -0.09763   0.02947   0.13454   0.20774   0.36689   0.37631
   7500.  5.00  -0.94340  -0.86897  -0.52017  -0.37732   0.01261  -0.28666  -0.26624  -0.13154   0.00399   0.11624   0.19404   0.36499   0.37408
   7750.  1.00  -1.54789  -1.54082  -1.25024  -0.99059  -0.64540   0.04155   0.05685   0.09915   0.14002   0.18225   0.20787   0.26421   0.30300
   7750.  1.50  -1.54983  -1.53619  -1.23592  -0.98361  -0.63155   0.03126   0.06762   0.10325   0.14062   0.18036   0.20679   0.26765   0.30217
   7750.  2.00  -1.46083  -1.44434  -1.15164  -0.92358  -0.57058  -0.00493   0.05065   0.09142   0.13529   0.17857   0.20920   0.27815   0.30648
   7750.  2.50  -1.33796  -1.31973  -1.03971  -0.83882  -0.48943  -0.04802   0.02166   0.07140   0.12495   0.17377   0.20959   0.28874   0.31082
   7750.  3.00  -1.19813  -1.17755  -0.91148  -0.73741  -0.39560  -0.09611  -0.01918   0.04325   0.10958   0.16627   0.20837   0.29930   0.31567
   7750.  3.50  -1.05056  -1.02322  -0.76843  -0.62020  -0.29018  -0.15074  -0.07777   0.00473   0.08941   0.15803   0.20797   0.31166   0.32311
   7750.  4.00  -0.92472  -0.88774  -0.63372  -0.50482  -0.18332  -0.19532  -0.13356  -0.03555   0.06374   0.14302   0.19995   0.31834   0.32627
   7750.  4.50  -0.82504  -0.77794  -0.51566  -0.39876  -0.07870  -0.23026  -0.18430  -0.07499   0.03558   0.12391   0.18688   0.31986   0.32586
   7750.  5.00  -0.75215  -0.69534  -0.41737  -0.30532   0.02205  -0.25721  -0.23159  -0.11284   0.00727   0.10377   0.17208   0.31868   0.32400
   8000.  1.00  -1.18635  -1.18990  -0.97950  -0.78669  -0.50799   0.04185   0.02635   0.06943   0.10988   0.15214   0.17583   0.22210   0.25668
   8000.  1.50  -1.27823  -1.27532  -1.04381  -0.83863  -0.54756   0.06311   0.07302   0.09761   0.12294   0.15345   0.17194   0.21468   0.24791
   8000.  2.00  -1.23289  -1.22633  -0.99547  -0.80529  -0.51106   0.03571   0.06824   0.09409   0.12239   0.15365   0.17478   0.22299   0.25066
   8000.  2.50  -1.13980  -1.13071  -0.90760  -0.73913  -0.44643  -0.00611   0.04549   0.07911   0.11602   0.15154   0.17733   0.23397   0.25531
   8000.  3.00  -1.02532  -1.01419  -0.80103  -0.65488  -0.36700  -0.05362   0.01207   0.05640   0.10443   0.14585   0.17721   0.24438   0.25958
   8000.  3.50  -0.89965  -0.88515  -0.68156  -0.55670  -0.27662  -0.10556  -0.03380   0.02515   0.08755   0.13741   0.17546   0.25473   0.26455
   8000.  4.00  -0.77260  -0.75051  -0.55227  -0.44665  -0.17683  -0.15878  -0.09392  -0.01503   0.06563   0.12730   0.17315   0.26553   0.27110
   8000.  4.50  -0.67000  -0.63763  -0.43337  -0.34080  -0.07519  -0.20088  -0.14998  -0.05667   0.03794   0.11008   0.16296   0.27057   0.27352
   8000.  5.00  -0.59055  -0.54836  -0.33098  -0.24502   0.02455  -0.23381  -0.20170  -0.09735   0.00839   0.08956   0.14853   0.27105   0.27279
   8250.  1.00  -0.84338  -0.84852  -0.69205  -0.56072  -0.34274   0.01208  -0.03714   0.01052   0.05605   0.10503   0.13221   0.18172   0.20834
   8250.  1.50  -1.01707  -1.02061  -0.84608  -0.68615  -0.45168   0.07262   0.05643   0.07531   0.09381   0.11941   0.13290   0.16282   0.19382
   8250.  2.00  -1.01536  -1.01498  -0.83620  -0.68187  -0.44204   0.06026   0.06883   0.08347   0.09961   0.12187   0.13534   0.16697   0.19355
   8250.  2.50  -0.95229  -0.94940  -0.77460  -0.63608  -0.39570   0.02347   0.05517   0.07520   0.09774   0.12223   0.13928   0.17712   0.19754
   8250.  3.00  -0.86126  -0.85661  -0.68902  -0.56868  -0.33112  -0.02288   0.02806   0.05776   0.09048   0.11951   0.14152   0.18811   0.20221
   8250.  3.50  -0.75660  -0.75041  -0.59057  -0.48774  -0.25533  -0.07269  -0.00903   0.03266   0.07758   0.11273   0.14056   0.19796   0.20646
   8250.  4.00  -0.64337  -0.63326  -0.47988  -0.39365  -0.16928  -0.12586  -0.05968  -0.00154   0.05925   0.10360   0.13855   0.20813   0.21195
   8250.  4.50  -0.53550  -0.51608  -0.36150  -0.28947  -0.07314  -0.17603  -0.12050  -0.04315   0.03550   0.09167   0.13449   0.21798   0.21827
   8250.  5.00  -0.45211  -0.42262  -0.25724  -0.19321   0.02385  -0.21513  -0.17641  -0.08557   0.00642   0.07273   0.12249   0.22155   0.22001
   8500.  1.50  -0.78185  -0.78996  -0.65882  -0.53847  -0.35355   0.06170   0.02070   0.03754   0.05338   0.07779   0.08926   0.11208   0.13967
   8500.  2.00  -0.81453  -0.81867  -0.68264  -0.56095  -0.37027   0.06715   0.05216   0.05934   0.06706   0.08345   0.09146   0.11070   0.13571
   8500.  2.50  -0.77747  -0.77845  -0.64362  -0.53255  -0.34010   0.03955   0.04938   0.05874   0.06973   0.08592   0.09589   0.11895   0.13843
   8500.  3.00  -0.70831  -0.70744  -0.57752  -0.48066  -0.28954  -0.00216   0.02995   0.04719   0.06670   0.08591   0.10000   0.12990   0.14321
   8500.  3.50  -0.62161  -0.61977  -0.49638  -0.41421  -0.22673  -0.05067  -0.00068   0.02760   0.05843   0.08242   0.10174   0.14063   0.14802
   8500.  4.00  -0.52507  -0.52229  -0.40528  -0.33682  -0.15446  -0.10238  -0.04135   0.00021   0.04438   0.07470   0.10009   0.14997   0.15227
   8500.  4.50  -0.42185  -0.41405  -0.30053  -0.24516  -0.07094  -0.15547  -0.09641  -0.03641   0.02528   0.06567   0.09859   0.16064   0.15885
   8500.  5.00  -0.33226  -0.31438  -0.19388  -0.14814   0.02190  -0.20053  -0.15597  -0.07837   0.00008   0.05191   0.09258   0.16926   0.16490
   8750.  1.50  -0.58046  -0.59173  -0.49001  -0.40161  -0.25642   0.03866  -0.02571  -0.00975   0.00510   0.02999   0.04108   0.06099   0.08424
   8750.  2.00  -0.63742  -0.64635  -0.54475  -0.45091  -0.30291   0.05883   0.02191   0.02441   0.02673   0.03971   0.04425   0.05485   0.07782
   8750.  2.50  -0.62117  -0.62624  -0.52493  -0.43775  -0.28806   0.04131   0.02932   0.03078   0.03304   0.04337   0.04803   0.05973   0.07810
   8750.  3.00  -0.56933  -0.57187  -0.47381  -0.39785  -0.24863   0.00576   0.01796   0.02511   0.03372   0.04532   0.05293   0.06944   0.08188
   8750.  3.50  -0.49755  -0.49894  -0.40636  -0.34274  -0.19616  -0.03952  -0.00565   0.01127   0.03002   0.04499   0.05706   0.08065   0.08700
   8750.  4.00  -0.41398  -0.41509  -0.32869  -0.27694  -0.13442  -0.08976  -0.03952  -0.01020   0.02108   0.04095   0.05849   0.09127   0.09219
   8750.  4.50  -0.32351  -0.32391  -0.24262  -0.20156  -0.06409  -0.14176  -0.08422  -0.03996   0.00608   0.03283   0.05680   0.10080   0.09744
   8750.  5.00  -0.23111  -0.22395  -0.14124  -0.11033   0.01951  -0.19013  -0.14121  -0.07768  -0.01336   0.02433   0.05613   0.11265   0.10607
   9000.  1.50  -0.41186  -0.42480  -0.34031  -0.27642  -0.15963   0.01040  -0.07613  -0.06114  -0.04703  -0.02145  -0.01026   0.00863   0.02713
   9000.  2.00  -0.48287  -0.49674  -0.42205  -0.35151  -0.23915   0.04016  -0.01617  -0.01677  -0.01801  -0.00707  -0.00469  -0.00052   0.01978
   9000.  2.50  -0.48300  -0.49329  -0.42070  -0.35405  -0.24168   0.03052  -0.00080  -0.00491  -0.00894  -0.00274  -0.00195   0.00064   0.01741
   9000.  3.00  -0.44572  -0.45262  -0.38243  -0.32465  -0.21277   0.00046  -0.00608  -0.00650  -0.00619  -0.00019   0.00245   0.00827   0.01954
   9000.  3.50  -0.38720  -0.39192  -0.32558  -0.27823  -0.16833  -0.04039  -0.02373  -0.01593  -0.00701   0.00112   0.00741   0.01889   0.02429
   9000.  4.00  -0.31554  -0.31953  -0.25844  -0.22134  -0.11479  -0.08673  -0.05075  -0.03186  -0.01165   0.00008   0.01108   0.03009   0.03005
   9000.  4.50  -0.23465  -0.23893  -0.18362  -0.15594  -0.05371  -0.13615  -0.08743  -0.05504  -0.02133  -0.00451   0.01213   0.04054   0.03588
   9000.  5.00  -0.14837  -0.15088  -0.09894  -0.07985   0.01683  -0.18563  -0.13535  -0.08645  -0.03656  -0.01202   0.01141   0.05106   0.04285
   9250.  2.00  -0.34879  -0.36667  -0.31124  -0.25989  -0.17590   0.01602  -0.05858  -0.06153  -0.06533  -0.05568  -0.05469  -0.05507  -0.03775
   9250.  2.50  -0.36111  -0.37667  -0.32756  -0.27844  -0.19805   0.01213  -0.03693  -0.04525  -0.05402  -0.05083  -0.05287  -0.05752  -0.04258
   9250.  3.00  -0.33688  -0.34903  -0.30312  -0.26087  -0.18193  -0.01311  -0.03740  -0.04389  -0.05028  -0.04865  -0.04996  -0.05291  -0.04281
   9250.  3.50  -0.29032  -0.29963  -0.25696  -0.22344  -0.14634  -0.04985  -0.05050  -0.05038  -0.04975  -0.04706  -0.04555  -0.04401  -0.03948
   9250.  4.00  -0.22858  -0.23625  -0.19786  -0.17347  -0.09941  -0.09333  -0.07262  -0.06250  -0.05163  -0.04631  -0.04069  -0.03296  -0.03395
   9250.  4.50  -0.15610  -0.16354  -0.13050  -0.11472  -0.04468  -0.14050  -0.10327  -0.08054  -0.05701  -0.04781  -0.03716  -0.02163  -0.02749
   9250.  5.00  -0.07675  -0.08451  -0.05651  -0.04829   0.01741  -0.18887  -0.14342  -0.10579  -0.06750  -0.05280  -0.03624  -0.01094  -0.02061
   9500.  2.00  -0.23313  -0.25394  -0.21170  -0.17595  -0.11372  -0.01123  -0.10331  -0.10823  -0.11409  -0.10537  -0.10537  -0.10907  -0.09488
   9500.  2.50  -0.25313  -0.27319  -0.24234  -0.20823  -0.15462  -0.01103  -0.07689  -0.08852  -0.10093  -0.09995  -0.10408  -0.11439  -0.10150
   9500.  3.00  -0.23936  -0.25657  -0.23122  -0.20255  -0.15258  -0.03245  -0.07362  -0.08491  -0.09663  -0.09835  -0.10275  -0.11299  -0.10421
   9500.  3.50  -0.20344  -0.21774  -0.19615  -0.17485  -0.12728  -0.06644  -0.08338  -0.08946  -0.09557  -0.09723  -0.09959  -0.10649  -0.10300
   9500.  4.00  -0.15158  -0.16381  -0.14614  -0.13284  -0.08805  -0.10774  -0.10193  -0.09919  -0.09621  -0.09614  -0.09502  -0.09678  -0.09876
   9500.  4.50  -0.08751  -0.09885  -0.08593  -0.08043  -0.03931  -0.15311  -0.12821  -0.11373  -0.09895  -0.09595  -0.09034  -0.08549  -0.09243
   9500.  5.00  -0.01449  -0.02610  -0.01842  -0.01994   0.01699  -0.20008  -0.16303  -0.13427  -0.10535  -0.09806  -0.08710  -0.07399  -0.08489
   9750.  2.00  -0.13345  -0.15649  -0.12373  -0.10074  -0.05558  -0.04028  -0.14885  -0.15551  -0.16317  -0.15531  -0.15617  -0.16276  -0.15167
   9750.  2.50  -0.15782  -0.18153  -0.16454  -0.14320  -0.11147  -0.03774  -0.11942  -0.13360  -0.14883  -0.14948  -0.15519  -0.17004  -0.15943
   9750.  3.00  -0.15181  -0.17354  -0.16504  -0.14831  -0.12335  -0.05614  -0.11318  -0.12827  -0.14419  -0.14854  -0.15536  -0.17167  -0.16441
   9750.  3.50  -0.12490  -0.14398  -0.14062  -0.13019  -0.10898  -0.08764  -0.12032  -0.13145  -0.14311  -0.14822  -0.15373  -0.16782  -0.16544
   9750.  4.00  -0.08224  -0.09914  -0.10000  -0.09653  -0.07835  -0.12707  -0.13617  -0.13963  -0.14335  -0.14753  -0.15016  -0.16000  -0.16293
   9750.  4.50  -0.02682  -0.04239  -0.04764  -0.05116  -0.03637  -0.17102  -0.15926  -0.15196  -0.14479  -0.14684  -0.14548  -0.14963  -0.15746
   9750.  5.00   0.03899   0.02364   0.01342   0.00345   0.01418  -0.21617  -0.18962  -0.16894  -0.14849  -0.14719  -0.14103  -0.13807  -0.14994
  10000.  2.00  -0.04757  -0.07224  -0.04665  -0.03440  -0.00366  -0.07031  -0.19459  -0.20293  -0.21231  -0.20538  -0.20709  -0.21631  -0.20815
  10000.  2.50  -0.07426  -0.10115  -0.09489  -0.08432  -0.07042  -0.06640  -0.16298  -0.17936  -0.19698  -0.19904  -0.20604  -0.22480  -0.21654
  10000.  3.00  -0.07344  -0.09906  -0.10405  -0.09773  -0.09397  -0.08292  -0.15495  -0.17300  -0.19224  -0.19859  -0.20731  -0.22872  -0.22316
  10000.  3.50  -0.05404  -0.07747  -0.08943  -0.08865  -0.09064  -0.11230  -0.16003  -0.17528  -0.19149  -0.19939  -0.20747  -0.22767  -0.22649
  10000.  4.00  -0.01932  -0.04077  -0.05801  -0.06334  -0.06923  -0.14982  -0.17360  -0.18232  -0.19175  -0.19949  -0.20532  -0.22216  -0.22598
  10000.  4.50   0.02805   0.00814  -0.01365  -0.02521  -0.03461  -0.19232  -0.19418  -0.19318  -0.19272  -0.19900  -0.20132  -0.21324  -0.22187
  10000.  5.00   0.08671   0.06742   0.04082   0.02330   0.00993  -0.23672  -0.22139  -0.20781  -0.19479  -0.19849  -0.19642  -0.20219  -0.21503
  10250.  2.00   0.02739   0.00187   0.02143   0.02414   0.04120  -0.10116  -0.24047  -0.25046  -0.26156  -0.25559  -0.25818  -0.26989  -0.26444
  10250.  2.50  -0.00130  -0.03077  -0.03296  -0.03160  -0.03270  -0.09644  -0.20725  -0.22561  -0.24535  -0.24868  -0.25682  -0.27893  -0.27302
  10250.  3.00  -0.00425  -0.03335  -0.04927  -0.05192  -0.06592  -0.11169  -0.19790  -0.21853  -0.24060  -0.24869  -0.25899  -0.28473  -0.28096
  10250.  3.50   0.01007  -0.01725  -0.04216  -0.04991  -0.07221  -0.13923  -0.20150  -0.22011  -0.24005  -0.25023  -0.26043  -0.28593  -0.28600
  10250.  4.00   0.03788   0.01254  -0.01857  -0.03184  -0.05940  -0.17487  -0.21351  -0.22660  -0.24081  -0.25135  -0.25982  -0.28264  -0.28733
  10250.  4.50   0.07772   0.05377   0.01741  -0.00140  -0.03288  -0.21584  -0.23182  -0.23637  -0.24184  -0.25161  -0.25713  -0.27578  -0.28518
  10250.  5.00   0.12957   0.10643   0.06503   0.04074   0.00515  -0.25973  -0.25654  -0.24937  -0.24308  -0.25095  -0.25247  -0.26578  -0.27947
  10500.  2.00   0.09356   0.06792   0.08194   0.07582   0.07880  -0.13274  -0.28640  -0.29800  -0.31080  -0.30588  -0.30938  -0.32351  -0.32055
  10500.  2.50   0.06291   0.03146   0.02230   0.01550   0.00094  -0.12734  -0.25182  -0.27200  -0.29367  -0.29820  -0.30740  -0.33252  -0.32888
  10500.  3.00   0.05694   0.02489   0.00010  -0.01038  -0.03958  -0.14187  -0.24160  -0.26447  -0.28896  -0.29855  -0.31020  -0.33969  -0.33778
  10500.  3.50   0.06702   0.03619   0.00055  -0.01470  -0.05445  -0.16806  -0.24415  -0.26567  -0.28879  -0.30090  -0.31289  -0.34296  -0.34437
  10500.  4.00   0.08961   0.06048   0.01715  -0.00319  -0.05000  -0.20212  -0.25482  -0.27168  -0.29001  -0.30298  -0.31372  -0.34187  -0.34753
  10500.  4.50   0.12367   0.09605   0.04678   0.02132  -0.03049  -0.24174  -0.27162  -0.28075  -0.29118  -0.30382  -0.31202  -0.33667  -0.34688
  10500.  5.00   0.16901   0.14227   0.08757   0.05711   0.00096  -0.28509  -0.29442  -0.29272  -0.29220  -0.30355  -0.30815  -0.32812  -0.34261
  10750.  2.00   0.15258   0.12752   0.13585   0.12134   0.10920  -0.16513  -0.33245  -0.34562  -0.36008  -0.35626  -0.36072  -0.37725  -0.37654
  10750.  2.50   0.11969   0.08688   0.07165   0.05739   0.02993  -0.15895  -0.29654  -0.31844  -0.34195  -0.34764  -0.35785  -0.38576  -0.38426
  10750.  3.00   0.11120   0.07667   0.04443   0.02700  -0.01562  -0.17296  -0.28566  -0.31051  -0.33717  -0.34810  -0.36095  -0.39380  -0.39373
  10750.  3.50   0.11790   0.08396   0.03931   0.01742  -0.03747  -0.19827  -0.28754  -0.31153  -0.33738  -0.35113  -0.36464  -0.39870  -0.40154
  10750.  4.00   0.13610   0.10352   0.04974   0.02309  -0.04066  -0.23118  -0.29733  -0.31736  -0.33916  -0.35417  -0.36683  -0.39966  -0.40638
  10750.  4.50   0.16506   0.13385   0.07307   0.04165  -0.02837  -0.26951  -0.31282  -0.32597  -0.34075  -0.35591  -0.36646  -0.39643  -0.40746
  10750.  5.00   0.20483   0.17448   0.10765   0.07162  -0.00335  -0.31188  -0.33386  -0.33708  -0.34180  -0.35619  -0.36355  -0.38949  -0.40467
  11000.  2.00   0.20566   0.18167   0.18361   0.16107   0.13246  -0.19831  -0.37851  -0.39324  -0.40941  -0.40675  -0.41224  -0.43122  -0.43257
  11000.  2.50   0.17015   0.13658   0.11559   0.09436   0.05376  -0.19116  -0.34132  -0.36490  -0.39020  -0.39706  -0.40828  -0.43884  -0.43933
  11000.  3.00   0.15923   0.12273   0.08407   0.06032   0.00531  -0.20470  -0.32990  -0.35662  -0.38527  -0.39746  -0.41142  -0.44727  -0.44901
  11000.  3.50   0.16317   0.12655   0.07426   0.04644  -0.02177  -0.22939  -0.33134  -0.35751  -0.38573  -0.40095  -0.41579  -0.45339  -0.45770
  11000.  4.00   0.17786   0.14219   0.07946   0.04715  -0.03151  -0.26129  -0.34043  -0.36319  -0.38801  -0.40479  -0.41911  -0.45607  -0.46388
  11000.  4.50   0.20234   0.16782   0.09701   0.06025  -0.02606  -0.29843  -0.35498  -0.37160  -0.39017  -0.40747  -0.42007  -0.45475  -0.46656
  11000.  5.00   0.23703   0.20335   0.12581   0.08477  -0.00731  -0.33947  -0.37456  -0.38215  -0.39155  -0.40853  -0.41833  -0.44949  -0.46526
  11250.  2.00   0.25338   0.23080   0.22564   0.19552   0.14954  -0.23236  -0.42470  -0.44093  -0.45874  -0.45728  -0.46380  -0.48526  -0.48846
  11250.  2.50   0.21520   0.18142   0.15464   0.12675   0.07243  -0.22407  -0.38624  -0.41142  -0.43845  -0.44647  -0.45872  -0.49181  -0.49416
  11250.  3.00   0.20187   0.16395   0.11945   0.08982   0.02273  -0.23703  -0.37427  -0.40270  -0.43321  -0.44660  -0.46162  -0.50024  -0.50369
  11250.  3.50   0.20340   0.16452   0.10565   0.07244  -0.00790  -0.26114  -0.37531  -0.40345  -0.43382  -0.45035  -0.46639  -0.50715  -0.51294
  11250.  4.00   0.21522   0.17680   0.10635   0.06896  -0.02291  -0.29225  -0.38390  -0.40905  -0.43650  -0.45483  -0.47060  -0.51124  -0.52019
  11250.  4.50   0.23591   0.19839   0.11883   0.07725  -0.02358  -0.32821  -0.39767  -0.41733  -0.43922  -0.45838  -0.47276  -0.51164  -0.52426
  11250.  5.00   0.26622   0.22943   0.14232   0.09671  -0.01092  -0.36811  -0.41609  -0.42752  -0.44106  -0.46027  -0.47223  -0.50811  -0.52447
  11500.  2.00   0.29652   0.27537   0.26236   0.22513   0.16125  -0.26687  -0.47063  -0.48833  -0.50779  -0.50756  -0.51516  -0.53918  -0.54408
  11500.  2.50   0.25558   0.22189   0.18893   0.15473   0.08603  -0.25754  -0.43105  -0.45780  -0.48656  -0.49579  -0.50908  -0.54471  -0.54875
  11500.  3.00   0.23982   0.20086   0.15069   0.11552   0.03629  -0.26986  -0.41861  -0.44870  -0.48101  -0.49558  -0.51163  -0.55288  -0.55795
  11500.  3.50   0.23907   0.19833   0.13350   0.09531   0.00353  -0.29345  -0.41936  -0.44931  -0.48167  -0.49943  -0.51659  -0.56024  -0.56745
  11500.  4.00   0.24847   0.20765   0.13047   0.08846  -0.01533  -0.32383  -0.42758  -0.45488  -0.48466  -0.50436  -0.52143  -0.56535  -0.57545
  11500.  4.50   0.26609   0.22586   0.13865   0.09269  -0.02114  -0.35880  -0.44075  -0.46306  -0.48785  -0.50863  -0.52459  -0.56721  -0.58068
  11500.  5.00   0.29263   0.25301   0.15741   0.10766  -0.01408  -0.39747  -0.45824  -0.47304  -0.49023  -0.51135  -0.52520  -0.56530  -0.58228
  11750.  2.00   0.33534   0.31555   0.29414   0.25035   0.16851  -0.30184  -0.51643  -0.53555  -0.55660  -0.55762  -0.56630  -0.59286  -0.59934
  11750.  2.50   0.29172   0.25840   0.21880   0.17860   0.09492  -0.29156  -0.47581  -0.50410  -0.53456  -0.54502  -0.55936  -0.59750  -0.60312
  11750.  3.00   0.27354   0.23390   0.17810   0.13764   0.04595  -0.30317  -0.46289  -0.49457  -0.52863  -0.54436  -0.56143  -0.60522  -0.61179
  11750.  3.50   0.27065   0.22839   0.15801   0.11514   0.01223  -0.32615  -0.46330  -0.49497  -0.52920  -0.54815  -0.56635  -0.61271  -0.62131
  11750.  4.00   0.27799   0.23505   0.15189   0.10559  -0.00927  -0.35590  -0.47120  -0.50043  -0.53233  -0.55331  -0.57157  -0.61852  -0.62980
  11750.  4.50   0.29312   0.25039   0.15638   0.10641  -0.01919  -0.39008  -0.48395  -0.50859  -0.53593  -0.55816  -0.57552  -0.62159  -0.63598
  11750.  5.00   0.31651   0.27419   0.17098   0.11741  -0.01711  -0.42776  -0.50071  -0.51844  -0.53881  -0.56165  -0.57719  -0.62116  -0.63884
  12000.  2.50   0.32413   0.29133   0.24459   0.19872   0.09966  -0.32611  -0.52048  -0.55022  -0.58233  -0.59401  -0.60943  -0.65011  -0.65718
  12000.  3.00   0.30350   0.26351   0.20179   0.15630   0.05174  -0.33701  -0.50718  -0.54039  -0.57613  -0.59302  -0.61111  -0.65737  -0.66535
  12000.  3.50   0.29855   0.25515   0.17932   0.13202   0.01789  -0.35935  -0.50732  -0.54060  -0.57659  -0.59668  -0.61589  -0.66479  -0.67469
  12000.  4.00   0.30391   0.25922   0.17050   0.12022  -0.00518  -0.38840  -0.51495  -0.54595  -0.57981  -0.60196  -0.62130  -0.67100  -0.68341
  12000.  4.50   0.31697   0.27207   0.17192   0.11827  -0.01818  -0.42179  -0.52729  -0.55404  -0.58368  -0.60721  -0.62583  -0.67498  -0.69029
  12000.  5.00   0.33764   0.29290   0.18290   0.12586  -0.02026  -0.45836  -0.54340  -0.56376  -0.58701  -0.61134  -0.62838  -0.67582  -0.69415
  12250.  2.50   0.35314   0.32079   0.26645   0.21532   0.10078  -0.36084  -0.56477  -0.59598  -0.62974  -0.64271  -0.65922  -0.70245  -0.71087
  12250.  3.00   0.33016   0.28993   0.22195   0.17168   0.05390  -0.37114  -0.55116  -0.58589  -0.62333  -0.64143  -0.66056  -0.70928  -0.71857
  12250.  3.50   0.32315   0.27879   0.19744   0.14591   0.02040  -0.39288  -0.55108  -0.58595  -0.62367  -0.64490  -0.66514  -0.71652  -0.72764
  12250.  4.00   0.32670   0.28046   0.18641   0.13236  -0.00340  -0.42122  -0.55844  -0.59114  -0.62685  -0.65015  -0.67054  -0.72287  -0.73639
  12250.  4.50   0.33798   0.29106   0.18527   0.12816  -0.01853  -0.45396  -0.57050  -0.59916  -0.63091  -0.65566  -0.67544  -0.72749  -0.74374
  12250.  5.00   0.35638   0.30936   0.19317   0.13289  -0.02393  -0.48965  -0.58614  -0.60881  -0.63459  -0.66028  -0.67867  -0.72935  -0.74842
  12500.  2.50   0.37897   0.34703   0.28488   0.22886   0.09898  -0.39575  -0.60879  -0.64141  -0.67679  -0.69101  -0.70860  -0.75439  -0.76407
  12500.  3.00   0.35381   0.31349   0.23893   0.18413   0.05291  -0.40565  -0.59502  -0.63121  -0.67027  -0.68956  -0.70973  -0.76089  -0.77140
  12500.  3.50   0.34482   0.29975   0.21273   0.15714   0.02000  -0.42676  -0.59476  -0.63112  -0.67051  -0.69287  -0.71410  -0.76789  -0.78017
  12500.  4.00   0.34654   0.29903   0.19977   0.14213  -0.00391  -0.45441  -0.60188  -0.63617  -0.67364  -0.69803  -0.71943  -0.77423  -0.78880
  12500.  4.50   0.35617   0.30753   0.19646   0.13610  -0.02040  -0.48640  -0.61364  -0.64407  -0.67779  -0.70367  -0.72454  -0.77926  -0.79642
  12500.  5.00   0.37265   0.32356   0.20168   0.13840  -0.02843  -0.52121  -0.62880  -0.65361  -0.68173  -0.70868  -0.72832  -0.78195  -0.80175
  12750.  2.50   0.40188   0.37030   0.30021   0.23969   0.09475  -0.43073  -0.65245  -0.68644  -0.72339  -0.73885  -0.75752  -0.80583  -0.81670
  12750.  3.00   0.37469   0.33431   0.25287   0.19383   0.04906  -0.44041  -0.63865  -0.67625  -0.71691  -0.73739  -0.75860  -0.81218  -0.82384
  12750.  3.50   0.36385   0.31821   0.22528   0.16584   0.01685  -0.46091  -0.63817  -0.67600  -0.71702  -0.74052  -0.76277  -0.81893  -0.83228
  12750.  4.00   0.36384   0.31524   0.21069   0.14962  -0.00686  -0.48786  -0.64508  -0.68091  -0.72008  -0.74557  -0.76796  -0.82516  -0.84073
  12750.  4.50   0.37192   0.32174   0.20554   0.14210  -0.02405  -0.51910  -0.65656  -0.68867  -0.72423  -0.75122  -0.77313  -0.83039  -0.84843
  12750.  5.00   0.38670   0.33571   0.20850   0.14239  -0.03396  -0.55316  -0.67136  -0.69810  -0.72834  -0.75647  -0.77727  -0.83369  -0.85424
  13000.  2.50   0.42236   0.39098   0.31287   0.24820   0.08858  -0.46548  -0.69553  -0.73086  -0.76936  -0.78608  -0.80583  -0.85667  -0.86867
  13000.  3.00   0.39316   0.35269   0.26412   0.20111   0.04290  -0.47514  -0.68178  -0.72079  -0.76305  -0.78475  -0.80701  -0.86303  -0.87577
  13000.  3.50   0.38052   0.33437   0.23525   0.17217   0.01122  -0.49522  -0.68126  -0.72054  -0.76318  -0.78783  -0.81108  -0.86959  -0.88398
  13000.  4.00   0.37881   0.32927   0.21929   0.15495  -0.01207  -0.52155  -0.68803  -0.72536  -0.76619  -0.79277  -0.81614  -0.87568  -0.89220
  13000.  4.50   0.38541   0.33385   0.21262   0.14624  -0.02944  -0.55204  -0.69927  -0.73298  -0.77030  -0.79836  -0.82126  -0.88095  -0.89984
  13000.  5.00   0.39873   0.34600   0.21369   0.14490  -0.04063  -0.58538  -0.71373  -0.74227  -0.77449  -0.80373  -0.82561  -0.88466  -0.90596
  14000.  2.00   0.54589   0.53256   0.43755   0.35548   0.13669  -0.61182  -0.90911  -0.93803  -0.97077  -0.98158  -0.99890  -1.04683  -1.06408
  14000.  2.50   0.48254   0.45130   0.34253   0.26430   0.05083  -0.60204  -0.86267  -0.90295  -0.94724  -0.96872  -0.99260  -1.05322  -1.06921
  14000.  3.00   0.44553   0.40430   0.28712   0.21093   0.00196  -0.61327  -0.85027  -0.89448  -0.94274  -0.96914  -0.99548  -1.06094  -1.07748
  14000.  3.50   0.42721   0.37923   0.25420   0.17863  -0.02916  -0.63247  -0.84991  -0.89462  -0.94339  -0.97256  -0.99979  -1.06744  -1.08541
  14000.  4.00   0.41934   0.36692   0.23405   0.15820  -0.05114  -0.65720  -0.85673  -0.89959  -0.94662  -0.97747  -1.00467  -1.07314  -1.09302
  14000.  4.50   0.42051   0.36486   0.22318   0.14634  -0.06744  -0.68510  -0.86730  -0.90679  -0.95055  -0.98268  -1.00937  -1.07803  -1.10001
  14000.  5.00   0.42908   0.37096   0.21933   0.14102  -0.07977  -0.71550  -0.88057  -0.91540  -0.95459  -0.98791  -1.01371  -1.08213  -1.10620
  15000.  2.50   0.51843   0.48676   0.35064   0.26254   0.00274  -0.73153  -1.01979  -1.06439  -1.11388  -1.13976  -1.16752  -1.23743  -1.25684
  15000.  3.00   0.47298   0.43045   0.28622   0.20017  -0.05409  -0.74676  -1.01015  -1.05909  -1.11289  -1.14372  -1.17396  -1.24846  -1.26820
  15000.  3.50   0.44971   0.39973   0.24869   0.16354  -0.08770  -0.76690  -1.01110  -1.06073  -1.11523  -1.14875  -1.17981  -1.25624  -1.27721
  15000.  4.00   0.43692   0.38192   0.22499   0.14001  -0.11003  -0.79124  -1.01866  -1.06657  -1.11938  -1.15440  -1.18534  -1.26230  -1.28493
  15000.  4.50   0.43284   0.37415   0.21097   0.12561  -0.12550  -0.81782  -1.02957  -1.07419  -1.12378  -1.15981  -1.19009  -1.26699  -1.29151
  15000.  5.00   0.43761   0.37568   0.20469   0.11850  -0.13643  -0.84556  -1.04201  -1.08225  -1.12750  -1.16454  -1.19391  -1.27058  -1.29700
  16000.  2.50   0.53936   0.50724   0.34749   0.25204  -0.04719  -0.85232  -1.16655  -1.21476  -1.26876  -1.29857  -1.32989  -1.40859  -1.43100
  16000.  3.00   0.48456   0.44045   0.27192   0.17842  -0.11538  -0.87300  -1.16027  -1.21350  -1.27240  -1.30741  -1.34133  -1.42451  -1.44705
  16000.  3.50   0.45589   0.40376   0.22856   0.13601  -0.15417  -0.89574  -1.16356  -1.21771  -1.27751  -1.31516  -1.34988  -1.43471  -1.45827
  16000.  4.00   0.43971   0.38198   0.20143   0.10923  -0.17867  -0.92059  -1.17214  -1.22478  -1.28306  -1.32215  -1.35672  -1.44189  -1.46692
  16000.  4.50   0.43049   0.36889   0.18376   0.09153  -0.19524  -0.94738  -1.18441  -1.23378  -1.28883  -1.32869  -1.36247  -1.44727  -1.47395
  16000.  5.00   0.43121   0.36614   0.17520   0.08252  -0.20562  -0.97376  -1.19712  -1.24219  -1.29298  -1.33361  -1.36639  -1.45074  -1.47913
  17000.  2.50   0.55062   0.51826   0.33855   0.23763  -0.09452  -0.96424  -1.30368  -1.35457  -1.41215  -1.44523  -1.47965  -1.56641  -1.59155
  17000.  3.00   0.48650   0.44086   0.25093   0.15165  -0.17653  -0.99104  -1.30062  -1.35756  -1.42104  -1.45992  -1.49733  -1.58875  -1.61380
  17000.  3.50   0.45092   0.39674   0.20001   0.10169  -0.22268  -1.01783  -1.30723  -1.36545  -1.43008  -1.47159  -1.50975  -1.60251  -1.62839
  17000.  4.00   0.43244   0.37206   0.16973   0.07177  -0.25027  -1.04361  -1.31683  -1.37381  -1.43720  -1.48016  -1.51820  -1.61124  -1.63840
  17000.  4.50   0.41854   0.35404   0.14791   0.05010  -0.26963  -1.07163  -1.33099  -1.38476  -1.44494  -1.48848  -1.52563  -1.61799  -1.64660
  17000.  5.00   0.41465   0.34665   0.13612   0.03815  -0.28113  -1.09815  -1.34502  -1.39451  -1.45041  -1.49449  -1.53052  -1.62214  -1.65226
  18000.  2.50   0.55501   0.52247   0.32589   0.22103  -0.13755  -1.06780  -1.43222  -1.48486  -1.54493  -1.58034  -1.61714  -1.71054  -1.73818
  18000.  3.00   0.48284   0.43580   0.22698   0.12318  -0.23500  -1.10073  -1.43143  -1.49154  -1.55901  -1.60140  -1.64205  -1.74139  -1.76871
  18000.  3.50   0.43921   0.38314   0.16736   0.06446  -0.29001  -1.13252  -1.44202  -1.50386  -1.57288  -1.61797  -1.65939  -1.75974  -1.78770
  18000.  4.00   0.41794   0.35521   0.13346   0.03089  -0.32152  -1.15985  -1.45304  -1.51397  -1.58205  -1.62864  -1.66999  -1.77052  -1.79960
  18000.  4.50   0.40057   0.33326   0.10772   0.00539  -0.34425  -1.18935  -1.46896  -1.52684  -1.59185  -1.63893  -1.67932  -1.77896  -1.80931
  18000.  5.00   0.39175   0.32090   0.09179  -0.01054  -0.35866  -1.21724  -1.48508  -1.53867  -1.59938  -1.64676  -1.68589  -1.78449  -1.81617
  19000.  2.50   0.55379   0.52075   0.30964   0.20201  -0.17685  -1.16415  -1.55384  -1.60744  -1.66897  -1.70551  -1.74376  -1.84128  -1.87116
  19000.  3.00   0.47572   0.42734   0.20177   0.09449  -0.28948  -1.20241  -1.55340  -1.61604  -1.68684  -1.73226  -1.77579  -1.88245  -1.91187
  19000.  3.50   0.42360   0.36577   0.13290   0.02634  -0.35475  -1.24000  -1.56842  -1.63338  -1.70630  -1.75467  -1.79916  -1.90682  -1.93669
  19000.  4.00   0.39818   0.33342   0.09452  -0.01176  -0.39104  -1.26962  -1.58149  -1.64591  -1.71823  -1.76817  -1.81260  -1.92027  -1.95111
  19000.  4.50   0.37884   0.30899   0.06587  -0.04018  -0.41689  -1.30020  -1.59856  -1.66023  -1.72974  -1.78019  -1.82370  -1.93036  -1.96234
  19000.  5.00   0.36536   0.29173   0.04535  -0.06059  -0.43498  -1.33003  -1.61703  -1.67450  -1.73975  -1.79032  -1.83246  -1.93773  -1.97087
  20000.  3.00   0.46630   0.41650   0.17596   0.06601  -0.33966  -1.29656  -1.66743  -1.73199  -1.80542  -1.85323  -1.89915  -2.01202  -2.04339
  20000.  3.50   0.40596   0.34643   0.09815  -0.01135  -0.41590  -1.34039  -1.68680  -1.75440  -1.83070  -1.88202  -1.92929  -2.04381  -2.07547
  20000.  4.00   0.37504   0.30846   0.05430  -0.05499  -0.45800  -1.37324  -1.70269  -1.77014  -1.84618  -1.89915  -1.94644  -2.06093  -2.09341
  20000.  4.50   0.35465   0.28267   0.02396  -0.08519  -0.48618  -1.40418  -1.72020  -1.78530  -1.85893  -1.91254  -1.95900  -2.07248  -2.10598
  20000.  5.00   0.33743   0.26122  -0.00098  -0.10995  -0.50840  -1.43608  -1.74088  -1.80199  -1.87155  -1.92519  -1.97024  -2.08201  -2.11651
  21000.  3.00   0.45486   0.40312   0.14856   0.03654  -0.38747  -1.38468  -1.77494  -1.84104  -1.91654  -1.96611  -2.01394  -2.13153  -2.16460
  21000.  3.50   0.38745   0.32613   0.06372  -0.04811  -0.47313  -1.43404  -1.79782  -1.86761  -1.94674  -2.00057  -2.05031  -2.17099  -2.20431
  21000.  4.00   0.34986   0.28154   0.01352  -0.09820  -0.52219  -1.47111  -1.81720  -1.88724  -1.96651  -2.02217  -2.07205  -2.19291  -2.22692
  21000.  4.50   0.32834   0.25451  -0.01815  -0.12984  -0.55249  -1.50232  -1.83503  -1.90315  -1.98045  -2.03691  -2.08611  -2.20616  -2.24109
  21000.  5.00   0.30902   0.23053  -0.04604  -0.15758  -0.57799  -1.53546  -1.85702  -1.92151  -1.99510  -2.05166  -2.09951  -2.21759  -2.25339
  22000.  3.00   0.44161   0.38675   0.11833   0.00447  -0.43596  -1.46861  -1.87704  -1.94467  -2.02213  -2.07315  -2.12259  -2.24376  -2.27828
  22000.  3.50   0.36869   0.30529   0.02954  -0.08415  -0.52707  -1.52158  -1.90223  -1.97384  -2.05539  -2.11128  -2.16314  -2.28901  -2.32384
  22000.  4.00   0.32404   0.25388  -0.02700  -0.14067  -0.58320  -1.56323  -1.92527  -1.99752  -2.07961  -2.13761  -2.18980  -2.31639  -2.35185
  22000.  4.50   0.30071   0.22513  -0.06013  -0.17389  -0.61561  -1.59501  -1.94366  -2.01439  -2.09488  -2.15383  -2.20549  -2.33158  -2.36787
  22000.  5.00   0.28035   0.19983  -0.08971  -0.20342  -0.64367  -1.62876  -1.96620  -2.03376  -2.11100  -2.17025  -2.22071  -2.34494  -2.38199
  23000.  3.00   0.42677   0.36712   0.08467  -0.03106  -0.48723  -1.54977  -1.97424  -2.04371  -2.12345  -2.17604  -2.22715  -2.35181  -2.38758
  23000.  3.50   0.34977   0.28356  -0.00530  -0.12059  -0.57972  -1.60437  -2.00100  -2.07433  -2.15807  -2.21573  -2.26946  -2.39966  -2.43580
  23000.  4.00   0.29844   0.22613  -0.06704  -0.18232  -0.64143  -1.65001  -2.02737  -2.10158  -2.18615  -2.24615  -2.30041  -2.43197  -2.46872
  23000.  4.50   0.27119   0.19371  -0.10340  -0.21879  -0.67731  -1.68376  -2.04754  -2.12054  -2.20381  -2.26492  -2.31874  -2.45007  -2.48760
  23000.  5.00   0.25154   0.16918  -0.13216  -0.24763  -0.70551  -1.71644  -2.06920  -2.13945  -2.21992  -2.28154  -2.33435  -2.46429  -2.50254
  24000.  3.00   0.41114   0.34558   0.05034  -0.06736  -0.53776  -1.62643  -2.06511  -2.13663  -2.21888  -2.27324  -2.32613  -2.45495  -2.49189
  24000.  3.50   0.33086   0.26067  -0.04157  -0.15841  -0.63298  -1.68377  -2.09486  -2.17004  -2.25609  -2.31552  -2.37107  -2.50526  -2.54255
  24000.  4.00   0.27367   0.19865  -0.10672  -0.22338  -0.69774  -1.73214  -2.12403  -2.20007  -2.28694  -2.34874  -2.40488  -2.54075  -2.57864
  24000.  4.50   0.24154   0.16188  -0.14664  -0.26339  -0.73719  -1.76823  -2.14637  -2.22142  -2.30722  -2.37020  -2.42599  -2.56190  -2.60055
  24000.  5.00   0.22209   0.13788  -0.17440  -0.29130  -0.76478  -1.79967  -2.16716  -2.23979  -2.32311  -2.38674  -2.44164  -2.57655  -2.61589
  25000.  3.00   0.39336   0.32196   0.01719  -0.10221  -0.58282  -1.69662  -2.14893  -2.22209  -2.30656  -2.36223  -2.41667  -2.54905  -2.58713
  25000.  3.50   0.31250   0.23729  -0.07822  -0.19672  -0.68642  -1.75964  -2.18348  -2.26082  -2.34950  -2.41090  -2.46842  -2.60684  -2.64518
  25000.  4.00   0.25007   0.17154  -0.14616  -0.26416  -0.75312  -1.81039  -2.21563  -2.29357  -2.38277  -2.44632  -2.50428  -2.64417  -2.68305
  25000.  4.50   0.21270   0.13037  -0.18949  -0.30747  -0.79557  -1.84874  -2.24033  -2.31734  -2.40553  -2.47029  -2.52793  -2.66799  -2.70760
  25000.  5.00   0.19216   0.10582  -0.21708  -0.33519  -0.82294  -1.87947  -2.26083  -2.33566  -2.42159  -2.48700  -2.54381  -2.68309  -2.72340
  26000.  3.00   0.36624   0.29000  -0.01997  -0.14032  -0.62477  -1.76350  -2.22955  -2.30342  -2.38894  -2.44447  -2.49926  -2.63243  -2.67140
  26000.  3.50   0.29530   0.21461  -0.11308  -0.23328  -0.73713  -1.83042  -2.26574  -2.34544  -2.43700  -2.50055  -2.56015  -2.70329  -2.74266
  26000.  4.00   0.22810   0.14528  -0.18481  -0.30420  -0.80751  -1.88485  -2.30211  -2.38211  -2.47383  -2.53928  -2.59915  -2.74313  -2.78296
  26000.  4.50   0.18557   0.09997  -0.23134  -0.35051  -0.85247  -1.92543  -2.32940  -2.40841  -2.49902  -2.56556  -2.62503  -2.76905  -2.80954
  26000.  5.00   0.16231   0.07339  -0.26011  -0.37934  -0.88068  -1.95647  -2.35060  -2.42754  -2.51600  -2.58316  -2.64182  -2.78515  -2.82628
  27000.  3.50   0.27828   0.19252  -0.14496  -0.26675  -0.78231  -1.89471  -2.34099  -2.42295  -2.51741  -2.58294  -2.64462  -2.79218  -2.83258
  27000.  4.00   0.20821   0.12057  -0.22137  -0.34222  -0.85946  -1.95475  -2.38284  -2.46512  -2.55960  -2.62714  -2.68904  -2.83747  -2.87822
  27000.  4.50   0.16079   0.07134  -0.27142  -0.39182  -0.90739  -1.99806  -2.41330  -2.49444  -2.58760  -2.65601  -2.71737  -2.86546  -2.90677
  27000.  5.00   0.13375   0.04174  -0.30242  -0.42276  -0.93735  -2.03036  -2.43607  -2.51516  -2.60617  -2.67516  -2.73568  -2.88307  -2.92497
  28000.  3.50   0.25778   0.16791  -0.17616  -0.29924  -0.82279  -1.95373  -2.41074  -2.49458  -2.59154  -2.65848  -2.72181  -2.87276  -2.91407
  28000.  4.00   0.18980   0.09748  -0.25483  -0.37716  -0.90708  -2.01905  -2.45722  -2.54190  -2.63928  -2.70893  -2.77289  -2.92591  -2.96759
  28000.  4.50   0.13858   0.04496  -0.30873  -0.43042  -0.95918  -2.06599  -2.49158  -2.57497  -2.67083  -2.74124  -2.80457  -2.95694  -2.99906
  28000.  5.00   0.10769   0.01223  -0.34235  -0.46383  -0.99134  -2.10005  -2.51645  -2.59774  -2.69138  -2.76226  -2.82469  -2.97621  -3.01888
  29000.  3.50   0.22802   0.13530  -0.21222  -0.33614  -0.86390  -2.01209  -2.47914  -2.56437  -2.66331  -2.73090  -2.79536  -2.94785  -2.98987
  29000.  4.00   0.17112   0.07479  -0.28556  -0.40923  -0.94955  -2.07753  -2.52548  -2.61243  -2.71272  -2.78426  -2.85023  -3.00729  -3.04984
  29000.  4.50   0.11840   0.02071  -0.34267  -0.46566  -1.00656  -2.12849  -2.56382  -2.64954  -2.74821  -2.82063  -2.88593  -3.04265  -3.08560
  29000.  5.00   0.08426  -0.01481  -0.37920  -0.50183  -1.04164  -2.16491  -2.59134  -2.67489  -2.77121  -2.84402  -2.90839  -3.06410  -3.10750
  30000.  3.50   0.18484   0.09059  -0.25777  -0.38211  -0.91083  -2.07412  -2.55010  -2.63614  -2.73642  -2.80395  -2.86897  -3.02122  -3.06373
  30000.  4.00   0.14807   0.04875  -0.31696  -0.44174  -0.98955  -2.13272  -2.59000  -2.67894  -2.78184  -2.85484  -2.92253  -3.08266  -3.12597
  30000.  4.50   0.09829  -0.00295  -0.37415  -0.49837  -1.04970  -2.18593  -2.63060  -2.71862  -2.82011  -2.89441  -2.96166  -3.12232  -3.16604
  30000.  5.00   0.06241  -0.04008  -0.41307  -0.53685  -1.08787  -2.22480  -2.66075  -2.74660  -2.84566  -2.92035  -2.98659  -3.14640  -3.19053
  31000.  3.50   0.12842   0.03330  -0.31504  -0.43956  -0.96823  -2.14366  -2.62689  -2.71349  -2.81470  -2.88177  -2.94690  -3.09760  -3.14036
  31000.  4.00   0.11702   0.01588  -0.35255  -0.47815  -1.03054  -2.18764  -2.65352  -2.74407  -2.84924  -2.92318  -2.99226  -3.15420  -3.19812
  31000.  4.50   0.07515  -0.02878  -0.40551  -0.53080  -1.09025  -2.23995  -2.69353  -2.78367  -2.88786  -2.96371  -3.03271  -3.19656  -3.24096
  31000.  5.00   0.04019  -0.06526  -0.44511  -0.56997  -1.13056  -2.28032  -2.72540  -2.81350  -2.91526  -2.99164  -3.05967  -3.22315  -3.26794
  32000.  4.00   0.07655  -0.02548  -0.39487  -0.52103  -1.07589  -2.24532  -2.71871  -2.81048  -2.91759  -2.99202  -3.06222  -3.22478  -3.26917
  32000.  4.50   0.04599  -0.05960  -0.43946  -0.56564  -1.13078  -2.29290  -2.75474  -2.84673  -2.95339  -3.03042  -3.10096  -3.26707  -3.31203
  32000.  5.00   0.01481  -0.09285  -0.47759  -0.60343  -1.17169  -2.33331  -2.78699  -2.87723  -2.98165  -3.05949  -3.12920  -3.29554  -3.34090
  33000.  4.00   0.02639  -0.07604  -0.44564  -0.57217  -1.12835  -2.30818  -2.78778  -2.88048  -2.98920  -3.06376  -3.13480  -3.29686  -3.34159
  33000.  4.50   0.00959  -0.09675  -0.47793  -0.60478  -1.17363  -2.34699  -2.81617  -2.90970  -3.01860  -3.09645  -3.16837  -3.33578  -3.38121
  33000.  5.00  -0.01558  -0.12447  -0.51194  -0.63859  -1.21246  -2.38505  -2.84665  -2.93881  -3.04572  -3.12472  -3.19596  -3.36451  -3.41035
  34000.  4.00  -0.03123  -0.13387  -0.50352  -0.63029  -1.18736  -2.37571  -2.86041  -2.95391  -3.06401  -3.13847  -3.21009  -3.37091  -3.41583
  34000.  4.50  -0.03544  -0.14197  -0.52350  -0.65083  -1.22192  -2.40504  -2.88045  -2.97519  -3.08605  -3.16436  -3.23745  -3.40513  -3.45094
  34000.  5.00  -0.05291  -0.16228  -0.55093  -0.67826  -1.25606  -2.43846  -2.90702  -3.00085  -3.11005  -3.18992  -3.26254  -3.43246  -3.47871
  35000.  4.00  -0.09453  -0.19736  -0.56734  -0.69427  -1.25241  -2.44756  -2.93637  -3.03064  -3.14196  -3.21634  -3.28841  -3.44778  -3.49278
  35000.  4.50  -0.08740  -0.19383  -0.57524  -0.70292  -1.27541  -2.46691  -2.94751  -3.04322  -3.15580  -3.23431  -3.30836  -3.47546  -3.52155
  35000.  5.00  -0.09756  -0.20684  -0.59568  -0.72351  -1.30386  -2.49492  -2.96944  -3.06462  -3.17588  -3.25632  -3.33017  -3.50061  -3.54720
  36000.  4.00  -0.16168  -0.26476  -0.63538  -0.76246  -1.32201  -2.52266  -3.01476  -3.10983  -3.22234  -3.29678  -3.36930  -3.52759  -3.57263
  36000.  4.50  -0.14489  -0.25117  -0.63250  -0.76042  -1.33408  -2.53255  -3.01740  -3.11398  -3.22812  -3.30667  -3.38152  -3.54745  -3.59372
  36000.  5.00  -0.14828  -0.25719  -0.64569  -0.77390  -1.35588  -2.55450  -3.03402  -3.13030  -3.24342  -3.32417  -3.39911  -3.56928  -3.61614
  37000.  4.00  -0.23097  -0.33440  -0.70600  -0.83324  -1.39466  -2.59975  -3.09450  -3.19039  -3.30397  -3.37870  -3.45169  -3.60951  -3.65463
  37000.  4.50  -0.20654  -0.31271  -0.69426  -0.82241  -1.39746  -2.60172  -3.08998  -3.18739  -3.30299  -3.38163  -3.45719  -3.62186  -3.66825
  37000.  5.00  -0.20391  -0.31236  -0.70042  -0.82891  -1.41211  -2.61719  -3.10086  -3.19810  -3.31295  -3.39384  -3.46975  -3.63900  -3.68608
  38000.  4.00  -0.30086  -0.40476  -0.77747  -0.90487  -1.46829  -2.67715  -3.17421  -3.27086  -3.38542  -3.46055  -3.53401  -3.69190  -3.73714
  38000.  4.50  -0.27102  -0.37721  -0.75938  -0.88772  -1.46452  -2.67355  -3.16454  -3.26283  -3.37981  -3.45865  -3.53491  -3.69864  -3.74514
  38000.  5.00  -0.26373  -0.37175  -0.75959  -0.88831  -1.47276  -2.68330  -3.17031  -3.26844  -3.38487  -3.46588  -3.54267  -3.71071  -3.75795
  39000.  4.00  -0.37039  -0.47486  -0.84878  -0.97631  -1.54163  -2.75378  -3.25301  -3.35035  -3.46570  -3.54126  -3.61513  -3.77343  -3.81881
  39000.  4.50  -0.33687  -0.44324  -0.82633  -0.95487  -1.53362  -2.74677  -3.24004  -3.33921  -3.45751  -3.53672  -3.61368  -3.77692  -3.82355
  39000.  5.00  -0.32631  -0.43406  -0.82210  -0.95103  -1.53695  -2.75208  -3.24179  -3.34077  -3.45872  -3.53991  -3.61754  -3.78446  -3.83185
  40000.  4.50  -0.40295  -0.50964  -0.89389  -1.02261  -1.60355  -2.82022  -3.31547  -3.41549  -3.53499  -3.61466  -3.69229  -3.85550  -3.90229
  40000.  5.00  -0.39046  -0.49812  -0.88668  -1.01580  -1.60349  -2.82259  -3.31452  -3.41437  -3.53372  -3.61521  -3.69363  -3.85978  -3.90733
  41000.  4.50  -0.46846  -0.57562  -0.96114  -1.09003  -1.67314  -2.89294  -3.39002  -3.49085  -3.61141  -3.69159  -3.76982  -3.93334  -3.98029
  41000.  5.00  -0.45517  -0.56289  -0.95226  -1.08156  -1.67112  -2.89373  -3.38762  -3.48830  -3.60896  -3.69085  -3.77001  -3.93578  -3.98350
  42000.  4.50  -0.53308  -0.64080  -1.02761  -1.15667  -1.74183  -2.96441  -3.46326  -3.56483  -3.68630  -3.76699  -3.84574  -4.00975  -4.05687
  42000.  5.00  -0.51963  -0.62757  -1.01795  -1.14743  -1.73903  -2.96471  -3.46030  -3.56181  -3.68366  -3.76601  -3.84588  -4.01159  -4.05948
  43000.  4.50  -0.59658  -0.70497  -1.09311  -1.22232  -1.80939  -3.03443  -3.53505  -3.63730  -3.75953  -3.84068  -3.91983  -4.08445  -4.13171
  43000.  5.00  -0.58335  -0.69167  -1.08318  -1.21283  -1.80644  -3.03487  -3.53208  -3.63437  -3.75727  -3.84010  -3.92059  -4.08650  -4.13457
  44000.  4.50  -0.65900  -0.76813  -1.15761  -1.28694  -1.87574  -3.10297  -3.60537  -3.70824  -3.83109  -3.91265  -3.99212  -4.15739  -4.20477
  44000.  5.00  -0.64610  -0.75489  -1.14763  -1.27743  -1.87298  -3.10385  -3.60263  -3.70564  -3.82948  -3.91277  -3.99380  -4.16009  -4.20832
  45000.  4.50  -0.72026  -0.83021  -1.22107  -1.35052  -1.94093  -3.17012  -3.67430  -3.77774  -3.90108  -3.98303  -4.06272  -4.22873  -4.27619
  45000.  5.00  -0.70774  -0.81711  -1.21111  -1.34105  -1.93843  -3.17150  -3.67183  -3.77552  -3.90016  -3.98389  -4.06536  -4.23214  -4.28052
  46000.  4.50  -0.78056  -0.89137  -1.28359  -1.41316  -2.00507  -3.23604  -3.74194  -3.84590  -3.96968  -4.05197  -4.13183  -4.29860  -4.34615
  46000.  5.00  -0.76829  -0.87833  -1.27364  -1.40371  -2.00279  -3.23783  -3.73972  -3.84405  -3.96935  -4.05349  -4.13532  -4.30267  -4.35117
  47000.  4.50  -0.83981  -0.95153  -1.34511  -1.47480  -2.06813  -3.30072  -3.80830  -3.91278  -4.03693  -4.11956  -4.19955  -4.36713  -4.41475
  47000.  5.00  -0.82777  -0.93854  -1.33517  -1.46536  -2.06606  -3.30287  -3.80631  -3.91122  -4.03710  -4.12163  -4.20374  -4.37173  -4.42033
  48000.  4.50  -0.89811  -1.01075  -1.40568  -1.53550  -2.13020  -3.36426  -3.87349  -3.97844  -4.10291  -4.18587  -4.26596  -4.43438  -4.48206
  48000.  5.00  -0.88622  -0.99778  -1.39574  -1.52604  -2.12829  -3.36671  -3.87168  -3.97713  -4.10352  -4.18841  -4.27075  -4.43942  -4.48811
  49000.  4.50  -0.95547  -1.06904  -1.46528  -1.59525  -2.19127  -3.42669  -3.93748  -4.04291  -4.16770  -4.25096  -4.33116  -4.50042  -4.54816
  49000.  5.00  -0.94365  -1.05604  -1.45537  -1.58579  -2.18953  -3.42942  -3.93587  -4.04186  -4.16869  -4.25393  -4.33646  -4.50587  -4.55463
  50000.  5.00  -1.00017  -1.11341  -1.51407  -1.64462  -2.24977  -3.49104  -3.99895  -4.10543  -4.23267  -4.31824  -4.40094  -4.57111  -4.61994
