   3500.  0.00 -10.42021  -9.58135 -10.74028  -9.26964  -8.71973  -6.74435  -5.68650  -4.11829  -2.95937  -2.05237  -1.65372  -0.34758  -0.10847
   3500.  0.50 -10.24411  -9.50806 -10.61751  -8.89579  -8.16407  -6.28629  -5.26059  -3.82501  -2.74502  -1.89867  -1.51254  -0.27728  -0.04921
   3500.  1.00 -10.06058  -9.43453 -10.47504  -8.48609  -7.58248  -5.85639  -4.87992  -3.57609  -2.56368  -1.76707  -1.39199  -0.21032   0.00956
   3500.  1.50  -9.89188  -9.36465 -10.30713  -8.08336  -7.03130  -5.49570  -4.57538  -3.38320  -2.42159  -1.66073  -1.29378  -0.14859   0.06545
   3500.  2.00  -9.77816  -9.30844 -10.10838  -7.76840  -6.61299  -5.26179  -4.40455  -3.27917  -2.34283  -1.59455  -1.23095  -0.09867   0.11191
   3500.  2.50  -9.71550  -9.26552  -9.87723  -7.56451  -6.35839  -5.13638  -4.33140  -3.23560  -2.30540  -1.55564  -1.19210  -0.06256   0.14565
   3500.  3.00  -9.68511  -9.23647  -9.70645  -7.44908  -6.21772  -5.08146  -4.29097  -3.21381  -2.28401  -1.53251  -1.16815  -0.04177   0.16486
   3500.  3.50  -9.68975  -9.22003  -9.63610  -7.41974  -6.17501  -5.10286  -4.28865  -3.21822  -2.27837  -1.52150  -1.15427  -0.02967   0.17595
   3500.  4.00  -9.72660  -9.21307  -9.66145  -7.46719  -6.21780  -5.20005  -4.32393  -3.24715  -2.28536  -1.51745  -1.14505  -0.01995   0.18489
   3500.  4.50  -9.78243  -9.20977  -9.76779  -7.57385  -6.32885  -5.36074  -4.38627  -3.28919  -2.29847  -1.51417  -1.13540  -0.00692   0.19719
   3500.  5.00  -9.84143  -9.20170  -9.93610  -7.73150  -6.50505  -5.57822  -4.46382  -3.33371  -2.31337  -1.50555  -1.12011   0.01656   0.21980
   3750.  0.00 -10.15796  -9.46604 -10.48062  -8.71410  -7.91230  -6.11964  -5.13443  -3.67411  -2.62554  -1.79736  -1.41896  -0.22535  -0.01251
   3750.  0.50 -10.02400  -9.44208 -10.36366  -8.39484  -7.47851  -5.77263  -4.81816  -3.47219  -2.49007  -1.71355  -1.34772  -0.21209  -0.00682
   3750.  1.00  -9.87952  -9.40842 -10.22324  -8.03981  -7.00355  -5.43984  -4.53128  -3.30000  -2.37346  -1.63856  -1.28312  -0.19110   0.00862
   3750.  1.50  -9.73517  -9.36222 -10.02383  -7.66974  -6.52230  -5.14178  -4.28519  -3.15477  -2.27095  -1.56716  -1.21925  -0.15939   0.03595
   3750.  2.00  -9.60922  -9.30604  -9.75877  -7.33786  -6.10888  -4.90472  -4.09657  -3.04260  -2.18764  -1.50341  -1.16001  -0.11991   0.07220
   3750.  2.50  -9.52640  -9.24319  -9.45244  -7.11083  -5.84418  -4.76113  -4.00077  -2.98405  -2.13936  -1.45774  -1.11497  -0.07573   0.11486
   3750.  3.00  -9.47022  -9.17874  -9.16059  -6.95610  -5.67722  -4.66999  -3.95092  -2.95309  -2.10985  -1.42392  -1.08011  -0.03658   0.15301
   3750.  3.50  -9.44575  -9.13169  -8.98182  -6.88123  -5.59918  -4.63595  -3.93043  -2.94398  -2.09698  -1.40602  -1.06024  -0.01496   0.17382
   3750.  4.00  -9.44504  -9.10069  -8.92160  -6.86795  -5.58276  -4.65063  -3.92647  -2.94548  -2.08847  -1.39177  -1.04268   0.00254   0.19049
   3750.  4.50  -9.47547  -9.08953  -8.97333  -6.91987  -5.63163  -4.72620  -3.95022  -2.96522  -2.08887  -1.38269  -1.02825   0.01715   0.20422
   3750.  5.00  -9.53010  -9.09075  -9.11788  -7.02378  -5.73459  -4.85977  -3.99748  -2.99657  -2.09308  -1.37342  -1.01218   0.03456   0.22055
   4000.  0.00  -9.79903  -9.29865  -9.92868  -7.97208  -6.97815  -5.41231  -4.52604  -3.20975  -2.26767  -1.51851  -1.16233  -0.07307   0.11620
   4000.  0.50  -9.66327  -9.28000  -9.69290  -7.63581  -6.56264  -5.10846  -4.26517  -3.04517  -2.16403  -1.46175  -1.11936  -0.07978   0.10368
   4000.  1.00  -9.53587  -9.25508  -9.39905  -7.28847  -6.13730  -4.83741  -4.04658  -2.91917  -2.08856  -1.42360  -1.09262  -0.08844   0.09137
   4000.  1.50  -9.42865  -9.21811  -9.06815  -6.96698  -5.75310  -4.61997  -3.87823  -2.83002  -2.03616  -1.39757  -1.07433  -0.09399   0.08349
   4000.  2.00  -9.34622  -9.16721  -8.75626  -6.70672  -5.45037  -4.46167  -3.75628  -2.76950  -1.99846  -1.37627  -1.05697  -0.09261   0.08319
   4000.  2.50  -9.28647  -9.10480  -8.53195  -6.53287  -5.25006  -4.35896  -3.67437  -2.72906  -1.96689  -1.35100  -1.03189  -0.07617   0.09811
   4000.  3.00  -9.24346  -9.02495  -8.34187  -6.43431  -5.14750  -4.30111  -3.63776  -2.70912  -1.94492  -1.32402  -1.00261  -0.04227   0.13136
   4000.  3.50  -9.20604  -8.94986  -8.21193  -6.37130  -5.08441  -4.25939  -3.61399  -2.69328  -1.92334  -1.29474  -0.97039  -0.00396   0.16898
   4000.  4.00  -9.17937  -8.88507  -8.11937  -6.33457  -5.04947  -4.23723  -3.59866  -2.68486  -1.90870  -1.27361  -0.94639   0.02394   0.19627
   4000.  4.50  -9.17570  -8.84780  -8.10620  -6.34615  -5.06176  -4.25257  -3.59922  -2.69018  -1.90365  -1.26164  -0.93047   0.04191   0.21367
   4000.  5.00  -9.19917  -8.84206  -8.18260  -6.40543  -5.11844  -4.31219  -3.61760  -2.70766  -1.90407  -1.25313  -0.91637   0.05695   0.22793
   4250.  0.00  -9.42533  -9.12834  -9.13551  -7.17922  -6.06685  -4.73267  -3.97163  -2.81771  -1.97345  -1.29663  -0.96278   0.03454   0.20449
   4250.  0.50  -9.29971  -9.09008  -8.79988  -6.86001  -5.69755  -4.49367  -3.77515  -2.69414  -1.89794  -1.25863  -0.93721   0.02085   0.18645
   4250.  1.00  -9.18267  -9.02776  -8.39959  -6.53047  -5.32462  -4.27868  -3.60828  -2.59626  -1.84161  -1.23355  -0.92290   0.00570   0.16846
   4250.  1.50  -9.08428  -8.93035  -7.97404  -6.22799  -4.99665  -4.10647  -3.48026  -2.52582  -1.80303  -1.21823  -0.91567  -0.00717   0.15385
   4250.  2.00  -9.00656  -8.79773  -7.59682  -5.98385  -4.74272  -3.98193  -3.38942  -2.47934  -1.77839  -1.20918  -0.91175  -0.01615   0.14381
   4250.  2.50  -8.94762  -8.65489  -7.32993  -5.81989  -4.57583  -3.90388  -3.33054  -2.45159  -1.76236  -1.20154  -0.90618  -0.01834   0.14082
   4250.  3.00  -8.90397  -8.53756  -7.19491  -5.73948  -4.49153  -3.86397  -3.29716  -2.43847  -1.75171  -1.19221  -0.89592  -0.01085   0.14767
   4250.  3.50  -8.87320  -8.45814  -7.15536  -5.72933  -4.48182  -3.85667  -3.29193  -2.43888  -1.74557  -1.17904  -0.87923   0.01149   0.16975
   4250.  4.00  -8.84991  -8.40993  -7.16700  -5.75315  -4.50653  -3.86209  -3.29632  -2.44261  -1.74001  -1.16443  -0.86065   0.03743   0.19551
   4250.  4.50  -8.83363  -8.38191  -7.19986  -5.78469  -4.53688  -3.87085  -3.29988  -2.44722  -1.73557  -1.15207  -0.84441   0.05904   0.21683
   4250.  5.00  -8.83167  -8.37833  -7.26106  -5.82879  -4.57741  -3.89072  -3.30458  -2.45555  -1.73381  -1.14302  -0.83099   0.07543   0.23278
   4500.  0.00  -9.02777  -8.90989  -8.23798  -6.38295  -5.20878  -4.08074  -3.46124  -2.47578  -1.72853  -1.12244  -0.81273   0.09643   0.24953
   4500.  0.50  -8.93250  -8.83249  -7.88529  -6.11400  -4.91050  -3.92267  -3.33855  -2.40037  -1.68521  -1.10451  -0.80400   0.08006   0.23057
   4500.  1.00  -8.84143  -8.70678  -7.47243  -5.83859  -4.62008  -3.78080  -3.23306  -2.33821  -1.65124  -1.09248  -0.80014   0.06357   0.21223
   4500.  1.50  -8.75757  -8.52631  -7.06038  -5.58454  -4.36603  -3.66569  -3.15056  -2.29169  -1.62706  -1.08546  -0.79957   0.04911   0.19654
   4500.  2.00  -8.67925  -8.31034  -6.70962  -5.37769  -4.16985  -3.58228  -3.09121  -2.25944  -1.61079  -1.08142  -0.80006   0.03831   0.18495
   4500.  2.50  -8.60574  -8.10507  -6.46107  -5.23585  -4.04049  -3.53151  -3.05303  -2.23952  -1.60024  -1.07825  -0.79928   0.03270   0.17874
   4500.  3.00  -8.54000  -7.94728  -6.32369  -5.16158  -3.97306  -3.50777  -3.03172  -2.22905  -1.59299  -1.07374  -0.79511   0.03385   0.17938
   4500.  3.50  -8.49085  -7.85914  -6.29172  -5.14782  -3.95671  -3.50304  -3.02232  -2.22643  -1.58842  -1.06736  -0.78698   0.04235   0.18747
   4500.  4.00  -8.46436  -7.83102  -6.33102  -5.17923  -3.98082  -3.51348  -3.02568  -2.23046  -1.58582  -1.05857  -0.77489   0.05923   0.20414
   4500.  4.50  -8.45654  -7.83751  -6.40646  -5.23706  -4.03016  -3.53358  -3.03576  -2.23679  -1.58368  -1.04903  -0.76175   0.07834   0.22313
   4500.  5.00  -8.46018  -7.86190  -6.49727  -5.30103  -4.08503  -3.55540  -3.04433  -2.24338  -1.58192  -1.04044  -0.74950   0.09533   0.23992
   4750.  0.00  -8.63509  -8.59268  -7.34709  -5.67202  -4.49775  -3.51426  -3.01905  -2.19054  -1.53435  -0.99341  -0.70802   0.12017   0.25912
   4750.  0.50  -8.55830  -8.43929  -6.98062  -5.42932  -4.23787  -3.40755  -2.94704  -2.15079  -1.51599  -0.99128  -0.71229   0.10196   0.23954
   4750.  1.00  -8.48125  -8.22343  -6.59536  -5.19486  -4.00104  -3.32113  -2.89199  -2.12104  -1.50343  -0.99215  -0.71852   0.08479   0.22144
   4750.  1.50  -8.39422  -7.95649  -6.22962  -4.98198  -3.79937  -3.25442  -2.85120  -2.09882  -1.49426  -0.99361  -0.72423   0.07052   0.20656
   4750.  2.00  -8.29532  -7.68505  -5.92925  -4.81137  -3.64750  -3.20995  -2.82404  -2.08362  -1.48792  -0.99510  -0.72881   0.05960   0.19519
   4750.  2.50  -8.19152  -7.45592  -5.71787  -4.69562  -3.55101  -3.18692  -2.80847  -2.07387  -1.48281  -0.99482  -0.73030   0.05378   0.18898
   4750.  3.00  -8.09976  -7.29509  -5.59990  -4.63651  -3.50460  -3.18260  -2.80224  -2.06832  -1.47807  -0.99203  -0.72797   0.05378   0.18859
   4750.  3.50  -8.03432  -7.20867  -5.56583  -4.62633  -3.49681  -3.19113  -2.80190  -2.06612  -1.47371  -0.98702  -0.72219   0.05925   0.19368
   4750.  4.00  -7.99906  -7.18297  -5.59287  -4.65009  -3.51376  -3.20533  -2.80510  -2.06733  -1.47058  -0.98061  -0.71379   0.06985   0.20398
   4750.  4.50  -7.99776  -7.20786  -5.66734  -4.70406  -3.55466  -3.22617  -2.81333  -2.07140  -1.46827  -0.97307  -0.70349   0.08420   0.21815
   4750.  5.00  -8.01875  -7.25925  -5.76611  -4.77431  -3.60948  -3.25075  -2.82291  -2.07601  -1.46580  -0.96506  -0.69251   0.09951   0.23329
   5000.  0.00  -8.28159  -8.16055  -6.58905  -5.12452  -3.99569  -3.08449  -2.67695  -1.97065  -1.38976  -0.90359  -0.64017   0.11940   0.24743
   5000.  0.50  -8.20062  -7.91970  -6.22797  -4.89721  -3.75805  -3.01049  -2.63651  -1.95414  -1.38792  -0.91163  -0.65238   0.10042   0.22749
   5000.  1.00  -8.09910  -7.61885  -5.86459  -4.67825  -3.54317  -2.95240  -2.60870  -1.94381  -1.38876  -0.92033  -0.66443   0.08335   0.20989
   5000.  1.50  -7.97003  -7.29599  -5.53334  -4.48271  -3.36292  -2.91196  -2.59332  -1.93916  -1.39159  -0.92900  -0.67558   0.06871   0.19500
   5000.  2.00  -7.82068  -7.00168  -5.26511  -4.32516  -3.22457  -2.88882  -2.58821  -1.93847  -1.39495  -0.93631  -0.68457   0.05752   0.18365
   5000.  2.50  -7.67847  -6.77464  -5.07878  -4.21747  -3.13394  -2.88133  -2.59000  -1.93929  -1.39676  -0.94040  -0.68956   0.05091   0.17690
   5000.  3.00  -7.56980  -6.63172  -4.97890  -4.16410  -3.09079  -2.88804  -2.59616  -1.94007  -1.39577  -0.94013  -0.68941   0.05000   0.17575
   5000.  3.50  -7.50461  -6.56429  -4.95139  -4.15719  -3.08611  -2.90577  -2.60524  -1.94061  -1.39229  -0.93566  -0.68428   0.05509   0.18050
   5000.  4.00  -7.47894  -6.55422  -4.97628  -4.18207  -3.10552  -2.92883  -2.61504  -1.94172  -1.38802  -0.92872  -0.67585   0.06495   0.19004
   5000.  4.50  -7.48446  -6.58297  -5.03527  -4.22678  -3.13821  -2.95272  -2.62461  -1.94378  -1.38419  -0.92103  -0.66611   0.07756   0.20240
   5000.  5.00  -7.51523  -6.63933  -5.11767  -4.28596  -3.18109  -2.97696  -2.63420  -1.94641  -1.38071  -0.91319  -0.65599   0.09106   0.21570
   5250.  0.00  -7.95961  -7.68246  -6.00346  -4.72288  -3.65904  -2.76198  -2.41507  -1.80130  -1.28173  -0.84165  -0.59790   0.10304   0.22305
   5250.  0.50  -7.85720  -7.38651  -5.66443  -4.51446  -3.44398  -2.71683  -2.39890  -1.80113  -1.29053  -0.85539  -0.61385   0.08547   0.20426
   5250.  1.00  -7.71368  -7.05061  -5.33007  -4.31116  -3.24721  -2.68206  -2.39118  -1.80490  -1.30083  -0.86932  -0.62941   0.06916   0.18729
   5250.  1.50  -7.53007  -6.71359  -5.02645  -4.12641  -3.07853  -2.65924  -2.39204  -1.81252  -1.31235  -0.88314  -0.64426   0.05440   0.17229
   5250.  2.00  -7.33031  -6.41491  -4.77399  -3.97105  -2.94247  -2.64792  -2.39984  -1.82248  -1.32385  -0.89586  -0.65754   0.04174   0.15964
   5250.  2.50  -7.15282  -6.18783  -4.59113  -3.85599  -2.84202  -2.64705  -2.41218  -1.83257  -1.33326  -0.90559  -0.66741   0.03263   0.15057
   5250.  3.00  -7.02746  -6.04645  -4.48473  -3.78860  -2.78105  -2.65495  -2.42617  -1.84040  -1.33843  -0.91032  -0.67190   0.02890   0.14679
   5250.  3.50  -6.96435  -5.98713  -4.45091  -3.76986  -2.76037  -2.67194  -2.44077  -1.84528  -1.33850  -0.90876  -0.66950   0.03213   0.14982
   5250.  4.00  -6.95219  -5.98843  -4.47016  -3.78719  -2.76923  -2.69511  -2.45451  -1.84758  -1.33470  -0.90249  -0.66194   0.04097   0.15837
   5250.  4.50  -6.97368  -6.02689  -4.52207  -3.82628  -2.79576  -2.72118  -2.46751  -1.84919  -1.32949  -0.89370  -0.65134   0.05380   0.17090
   5250.  5.00  -7.01456  -6.08517  -4.59150  -3.87666  -2.83055  -2.74652  -2.47853  -1.85035  -1.32412  -0.88449  -0.64015   0.06794   0.18480
   5500.  0.00  -7.65130  -7.22373  -5.55827  -4.42778  -3.43812  -2.51033  -2.20685  -1.66644  -1.19866  -0.79877  -0.57313   0.07542   0.18999
   5500.  0.50  -7.52100  -6.91324  -5.25061  -4.24174  -3.24551  -2.49053  -2.20992  -1.67798  -1.21403  -0.81508  -0.58987   0.06120   0.17378
   5500.  1.00  -7.33915  -6.57717  -4.94656  -4.05496  -3.06398  -2.47607  -2.21798  -1.69186  -1.23030  -0.83165  -0.60656   0.04711   0.15849
   5500.  1.50  -7.12013  -6.25122  -4.66911  -3.88115  -2.90375  -2.46896  -2.23182  -1.70846  -1.24767  -0.84850  -0.62320   0.03336   0.14413
   5500.  2.00  -6.89473  -5.96458  -4.43305  -3.72966  -2.76906  -2.46876  -2.25014  -1.72669  -1.26519  -0.86491  -0.63913   0.02039   0.13097
   5500.  2.50  -6.69785  -5.73899  -4.24965  -3.60764  -2.66043  -2.47424  -2.27097  -1.74477  -1.28129  -0.87955  -0.65311   0.00935   0.12000
   5500.  3.00  -6.55516  -5.58647  -4.12597  -3.52160  -2.58018  -2.48354  -2.29149  -1.76016  -1.29369  -0.89029  -0.66312   0.00179   0.11257
   5500.  3.50  -6.48069  -5.51268  -4.06763  -3.47778  -2.53210  -2.49642  -2.30969  -1.77072  -1.30004  -0.89474  -0.66667   0.00027   0.11103
   5500.  4.00  -6.46814  -5.50590  -4.06658  -3.47414  -2.51689  -2.51374  -2.32524  -1.77623  -1.29994  -0.89213  -0.66283   0.00568   0.11629
   5500.  4.50  -6.49643  -5.54258  -4.10454  -3.49945  -2.52701  -2.53530  -2.33915  -1.77853  -1.29550  -0.88433  -0.65338   0.01719   0.12755
   5500.  5.00  -6.54554  -5.60090  -4.16258  -3.53945  -2.55022  -2.55807  -2.35107  -1.77929  -1.28939  -0.87448  -0.64165   0.03146   0.14156
   5750.  0.00  -7.35446  -6.82316  -5.22229  -4.20909  -3.29687  -2.30648  -2.03493  -1.55563  -1.13318  -0.76954  -0.56098   0.03881   0.15033
   5750.  0.50  -7.20318  -6.52396  -4.94901  -4.04684  -3.12547  -2.30774  -2.05244  -1.57507  -1.15199  -0.78600  -0.57627   0.02951   0.13792
   5750.  1.00  -6.99996  -6.20541  -4.67414  -3.87725  -2.95721  -2.31062  -2.07285  -1.59611  -1.17177  -0.80328  -0.59234   0.01892   0.12517
   5750.  1.50  -6.76805  -5.89985  -4.41961  -3.71450  -2.80316  -2.31757  -2.09744  -1.61945  -1.19290  -0.82157  -0.60928   0.00733   0.11225
   5750.  2.00  -6.53664  -5.62907  -4.19730  -3.56736  -2.66839  -2.32829  -2.12518  -1.64431  -1.21480  -0.84040  -0.62667  -0.00491   0.09936
   5750.  2.50  -6.33344  -5.40729  -4.01455  -3.44157  -2.55393  -2.34145  -2.15410  -1.66912  -1.23614  -0.85865  -0.64351  -0.01690   0.08720
   5750.  3.00  -6.18056  -5.24622  -3.87838  -3.34261  -2.46036  -2.35566  -2.18216  -1.69172  -1.25479  -0.87432  -0.65781  -0.02705   0.07716
   5750.  3.50  -6.09114  -5.15253  -3.79545  -3.27670  -2.39047  -2.36915  -2.20637  -1.70935  -1.26811  -0.88481  -0.66700  -0.03280   0.07156
   5750.  4.00  -6.06192  -5.12102  -3.76375  -3.24583  -2.34795  -2.38235  -2.22533  -1.72047  -1.27443  -0.88847  -0.66941  -0.03265   0.07177
   5750.  4.50  -6.08345  -5.14235  -3.77828  -3.24886  -2.33378  -2.39752  -2.23991  -1.72544  -1.27360  -0.88456  -0.66401  -0.02494   0.07930
   5750.  5.00  -6.13288  -5.19329  -3.82088  -3.27394  -2.34011  -2.41477  -2.25167  -1.72690  -1.26859  -0.87594  -0.65362  -0.01207   0.09198
   6000.  0.00  -7.07393  -6.48833  -4.96851  -4.04303  -3.20814  -2.13319  -1.88762  -1.46240  -1.08135  -0.75129  -0.55921  -0.00587   0.10464
   6000.  0.50  -6.91677  -6.21606  -4.73107  -3.90667  -3.05774  -2.15438  -1.91706  -1.48672  -1.10054  -0.76532  -0.57061  -0.00864   0.09747
   6000.  1.00  -6.71043  -5.92369  -4.48417  -3.75509  -2.90199  -2.17214  -1.94696  -1.51257  -1.12183  -0.78175  -0.58458  -0.01454   0.08817
   6000.  1.50  -6.48065  -5.64031  -4.24907  -3.60336  -2.75314  -2.19122  -1.97985  -1.54067  -1.14508  -0.80016  -0.60059  -0.02284   0.07751
   6000.  2.00  -6.25447  -5.38508  -4.03781  -3.46101  -2.61772  -2.21212  -2.01543  -1.57066  -1.16993  -0.82018  -0.61825  -0.03323   0.06570
   6000.  2.50  -6.05371  -5.16944  -3.85711  -3.33390  -2.49819  -2.23358  -2.05199  -1.60113  -1.19521  -0.84081  -0.63665  -0.04481   0.05344
   6000.  3.00  -5.89577  -5.00231  -3.71214  -3.22643  -2.39497  -2.25426  -2.08762  -1.63018  -1.21901  -0.86023  -0.65400  -0.05612   0.04200
   6000.  3.50  -5.78906  -4.88734  -3.60686  -3.14285  -2.30954  -2.27195  -2.11920  -1.65506  -1.23896  -0.87638  -0.66838  -0.06541   0.03285
   6000.  4.00  -5.73949  -4.82964  -3.54709  -3.08854  -2.24488  -2.28606  -2.14453  -1.67333  -1.25238  -0.88644  -0.67686  -0.06999   0.02846
   6000.  4.50  -5.74305  -4.82579  -3.53311  -3.06672  -2.20588  -2.29802  -2.16298  -1.68373  -1.25751  -0.88831  -0.67718  -0.06736   0.03117
   6000.  5.00  -5.78176  -4.85883  -3.55318  -3.07149  -2.19094  -2.31007  -2.17598  -1.68788  -1.25598  -0.88340  -0.67066  -0.05801   0.04042
   6250.  0.50  -6.66469  -5.97250  -4.57055  -3.80112  -3.02078  -2.01910  -1.79686  -1.41008  -1.05880  -0.75294  -0.57302  -0.05350   0.05201
   6250.  1.00  -6.46778  -5.70842  -4.34966  -3.66859  -2.87789  -2.05185  -1.83517  -1.43871  -1.07924  -0.76641  -0.58288  -0.05338   0.04739
   6250.  1.50  -6.24943  -5.44755  -4.13230  -3.52879  -2.73502  -2.08168  -1.87438  -1.46990  -1.10314  -0.78370  -0.59675  -0.05745   0.03969
   6250.  2.00  -6.03364  -5.20678  -3.93040  -3.39188  -2.59951  -2.11165  -1.91610  -1.50356  -1.12966  -0.80380  -0.61360  -0.06490   0.02975
   6250.  2.50  -5.83881  -4.99702  -3.75130  -3.26446  -2.47545  -2.14108  -1.95921  -1.53859  -1.15773  -0.82575  -0.63250  -0.07495   0.01826
   6250.  3.00  -5.67828  -4.82512  -3.59946  -3.15107  -2.36456  -2.16870  -2.00177  -1.57310  -1.18560  -0.84791  -0.65187  -0.08635   0.00624
   6250.  3.50  -5.55994  -4.69545  -3.47898  -3.05579  -2.26816  -2.19259  -2.04093  -1.60451  -1.21091  -0.86819  -0.66973  -0.09736  -0.00484
   6250.  4.00  -5.49144  -4.61497  -3.39653  -2.98366  -2.18743  -2.21098  -2.07408  -1.63011  -1.23088  -0.88377  -0.68323  -0.10521  -0.01249
   6250.  4.50  -5.46968  -4.58078  -3.35254  -2.93791  -2.12689  -2.22377  -2.09908  -1.64787  -1.24351  -0.89269  -0.69040  -0.10812  -0.01513
   6250.  5.00  -5.49038  -4.59027  -3.34716  -2.92090  -2.09034  -2.23355  -2.11626  -1.65721  -1.24756  -0.89327  -0.68933  -0.10380  -0.01068
   6500.  0.50  -6.44419  -5.77767  -4.44827  -3.71483  -2.99947  -1.89038  -1.68477  -1.34373  -1.02826  -0.75115  -0.58606  -0.10634  -0.00019
   6500.  1.00  -6.26414  -5.54069  -4.25101  -3.60290  -2.86969  -1.94193  -1.73292  -1.37343  -1.04451  -0.75818  -0.58827  -0.09840   0.00185
   6500.  1.50  -6.06175  -5.30088  -4.05017  -3.47650  -2.73442  -1.98399  -1.77879  -1.40635  -1.06697  -0.77228  -0.59795  -0.09685  -0.00161
   6500.  2.00  -5.85910  -5.07426  -3.85762  -3.34662  -2.60109  -2.02226  -1.82535  -1.44236  -1.09384  -0.79130  -0.61284  -0.10040  -0.00888
   6500.  2.50  -5.67139  -4.86991  -3.68031  -3.22047  -2.47448  -2.05921  -1.87359  -1.48061  -1.12347  -0.81350  -0.63119  -0.10792  -0.01888
   6500.  3.00  -5.51076  -4.69531  -3.52367  -3.10332  -2.35747  -2.09374  -1.92199  -1.51946  -1.15424  -0.83727  -0.65141  -0.11817  -0.03049
   6500.  3.50  -5.38438  -4.55510  -3.39218  -2.99966  -2.25225  -2.12405  -1.96797  -1.55642  -1.18385  -0.86061  -0.67165  -0.12959  -0.04240
   6500.  4.00  -5.29831  -4.45443  -3.29082  -2.91371  -2.15980  -2.14828  -2.00896  -1.58904  -1.20987  -0.88113  -0.68951  -0.13992  -0.05264
   6500.  4.50  -5.25534  -4.39570  -3.22308  -2.84966  -2.08329  -2.16524  -2.04190  -1.61436  -1.22942  -0.89608  -0.70224  -0.14672  -0.05911
   6500.  5.00  -5.25420  -4.37976  -3.19246  -2.81193  -2.02717  -2.17599  -2.06573  -1.63071  -1.24036  -0.90304  -0.70731  -0.14732  -0.05938
   6750.  0.50  -6.24027  -5.59600  -4.33398  -3.63529  -2.97488  -1.79120  -1.59958  -1.29089  -1.00394  -0.75195  -0.60059  -0.15953  -0.05223
   6750.  1.00  -6.09130  -5.40602  -4.17391  -3.54672  -2.86672  -1.83482  -1.63597  -1.31656  -1.01969  -0.75959  -0.60340  -0.15060  -0.04991
   6750.  1.50  -5.90679  -5.18583  -3.98907  -3.43554  -2.74058  -1.89228  -1.69007  -1.34995  -1.03785  -0.76746  -0.60578  -0.14193  -0.04736
   6750.  2.00  -5.71801  -4.97239  -3.80622  -3.31488  -2.61207  -1.94108  -1.74223  -1.38711  -1.06295  -0.78323  -0.61654  -0.14022  -0.05071
   6750.  2.50  -5.53886  -4.77462  -3.63256  -3.19254  -2.48592  -1.98527  -1.79450  -1.42723  -1.09274  -0.80433  -0.63299  -0.14410  -0.05831
   6750.  3.00  -5.37971  -4.59901  -3.47325  -3.07403  -2.36539  -2.02641  -1.84755  -1.46912  -1.12511  -0.82857  -0.65295  -0.15207  -0.06860
   6750.  3.50  -5.24729  -4.45065  -3.33350  -2.96466  -2.25377  -2.06317  -1.89921  -1.51058  -1.15796  -0.85400  -0.67457  -0.16281  -0.08046
   6750.  4.00  -5.14832  -4.33514  -3.21825  -2.86879  -2.15240  -2.09383  -1.94717  -1.54911  -1.18876  -0.87811  -0.69534  -0.17407  -0.09199
   6750.  4.50  -5.08815  -4.25715  -3.13223  -2.79091  -2.06373  -2.11656  -1.98826  -1.58160  -1.21443  -0.89804  -0.71247  -0.18340  -0.10105
   6750.  5.00  -5.06466  -4.21655  -3.07838  -2.73511  -1.99197  -2.13091  -2.02002  -1.60572  -1.23275  -0.91163  -0.72380  -0.18859  -0.10572
   7000.  0.50  -6.03561  -5.40606  -4.20885  -3.55145  -2.93539  -1.71995  -1.54161  -1.25374  -0.98744  -0.75543  -0.61560  -0.21004  -0.10192
   7000.  1.00  -5.92834  -5.27250  -4.09331  -3.48877  -2.85416  -1.75223  -1.56394  -1.27284  -1.00128  -0.76379  -0.62013  -0.20281  -0.10120
   7000.  1.50  -5.77580  -5.09103  -3.93822  -3.39765  -2.74568  -1.80195  -1.60551  -1.30121  -1.01811  -0.77187  -0.62294  -0.19360  -0.09887
   7000.  2.00  -5.60016  -4.88992  -3.76603  -3.28865  -2.62441  -1.86444  -1.66475  -1.33816  -1.03856  -0.78128  -0.62638  -0.18517  -0.09668
   7000.  2.50  -5.43000  -4.69936  -3.59789  -3.17265  -2.50186  -1.91760  -1.72174  -1.37903  -1.06644  -0.79919  -0.63884  -0.18404  -0.10054
   7000.  3.00  -5.27398  -4.52513  -3.43904  -3.05593  -2.38136  -1.96510  -1.77827  -1.42263  -1.09900  -0.82253  -0.65717  -0.18870  -0.10865
   7000.  3.50  -5.13798  -4.37174  -3.29436  -2.94389  -2.26634  -2.00801  -1.83451  -1.46726  -1.13374  -0.84875  -0.67889  -0.19758  -0.11954
   7000.  4.00  -5.02971  -4.24546  -3.16903  -2.84116  -2.15865  -2.04512  -1.88832  -1.51051  -1.16805  -0.87529  -0.70140  -0.20858  -0.13136
   7000.  4.50  -4.95505  -4.15159  -3.06832  -2.75256  -2.06078  -2.07415  -1.93680  -1.54938  -1.19901  -0.89938  -0.72205  -0.21935  -0.14203
   7000.  5.00  -4.91267  -4.09044  -2.99546  -2.68247  -1.97703  -2.09389  -1.97668  -1.58099  -1.22403  -0.91869  -0.73856  -0.22784  -0.14999
   7250.  0.50  -5.81600  -5.19280  -4.05892  -3.45461  -2.87156  -1.67675  -1.51136  -1.23417  -0.98092  -0.76327  -0.63229  -0.25713  -0.14948
   7250.  1.00  -5.76199  -5.12614  -3.99757  -3.42260  -2.82519  -1.69329  -1.51637  -1.24399  -0.99097  -0.77143  -0.63824  -0.25340  -0.15118
   7250.  1.50  -5.64684  -4.98961  -3.87785  -3.35369  -2.73847  -1.73335  -1.54428  -1.26525  -1.00496  -0.77936  -0.64198  -0.24551  -0.15036
   7250.  2.00  -5.49976  -4.82009  -3.73018  -3.26209  -2.63221  -1.78879  -1.59105  -1.29663  -1.02333  -0.78838  -0.64532  -0.23630  -0.14816
   7250.  2.50  -5.33715  -4.63674  -3.56968  -3.15524  -2.51643  -1.85337  -1.65398  -1.33674  -1.04634  -0.79994  -0.65059  -0.22884  -0.14680
   7250.  3.00  -5.18455  -4.46504  -3.41375  -3.04318  -2.39953  -1.90870  -1.71447  -1.38074  -1.07694  -0.82018  -0.66510  -0.22882  -0.15147
   7250.  3.50  -5.04794  -4.30987  -3.26736  -2.93143  -2.28425  -1.95796  -1.77409  -1.42702  -1.11183  -0.84555  -0.68526  -0.23450  -0.16023
   7250.  4.00  -4.93363  -4.17654  -3.13568  -2.82504  -2.17336  -2.00104  -1.83256  -1.47370  -1.14838  -0.87331  -0.70832  -0.24410  -0.17131
   7250.  4.50  -4.84749  -4.07025  -3.02379  -2.72882  -2.06934  -2.03637  -1.88732  -1.51780  -1.18346  -0.90044  -0.73133  -0.25514  -0.18267
   7250.  5.00  -4.78990  -3.99283  -2.93605  -2.64780  -1.97660  -2.06237  -1.93480  -1.55611  -1.21416  -0.92437  -0.75186  -0.26565  -0.19275
   7500.  0.50  -5.55217  -4.92356  -3.85540  -3.32786  -2.76290  -1.67991  -1.52642  -1.24252  -0.98880  -0.77558  -0.64812  -0.29502  -0.19084
   7500.  1.00  -5.58664  -4.96158  -3.88087  -3.34389  -2.77594  -1.65549  -1.49168  -1.23148  -0.99168  -0.78555  -0.66063  -0.30297  -0.20109
   7500.  1.50  -5.51138  -4.87236  -3.80015  -3.29905  -2.71483  -1.68591  -1.50712  -1.24486  -1.00113  -0.79150  -0.66355  -0.29638  -0.20101
   7500.  2.00  -5.39753  -4.74080  -3.68273  -3.22729  -2.62739  -1.73166  -1.53997  -1.26865  -1.01613  -0.79997  -0.66750  -0.28845  -0.20032
   7500.  2.50  -5.25884  -4.58389  -3.54364  -3.13645  -2.52514  -1.79051  -1.59061  -1.30239  -1.03587  -0.81009  -0.67171  -0.27988  -0.19862
   7500.  3.00  -5.10764  -4.41437  -3.39244  -3.03131  -2.41467  -1.85587  -1.65579  -1.34467  -1.06083  -0.82342  -0.67857  -0.27340  -0.19801
   7500.  3.50  -4.97153  -4.25931  -3.24725  -2.92271  -2.30267  -1.91171  -1.71884  -1.39126  -1.09387  -0.84586  -0.69509  -0.27456  -0.20332
   7500.  4.00  -4.85369  -4.12189  -3.11253  -2.81572  -2.19194  -1.96075  -1.78067  -1.43970  -1.13081  -0.87314  -0.71703  -0.28143  -0.21260
   7500.  4.50  -4.75908  -4.00661  -2.99301  -2.71501  -2.08492  -2.00237  -1.84016  -1.48745  -1.16845  -0.90188  -0.74103  -0.29148  -0.22361
   7500.  5.00  -4.68945  -3.91662  -2.89396  -2.62609  -1.98606  -2.03473  -1.89429  -1.53136  -1.20367  -0.92930  -0.76440  -0.30280  -0.23475
   7750.  1.00  -5.39547  -4.77243  -3.73726  -3.24881  -2.70213  -1.64351  -1.49434  -1.23846  -1.00534  -0.80711  -0.68752  -0.35045  -0.25045
   7750.  1.50  -5.36936  -4.74060  -3.70525  -3.23343  -2.67500  -1.65619  -1.49043  -1.24017  -1.00887  -0.81131  -0.69084  -0.34789  -0.25297
   7750.  2.00  -5.28630  -4.64465  -3.61793  -3.18169  -2.60772  -1.69530  -1.51269  -1.25647  -1.01877  -0.81687  -0.69286  -0.34031  -0.25246
   7750.  2.50  -5.17659  -4.52027  -3.50526  -3.10899  -2.52183  -1.74563  -1.54944  -1.28226  -1.03458  -0.82595  -0.69720  -0.33265  -0.25203
   7750.  3.00  -5.04504  -4.37336  -3.37346  -3.01862  -2.42379  -1.80607  -1.60305  -1.31762  -1.05510  -0.83664  -0.70185  -0.32444  -0.25030
   7750.  3.50  -4.90508  -4.21618  -3.23028  -2.91464  -2.31800  -1.86935  -1.66890  -1.36127  -1.08173  -0.85168  -0.71039  -0.31897  -0.25016
   7750.  4.00  -4.78516  -4.07656  -3.09491  -2.80930  -2.21008  -1.92420  -1.73340  -1.40963  -1.11667  -0.87596  -0.72866  -0.32129  -0.25596
   7750.  4.50  -4.68446  -3.95536  -2.97131  -2.70726  -2.10359  -1.97166  -1.79631  -1.45940  -1.15506  -0.90468  -0.75202  -0.32916  -0.26553
   7750.  5.00  -4.60593  -3.85620  -2.86435  -2.61339  -2.00172  -2.01017  -1.85567  -1.50749  -1.19337  -0.93426  -0.77695  -0.34007  -0.27658
   8000.  1.00  -5.18098  -4.55172  -3.55923  -3.13074  -2.59631  -1.66391  -1.53079  -1.26973  -1.03490  -0.83741  -0.71900  -0.39412  -0.29839
   8000.  1.50  -5.21930  -4.59460  -3.59347  -3.15696  -2.61858  -1.64548  -1.49414  -1.25113  -1.02808  -0.83884  -0.72381  -0.39973  -0.30633
   8000.  2.00  -5.17021  -4.53804  -3.54057  -3.12774  -2.57606  -1.67406  -1.50328  -1.25863  -1.03261  -0.84181  -0.72469  -0.39401  -0.30687
   8000.  2.50  -5.08588  -4.44236  -3.45268  -3.07221  -2.50721  -1.71846  -1.53069  -1.27767  -1.04369  -0.84803  -0.72704  -0.38633  -0.30632
   8000.  3.00  -4.98041  -4.32462  -3.34484  -2.99884  -2.42365  -1.77117  -1.57051  -1.30513  -1.06026  -0.85767  -0.73177  -0.37886  -0.30572
   8000.  3.50  -4.85316  -4.18359  -3.21717  -2.90739  -2.32858  -1.83191  -1.62659  -1.34135  -1.08067  -0.86797  -0.73588  -0.37029  -0.30321
   8000.  4.00  -4.72527  -4.03813  -3.08087  -2.80417  -2.22588  -1.89193  -1.69192  -1.38562  -1.10849  -0.88438  -0.74580  -0.36561  -0.30319
   8000.  4.50  -4.62027  -3.91297  -2.95534  -2.70266  -2.12214  -1.94407  -1.75676  -1.43509  -1.14495  -0.91034  -0.76582  -0.36927  -0.30937
   8000.  5.00  -4.53511  -3.80723  -2.84332  -2.60647  -2.02027  -1.98825  -1.81984  -1.48552  -1.18436  -0.94023  -0.79044  -0.37826  -0.31913
   8250.  1.00  -4.94591  -4.30278  -3.34637  -2.98460  -2.45659  -1.71474  -1.60209  -1.33035  -1.08717  -0.88300  -0.76115  -0.43650  -0.34871
   8250.  1.50  -5.06239  -4.43636  -3.46609  -3.06916  -2.54560  -1.65342  -1.51897  -1.27832  -1.05912  -0.87401  -0.76210  -0.45090  -0.35991
   8250.  2.00  -5.04970  -4.42133  -3.45030  -3.06445  -2.53147  -1.66726  -1.51176  -1.27515  -1.05754  -0.87443  -0.76239  -0.44835  -0.36240
   8250.  2.50  -4.99056  -4.35467  -3.38840  -3.02728  -2.48192  -1.70511  -1.52901  -1.28679  -1.06348  -0.87765  -0.76281  -0.44149  -0.36243
   8250.  3.00  -4.90585  -4.26049  -3.30160  -2.96943  -2.41333  -1.75366  -1.56020  -1.30765  -1.07510  -0.88416  -0.76520  -0.43377  -0.36177
   8250.  3.50  -4.80342  -4.14806  -3.19809  -2.89559  -2.33233  -1.80778  -1.60240  -1.33617  -1.09188  -0.89395  -0.76999  -0.42642  -0.36081
   8250.  4.00  -4.67907  -4.01060  -3.07244  -2.80175  -2.23912  -1.86606  -1.65955  -1.37220  -1.11144  -0.90325  -0.77309  -0.41714  -0.35685
   8250.  4.50  -4.56480  -3.87770  -2.94344  -2.69987  -2.13891  -1.92080  -1.72326  -1.41678  -1.14062  -0.92133  -0.78481  -0.41354  -0.35686
   8250.  5.00  -4.47405  -3.76667  -2.82805  -2.60290  -2.03899  -1.96930  -1.78785  -1.46680  -1.17818  -0.94864  -0.80631  -0.41850  -0.36341
   8500.  1.50  -4.90304  -4.27177  -3.32779  -2.97268  -2.45863  -1.67994  -1.56261  -1.32070  -1.10163  -0.91706  -0.80604  -0.50222  -0.41510
   8500.  2.00  -4.92666  -4.29855  -3.35120  -2.99468  -2.47592  -1.67532  -1.53579  -1.30395  -1.09171  -0.91348  -0.80489  -0.50326  -0.41928
   8500.  2.50  -4.89231  -4.26043  -3.31559  -2.97611  -2.44727  -1.70460  -1.54202  -1.30777  -1.09254  -0.91394  -0.80384  -0.49786  -0.42015
   8500.  3.00  -4.82806  -4.18982  -3.25047  -2.93429  -2.39538  -1.74800  -1.56462  -1.32215  -1.09948  -0.91763  -0.80434  -0.49057  -0.41975
   8500.  3.50  -4.74379  -4.09795  -3.16561  -2.87461  -2.32791  -1.79787  -1.59841  -1.34442  -1.11171  -0.92464  -0.80713  -0.48301  -0.41871
   8500.  4.00  -4.64267  -3.98801  -3.06382  -2.79861  -2.24811  -1.85128  -1.64284  -1.37367  -1.12827  -0.93393  -0.81127  -0.47517  -0.41647
   8500.  4.50  -4.52200  -3.85268  -2.93733  -2.70031  -2.15403  -1.90470  -1.69954  -1.40884  -1.14673  -0.94193  -0.81307  -0.46453  -0.41045
   8500.  5.00  -4.42149  -3.73330  -2.81737  -2.60180  -2.05679  -1.95474  -1.76186  -1.45379  -1.17736  -0.96194  -0.82691  -0.46258  -0.41108
   8750.  1.50  -4.75484  -4.11767  -3.19463  -2.87783  -2.37118  -1.71674  -1.61739  -1.37375  -1.15369  -0.96804  -0.85678  -0.55587  -0.47341
   8750.  2.00  -4.80780  -4.17857  -3.25189  -2.92407  -2.41629  -1.69452  -1.57192  -1.34294  -1.13415  -0.95879  -0.85248  -0.55938  -0.47769
   8750.  2.50  -4.79597  -4.16602  -3.24021  -2.92223  -2.40709  -1.71322  -1.56678  -1.33882  -1.12997  -0.95660  -0.85017  -0.55574  -0.47934
   8750.  3.00  -4.75033  -4.11650  -3.19470  -2.89499  -2.37120  -1.75054  -1.58093  -1.34698  -1.13256  -0.95761  -0.84890  -0.54907  -0.47933
   8750.  3.50  -4.68208  -4.04303  -3.12715  -2.84898  -2.31767  -1.79729  -1.60743  -1.36342  -1.14022  -0.96163  -0.84941  -0.54143  -0.47842
   8750.  4.00  -4.59688  -3.95151  -3.04237  -2.78654  -2.25016  -1.84834  -1.64374  -1.38677  -1.15255  -0.96858  -0.85198  -0.53353  -0.47651
   8750.  4.50  -4.49353  -3.83897  -2.93755  -2.70522  -2.16885  -1.90054  -1.69079  -1.41615  -1.16767  -0.97578  -0.85378  -0.52372  -0.47158
   8750.  5.00  -4.37924  -3.70868  -2.81241  -2.60425  -2.07415  -1.94715  -1.74548  -1.45030  -1.18582  -0.98371  -0.85568  -0.51287  -0.46427
   9000.  1.50  -4.62540  -3.98312  -3.07580  -2.79198  -2.29187  -1.75845  -1.67562  -1.43112  -1.21040  -1.02372  -0.91208  -0.61264  -0.53526
   9000.  2.00  -4.69726  -4.06654  -3.15778  -2.85750  -2.35905  -1.72381  -1.61700  -1.38956  -1.18276  -1.00888  -0.90390  -0.61674  -0.53793
   9000.  2.50  -4.70364  -4.07446  -3.16574  -2.86933  -2.36564  -1.73231  -1.60184  -1.37828  -1.17400  -1.00417  -0.90038  -0.61472  -0.54004
   9000.  3.00  -4.67394  -4.04296  -3.13714  -2.85443  -2.34346  -1.76290  -1.60775  -1.38048  -1.17256  -1.00280  -0.89767  -0.60889  -0.54050
   9000.  3.50  -4.62020  -3.98598  -3.08521  -2.82059  -2.30287  -1.80562  -1.62719  -1.39139  -1.17603  -1.00408  -0.89619  -0.60132  -0.53967
   9000.  4.00  -4.54821  -3.90979  -3.01522  -2.77020  -2.24746  -1.85440  -1.65685  -1.40933  -1.18403  -1.00821  -0.89659  -0.59316  -0.53768
   9000.  4.50  -4.46215  -3.81799  -2.92957  -2.70410  -2.17879  -1.90493  -1.69608  -1.43398  -1.19659  -1.01503  -0.89883  -0.58464  -0.53413
   9000.  5.00  -4.35509  -3.69899  -2.81688  -2.61332  -2.09264  -1.95003  -1.74296  -1.46137  -1.20866  -1.01839  -0.89661  -0.57130  -0.52475
   9250.  2.00  -4.59860  -3.96692  -3.07332  -2.79802  -2.30805  -1.75887  -1.66643  -1.44020  -1.23486  -1.06194  -0.95787  -0.67514  -0.59952
   9250.  2.50  -4.61840  -3.99011  -3.09693  -2.82130  -2.32794  -1.75962  -1.64388  -1.42347  -1.22253  -1.05521  -0.95337  -0.67455  -0.60193
   9250.  3.00  -4.60152  -3.97272  -3.08170  -2.81587  -2.31640  -1.78364  -1.64309  -1.42089  -1.21801  -1.05207  -0.94973  -0.66964  -0.60269
   9250.  3.50  -4.56052  -3.92972  -3.04269  -2.79159  -2.28605  -1.82103  -1.65596  -1.42693  -1.21806  -1.05119  -0.94678  -0.66231  -0.60181
   9250.  4.00  -4.50064  -3.86708  -2.98551  -2.75136  -2.24124  -1.86583  -1.67904  -1.43972  -1.22214  -1.05264  -0.94514  -0.65390  -0.59959
   9250.  4.50  -4.42572  -3.78839  -2.91281  -2.69611  -2.18322  -1.91438  -1.71173  -1.45924  -1.23065  -1.05687  -0.94539  -0.64511  -0.59611
   9250.  5.00  -4.33619  -3.69235  -2.82237  -2.62349  -2.11105  -1.96180  -1.75283  -1.48391  -1.24201  -1.06189  -0.94562  -0.63469  -0.58982
   9500.  2.00  -4.51184  -3.87975  -2.99887  -2.74547  -2.26325  -1.79639  -1.71732  -1.49236  -1.28841  -1.11641  -1.01313  -0.73404  -0.66163
   9500.  2.50  -4.54195  -3.91475  -3.03526  -2.77877  -2.29494  -1.79176  -1.68993  -1.47214  -1.27391  -1.10850  -1.00817  -0.73467  -0.66417
   9500.  3.00  -4.53577  -3.90906  -3.03145  -2.78154  -2.29283  -1.81005  -1.68420  -1.46621  -1.26746  -1.10444  -1.00431  -0.73100  -0.66538
   9500.  3.50  -4.50509  -3.87718  -3.00285  -2.76480  -2.27065  -1.84219  -1.69167  -1.46841  -1.26503  -1.10204  -1.00048  -0.72427  -0.66476
   9500.  4.00  -4.45509  -3.82534  -2.95577  -2.73244  -2.23396  -1.88311  -1.70890  -1.47666  -1.26566  -1.10112  -0.99703  -0.71569  -0.66246
   9500.  4.50  -4.38950  -3.75749  -2.89372  -2.68616  -2.18499  -1.92960  -1.73551  -1.49113  -1.27001  -1.10250  -0.99500  -0.70643  -0.65882
   9500.  5.00  -4.31062  -3.67485  -2.81679  -2.62508  -2.12333  -1.97757  -1.77143  -1.51188  -1.27845  -1.10620  -0.99450  -0.69657  -0.65340
   9750.  2.00  -4.43590  -3.80394  -2.93383  -2.69953  -2.22440  -1.83500  -1.76821  -1.54467  -1.34217  -1.17118  -1.06870  -0.79299  -0.72375
   9750.  2.50  -4.47326  -3.84736  -2.97995  -2.74108  -2.26601  -1.82724  -1.73801  -1.52244  -1.32648  -1.16268  -1.06362  -0.79467  -0.72648
   9750.  3.00  -4.47562  -3.85113  -2.98589  -2.75122  -2.27259  -1.84131  -1.72892  -1.51431  -1.31892  -1.15823  -1.05990  -0.79232  -0.72828
   9750.  3.50  -4.45348  -3.82848  -2.96622  -2.74111  -2.25777  -1.86921  -1.73234  -1.51380  -1.31491  -1.15501  -1.05577  -0.78651  -0.72820
   9750.  4.00  -4.41201  -3.78573  -2.92761  -2.71516  -2.22770  -1.90646  -1.74499  -1.51861  -1.31309  -1.15250  -1.05124  -0.77814  -0.72607
   9750.  4.50  -4.35455  -3.72681  -2.87402  -2.67569  -2.18556  -1.95005  -1.76617  -1.52873  -1.31401  -1.15147  -1.04728  -0.76842  -0.72213
   9750.  5.00  -4.28366  -3.65382  -2.80692  -2.62304  -2.13226  -1.99656  -1.79654  -1.54489  -1.31868  -1.15269  -1.04485  -0.75824  -0.71659
  10000.  2.00  -4.36943  -3.73806  -2.87737  -2.65973  -2.19122  -1.87392  -1.81864  -1.59663  -1.39565  -1.22577  -1.12411  -0.85169  -0.78546
  10000.  2.50  -4.41207  -3.78763  -2.93082  -2.70786  -2.24072  -1.86448  -1.78690  -1.57335  -1.37943  -1.21711  -1.11919  -0.85430  -0.78847
  10000.  3.00  -4.42118  -3.79897  -2.94492  -2.72453  -2.25515  -1.87578  -1.77570  -1.56392  -1.37135  -1.21264  -1.11583  -0.85324  -0.79091
  10000.  3.50  -4.40633  -3.78423  -2.93317  -2.72047  -2.24726  -1.90034  -1.77621  -1.56157  -1.36644  -1.20913  -1.11185  -0.84853  -0.79151
  10000.  4.00  -4.37226  -3.74942  -2.90220  -2.70034  -2.22341  -1.93427  -1.78536  -1.56396  -1.36312  -1.20579  -1.10691  -0.84079  -0.78977
  10000.  4.50  -4.32240  -3.69852  -2.85606  -2.66663  -2.18697  -1.97460  -1.80217  -1.57081  -1.36168  -1.20316  -1.10180  -0.83104  -0.78571
  10000.  5.00  -4.25849  -3.63337  -2.79652  -2.62022  -2.13982  -2.01842  -1.82719  -1.58272  -1.36297  -1.20203  -1.09747  -0.82030  -0.77975
  10250.  2.00  -4.31103  -3.68065  -2.82850  -2.62553  -2.16344  -1.91282  -1.86839  -1.64798  -1.44856  -1.27988  -1.17908  -0.90990  -0.84649
  10250.  2.50  -4.35765  -3.73483  -2.88743  -2.67878  -2.21895  -1.90265  -1.83590  -1.62426  -1.43225  -1.27135  -1.17448  -0.91334  -0.84988
  10250.  3.00  -4.37226  -3.75232  -2.90830  -2.70107  -2.24010  -1.91212  -1.82352  -1.61424  -1.42415  -1.26720  -1.17173  -0.91351  -0.85295
  10250.  3.50  -4.36361  -3.74433  -2.90351  -2.70245  -2.23864  -1.93395  -1.82210  -1.61080  -1.41891  -1.26379  -1.16819  -0.90996  -0.85421
  10250.  4.00  -4.33631  -3.71668  -2.87953  -2.68768  -2.22067  -1.96470  -1.82857  -1.61155  -1.41483  -1.26019  -1.16337  -0.90311  -0.85300
  10250.  4.50  -4.29337  -3.67302  -2.84015  -2.65924  -2.18956  -2.00201  -1.84196  -1.61604  -1.41192  -1.25669  -1.15777  -0.89378  -0.84925
  10250.  5.00  -4.23575  -3.61443  -2.78664  -2.61769  -2.14715  -2.04295  -1.86223  -1.62434  -1.41044  -1.25359  -1.15185  -0.88260  -0.84303
  10500.  2.00  -4.25952  -3.63043  -2.78626  -2.59635  -2.14066  -1.95152  -1.91748  -1.69870  -1.50087  -1.33344  -1.23353  -0.96752  -0.90674
  10500.  2.50  -4.30937  -3.68832  -2.84943  -2.65368  -2.20073  -1.94117  -1.88459  -1.67481  -1.48464  -1.32514  -1.22929  -0.97171  -0.91057
  10500.  3.00  -4.32834  -3.71068  -2.87569  -2.68057  -2.22734  -1.94962  -1.87163  -1.66463  -1.47678  -1.32145  -1.22720  -0.97298  -0.91428
  10500.  3.50  -4.32480  -3.70830  -2.87688  -2.68674  -2.23157  -1.96950  -1.86906  -1.66066  -1.47159  -1.31838  -1.22426  -0.97058  -0.91618
  10500.  4.00  -4.30314  -3.68669  -2.85897  -2.67676  -2.21910  -1.99769  -1.87359  -1.66032  -1.46716  -1.31483  -1.21981  -0.96474  -0.91560
  10500.  4.50  -4.26630  -3.64938  -2.82565  -2.65313  -2.19306  -2.03244  -1.88440  -1.66315  -1.46336  -1.31091  -1.21409  -0.95604  -0.91238
  10500.  5.00  -4.21431  -3.59670  -2.77776  -2.61616  -2.15516  -2.07122  -1.90110  -1.66881  -1.45994  -1.30652  -1.20722  -0.94487  -0.90629
  10750.  2.00  -4.21394  -3.58633  -2.74980  -2.57168  -2.12249  -1.99006  -1.96601  -1.74886  -1.55263  -1.38648  -1.28745  -1.02455  -0.96620
  10750.  2.50  -4.26659  -3.64746  -2.81648  -2.63236  -2.18601  -1.97976  -1.93291  -1.72495  -1.53656  -1.37845  -1.28358  -1.02938  -0.97045
  10750.  3.00  -4.28917  -3.67375  -2.84700  -2.66295  -2.21691  -1.98773  -1.91979  -1.71490  -1.52911  -1.37529  -1.28216  -1.03162  -0.97476
  10750.  3.50  -4.28997  -3.67613  -2.85323  -2.67323  -2.22603  -2.00611  -1.91652  -1.71074  -1.52421  -1.37273  -1.27994  -1.03032  -0.97729
  10750.  4.00  -4.27317  -3.65973  -2.84067  -2.66753  -2.21853  -2.03221  -1.91972  -1.70977  -1.51977  -1.36945  -1.27600  -1.02550  -0.97737
  10750.  4.50  -4.24170  -3.62809  -2.81298  -2.64844  -2.19748  -2.06455  -1.92843  -1.71138  -1.51547  -1.36541  -1.27047  -1.01764  -0.97480
  10750.  5.00  -4.19505  -3.58101  -2.77044  -2.61586  -2.16404  -2.10128  -1.94231  -1.71511  -1.51085  -1.36035  -1.26321  -1.00686  -0.96908
  11000.  2.00  -4.17342  -3.54751  -2.71845  -2.55107  -2.10859  -2.02838  -2.01390  -1.79840  -1.60378  -1.43893  -1.34080  -1.08097  -1.02488
  11000.  2.50  -4.22869  -3.61160  -2.78812  -2.61460  -2.17478  -2.01828  -1.98069  -1.77452  -1.58791  -1.43118  -1.33729  -1.08637  -1.02954
  11000.  3.00  -4.25421  -3.64115  -2.82209  -2.64822  -2.20905  -2.02608  -1.96760  -1.76472  -1.58090  -1.42855  -1.33649  -1.08944  -1.03440
  11000.  3.50  -4.25863  -3.64744  -2.83242  -2.66190  -2.22216  -2.04359  -1.96405  -1.76064  -1.57640  -1.42653  -1.33495  -1.08912  -1.03754
  11000.  4.00  -4.24579  -3.63531  -2.82433  -2.65982  -2.21894  -2.06801  -1.96630  -1.75930  -1.57210  -1.42360  -1.33156  -1.08527  -1.03823
  11000.  4.50  -4.21886  -3.60855  -2.80161  -2.64480  -2.20248  -2.09848  -1.97362  -1.76019  -1.56765  -1.41971  -1.32642  -1.07831  -1.03633
  11000.  5.00  -4.17735  -3.56678  -2.76419  -2.61644  -2.17339  -2.13341  -1.98541  -1.76263  -1.56239  -1.41440  -1.31918  -1.06817  -1.03116
  11250.  2.00  -4.13746  -3.51336  -2.69165  -2.53415  -2.09851  -2.06654  -2.06128  -1.84742  -1.65440  -1.49086  -1.39362  -1.13678  -1.08281
  11250.  2.50  -4.19508  -3.58014  -2.76388  -2.60009  -2.16679  -2.05664  -2.02794  -1.82356  -1.63868  -1.48333  -1.39041  -1.14265  -1.08780
  11250.  3.00  -4.22332  -3.61261  -2.80076  -2.63625  -2.20369  -2.06451  -2.01507  -1.81412  -1.63218  -1.48125  -1.39022  -1.14646  -1.09320
  11250.  3.50  -4.23068  -3.62209  -2.81440  -2.65269  -2.21999  -2.08147  -2.01145  -1.81023  -1.62812  -1.47977  -1.38932  -1.14700  -1.09689
  11250.  4.00  -4.22117  -3.61355  -2.81008  -2.65368  -2.22040  -2.10458  -2.01311  -1.80877  -1.62410  -1.47726  -1.38651  -1.14405  -1.09813
  11250.  4.50  -4.19825  -3.59111  -2.79179  -2.64229  -2.20807  -2.13338  -2.01945  -1.80925  -1.61975  -1.47367  -1.38187  -1.13801  -1.09686
  11250.  5.00  -4.16158  -3.55437  -2.75931  -2.61800  -2.18328  -2.16635  -2.02949  -1.81076  -1.61423  -1.46844  -1.37495  -1.12870  -1.09231
  11500.  2.00  -4.10545  -3.48324  -2.66879  -2.52043  -2.09183  -2.10449  -2.10811  -1.89587  -1.70443  -1.54220  -1.44585  -1.19197  -1.13996
  11500.  2.50  -4.16531  -3.55260  -2.74338  -2.58857  -2.16183  -2.09481  -2.07464  -1.87202  -1.68885  -1.53487  -1.44291  -1.19824  -1.14526
  11500.  3.00  -4.19599  -3.58770  -2.78275  -2.62688  -2.20080  -2.10286  -2.06201  -1.86294  -1.68283  -1.53331  -1.44327  -1.20271  -1.15115
  11500.  3.50  -4.20583  -3.59985  -2.79908  -2.64558  -2.21962  -2.11953  -2.05849  -1.85934  -1.67924  -1.53234  -1.44296  -1.20399  -1.15533
  11500.  4.00  -4.19913  -3.59435  -2.79794  -2.64915  -2.22307  -2.14169  -2.05987  -1.85794  -1.67558  -1.53029  -1.44073  -1.20184  -1.15705
  11500.  4.50  -4.17969  -3.57561  -2.78345  -2.64088  -2.21429  -2.16911  -2.06556  -1.85825  -1.67148  -1.52711  -1.43666  -1.19668  -1.15636
  11500.  5.00  -4.14726  -3.54339  -2.75544  -2.62026  -2.19341  -2.20013  -2.07423  -1.85912  -1.66594  -1.52208  -1.43017  -1.18819  -1.15241
  11750.  2.00  -4.07687  -3.45664  -2.64941  -2.50957  -2.08814  -2.14220  -2.15436  -1.94373  -1.75385  -1.59294  -1.49748  -1.24652  -1.19635
  11750.  2.50  -4.13892  -3.52850  -2.72620  -2.57974  -2.15964  -2.13276  -2.12078  -1.91990  -1.73842  -1.58582  -1.49480  -1.25315  -1.20193
  11750.  3.00  -4.17185  -3.56603  -2.76775  -2.61993  -2.20027  -2.14105  -2.10843  -1.91120  -1.73286  -1.58473  -1.49567  -1.25820  -1.20827
  11750.  3.50  -4.18396  -3.58058  -2.78640  -2.64054  -2.22109  -2.15766  -2.10517  -1.90798  -1.72977  -1.58428  -1.49592  -1.26014  -1.21290
  11750.  4.00  -4.17963  -3.57762  -2.78785  -2.64622  -2.22697  -2.17907  -2.10638  -1.90668  -1.72647  -1.58266  -1.49421  -1.25869  -1.21506
  11750.  4.50  -4.16319  -3.56206  -2.77658  -2.64055  -2.22114  -2.20523  -2.11162  -1.90696  -1.72270  -1.57990  -1.49070  -1.25430  -1.21483
  11750.  5.00  -4.13434  -3.53364  -2.75244  -2.62313  -2.20377  -2.23450  -2.11922  -1.90741  -1.71726  -1.57517  -1.48469  -1.24664  -1.21149
  12000.  2.50  -4.11547  -3.50738  -2.71193  -2.57327  -2.15989  -2.17043  -2.16637  -1.96719  -1.78738  -1.63615  -1.54606  -1.30737  -1.25781
  12000.  3.00  -4.15060  -3.54723  -2.75547  -2.61515  -2.20187  -2.17907  -2.15439  -1.95893  -1.78231  -1.63554  -1.54743  -1.31293  -1.26456
  12000.  3.50  -4.16486  -3.56407  -2.77621  -2.63747  -2.22435  -2.19573  -2.15144  -1.95611  -1.77971  -1.63557  -1.54820  -1.31546  -1.26962
  12000.  4.00  -4.16255  -3.56324  -2.77974  -2.64486  -2.23214  -2.21667  -2.15258  -1.95496  -1.77673  -1.63433  -1.54694  -1.31462  -1.27219
  12000.  4.50  -4.14842  -3.55019  -2.77106  -2.64128  -2.22872  -2.24191  -2.15763  -1.95531  -1.77330  -1.63195  -1.54390  -1.31089  -1.27235
  12000.  5.00  -4.12253  -3.52491  -2.75014  -2.62653  -2.21434  -2.26969  -2.16431  -1.95542  -1.76800  -1.62753  -1.53836  -1.30401  -1.26956
  12250.  2.50  -4.09465  -3.48894  -2.70025  -2.56893  -2.16233  -2.20779  -2.21131  -2.01383  -1.83567  -1.68580  -1.59666  -1.36088  -1.31289
  12250.  3.00  -4.13191  -3.53104  -2.74570  -2.61242  -2.20554  -2.21680  -2.19974  -2.00603  -1.83111  -1.68569  -1.59854  -1.36696  -1.32005
  12250.  3.50  -4.14814  -3.54993  -2.76824  -2.63620  -2.22931  -2.23357  -2.19714  -2.00364  -1.82900  -1.68620  -1.59980  -1.37000  -1.32549
  12250.  4.00  -4.14769  -3.55107  -2.77359  -2.64502  -2.23862  -2.25411  -2.19836  -2.00272  -1.82640  -1.68535  -1.59896  -1.36968  -1.32838
  12250.  4.50  -4.13550  -3.54008  -2.76699  -2.64312  -2.23713  -2.27859  -2.20328  -2.00319  -1.82328  -1.68333  -1.59635  -1.36653  -1.32890
  12250.  5.00  -4.11233  -3.51764  -2.74887  -2.63066  -2.22528  -2.30502  -2.20931  -2.00311  -1.81821  -1.67924  -1.59127  -1.36034  -1.32658
  12500.  2.50  -4.07627  -3.47293  -2.69090  -2.56646  -2.16665  -2.24482  -2.25567  -2.05986  -1.88334  -1.73482  -1.64661  -1.41369  -1.36717
  12500.  3.00  -4.11556  -3.51719  -2.73813  -2.61147  -2.21097  -2.25419  -2.24448  -2.05250  -1.87926  -1.73518  -1.64897  -1.42024  -1.37473
  12500.  3.50  -4.13361  -3.53795  -2.76223  -2.63651  -2.23579  -2.27117  -2.24228  -2.05054  -1.87762  -1.73614  -1.65067  -1.42374  -1.38052
  12500.  4.00  -4.13481  -3.54082  -2.76915  -2.64655  -2.24630  -2.29150  -2.24366  -2.04988  -1.87537  -1.73564  -1.65022  -1.42387  -1.38371
  12500.  4.50  -4.12423  -3.53157  -2.76426  -2.64603  -2.24638  -2.31543  -2.24850  -2.05047  -1.87255  -1.73394  -1.64798  -1.42122  -1.38456
  12500.  5.00  -4.10323  -3.51141  -2.74840  -2.63541  -2.23659  -2.34084  -2.25416  -2.05035  -1.86771  -1.73014  -1.64330  -1.41562  -1.38261
  12750.  2.50  -4.06005  -3.45905  -2.68354  -2.56559  -2.17253  -2.28152  -2.29947  -2.10528  -1.93035  -1.78315  -1.69585  -1.46574  -1.42064
  12750.  3.00  -4.10135  -3.50542  -2.73253  -2.61211  -2.21798  -2.29130  -2.28868  -2.09837  -1.92678  -1.78402  -1.69873  -1.47277  -1.42859
  12750.  3.50  -4.12101  -3.52787  -2.75802  -2.63826  -2.24365  -2.30846  -2.28683  -2.09682  -1.92557  -1.78538  -1.70083  -1.47669  -1.43470
  12750.  4.00  -4.12376  -3.53237  -2.76632  -2.64936  -2.25514  -2.32860  -2.28841  -2.09646  -1.92370  -1.78524  -1.70076  -1.47723  -1.43816
  12750.  4.50  -4.11475  -3.52475  -2.76295  -2.65003  -2.25647  -2.35205  -2.29326  -2.09721  -1.92118  -1.78386  -1.69888  -1.47502  -1.43928
  12750.  5.00  -4.09567  -3.50662  -2.74913  -2.64106  -2.24849  -2.37642  -2.29860  -2.09710  -1.91664  -1.78040  -1.69461  -1.46996  -1.43766
  13000.  2.50  -4.04564  -3.44696  -2.67786  -2.56606  -2.17973  -2.31777  -2.34258  -2.14998  -1.97662  -1.83076  -1.74436  -1.51702  -1.47325
  13000.  3.00  -4.08899  -3.49550  -2.72869  -2.61419  -2.22640  -2.32804  -2.33223  -2.14360  -1.97363  -1.83218  -1.74780  -1.52459  -1.48168
  13000.  3.50  -4.11015  -3.51955  -2.75548  -2.64137  -2.25285  -2.34541  -2.33077  -2.14246  -1.97284  -1.83394  -1.75031  -1.52889  -1.48808
  13000.  4.00  -4.11436  -3.52557  -2.76504  -2.65343  -2.26515  -2.36551  -2.33258  -2.14240  -1.97134  -1.83415  -1.75058  -1.52980  -1.49181
  13000.  4.50  -4.10670  -3.51931  -2.76287  -2.65503  -2.26742  -2.38866  -2.33753  -2.14336  -1.96911  -1.83304  -1.74900  -1.52796  -1.49317
  13000.  5.00  -4.08912  -3.50280  -2.75063  -2.64730  -2.26079  -2.41225  -2.34272  -2.14330  -1.96481  -1.82983  -1.74505  -1.52332  -1.49179
  14000.  2.00  -3.92822  -3.32444  -2.57243  -2.48848  -2.12698  -2.46645  -2.54635  -2.34768  -2.16973  -2.01902  -1.93056  -1.70274  -1.66542
  14000.  2.50  -4.00402  -3.41409  -2.66853  -2.57811  -2.21743  -2.45831  -2.50880  -2.32219  -2.15475  -2.01389  -1.93096  -1.71419  -1.67522
  14000.  3.00  -4.05405  -3.47009  -2.72650  -2.63285  -2.26990  -2.47091  -2.50039  -2.31802  -2.15421  -2.01782  -1.93697  -1.72424  -1.68588
  14000.  3.50  -4.08141  -3.50053  -2.75854  -2.66440  -2.29964  -2.48947  -2.50064  -2.31874  -2.15539  -2.02144  -1.94131  -1.73021  -1.69363
  14000.  4.00  -4.09076  -3.51183  -2.77229  -2.67964  -2.31430  -2.50964  -2.50355  -2.31997  -2.15528  -2.02293  -1.94286  -1.73235  -1.69825
  14000.  4.50  -4.08772  -3.51030  -2.77392  -2.68402  -2.31897  -2.53159  -2.50874  -2.32156  -2.15400  -2.02272  -1.94223  -1.73159  -1.70029
  14000.  5.00  -4.07478  -3.49868  -2.76603  -2.67964  -2.31564  -2.55347  -2.51394  -2.32199  -2.15061  -2.02040  -1.93928  -1.72820  -1.69973
  15000.  2.50  -3.98187  -3.39964  -2.67381  -2.60059  -2.26279  -2.59114  -2.66529  -2.48395  -2.32176  -2.18539  -2.10556  -1.89839  -1.86358
  15000.  3.00  -4.03758  -3.46226  -2.73899  -2.66239  -2.32228  -2.60628  -2.65858  -2.48193  -2.32376  -2.19209  -2.11451  -1.91149  -1.87703
  15000.  3.50  -4.07030  -3.49844  -2.77645  -2.69883  -2.35635  -2.62671  -2.66092  -2.48489  -2.32728  -2.19798  -2.12111  -1.91956  -1.88662
  15000.  4.00  -4.08418  -3.51444  -2.79415  -2.71732  -2.37356  -2.64761  -2.66527  -2.48765  -2.32880  -2.20097  -2.12416  -1.92305  -1.89233
  15000.  4.50  -4.08493  -3.51679  -2.79881  -2.72395  -2.37988  -2.66914  -2.67105  -2.49007  -2.32852  -2.20168  -2.12444  -1.92320  -1.89501
  15000.  5.00  -4.07553  -3.50873  -2.79367  -2.72155  -2.37808  -2.69009  -2.67663  -2.49110  -2.32590  -2.20003  -2.12217  -1.92055  -1.89492
  16000.  2.50  -3.97349  -3.39783  -2.68816  -2.62880  -2.31044  -2.71613  -2.81270  -2.63594  -2.47832  -2.34584  -2.26874  -2.07007  -2.03891
  16000.  3.00  -4.03376  -3.46612  -2.76026  -2.69780  -2.37827  -2.73392  -2.80725  -2.63578  -2.48274  -2.35534  -2.28078  -2.08664  -2.05562
  16000.  3.50  -4.07130  -3.50763  -2.80329  -2.73951  -2.41750  -2.75650  -2.81166  -2.64103  -2.48873  -2.36375  -2.28995  -2.09723  -2.06750
  16000.  4.00  -4.08933  -3.52805  -2.82512  -2.76163  -2.43789  -2.77855  -2.81767  -2.64559  -2.49213  -2.36855  -2.29478  -2.10238  -2.07459
  16000.  4.50  -4.09362  -3.53405  -2.83288  -2.77078  -2.44622  -2.80019  -2.82438  -2.64908  -2.49305  -2.37037  -2.29618  -2.10358  -2.07808
  16000.  5.00  -4.08720  -3.52904  -2.83015  -2.77020  -2.44580  -2.82061  -2.83048  -2.65083  -2.49129  -2.36947  -2.29465  -2.10163  -2.07848
  17000.  2.50  -3.97525  -3.40531  -2.70892  -2.66082  -2.35870  -2.83384  -2.95197  -2.77919  -2.62551  -2.49635  -2.42160  -2.23029  -2.20237
  17000.  3.00  -4.03897  -3.47813  -2.78688  -2.73615  -2.43446  -2.85386  -2.94709  -2.78025  -2.63179  -2.50821  -2.43636  -2.25026  -2.22231
  17000.  3.50  -4.08091  -3.52453  -2.83534  -2.78326  -2.47963  -2.87888  -2.95353  -2.78779  -2.64033  -2.51928  -2.44828  -2.26370  -2.23682
  17000.  4.00  -4.10273  -3.54906  -2.86145  -2.80938  -2.50404  -2.90246  -2.96130  -2.79425  -2.64575  -2.52609  -2.45515  -2.27082  -2.24566
  17000.  4.50  -4.11012  -3.55834  -2.87232  -2.82121  -2.51471  -2.92450  -2.96906  -2.79897  -2.64804  -2.52925  -2.45790  -2.27330  -2.25017
  17000.  5.00  -4.10636  -3.55612  -2.87204  -2.82264  -2.51597  -2.94481  -2.97599  -2.80164  -2.64729  -2.52927  -2.45729  -2.27220  -2.25120
  18000.  2.50  -3.98441  -3.41970  -2.73464  -2.69581  -2.40750  -2.94509  -3.08383  -2.91453  -2.76429  -2.63795  -2.56523  -2.38034  -2.35530
  18000.  3.00  -4.05100  -3.49626  -2.81739  -2.77641  -2.49007  -2.96675  -3.07892  -2.91626  -2.77193  -2.65173  -2.58229  -2.40337  -2.37817
  18000.  3.50  -4.09674  -3.54693  -2.87067  -2.82845  -2.54090  -2.99413  -3.08719  -2.92590  -2.78282  -2.66531  -2.59687  -2.41966  -2.39535
  18000.  4.00  -4.12207  -3.57526  -2.90085  -2.85853  -2.56961  -3.01943  -3.09669  -2.93424  -2.79028  -2.67421  -2.60588  -2.42897  -2.40617
  18000.  4.50  -4.13228  -3.58756  -2.91485  -2.87327  -2.58335  -3.04223  -3.10559  -2.94027  -2.79403  -2.67883  -2.61013  -2.43293  -2.41196
  18000.  5.00  -4.13094  -3.58792  -2.91708  -2.87685  -2.58646  -3.06266  -3.11336  -2.94393  -2.79440  -2.67992  -2.61060  -2.43288  -2.41384
  19000.  2.50  -3.99888  -3.43924  -2.76430  -2.73330  -2.45724  -3.05054  -3.20868  -3.04244  -2.89523  -2.77135  -2.70041  -2.52117  -2.49869
  19000.  3.00  -4.06775  -3.51879  -2.85092  -2.81821  -2.54541  -3.07333  -3.20338  -3.04455  -2.90396  -2.78681  -2.71957  -2.54718  -2.52443
  19000.  3.50  -4.11703  -3.57324  -2.90820  -2.87434  -2.60085  -3.10281  -3.21332  -3.05611  -2.91702  -2.80271  -2.73658  -2.56603  -2.54404
  19000.  4.00  -4.14561  -3.60502  -2.94205  -2.90805  -2.63361  -3.12976  -3.22448  -3.06625  -2.92644  -2.81362  -2.74767  -2.57751  -2.55686
  19000.  4.50  -4.15849  -3.62018  -2.95908  -2.92573  -2.65057  -3.15353  -3.23458  -3.07364  -2.93170  -2.81978  -2.75352  -2.58314  -2.56413
  19000.  5.00  -4.15931  -3.62285  -2.96372  -2.93156  -2.65620  -3.17437  -3.24326  -3.07832  -2.93321  -2.82200  -2.75515  -2.58425  -2.56698
  20000.  3.00  -4.08794  -3.54470  -2.88704  -2.86154  -2.60121  -3.17445  -3.32100  -3.16574  -3.02865  -2.91436  -2.84916  -2.68283  -2.66227
  20000.  3.50  -4.14050  -3.60250  -2.94767  -2.92104  -2.66022  -3.20576  -3.33264  -3.17920  -3.04381  -2.93243  -2.86845  -2.70407  -2.68416
  20000.  4.00  -4.17221  -3.63745  -2.98463  -2.95780  -2.69622  -3.23413  -3.34533  -3.19102  -3.05505  -2.94518  -2.88143  -2.71746  -2.69874
  20000.  4.50  -4.18755  -3.65516  -3.00428  -2.97802  -2.71601  -3.25879  -3.35655  -3.19968  -3.06173  -2.95281  -2.88879  -2.72465  -2.70741
  20000.  5.00  -4.19034  -3.65992  -3.01113  -2.98595  -2.72397  -3.28003  -3.36601  -3.20531  -3.06434  -2.95613  -2.89157  -2.72696  -2.71133
  21000.  3.00  -4.11016  -3.57248  -2.92432  -2.90518  -2.65642  -3.27000  -3.43186  -3.27996  -3.14616  -3.03453  -2.97126  -2.81059  -2.79200
  21000.  3.50  -4.16612  -3.63387  -2.98861  -2.96838  -2.71935  -3.30362  -3.44558  -3.29572  -3.16382  -3.05520  -2.99323  -2.83466  -2.81661
  21000.  4.00  -4.20081  -3.67170  -3.02821  -3.00768  -2.75783  -3.33325  -3.45981  -3.30920  -3.17682  -3.06971  -3.00799  -2.84980  -2.83282
  21000.  4.50  -4.21856  -3.69179  -3.05013  -3.03004  -2.77985  -3.35863  -3.47212  -3.31906  -3.18482  -3.07865  -3.01671  -2.85834  -2.84272
  21000.  5.00  -4.22318  -3.69842  -3.05883  -3.03975  -2.78976  -3.38014  -3.48228  -3.32553  -3.18842  -3.08297  -3.02054  -2.86176  -2.84760
  22000.  3.00  -4.13291  -3.60057  -2.96118  -2.94772  -2.70969  -3.35960  -3.53587  -3.38716  -3.25644  -3.14733  -3.08588  -2.93051  -2.91374
  22000.  3.50  -4.19297  -3.66633  -3.03018  -3.01570  -2.77778  -3.39656  -3.55242  -3.40597  -3.27738  -3.17140  -3.11134  -2.95826  -2.94194
  22000.  4.00  -4.23057  -3.70706  -3.07250  -3.05762  -2.81881  -3.42771  -3.56839  -3.42130  -3.29231  -3.18783  -3.12804  -2.97535  -2.95996
  22000.  4.50  -4.25071  -3.72940  -3.09635  -3.08178  -2.84250  -3.45365  -3.58175  -3.43232  -3.30158  -3.19801  -3.13802  -2.98512  -2.97095
  22000.  5.00  -4.25708  -3.73774  -3.10661  -3.09293  -2.85389  -3.47530  -3.59258  -3.43958  -3.30608  -3.20323  -3.14278  -2.98943  -2.97662
  23000.  3.00  -4.15433  -3.62697  -2.99563  -2.98729  -2.75925  -3.44252  -3.63254  -3.48685  -3.35909  -3.25238  -3.19267  -3.04233  -3.02722
  23000.  3.50  -4.21999  -3.69882  -3.07127  -3.06198  -2.83452  -3.48433  -3.65316  -3.50998  -3.38455  -3.28109  -3.22288  -3.07500  -3.06026
  23000.  4.00  -4.26084  -3.74277  -3.11674  -3.10699  -2.87865  -3.51759  -3.67129  -3.52756  -3.40181  -3.29984  -3.24191  -3.09444  -3.08055
  23000.  4.50  -4.28337  -3.76744  -3.14268  -3.13313  -2.90419  -3.54439  -3.68590  -3.53994  -3.41253  -3.31143  -3.25330  -3.10564  -3.09285
  23000.  5.00  -4.29141  -3.77735  -3.15427  -3.14547  -2.91668  -3.56607  -3.69733  -3.54792  -3.41787  -3.31747  -3.25890  -3.11076  -3.09921
  24000.  3.00  -4.17221  -3.64912  -3.02482  -3.02113  -2.80229  -3.51717  -3.72062  -3.57775  -3.45279  -3.34838  -3.29035  -3.14497  -3.13144
  24000.  3.50  -4.24608  -3.73014  -3.11066  -3.10612  -2.88855  -3.56664  -3.74770  -3.60767  -3.48528  -3.38426  -3.32782  -3.18494  -3.17165
  24000.  4.00  -4.29080  -3.77803  -3.16010  -3.15505  -2.93663  -3.60271  -3.76856  -3.62807  -3.50543  -3.40589  -3.34974  -3.20727  -3.19476
  24000.  4.50  -4.31583  -3.80510  -3.18827  -3.18330  -2.96419  -3.63069  -3.78461  -3.64199  -3.51776  -3.41905  -3.36271  -3.22004  -3.20856
  24000.  5.00  -4.32559  -3.81668  -3.20133  -3.19700  -2.97796  -3.65265  -3.79677  -3.65082  -3.52407  -3.42603  -3.36927  -3.22617  -3.21579
  25000.  3.00  -4.18422  -3.66391  -3.04479  -3.04510  -2.83384  -3.58061  -3.79784  -3.65726  -3.53465  -3.43223  -3.37572  -3.23517  -3.22321
  25000.  3.50  -4.26992  -3.75883  -3.14688  -3.14672  -2.93853  -3.64279  -3.83554  -3.69857  -3.57913  -3.48048  -3.42576  -3.28775  -3.27584
  25000.  4.00  -4.31957  -3.81187  -3.20161  -3.20089  -2.99187  -3.68280  -3.86010  -3.72272  -3.60309  -3.50587  -3.45145  -3.31381  -3.30259
  25000.  4.50  -4.34750  -3.84182  -3.23256  -3.23183  -3.02208  -3.71250  -3.87803  -3.73860  -3.61742  -3.52103  -3.46641  -3.32856  -3.31828
  25000.  5.00  -4.35893  -3.85500  -3.24707  -3.24688  -3.03711  -3.73490  -3.89097  -3.74836  -3.62476  -3.52901  -3.47398  -3.33571  -3.32647
  26000.  3.00  -4.19171  -3.67153  -3.05388  -3.05670  -2.84859  -3.63042  -3.86301  -3.72324  -3.60176  -3.50003  -3.44431  -3.30645  -3.29595
  26000.  3.50  -4.28997  -3.78317  -3.17808  -3.18201  -2.98269  -3.71174  -3.91585  -3.78182  -3.66526  -3.56893  -3.51592  -3.38276  -3.37217
  26000.  4.00  -4.34628  -3.84336  -3.24033  -3.24362  -3.04357  -3.75750  -3.94572  -3.81137  -3.69463  -3.59970  -3.54696  -3.41398  -3.40398
  26000.  4.50  -4.37757  -3.87668  -3.27461  -3.27781  -3.07695  -3.78941  -3.96593  -3.82959  -3.71136  -3.61721  -3.56427  -3.43105  -3.42192
  26000.  5.00  -4.39104  -3.89190  -3.29105  -3.29469  -3.09375  -3.81271  -3.98004  -3.84064  -3.72008  -3.62653  -3.57317  -3.43953  -3.43136
  27000.  3.50  -4.30531  -3.80169  -3.20225  -3.20985  -3.01842  -3.77188  -3.98742  -3.85607  -3.74216  -3.64796  -3.59657  -3.46807  -3.45876
  27000.  4.00  -4.36980  -3.87121  -3.27492  -3.28196  -3.09044  -3.82606  -4.02488  -3.89344  -3.77954  -3.68682  -3.63572  -3.50732  -3.49847
  27000.  4.50  -4.40526  -3.90889  -3.31360  -3.32046  -3.12804  -3.86107  -4.04815  -3.91481  -3.79943  -3.70744  -3.65612  -3.52737  -3.51931
  27000.  5.00  -4.42109  -3.92648  -3.33234  -3.33955  -3.14701  -3.88562  -4.06369  -3.92739  -3.80977  -3.71835  -3.66663  -3.53747  -3.53030
  28000.  3.50  -4.31730  -3.81517  -3.21938  -3.22992  -3.04437  -3.82265  -4.05003  -3.92080  -3.80910  -3.71652  -3.66647  -3.54171  -3.53359
  28000.  4.00  -4.38957  -3.89456  -3.30425  -3.31477  -3.13120  -3.88768  -4.09693  -3.96830  -3.85710  -3.76650  -3.71699  -3.59304  -3.58530
  28000.  4.50  -4.42987  -3.93758  -3.34863  -3.35891  -3.17455  -3.92700  -4.12432  -3.99389  -3.88129  -3.79139  -3.74166  -3.61727  -3.61023
  28000.  5.00  -4.44841  -3.95796  -3.37014  -3.38068  -3.19612  -3.95319  -4.14164  -4.00837  -3.89359  -3.80423  -3.75408  -3.62923  -3.62301
  29000.  3.50  -4.33166  -3.82915  -3.23470  -3.24717  -3.06469  -3.86758  -4.10693  -3.97891  -3.86872  -3.77687  -3.72772  -3.60489  -3.59771
  29000.  4.00  -4.40583  -3.91330  -3.32785  -3.34145  -3.16488  -3.94182  -4.16154  -4.03548  -3.92678  -3.83809  -3.79005  -3.67019  -3.66349
  29000.  4.50  -4.45106  -3.96221  -3.37897  -3.39243  -3.21563  -3.98669  -4.19408  -4.06645  -3.95654  -3.86864  -3.82044  -3.70022  -3.69414
  29000.  5.00  -4.47294  -3.98615  -3.40414  -3.41777  -3.24071  -4.01531  -4.21389  -4.08354  -3.97150  -3.88411  -3.83548  -3.71473  -3.70939
  30000.  3.50  -4.35654  -3.85234  -3.25737  -3.27086  -3.08902  -3.91414  -4.16439  -4.03679  -3.92743  -3.83553  -3.78684  -3.66429  -3.65775
  30000.  4.00  -4.42106  -3.92961  -3.34748  -3.36363  -3.19254  -3.98956  -4.21977  -4.09586  -3.98944  -3.90223  -3.85551  -3.73878  -3.73298
  30000.  4.50  -4.46943  -3.98307  -3.40463  -3.42096  -3.25096  -4.04000  -4.25740  -4.13240  -4.02501  -3.93895  -3.89217  -3.77581  -3.77061
  30000.  5.00  -4.49447  -4.01069  -3.43384  -3.45033  -3.28027  -4.07161  -4.28017  -4.15261  -4.04321  -3.95767  -3.91050  -3.79364  -3.78912
  31000.  3.50  -4.39618  -3.88969  -3.29300  -3.30672  -3.12366  -3.96749  -4.22691  -4.09896  -3.98986  -3.89730  -3.84874  -3.72530  -3.71919
  31000.  4.00  -4.44002  -3.94825  -3.36785  -3.38590  -3.21854  -4.03453  -4.27476  -4.15250  -4.04794  -3.96172  -3.91607  -3.80142  -3.79634
  31000.  4.50  -4.48699  -4.00197  -3.42714  -3.44593  -3.28165  -4.08806  -4.31533  -4.19268  -4.08754  -4.00301  -3.95749  -3.84448  -3.84004
  31000.  5.00  -4.51428  -4.03260  -3.46004  -3.47910  -3.31528  -4.12262  -4.34102  -4.21608  -4.10916  -4.02528  -3.97944  -3.86611  -3.86232
  32000.  4.00  -4.46593  -3.97258  -3.39230  -3.41162  -3.24622  -4.07961  -4.32890  -4.20772  -4.10467  -4.01898  -3.97421  -3.86069  -3.85619
  32000.  4.50  -4.50693  -4.02200  -3.44950  -3.47031  -3.31050  -4.13325  -4.36990  -4.24926  -4.14632  -4.06299  -4.01870  -3.90794  -3.90414
  32000.  5.00  -4.53457  -4.05396  -3.48466  -3.50593  -3.34742  -4.16988  -4.39778  -4.27522  -4.17053  -4.08805  -4.04342  -3.93313  -3.92995
  33000.  4.00  -4.50400  -4.00866  -3.42769  -3.44769  -3.28284  -4.13103  -4.38790  -4.26720  -4.16526  -4.07962  -4.03550  -3.92213  -3.91803
  33000.  4.50  -4.53154  -4.04547  -3.47388  -3.49622  -3.33949  -4.17738  -4.42267  -4.30360  -4.20255  -4.12009  -4.07687  -3.96775  -3.96447
  33000.  5.00  -4.55682  -4.07616  -3.50902  -3.53215  -3.37796  -4.21455  -4.45142  -4.33098  -4.22854  -4.14722  -4.10379  -3.99567  -3.99300
  34000.  4.00  -4.55322  -4.05614  -3.47429  -3.49459  -3.32939  -4.18975  -4.45285  -4.33221  -4.23099  -4.14492  -4.10117  -3.98693  -3.98309
  34000.  4.50  -4.56557  -4.07772  -3.50602  -3.52937  -3.37432  -4.22553  -4.47823  -4.36024  -4.26075  -4.17874  -4.13642  -4.02814  -4.02526
  34000.  5.00  -4.58437  -4.10264  -3.53644  -3.56102  -3.40995  -4.25944  -4.50443  -4.38573  -4.28527  -4.20482  -4.16245  -4.05598  -4.05372
  35000.  4.00  -4.61142  -4.11307  -3.53049  -3.55088  -3.38499  -4.25504  -4.52331  -4.40247  -4.30169  -4.21488  -4.17124  -4.05533  -4.05154
  35000.  4.50  -4.60960  -4.11985  -3.54756  -3.57148  -3.41700  -4.27954  -4.53846  -4.42104  -4.32277  -4.24077  -4.19914  -4.09072  -4.08814
  35000.  5.00  -4.62029  -4.13689  -3.57077  -3.59637  -3.44723  -4.30809  -4.56005  -4.44265  -4.34388  -4.26396  -4.22253  -4.11694  -4.11502
  36000.  4.00  -4.67648  -4.17747  -3.59464  -3.61514  -3.44884  -4.32630  -4.59874  -4.47778  -4.37732  -4.28979  -4.24616  -4.12846  -4.12459
  36000.  4.50  -4.66187  -4.17041  -3.59738  -3.62157  -3.46696  -4.33895  -4.60309  -4.48588  -4.38855  -4.30617  -4.26499  -4.15550  -4.15309
  36000.  5.00  -4.66444  -4.17913  -3.61254  -3.63877  -3.49055  -4.36124  -4.61909  -4.50257  -4.40521  -4.32543  -4.28476  -4.17921  -4.17755
  37000.  4.00  -4.74607  -4.24706  -3.66453  -3.68524  -3.51912  -4.40213  -4.67790  -4.55702  -4.45692  -4.36896  -4.32537  -4.20641  -4.20245
  37000.  4.50  -4.72107  -4.22835  -3.65482  -3.67920  -3.52436  -4.40395  -4.67234  -4.55521  -4.45862  -4.37568  -4.33480  -4.22373  -4.22135
  37000.  5.00  -4.71587  -4.22874  -3.66146  -3.68805  -3.54004  -4.41909  -4.68190  -4.56586  -4.46968  -4.38970  -4.34961  -4.24330  -4.24181
  38000.  4.00  -4.81792  -4.31940  -3.73759  -3.75865  -3.59331  -4.48058  -4.75898  -4.63839  -4.53872  -4.45067  -4.40722  -4.28774  -4.28378
  38000.  4.50  -4.78544  -4.29203  -3.71844  -3.74302  -3.58826  -4.47380  -4.74566  -4.62864  -4.53273  -4.44930  -4.40866  -4.29603  -4.29361
  38000.  5.00  -4.77349  -4.28484  -3.71699  -3.74381  -3.59579  -4.48171  -4.74862  -4.63289  -4.53771  -4.45734  -4.41772  -4.31010  -4.30868
  39000.  4.00  -4.89036  -4.39265  -3.81179  -3.83329  -3.66901  -4.55981  -4.84041  -4.72023  -4.62104  -4.53313  -4.48990  -4.37052  -4.36662
  39000.  4.50  -4.85305  -4.35951  -3.78633  -3.81120  -3.65685  -4.54718  -4.82185  -4.70510  -4.60983  -4.52614  -4.48574  -4.37205  -4.36959
  39000.  5.00  -4.83587  -4.34618  -3.77807  -3.80512  -3.65723  -4.54869  -4.81895  -4.70347  -4.60921  -4.52843  -4.48923  -4.38015  -4.37875
  40000.  4.50  -4.92225  -4.42902  -3.85658  -3.88187  -3.72849  -4.62259  -4.89951  -4.78314  -4.68850  -4.60479  -4.56466  -4.45048  -4.44806
  40000.  5.00  -4.90150  -4.41129  -3.84332  -3.87064  -3.72318  -4.61914  -4.89211  -4.77694  -4.68352  -4.60248  -4.56364  -4.45338  -4.45200
  41000.  4.50  -4.99176  -4.49913  -3.92766  -3.95341  -3.80124  -4.69854  -4.97739  -4.86150  -4.76751  -4.68394  -4.64413  -4.52993  -4.52757
  41000.  5.00  -4.96900  -4.47870  -3.91119  -3.93884  -3.79196  -4.69176  -4.96703  -4.85224  -4.75960  -4.67847  -4.63998  -4.52895  -4.52761
  42000.  4.50  -5.06080  -4.56895  -3.99855  -4.02481  -3.87396  -4.77409  -5.05463  -4.93927  -4.84592  -4.76264  -4.72316  -4.60925  -4.60700
  42000.  5.00  -5.03722  -4.54713  -3.98036  -4.00843  -3.86260  -4.76549  -5.04264  -4.92831  -4.83641  -4.75534  -4.71722  -4.60584  -4.60456
  43000.  4.50  -5.12889  -4.63792  -4.06865  -4.09541  -3.94592  -4.84862  -5.13073  -5.01592  -4.92319  -4.84025  -4.80112  -4.68772  -4.68559
  43000.  5.00  -5.10538  -4.61577  -4.04987  -4.07840  -3.93375  -4.83936  -5.11816  -5.00433  -4.91313  -4.83224  -4.79447  -4.68307  -4.68188
  44000.  4.50  -5.19576  -4.70577  -4.13763  -4.16489  -4.01674  -4.92180  -5.20538  -5.09114  -4.99899  -4.91643  -4.87763  -4.76488  -4.76289
  44000.  5.00  -5.17289  -4.68391  -4.11900  -4.14799  -4.00461  -4.91270  -5.19297  -5.07966  -4.98913  -4.90852  -4.87111  -4.75995  -4.75886
  45000.  4.50  -5.26132  -4.77232  -4.20530  -4.23303  -4.08620  -4.99346  -5.27846  -5.16475  -5.07315  -4.99099  -4.95251  -4.84045  -4.83860
  45000.  5.00  -5.23945  -4.75122  -4.18734  -4.21680  -4.07473  -4.98507  -5.26671  -5.15394  -5.06402  -4.98373  -4.94667  -4.83594  -4.83498
  46000.  4.50  -5.32552  -4.83754  -4.27163  -4.29980  -4.15424  -5.06355  -5.34993  -5.23675  -5.14565  -5.06389  -5.02570  -4.91437  -4.91266
  46000.  5.00  -5.30484  -4.81741  -4.25458  -4.28451  -4.14374  -5.05618  -5.33910  -5.22688  -5.13757  -5.05764  -5.02092  -4.91070  -4.90988
  47000.  4.50  -5.38840  -4.90146  -4.33662  -4.36521  -4.22084  -5.13207  -5.41981  -5.30713  -5.21650  -5.13512  -5.09719  -4.98662  -4.98504
  47000.  5.00  -5.36897  -4.88239  -4.32061  -4.35099  -4.21149  -5.12592  -5.41006  -5.29836  -5.20963  -5.13007  -5.09368  -4.98403  -4.98336
  48000.  4.50  -5.44999  -4.96408  -4.40029  -4.42928  -4.28605  -5.19908  -5.48814  -5.37595  -5.28574  -5.20473  -5.16704  -5.05723  -5.05576
  48000.  5.00  -5.43176  -4.94606  -4.38533  -4.41614  -4.27787  -5.19416  -5.47950  -5.36832  -5.28012  -5.20093  -5.16485  -5.05583  -5.05529
  49000.  4.50  -5.51031  -5.02543  -4.46266  -4.49202  -4.34988  -5.26462  -5.55500  -5.44326  -5.35342  -5.27276  -5.23529  -5.12625  -5.12488
  49000.  5.00  -5.49328  -5.00848  -4.44877  -4.48000  -4.34291  -5.26095  -5.54747  -5.43678  -5.34907  -5.27025  -5.23445  -5.12609  -5.12567
  50000.  5.00  -5.55349  -5.06962  -4.51092  -4.54254  -4.40660  -5.32627  -5.61395  -5.50375  -5.41649  -5.33802  -5.30249  -5.19480  -5.19450
