   3500.  0.00 -10.35606  -9.59495 -10.76394  -9.19865  -8.66096  -6.50387  -5.37564  -3.95301  -2.87809  -2.04776  -1.66132  -0.37711  -0.13535
   3500.  0.50 -10.22500  -9.55252 -10.69333  -8.88111  -8.15430  -6.13794  -5.07821  -3.78934  -2.77466  -1.98296  -1.60577  -0.34046  -0.10115
   3500.  1.00 -10.09176  -9.50457 -10.61234  -8.54549  -7.64646  -5.80941  -4.82324  -3.65017  -2.68451  -1.92279  -1.55295  -0.29821  -0.06060
   3500.  1.50  -9.96277  -9.45161 -10.51815  -8.21996  -7.18245  -5.52711  -4.60739  -3.52958  -2.60184  -1.86287  -1.49845  -0.25063  -0.01453
   3500.  2.00  -9.84323  -9.39557 -10.40889  -7.92542  -6.78504  -5.29319  -4.42533  -3.42221  -2.52365  -1.80173  -1.44122  -0.19944   0.03493
   3500.  2.50  -9.74551  -9.33790 -10.28630  -7.69571  -6.48923  -5.12412  -4.29401  -3.33752  -2.45351  -1.73898  -1.37973  -0.14437   0.08763
   3500.  3.00  -9.67847  -9.27946 -10.13766  -7.54056  -6.29765  -5.02757  -4.23337  -3.28051  -2.39091  -1.66855  -1.30722  -0.08447   0.14326
   3500.  3.50  -9.64223  -9.23610  -9.98736  -7.44751  -6.18743  -4.98963  -4.20709  -3.24142  -2.33633  -1.60114  -1.23633  -0.03882   0.18275
   3500.  4.00  -9.64644  -9.21667  -9.89157  -7.42703  -6.16114  -5.01790  -4.21735  -3.23945  -2.31522  -1.56606  -1.19698  -0.01733   0.19976
   3500.  4.50  -9.68070  -9.20911  -9.86306  -7.46789  -6.20333  -5.10597  -4.25917  -3.26712  -2.31844  -1.55212  -1.17750  -0.00601   0.20844
   3500.  5.00  -9.74325  -9.21149  -9.91394  -7.57599  -6.32294  -5.26208  -4.33908  -3.32392  -2.34615  -1.55617  -1.17492  -0.00116   0.21231
   3750.  0.00 -10.04113  -9.45377 -10.55466  -8.62129  -7.79668  -5.88307  -4.79774  -3.43390  -2.45181  -1.69142  -1.32640  -0.22250  -0.01951
   3750.  0.50  -9.94358  -9.44304 -10.49726  -8.34071  -7.38517  -5.61650  -4.58613  -3.33239  -2.39237  -1.66049  -1.30238  -0.22025  -0.01962
   3750.  1.00  -9.85103  -9.42592 -10.42799  -8.06100  -6.99063  -5.38443  -4.41247  -3.25503  -2.34613  -1.63440  -1.28063  -0.21132  -0.01190
   3750.  1.50  -9.76066  -9.39958 -10.34191  -7.79249  -6.62877  -5.18098  -4.26445  -3.18892  -2.30375  -1.60661  -1.25549  -0.19276   0.00605
   3750.  2.00  -9.67170  -9.36498 -10.23497  -7.54235  -6.30622  -5.00191  -4.13266  -3.12599  -2.26058  -1.57499  -1.22578  -0.16581   0.03265
   3750.  2.50  -9.59251  -9.32486 -10.11417  -7.34011  -6.05633  -4.86024  -4.02385  -3.07004  -2.21794  -1.53987  -1.19140  -0.13215   0.06590
   3750.  3.00  -9.53165  -9.27932  -9.97417  -7.19996  -5.89161  -4.76488  -3.95631  -3.03023  -2.18184  -1.50293  -1.15356  -0.08985   0.10758
   3750.  3.50  -9.48709  -9.22772  -9.77994  -7.09889  -5.78245  -4.70461  -3.93328  -3.00484  -2.14993  -1.46075  -1.10918  -0.03958   0.15627
   3750.  4.00  -9.45586  -9.18387  -9.57820  -7.01813  -5.69916  -4.66764  -3.91609  -2.98186  -2.11913  -1.42067  -1.06697  -0.00024   0.19296
   3750.  4.50  -9.45672  -9.15812  -9.45573  -6.99751  -5.67959  -4.68289  -3.92179  -2.98294  -2.10762  -1.39931  -1.04223   0.02184   0.21309
   3750.  5.00  -9.48775  -9.14583  -9.42663  -7.03627  -5.72192  -4.75419  -3.95484  -3.00795  -2.11284  -1.39109  -1.02885   0.03561   0.22561
   4000.  0.00  -9.68515  -9.30312 -10.16805  -7.87777  -6.80506  -5.23181  -4.25329  -2.99184  -2.10754  -1.41941  -1.07869  -0.08273   0.09600
   4000.  0.50  -9.58402  -9.29750 -10.01973  -7.57344  -6.41330  -4.99367  -4.07177  -2.90286  -2.06041  -1.40060  -1.06851  -0.09315   0.08363
   4000.  1.00  -9.50231  -9.28911  -9.83899  -7.29375  -6.06352  -4.80362  -3.93723  -2.84682  -2.03319  -1.39176  -1.06471  -0.10097   0.07480
   4000.  1.50  -9.44042  -9.27768  -9.64934  -7.06081  -5.78076  -4.66054  -3.84058  -2.81479  -2.01888  -1.38797  -1.06284  -0.10535   0.06992
   4000.  2.00  -9.39471  -9.26343  -9.49643  -6.88694  -5.57263  -4.55801  -3.77044  -2.79715  -2.01026  -1.38419  -1.05860  -0.10461   0.07032
   4000.  2.50  -9.35921  -9.24693  -9.41747  -6.77225  -5.43303  -4.48598  -3.71539  -2.78465  -2.00058  -1.37577  -1.04818  -0.09653   0.07800
   4000.  3.00  -9.32679  -9.22513  -9.39758  -6.70411  -5.34713  -4.43254  -3.66768  -2.77076  -1.98529  -1.35909  -1.02863  -0.07733   0.09673
   4000.  3.50  -9.29921  -9.18995  -9.33690  -6.66538  -5.30467  -4.39775  -3.64272  -2.76184  -1.96944  -1.33575  -1.00159  -0.04291   0.13094
   4000.  4.00  -9.27333  -9.14030  -9.15908  -6.62222  -5.26992  -4.36813  -3.63935  -2.75550  -1.95391  -1.30847  -0.97107  -0.00042   0.17315
   4000.  4.50  -9.24844  -9.08860  -8.95372  -6.57075  -5.22734  -4.33944  -3.63071  -2.74474  -1.93555  -1.28109  -0.94110   0.03616   0.20898
   4000.  5.00  -9.24808  -9.05252  -8.83035  -6.56184  -5.22565  -4.34957  -3.63602  -2.74923  -1.92841  -1.26485  -0.92113   0.05943   0.23148
   4250.  0.00  -9.36280  -9.15771  -9.38570  -7.15856  -5.97617  -4.67986  -3.81252  -2.66493  -1.85361  -1.22052  -0.89882   0.02123   0.18127
   4250.  0.50  -9.25914  -9.13643  -9.07895  -6.85117  -5.61887  -4.46885  -3.65518  -2.58264  -1.81113  -1.20591  -0.89396   0.00472   0.16344
   4250.  1.00  -9.17569  -9.10170  -8.72640  -6.56635  -5.29971  -4.29943  -3.53865  -2.52931  -1.78697  -1.20084  -0.89545  -0.00867   0.14946
   4250.  1.50  -9.11289  -9.05157  -8.38150  -6.32673  -5.04166  -4.17231  -3.45635  -2.49817  -1.77547  -1.20122  -0.89944  -0.01854   0.13937
   4250.  2.00  -9.06869  -8.99268  -8.10814  -6.14698  -4.85223  -4.08377  -3.40003  -2.48287  -1.77176  -1.20386  -0.90316  -0.02491   0.13295
   4250.  2.50  -9.03960  -8.93966  -7.94406  -6.03095  -4.72689  -4.02665  -3.36179  -2.47836  -1.77233  -1.20664  -0.90494  -0.02766   0.13017
   4250.  3.00  -9.02376  -8.91122  -7.91552  -5.98418  -4.66570  -3.99683  -3.33641  -2.48061  -1.77411  -1.20744  -0.90302  -0.02622   0.13144
   4250.  3.50  -9.01940  -8.91179  -8.00568  -5.99668  -4.66021  -3.99023  -3.32190  -2.48779  -1.77552  -1.20465  -0.89600  -0.01901   0.13828
   4250.  4.00  -9.02304  -8.91217  -8.10563  -6.04066  -4.69746  -4.00323  -3.32735  -2.50130  -1.77685  -1.19571  -0.88149   0.00190   0.15900
   4250.  4.50  -9.02264  -8.88213  -8.09793  -6.08182  -4.74839  -4.01520  -3.34595  -2.51407  -1.77499  -1.17985  -0.86037   0.03510   0.19219
   4250.  5.00  -9.01607  -8.84368  -8.04693  -6.10035  -4.77707  -4.01690  -3.35611  -2.52119  -1.76906  -1.16168  -0.83749   0.06723   0.22402
   4500.  0.00  -9.06203  -8.97799  -8.49465  -6.52247  -5.31141  -4.19608  -3.44120  -2.40882  -1.66090  -1.07371  -0.76856   0.09351   0.23862
   4500.  0.50  -8.96874  -8.92280  -8.14136  -6.24075  -5.00251  -4.02708  -3.31796  -2.34256  -1.62725  -1.06386  -0.76756   0.07410   0.21822
   4500.  1.00  -8.89223  -8.83834  -7.75997  -5.97763  -4.72688  -3.89013  -3.22557  -2.29775  -1.60742  -1.06123  -0.77140   0.05783   0.20164
   4500.  1.50  -8.83323  -8.72495  -7.40301  -5.75428  -4.50382  -3.78790  -3.16082  -2.27047  -1.59772  -1.06291  -0.77719   0.04530   0.18911
   4500.  2.00  -8.78798  -8.59594  -7.11277  -5.58060  -4.33639  -3.71553  -3.11635  -2.25560  -1.59440  -1.06657  -0.78298   0.03632   0.18023
   4500.  2.50  -8.75415  -8.47861  -6.91764  -5.46166  -4.22129  -3.66793  -3.08607  -2.24939  -1.59473  -1.07043  -0.78720   0.03093   0.17492
   4500.  3.00  -8.73197  -8.40157  -6.83546  -5.40305  -4.15788  -3.64235  -3.06604  -2.24905  -1.59645  -1.07302  -0.78855   0.02916   0.17311
   4500.  3.50  -8.72082  -8.37482  -6.86002  -5.39964  -4.13992  -3.63397  -3.05312  -2.25327  -1.59876  -1.07380  -0.78660   0.03111   0.17489
   4500.  4.00  -8.72063  -8.39550  -6.97676  -5.44025  -4.15935  -3.64014  -3.04629  -2.26212  -1.60175  -1.07249  -0.78098   0.03725   0.18066
   4500.  4.50  -8.73158  -8.43613  -7.13547  -5.51608  -4.21732  -3.66462  -3.05339  -2.27673  -1.60532  -1.06777  -0.77061   0.05156   0.19463
   4500.  5.00  -8.74150  -8.44632  -7.23254  -5.60098  -4.30066  -3.69519  -3.07613  -2.29446  -1.60861  -1.05865  -0.75572   0.07647   0.21960
   4750.  0.00  -8.74570  -8.74666  -7.73512  -5.94085  -4.73134  -3.72871  -3.09155  -2.18390  -1.50330  -0.96270  -0.67541   0.13269   0.26614
   4750.  0.50  -8.67099  -8.64790  -7.38192  -5.69358  -4.46869  -3.60815  -3.00851  -2.13997  -1.48283  -0.95979  -0.67937   0.11329   0.24589
   4750.  1.00  -8.60578  -8.50561  -7.00896  -5.45840  -4.23277  -3.50868  -2.94522  -2.10918  -1.47052  -0.96075  -0.68561   0.09654   0.22884
   4750.  1.50  -8.54978  -8.32608  -6.66112  -5.25401  -4.03967  -3.43444  -2.90108  -2.08995  -1.46465  -0.96419  -0.69270   0.08300   0.21531
   4750.  2.00  -8.49948  -8.13428  -6.37432  -5.09082  -3.89273  -3.38293  -2.87183  -2.07922  -1.46301  -0.96862  -0.69939   0.07278   0.20524
   4750.  2.50  -8.45430  -7.96581  -6.17274  -4.97560  -3.79033  -3.35107  -2.85318  -2.07415  -1.46336  -0.97255  -0.70433   0.06607   0.19864
   4750.  3.00  -8.41801  -7.84803  -6.06318  -4.90961  -3.72825  -3.33453  -2.84084  -2.07243  -1.46425  -0.97527  -0.70702   0.06249   0.19506
   4750.  3.50  -8.39572  -7.79138  -6.04450  -4.89285  -3.70411  -3.33089  -2.83284  -2.07315  -1.46478  -0.97589  -0.70645   0.06260   0.19505
   4750.  4.00  -8.38961  -7.79395  -6.10775  -4.91819  -3.71201  -3.33740  -2.82757  -2.07641  -1.46533  -0.97478  -0.70292   0.06607   0.19823
   4750.  4.50  -8.39790  -7.83934  -6.23406  -4.97670  -3.74715  -3.35337  -2.82581  -2.08313  -1.46647  -0.97219  -0.69652   0.07301   0.20476
   4750.  5.00  -8.42135  -7.91259  -6.40899  -5.07661  -3.82234  -3.38475  -2.83367  -2.09533  -1.46871  -0.96781  -0.68683   0.08522   0.21652
   5000.  0.00  -8.42426  -8.45031  -7.04790  -5.41121  -4.23434  -3.29008  -2.76419  -1.98181  -1.37094  -0.87807  -0.61011   0.14143   0.26541
   5000.  0.50  -8.36697  -8.30021  -6.71708  -5.19853  -4.01000  -3.21338  -2.71920  -1.96096  -1.36490  -0.88295  -0.61951   0.12379   0.24704
   5000.  1.00  -8.30727  -8.09777  -6.37268  -4.99297  -3.80687  -3.15025  -2.68560  -1.94657  -1.36208  -0.88868  -0.62881   0.10830   0.23122
   5000.  1.50  -8.24002  -7.85800  -6.04876  -4.80847  -3.63645  -3.10307  -2.66319  -1.93838  -1.36226  -0.89509  -0.63779   0.09516   0.21803
   5000.  2.00  -8.16212  -7.61364  -5.77459  -4.65550  -3.50310  -3.07152  -2.65012  -1.93501  -1.36437  -0.90131  -0.64567   0.08488   0.20784
   5000.  2.50  -8.08196  -7.40628  -5.57355  -4.54298  -3.40764  -3.05458  -2.64368  -1.93434  -1.36675  -0.90630  -0.65156   0.07758   0.20063
   5000.  3.00  -8.01501  -7.26004  -5.45053  -4.47282  -3.34668  -3.04908  -2.64114  -1.93496  -1.36843  -0.90933  -0.65479   0.07351   0.19658
   5000.  3.50  -7.97552  -7.18570  -5.40812  -4.44749  -3.31940  -3.05400  -2.64093  -1.93587  -1.36851  -0.90971  -0.65464   0.07305   0.19600
   5000.  4.00  -7.96562  -7.17620  -5.43637  -4.46114  -3.32067  -3.06651  -2.64133  -1.93684  -1.36718  -0.90771  -0.65139   0.07591   0.19862
   5000.  4.50  -7.97740  -7.21276  -5.51928  -4.50386  -3.34351  -3.08385  -2.64179  -1.93902  -1.36563  -0.90418  -0.64563   0.08178   0.20412
   5000.  5.00  -8.00648  -7.28281  -5.65035  -4.57968  -3.39415  -3.10995  -2.64511  -1.94328  -1.36392  -0.89914  -0.63732   0.09079   0.21264
   5250.  0.00  -8.11584  -8.07149  -6.44580  -4.97445  -3.85476  -2.92334  -2.48355  -1.81030  -1.26394  -0.81608  -0.56723   0.12867   0.24541
   5250.  0.50  -8.06010  -7.87454  -6.14461  -4.78732  -3.65656  -2.87632  -2.46519  -1.80697  -1.26913  -0.82671  -0.58024   0.11345   0.22911
   5250.  1.00  -7.98748  -7.62901  -5.83496  -4.60424  -3.47448  -2.83951  -2.45453  -1.80674  -1.27504  -0.83684  -0.59225   0.09989   0.21498
   5250.  1.50  -7.89023  -7.35674  -5.54276  -4.43674  -3.31854  -2.81404  -2.45125  -1.80964  -1.28177  -0.84650  -0.60322   0.08811   0.20299
   5250.  2.00  -7.77170  -7.09231  -5.29117  -4.29431  -3.19318  -2.79990  -2.45390  -1.81480  -1.28867  -0.85514  -0.61261   0.07851   0.19336
   5250.  2.50  -7.65028  -6.87011  -5.09719  -4.18371  -3.09867  -2.79548  -2.45985  -1.82054  -1.29467  -0.86215  -0.61997   0.07116   0.18606
   5250.  3.00  -7.55060  -6.71050  -4.96812  -4.10873  -3.03355  -2.79893  -2.46733  -1.82581  -1.29891  -0.86666  -0.62442   0.06688   0.18180
   5250.  3.50  -7.49246  -6.62515  -4.90880  -4.07325  -2.99832  -2.80972  -2.47468  -1.82938  -1.30035  -0.86791  -0.62523   0.06603   0.18086
   5250.  4.00  -7.47831  -6.60603  -4.91173  -4.07439  -2.99031  -2.82667  -2.48140  -1.83129  -1.29903  -0.86579  -0.62220   0.06892   0.18354
   5250.  4.50  -7.49769  -6.63762  -4.96559  -4.10469  -3.00384  -2.84769  -2.48674  -1.83230  -1.29605  -0.86130  -0.61625   0.07501   0.18931
   5250.  5.00  -7.53841  -6.70327  -5.05967  -4.16063  -3.03743  -2.87326  -2.49158  -1.83319  -1.29201  -0.85509  -0.60796   0.08367   0.19753
   5500.  0.00  -7.82384  -7.65206  -5.95713  -4.64024  -3.59034  -2.63417  -2.25552  -1.66965  -1.17945  -0.77250  -0.54193   0.10181   0.21373
   5500.  0.50  -7.75388  -7.42638  -5.68477  -4.47367  -3.41183  -2.60887  -2.25495  -1.67821  -1.19197  -0.78627  -0.55627   0.08981   0.19980
   5500.  1.00  -7.65141  -7.15903  -5.40277  -4.30468  -3.24137  -2.58914  -2.25899  -1.68813  -1.20438  -0.79943  -0.56982   0.07848   0.18728
   5500.  1.50  -7.51560  -6.87728  -5.13561  -4.14633  -3.09047  -2.57755  -2.26857  -1.69989  -1.21687  -0.81202  -0.58251   0.06808   0.17623
   5500.  2.00  -7.35944  -6.61218  -4.90176  -4.00773  -2.96431  -2.57455  -2.28266  -1.71278  -1.22888  -0.82357  -0.59388   0.05898   0.16684
   5500.  2.50  -7.20628  -6.38754  -4.71224  -3.89412  -2.86361  -2.57833  -2.29902  -1.72550  -1.23960  -0.83351  -0.60345   0.05141   0.15922
   5500.  3.00  -7.08406  -6.22382  -4.57845  -3.81166  -2.78893  -2.58799  -2.31580  -1.73662  -1.24780  -0.84065  -0.61006   0.04656   0.15435
   5500.  3.50  -7.01113  -6.13024  -4.50443  -3.76356  -2.74055  -2.60200  -2.33060  -1.74458  -1.25226  -0.84411  -0.61288   0.04480   0.15256
   5500.  4.00  -6.98911  -6.10014  -4.48645  -3.74992  -2.71841  -2.62039  -2.34337  -1.74945  -1.25282  -0.84332  -0.61116   0.04729   0.15487
   5500.  4.50  -7.01038  -6.12416  -4.51775  -3.76669  -2.71954  -2.64230  -2.35327  -1.75138  -1.24998  -0.83882  -0.60544   0.05351   0.16082
   5500.  5.00  -7.05823  -6.18262  -4.58413  -3.80599  -2.73856  -2.66704  -2.36108  -1.75176  -1.24517  -0.83197  -0.59697   0.06256   0.16951
   5750.  0.00  -7.54147  -7.24451  -5.57341  -4.38767  -3.41288  -2.40200  -2.06890  -1.55391  -1.11272  -0.74314  -0.53009   0.06460   0.17399
   5750.  0.50  -7.45278  -7.01193  -5.33085  -4.24274  -3.25372  -2.39672  -2.08233  -1.57066  -1.12926  -0.75750  -0.54338   0.05724   0.16353
   5750.  1.00  -7.32132  -6.74310  -5.07442  -4.08769  -3.09374  -2.39213  -2.09748  -1.58775  -1.14571  -0.77187  -0.55679   0.04910   0.15320
   5750.  1.50  -7.15541  -6.46639  -4.82729  -3.93650  -2.94539  -2.39205  -2.11628  -1.60612  -1.16245  -0.78635  -0.57025   0.04060   0.14329
   5750.  2.00  -6.97368  -6.20649  -4.60410  -3.79779  -2.81462  -2.39700  -2.13847  -1.62548  -1.17915  -0.80059  -0.58339   0.03211   0.13401
   5750.  2.50  -6.80110  -5.98363  -4.41616  -3.67857  -2.70472  -2.40648  -2.16244  -1.64457  -1.19479  -0.81379  -0.59549   0.02416   0.12571
   5750.  3.00  -6.66386  -5.81615  -4.27437  -3.58485  -2.61621  -2.41970  -2.18637  -1.66187  -1.20802  -0.82464  -0.60525   0.01801   0.11945
   5750.  3.50  -6.57518  -5.70928  -4.18161  -3.51977  -2.55009  -2.43491  -2.20800  -1.67567  -1.21738  -0.83191  -0.61149   0.01443   0.11585
   5750.  4.00  -6.54117  -5.66517  -4.14193  -3.48768  -2.50888  -2.45256  -2.22635  -1.68505  -1.22175  -0.83421  -0.61266   0.01518   0.11653
   5750.  4.50  -6.55663  -5.67714  -4.15116  -3.48726  -2.49242  -2.47260  -2.24042  -1.68962  -1.22098  -0.83144  -0.60867   0.02047   0.12162
   5750.  5.00  -6.60355  -5.72547  -4.19540  -3.51062  -2.49586  -2.49471  -2.25111  -1.69107  -1.21682  -0.82504  -0.60079   0.02950   0.13036
   6000.  0.00  -7.26583  -6.87898  -5.27382  -4.19208  -3.29454  -2.20515  -1.91024  -1.45752  -1.06104  -0.72613  -0.53000   0.01821   0.12705
   6000.  0.50  -7.16533  -6.65686  -5.06216  -4.07171  -3.15522  -2.22208  -1.93686  -1.47948  -1.07796  -0.73794  -0.53925   0.01735   0.12179
   6000.  1.00  -7.01658  -6.40017  -4.83072  -3.93261  -3.00676  -2.23228  -1.96129  -1.50153  -1.09624  -0.75174  -0.55083   0.01364   0.11461
   6000.  1.50  -6.83549  -6.13579  -4.60114  -3.78984  -2.86204  -2.24347  -1.98800  -1.52493  -1.11564  -0.76678  -0.56376   0.00814   0.10663
   6000.  2.00  -6.64350  -5.88599  -4.38818  -3.65328  -2.72869  -2.25703  -2.01710  -1.54944  -1.13575  -0.78263  -0.57760   0.00122   0.09813
   6000.  2.50  -6.46346  -5.66797  -4.20224  -3.53009  -2.61078  -2.27280  -2.04752  -1.57402  -1.15561  -0.79846  -0.59156  -0.00643   0.08957
   6000.  3.00  -6.31475  -5.49390  -4.05058  -3.42516  -2.50947  -2.28972  -2.07772  -1.59740  -1.17404  -0.81314  -0.60449  -0.01381   0.08184
   6000.  3.50  -6.21101  -5.37211  -3.93951  -3.34346  -2.42634  -2.30691  -2.10577  -1.61766  -1.18913  -0.82486  -0.61462  -0.01942   0.07615
   6000.  4.00  -6.15973  -5.30863  -3.87573  -3.29055  -2.36433  -2.32371  -2.12941  -1.63279  -1.19902  -0.83188  -0.62020  -0.02154   0.07403
   6000.  4.50  -6.15868  -5.29933  -3.85773  -3.26769  -2.32562  -2.34062  -2.14785  -1.64204  -1.20284  -0.83316  -0.62013  -0.01903   0.07651
   6000.  5.00  -6.19664  -5.33302  -3.87963  -3.27279  -2.31025  -2.35886  -2.16159  -1.64611  -1.20112  -0.82886  -0.61434  -0.01142   0.08397
   6250.  0.50  -6.89881  -6.36141  -4.85550  -3.93902  -3.09329  -2.06870  -1.80866  -1.40133  -1.03758  -0.72784  -0.54438  -0.03005   0.07417
   6250.  1.00  -6.74614  -6.12201  -4.64664  -3.81744  -2.95670  -2.09642  -1.84309  -1.42656  -1.05496  -0.73848  -0.55161  -0.02773   0.07168
   6250.  1.50  -6.56326  -5.87408  -4.43401  -3.68540  -2.81775  -2.11909  -1.87659  -1.45343  -1.07533  -0.75266  -0.56263  -0.02925   0.06638
   6250.  2.00  -6.37155  -5.63650  -4.23107  -3.55338  -2.68419  -2.14166  -1.91166  -1.48177  -1.09740  -0.76888  -0.57593  -0.03350   0.05944
   6250.  2.50  -6.19074  -5.42355  -4.04708  -3.42847  -2.56073  -2.16449  -1.94812  -1.51107  -1.12051  -0.78645  -0.59080  -0.03990   0.05137
   6250.  3.00  -6.03584  -5.24500  -3.88866  -3.31604  -2.45006  -2.18691  -1.98449  -1.53988  -1.14326  -0.80405  -0.60593  -0.04745   0.04296
   6250.  3.50  -5.92025  -5.11072  -3.76326  -3.22150  -2.35373  -2.20795  -2.01885  -1.56628  -1.16369  -0.81984  -0.61948  -0.05452   0.03557
   6250.  4.00  -5.84994  -5.02554  -3.67629  -3.14959  -2.27403  -2.22609  -2.04849  -1.58792  -1.17977  -0.83204  -0.62981  -0.05959   0.03052
   6250.  4.50  -5.82775  -4.99143  -3.63141  -3.10466  -2.21424  -2.24194  -2.07256  -1.60347  -1.18974  -0.83857  -0.63463  -0.06041   0.02979
   6250.  5.00  -5.84766  -5.00321  -3.62732  -3.08805  -2.17733  -2.25653  -2.08988  -1.61200  -1.19271  -0.83863  -0.63314  -0.05605   0.03416
   6500.  0.50  -6.65708  -6.11540  -4.69137  -3.82890  -3.05161  -1.92707  -1.69180  -1.33437  -1.00848  -0.72828  -0.56012  -0.08529   0.01977
   6500.  1.00  -6.51080  -5.89668  -4.50427  -3.72675  -2.92776  -1.97342  -1.73572  -1.36111  -1.02239  -0.73320  -0.56034  -0.07578   0.02336
   6500.  1.50  -6.33426  -5.66507  -4.30686  -3.60716  -2.79581  -2.01062  -1.77731  -1.39005  -1.04121  -0.74398  -0.56694  -0.07168   0.02235
   6500.  2.00  -6.14904  -5.44033  -4.11385  -3.48178  -2.66461  -2.04229  -1.81788  -1.42120  -1.06401  -0.75940  -0.57852  -0.07230   0.01783
   6500.  2.50  -5.97142  -5.23325  -3.93300  -3.35808  -2.53891  -2.07265  -1.85959  -1.45401  -1.08902  -0.77748  -0.59309  -0.07640   0.01100
   6500.  3.00  -5.81483  -5.05338  -3.77126  -3.24186  -2.42208  -2.10159  -1.90159  -1.48725  -1.11488  -0.79689  -0.60926  -0.08295   0.00283
   6500.  3.50  -5.69065  -4.90925  -3.63499  -3.13812  -2.31601  -2.12791  -1.94213  -1.51913  -1.13976  -0.81589  -0.62534  -0.09050  -0.00545
   6500.  4.00  -5.60314  -4.80455  -3.52920  -3.05169  -2.22341  -2.14999  -1.97847  -1.54728  -1.16164  -0.83271  -0.63970  -0.09763  -0.01273
   6500.  4.50  -5.55977  -4.74646  -3.46060  -2.98789  -2.14650  -2.16762  -2.00903  -1.56965  -1.17807  -0.84473  -0.64957  -0.10168  -0.01666
   6500.  5.00  -5.55829  -4.73347  -3.43064  -2.95011  -2.08952  -2.18112  -2.03181  -1.58442  -1.18731  -0.85038  -0.65339  -0.10122  -0.01600
   6750.  0.50  -6.43176  -5.88585  -4.53981  -3.72953  -3.01053  -1.81939  -1.60471  -1.28177  -0.98544  -0.73060  -0.57644  -0.14003  -0.03372
   6750.  1.00  -6.30622  -5.71040  -4.38879  -3.64904  -2.90844  -1.85706  -1.63590  -1.30445  -0.99949  -0.73723  -0.57856  -0.13072  -0.03096
   6750.  1.50  -6.14106  -5.49575  -4.20654  -3.54374  -2.78515  -1.90962  -1.68554  -1.33436  -1.01474  -0.74245  -0.57845  -0.12004  -0.02647
   6750.  2.00  -5.96493  -5.28262  -4.02291  -3.42704  -2.65828  -1.95389  -1.73332  -1.36725  -1.03588  -0.75456  -0.58577  -0.11547  -0.02712
   6750.  2.50  -5.79361  -5.08295  -3.84702  -3.30734  -2.53337  -1.99232  -1.77966  -1.40233  -1.06128  -0.77176  -0.59861  -0.11617  -0.03175
   6750.  3.00  -5.63833  -4.90403  -3.68435  -3.19024  -2.41338  -2.02785  -1.82646  -1.43885  -1.08900  -0.79179  -0.61465  -0.12057  -0.03872
   6750.  3.50  -5.50746  -4.75221  -3.54058  -3.08102  -2.30138  -2.06009  -1.87247  -1.47520  -1.11724  -0.81298  -0.63225  -0.12755  -0.04709
   6750.  4.00  -5.40718  -4.63319  -3.42155  -2.98474  -2.19976  -2.08770  -1.91526  -1.50909  -1.14384  -0.83333  -0.64945  -0.13550  -0.05555
   6750.  4.50  -5.34575  -4.55493  -3.33390  -2.90641  -2.11016  -2.10937  -1.95272  -1.53811  -1.16621  -0.85025  -0.66367  -0.14198  -0.06198
   6750.  5.00  -5.32259  -4.51723  -3.28030  -2.85027  -2.03702  -2.12473  -1.98242  -1.56002  -1.18228  -0.86180  -0.67297  -0.14518  -0.06483
   7000.  0.50  -6.20674  -5.65304  -4.38224  -3.62875  -2.95809  -1.73924  -1.54396  -1.24450  -0.97042  -0.73599  -0.59382  -0.19224  -0.08514
   7000.  1.00  -6.11404  -5.52918  -4.27303  -3.57243  -2.88200  -1.76883  -1.56339  -1.26150  -0.98256  -0.74300  -0.59710  -0.18437  -0.08367
   7000.  1.50  -5.97514  -5.35308  -4.12104  -3.48632  -2.77676  -1.81295  -1.59955  -1.28639  -0.99714  -0.74956  -0.59875  -0.17442  -0.08062
   7000.  2.00  -5.80984  -5.15250  -3.94844  -3.38085  -2.65662  -1.87084  -1.65417  -1.31951  -1.01429  -0.75599  -0.59938  -0.16375  -0.07627
   7000.  2.50  -5.64588  -4.96017  -3.77833  -3.26721  -2.53482  -1.91989  -1.70694  -1.35609  -1.03809  -0.77005  -0.60818  -0.15948  -0.07714
   7000.  3.00  -5.49336  -4.78385  -3.61750  -3.15247  -2.41547  -1.96246  -1.75782  -1.39476  -1.06626  -0.78944  -0.62280  -0.16088  -0.08221
   7000.  3.50  -5.35855  -4.62781  -3.47014  -3.04140  -2.30104  -2.00090  -1.80824  -1.43430  -1.09647  -0.81153  -0.64062  -0.16620  -0.08981
   7000.  4.00  -5.24993  -4.49942  -3.34236  -2.93895  -2.19345  -2.03442  -1.85680  -1.47286  -1.12657  -0.83422  -0.65947  -0.17373  -0.09840
   7000.  4.50  -5.17376  -4.40464  -3.23985  -2.84999  -2.09511  -2.06150  -1.90110  -1.50800  -1.15409  -0.85516  -0.67705  -0.18155  -0.10637
   7000.  5.00  -5.13156  -4.34565  -3.16680  -2.77943  -2.00995  -2.08103  -1.93815  -1.53686  -1.17642  -0.87199  -0.69112  -0.18756  -0.11204
   7250.  0.50  -5.96376  -5.39552  -4.19902  -3.51527  -2.88096  -1.68909  -1.51178  -1.22461  -0.96476  -0.74492  -0.61204  -0.24004  -0.13357
   7250.  1.00  -5.92142  -5.34014  -4.14559  -3.48955  -2.84102  -1.70363  -1.51426  -1.23293  -0.97374  -0.75233  -0.61728  -0.23617  -0.13497
   7250.  1.50  -5.81427  -5.20670  -4.02766  -3.42441  -2.75705  -1.74095  -1.53916  -1.25172  -0.98557  -0.75843  -0.61930  -0.22726  -0.13310
   7250.  2.00  -5.67588  -5.04022  -3.88172  -3.33653  -2.65309  -1.79067  -1.58027  -1.27942  -1.00159  -0.76594  -0.62154  -0.21748  -0.13028
   7250.  2.50  -5.51939  -4.85640  -3.72012  -3.23206  -2.53768  -1.85139  -1.63881  -1.31568  -1.02114  -0.77432  -0.62377  -0.20756  -0.12654
   7250.  3.00  -5.37011  -4.68347  -3.56306  -3.12216  -2.42169  -1.90319  -1.69509  -1.35538  -1.04760  -0.79070  -0.63459  -0.20446  -0.12831
   7250.  3.50  -5.23536  -4.52724  -3.41571  -3.01225  -2.30756  -1.94831  -1.74951  -1.39701  -1.07826  -0.81221  -0.65108  -0.20686  -0.13401
   7250.  4.00  -5.12122  -4.39275  -3.28276  -2.90698  -2.19761  -1.98789  -1.80272  -1.43900  -1.11057  -0.83611  -0.67047  -0.21302  -0.14191
   7250.  4.50  -5.03364  -4.28548  -3.16957  -2.81108  -2.09402  -2.02087  -1.85295  -1.47912  -1.14201  -0.85990  -0.69025  -0.22104  -0.15049
   7250.  5.00  -4.97615  -4.20974  -3.08171  -2.72993  -2.00042  -2.04577  -1.89709  -1.51432  -1.16974  -0.88105  -0.70803  -0.22874  -0.15796
   7500.  0.50  -5.66784  -5.07444  -3.95596  -3.36879  -2.75486  -1.68894  -1.52838  -1.23392  -0.97330  -0.75712  -0.62769  -0.27679  -0.17410
   7500.  1.00  -5.72007  -5.13564  -3.99892  -3.39463  -2.77987  -1.65902  -1.48724  -1.21971  -0.97501  -0.76739  -0.64110  -0.28652  -0.18568
   7500.  1.50  -5.65144  -5.05095  -3.92122  -3.35367  -2.72244  -1.68769  -1.50030  -1.23122  -0.98281  -0.77192  -0.64263  -0.27920  -0.18481
   7500.  2.00  -5.54232  -4.92043  -3.80421  -3.28464  -2.63690  -1.73104  -1.53020  -1.25253  -0.99564  -0.77857  -0.64490  -0.27028  -0.18314
   7500.  2.50  -5.40968  -4.76576  -3.66631  -3.19691  -2.53642  -1.78537  -1.57567  -1.28279  -1.01303  -0.78709  -0.64785  -0.26092  -0.18066
   7500.  3.00  -5.26369  -4.59756  -3.51572  -3.09458  -2.42674  -1.84779  -1.63707  -1.32160  -1.03477  -0.79748  -0.65188  -0.25219  -0.17789
   7500.  3.50  -5.12979  -4.44245  -3.37066  -2.98832  -2.31612  -1.90056  -1.69606  -1.36414  -1.06389  -0.81627  -0.66489  -0.25040  -0.18040
   7500.  4.00  -5.01298  -4.30506  -3.23605  -2.88333  -2.20692  -1.94633  -1.75320  -1.40829  -1.09686  -0.83987  -0.68328  -0.25406  -0.18671
   7500.  4.50  -4.91812  -4.18995  -3.11658  -2.78396  -2.10102  -1.98549  -1.80822  -1.45197  -1.13068  -0.86513  -0.70390  -0.26097  -0.19480
   7500.  5.00  -4.84839  -4.10129  -3.01778  -2.69561  -2.00240  -2.01626  -1.85844  -1.49240  -1.16266  -0.88954  -0.72432  -0.26936  -0.20321
   7750.  1.00  -5.50258  -4.90860  -3.82643  -3.28409  -2.69384  -1.64196  -1.48832  -1.22599  -0.98881  -0.78932  -0.66876  -0.33453  -0.23560
   7750.  1.50  -5.48372  -4.88435  -3.79988  -3.27284  -2.67147  -1.65192  -1.48106  -1.22549  -0.99078  -0.79246  -0.67119  -0.33164  -0.23767
   7750.  2.00  -5.40459  -4.79023  -3.71366  -3.22376  -2.60673  -1.68931  -1.50085  -1.23967  -0.99873  -0.79629  -0.67154  -0.32301  -0.23611
   7750.  2.50  -5.29815  -4.66675  -3.60151  -3.15353  -2.52280  -1.73745  -1.53464  -1.26299  -1.01239  -0.80357  -0.67421  -0.31426  -0.23462
   7750.  3.00  -5.17291  -4.52355  -3.47200  -3.06665  -2.42681  -1.79466  -1.58412  -1.29569  -1.03119  -0.81309  -0.67790  -0.30529  -0.23215
   7750.  3.50  -5.03762  -4.36919  -3.33129  -2.96650  -2.32299  -1.85661  -1.64742  -1.33666  -1.05508  -0.82558  -0.68392  -0.29794  -0.23022
   7750.  4.00  -4.91902  -4.23050  -3.19742  -2.86413  -2.21735  -1.90940  -1.70828  -1.38144  -1.08649  -0.84662  -0.69906  -0.29765  -0.23361
   7750.  4.50  -4.81987  -4.11090  -3.07499  -2.76411  -2.11217  -1.95437  -1.76716  -1.42739  -1.12121  -0.87186  -0.71900  -0.30234  -0.24021
   7750.  5.00  -4.74142  -4.01315  -2.96904  -2.67167  -2.01153  -1.99105  -1.82255  -1.47184  -1.15607  -0.89828  -0.74081  -0.31024  -0.24848
   8000.  1.00  -5.26551  -4.65742  -3.62576  -3.15507  -2.58150  -1.65870  -1.52405  -1.25739  -1.01905  -0.82022  -0.70094  -0.37838  -0.28378
   8000.  1.50  -5.31124  -4.70866  -3.66539  -3.18354  -2.60601  -1.63656  -1.48336  -1.23614  -1.01059  -0.82080  -0.70533  -0.38422  -0.29166
   8000.  2.00  -5.26584  -4.65478  -3.61406  -3.15625  -2.56548  -1.66280  -1.48957  -1.24141  -1.01330  -0.82230  -0.70485  -0.37767  -0.29132
   8000.  2.50  -5.18371  -4.55993  -3.52682  -3.10290  -2.49882  -1.70543  -1.51418  -1.25790  -1.02200  -0.82642  -0.70521  -0.36872  -0.28955
   8000.  3.00  -5.08128  -4.44370  -3.42014  -3.03225  -2.41757  -1.75668  -1.55141  -1.28316  -1.03660  -0.83440  -0.70837  -0.36020  -0.28798
   8000.  3.50  -4.96128  -4.30856  -3.29689  -2.94574  -2.32564  -1.81616  -1.60448  -1.31760  -1.05593  -0.84413  -0.71203  -0.35125  -0.28518
   8000.  4.00  -4.83706  -4.16653  -3.16432  -2.84710  -2.22607  -1.87621  -1.66850  -1.35999  -1.08152  -0.85837  -0.71976  -0.34495  -0.28366
   8000.  4.50  -4.73462  -4.04383  -3.04095  -2.74832  -2.12410  -1.92689  -1.73035  -1.40643  -1.11489  -0.88136  -0.73680  -0.34593  -0.28734
   8000.  5.00  -4.65024  -3.94008  -2.93095  -2.65447  -2.02414  -1.96923  -1.78972  -1.45337  -1.15096  -0.90813  -0.75836  -0.35207  -0.29448
   8250.  1.00  -5.01624  -4.38925  -3.39845  -3.00343  -2.44176  -1.70499  -1.59232  -1.31667  -1.07104  -0.86575  -0.74318  -0.42053  -0.33408
   8250.  1.50  -5.13766  -4.53018  -3.52406  -3.08973  -2.53144  -1.64157  -1.50654  -1.26273  -1.04186  -0.85660  -0.74457  -0.43651  -0.34636
   8250.  2.00  -5.12683  -4.51626  -3.50820  -3.08466  -2.51654  -1.65285  -1.49663  -1.25758  -1.03879  -0.85590  -0.74393  -0.43343  -0.34822
   8250.  2.50  -5.06898  -4.44920  -3.44522  -3.04760  -2.46695  -1.68895  -1.51162  -1.26722  -1.04284  -0.85735  -0.74260  -0.42517  -0.34685
   8250.  3.00  -4.98616  -4.35559  -3.35862  -2.99128  -2.39972  -1.73609  -1.54036  -1.28581  -1.05227  -0.86187  -0.74306  -0.41602  -0.34484
   8250.  3.50  -4.88744  -4.24582  -3.25714  -2.92043  -2.32116  -1.78929  -1.58026  -1.31242  -1.06736  -0.87029  -0.74655  -0.40770  -0.34298
   8250.  4.00  -4.77126  -4.11604  -3.13780  -2.83274  -2.23200  -1.84789  -1.63593  -1.34783  -1.08669  -0.87964  -0.74971  -0.39838  -0.33902
   8250.  4.50  -4.66002  -3.98656  -3.01267  -2.73521  -2.13506  -1.90329  -1.69889  -1.39086  -1.11382  -0.89564  -0.75925  -0.39312  -0.33759
   8250.  5.00  -4.57096  -3.87830  -2.90039  -2.64150  -2.03767  -1.95090  -1.76066  -1.43811  -1.14857  -0.92034  -0.77816  -0.39576  -0.34202
   8500.  1.50  -4.96632  -4.35133  -3.37615  -2.99017  -2.44659  -1.66492  -1.54767  -1.30369  -1.08371  -0.89933  -0.78841  -0.48794  -0.40158
   8500.  2.00  -4.98996  -4.37781  -3.39863  -3.01069  -2.46145  -1.65881  -1.51943  -1.28612  -1.07343  -0.89573  -0.78748  -0.48936  -0.40611
   8500.  2.50  -4.95586  -4.33847  -3.36102  -2.99068  -2.43058  -1.68631  -1.52380  -1.28850  -1.07306  -0.89517  -0.78547  -0.48313  -0.40611
   8500.  3.00  -4.89263  -4.26718  -3.29449  -2.94839  -2.37782  -1.72804  -1.54451  -1.30116  -1.07831  -0.89719  -0.78430  -0.47441  -0.40424
   8500.  3.50  -4.81059  -4.17641  -3.21020  -2.89022  -2.31144  -1.77708  -1.57630  -1.32148  -1.08858  -0.90242  -0.78532  -0.46553  -0.40197
   8500.  4.00  -4.71417  -4.07054  -3.11172  -2.81796  -2.23441  -1.83062  -1.61906  -1.34948  -1.10409  -0.91092  -0.78870  -0.45705  -0.39921
   8500.  4.50  -4.60062  -3.94281  -2.99232  -2.72641  -2.14499  -1.88606  -1.67581  -1.38473  -1.12251  -0.91899  -0.79048  -0.44643  -0.39332
   8500.  5.00  -4.50231  -3.82644  -2.87604  -2.63171  -2.05072  -1.93653  -1.73714  -1.42806  -1.15108  -0.93695  -0.80219  -0.44275  -0.39241
   8750.  1.50  -4.80692  -4.18295  -3.23065  -2.88866  -2.35596  -1.69871  -1.60000  -1.35487  -1.13420  -0.94877  -0.83762  -0.53990  -0.45834
   8750.  2.00  -4.85947  -4.24456  -3.28984  -2.93611  -2.40246  -1.67603  -1.55402  -1.32417  -1.11535  -0.94066  -0.83478  -0.54521  -0.46425
   8750.  2.50  -4.84687  -4.23062  -3.27674  -2.93304  -2.39127  -1.69357  -1.54782  -1.31942  -1.11083  -0.93835  -0.83249  -0.54171  -0.46599
   8750.  3.00  -4.80147  -4.17972  -3.22912  -2.90438  -2.35302  -1.72993  -1.56089  -1.32667  -1.11253  -0.93848  -0.83032  -0.53420  -0.46513
   8750.  3.50  -4.73495  -4.10650  -3.16106  -2.85847  -2.29879  -1.77586  -1.58591  -1.34169  -1.11876  -0.94114  -0.82946  -0.52542  -0.46313
   8750.  4.00  -4.65270  -4.01707  -3.07778  -2.79794  -2.23238  -1.82664  -1.62077  -1.36362  -1.12963  -0.94678  -0.83073  -0.51651  -0.46027
   8750.  4.50  -4.55585  -3.91127  -2.97888  -2.72211  -2.15482  -1.87983  -1.66665  -1.39250  -1.14458  -0.95420  -0.83280  -0.50690  -0.45560
   8750.  5.00  -4.44659  -3.78656  -2.85949  -2.62663  -2.06411  -1.92852  -1.72205  -1.42675  -1.16228  -0.96152  -0.83392  -0.49542  -0.44777
   9000.  1.50  -4.66771  -4.03548  -3.09855  -2.79326  -2.26775  -1.73729  -1.65601  -1.41040  -1.18922  -1.00265  -0.89106  -0.59449  -0.51822
   9000.  2.00  -4.73729  -4.11893  -3.18418  -2.86262  -2.34140  -1.70262  -1.59680  -1.36881  -1.16216  -0.98899  -0.88446  -0.60091  -0.52290
   9000.  2.50  -4.74249  -4.12552  -3.19174  -2.87442  -2.34805  -1.71121  -1.58179  -1.35799  -1.15408  -0.98510  -0.88186  -0.59977  -0.52586
   9000.  3.00  -4.71359  -4.09370  -3.16246  -2.85915  -2.32457  -1.74171  -1.58768  -1.36047  -1.15306  -0.98419  -0.87963  -0.59424  -0.52657
   9000.  3.50  -4.66125  -4.03735  -3.11085  -2.82574  -2.28339  -1.78364  -1.60589  -1.37039  -1.15569  -0.98480  -0.87757  -0.58640  -0.52544
   9000.  4.00  -4.59213  -3.96277  -3.04161  -2.77628  -2.22778  -1.83234  -1.63473  -1.38749  -1.16275  -0.98802  -0.87702  -0.57742  -0.52265
   9000.  4.50  -4.50967  -3.87392  -2.95828  -2.71252  -2.16051  -1.88286  -1.67287  -1.41114  -1.17430  -0.99393  -0.87833  -0.56814  -0.51839
   9000.  5.00  -4.41052  -3.76368  -2.85365  -2.62878  -2.07898  -1.93071  -1.72028  -1.43945  -1.18734  -0.99849  -0.87726  -0.55564  -0.50988
   9250.  2.00  -4.62867  -4.00706  -3.08768  -2.79429  -2.28254  -1.73480  -1.64407  -1.41748  -1.21235  -1.04008  -0.93642  -0.65715  -0.58248
   9250.  2.50  -4.64646  -4.02898  -3.11231  -2.81926  -2.30560  -1.73578  -1.62159  -1.40129  -1.20094  -1.03456  -0.93332  -0.65812  -0.58633
   9250.  3.00  -4.62947  -4.01101  -3.09716  -2.81439  -2.29454  -1.76044  -1.62144  -1.39953  -1.19732  -1.03234  -0.93063  -0.65400  -0.58783
   9250.  3.50  -4.59022  -3.96871  -3.05859  -2.79073  -2.26406  -1.79828  -1.63471  -1.40608  -1.19786  -1.03187  -0.92806  -0.64693  -0.58716
   9250.  4.00  -4.53355  -3.90814  -3.00280  -2.75181  -2.21937  -1.84349  -1.65780  -1.41890  -1.20190  -1.03326  -0.92630  -0.63842  -0.58483
   9250.  4.50  -4.46283  -3.83345  -2.93359  -2.69965  -2.16317  -1.89214  -1.68944  -1.43767  -1.20985  -1.03722  -0.92639  -0.62974  -0.58147
   9250.  5.00  -4.37856  -3.74300  -2.84834  -2.63161  -2.09395  -1.94103  -1.73027  -1.46226  -1.22120  -1.04247  -0.92685  -0.61955  -0.57545
   9500.  2.00  -4.53410  -3.90973  -3.00206  -2.73254  -2.22800  -1.76972  -1.69326  -1.46804  -1.26427  -1.09275  -0.98977  -0.71375  -0.64248
   9500.  2.50  -4.56030  -3.94209  -3.03936  -2.76799  -2.26467  -1.76511  -1.66562  -1.44808  -1.25050  -1.08597  -0.98623  -0.71618  -0.64660
   9500.  3.00  -4.55349  -3.93590  -3.03665  -2.77251  -2.26525  -1.78415  -1.66056  -1.44312  -1.24524  -1.08321  -0.98375  -0.71384  -0.64904
   9500.  3.50  -4.52454  -3.90532  -3.00981  -2.75776  -2.24497  -1.81735  -1.66891  -1.44638  -1.24391  -1.08191  -0.98101  -0.70808  -0.64934
   9500.  4.00  -4.47807  -3.85632  -2.96541  -2.72798  -2.21005  -1.85966  -1.68711  -1.45558  -1.24540  -1.08179  -0.97832  -0.70019  -0.64770
   9500.  4.50  -4.41674  -3.79205  -2.90646  -2.68449  -2.16276  -1.90710  -1.71399  -1.47034  -1.25002  -1.08346  -0.97657  -0.69128  -0.64439
   9500.  5.00  -4.34259  -3.71409  -2.83379  -2.62708  -2.10328  -1.95625  -1.74994  -1.49114  -1.25844  -1.08728  -0.97616  -0.68162  -0.63918
   9750.  2.00  -4.45287  -3.82665  -2.92834  -2.67900  -2.18047  -1.80617  -1.74278  -1.51899  -1.31659  -1.14592  -1.04364  -0.77064  -0.70270
   9750.  2.50  -4.48409  -3.86531  -2.97402  -2.72190  -2.22710  -1.79816  -1.71213  -1.49682  -1.30147  -1.13840  -1.03984  -0.77404  -0.70688
   9750.  3.00  -4.48450  -3.86767  -2.98102  -2.73403  -2.23748  -1.81278  -1.70354  -1.48958  -1.29510  -1.13535  -1.03766  -0.77332  -0.71013
   9750.  3.50  -4.46365  -3.84630  -2.96376  -2.72671  -2.22610  -1.84193  -1.70801  -1.49035  -1.29249  -1.13358  -1.03502  -0.76888  -0.71136
   9750.  4.00  -4.42591  -3.80708  -2.92908  -2.70463  -2.19971  -1.88101  -1.72204  -1.49665  -1.29216  -1.13253  -1.03192  -0.76186  -0.71050
   9750.  4.50  -4.37333  -3.75265  -2.87988  -2.66927  -2.16089  -1.92651  -1.74437  -1.50790  -1.29415  -1.13257  -1.02902  -0.75322  -0.70760
   9750.  5.00  -4.30787  -3.68490  -2.81765  -2.62086  -2.11042  -1.97469  -1.77554  -1.52487  -1.29955  -1.13456  -1.02731  -0.74377  -0.70276
  10000.  2.00  -4.38285  -3.75558  -2.86527  -2.63323  -2.14024  -1.84330  -1.79208  -1.56979  -1.36880  -1.19910  -1.09753  -0.82751  -0.76271
  10000.  2.50  -4.41755  -3.79874  -2.91710  -2.68191  -2.19441  -1.83352  -1.75968  -1.54635  -1.35294  -1.19122  -1.09370  -0.83173  -0.76710
  10000.  3.00  -4.42318  -3.80727  -2.93147  -2.70006  -2.21268  -1.84514  -1.74886  -1.53774  -1.34604  -1.18818  -1.09196  -0.83240  -0.77102
  10000.  3.50  -4.40858  -3.79303  -2.92197  -2.69880  -2.20882  -1.87084  -1.75047  -1.53676  -1.34270  -1.18632  -1.08969  -0.82934  -0.77313
  10000.  4.00  -4.37790  -3.76167  -2.89529  -2.68302  -2.18965  -1.90665  -1.76112  -1.54085  -1.34115  -1.18475  -1.08654  -0.82328  -0.77296
  10000.  4.50  -4.33302  -3.71571  -2.85443  -2.65443  -2.15816  -1.94925  -1.77946  -1.54927  -1.34126  -1.18369  -1.08298  -0.81508  -0.77040
  10000.  5.00  -4.27539  -3.65671  -2.80093  -2.61353  -2.11552  -1.99559  -1.80611  -1.56279  -1.34407  -1.18405  -1.08009  -0.80574  -0.76581
  10250.  2.00  -4.32198  -3.69423  -2.81120  -2.59431  -2.10689  -1.88072  -1.84099  -1.62025  -1.42073  -1.25209  -1.15129  -0.88417  -0.82230
  10250.  2.50  -4.35962  -3.74117  -2.86790  -2.64763  -2.16673  -1.87007  -1.80762  -1.59615  -1.40454  -1.24411  -1.14756  -0.88909  -0.82692
  10250.  3.00  -4.36947  -3.75467  -2.88828  -2.67087  -2.19159  -1.87983  -1.79560  -1.58693  -1.39762  -1.24139  -1.14642  -0.89100  -0.83150
  10250.  3.50  -4.35992  -3.74615  -2.88518  -2.67464  -2.19412  -1.90259  -1.79530  -1.58492  -1.39406  -1.23975  -1.14476  -0.88928  -0.83434
  10250.  4.00  -4.33520  -3.72126  -2.86514  -2.66395  -2.18097  -1.93480  -1.80319  -1.58738  -1.39188  -1.23808  -1.14191  -0.88427  -0.83479
  10250.  4.50  -4.29678  -3.68224  -2.83113  -2.64085  -2.15553  -1.97417  -1.81808  -1.59354  -1.39070  -1.23633  -1.13807  -0.87670  -0.83275
  10250.  5.00  -4.24548  -3.63021  -2.78462  -2.60596  -2.11933  -2.01851  -1.84051  -1.60395  -1.39122  -1.23524  -1.13411  -0.86746  -0.82848
  10500.  2.00  -4.26859  -3.64076  -2.76463  -2.56129  -2.07974  -1.91825  -1.88944  -1.67029  -1.47227  -1.30476  -1.20477  -0.94053  -0.88133
  10500.  2.50  -4.30898  -3.69122  -2.82546  -2.61847  -2.14382  -1.90723  -1.85542  -1.64574  -1.45586  -1.29673  -1.20111  -0.94596  -0.88620
  10500.  3.00  -4.32231  -3.70889  -2.85085  -2.64608  -2.17421  -1.91599  -1.84280  -1.63631  -1.44914  -1.29443  -1.20061  -0.94901  -0.89143
  10500.  3.50  -4.31697  -3.70517  -2.85327  -2.65434  -2.18246  -1.93671  -1.84135  -1.63383  -1.44573  -1.29326  -1.19970  -0.94857  -0.89500
  10500.  4.00  -4.29694  -3.68545  -2.83879  -2.64805  -2.17464  -1.96628  -1.84742  -1.63534  -1.44337  -1.29179  -1.19738  -0.94473  -0.89622
  10500.  4.50  -4.26360  -3.65187  -2.81031  -2.62934  -2.15419  -2.00277  -1.85963  -1.63982  -1.44135  -1.28970  -1.19352  -0.93790  -0.89478
  10500.  5.00  -4.21765  -3.60561  -2.76955  -2.59929  -2.12315  -2.04501  -1.87860  -1.64773  -1.44013  -1.28752  -1.18884  -0.92892  -0.89086
  10750.  2.00  -4.22132  -3.59367  -2.72444  -2.53347  -2.05823  -1.95594  -1.93762  -1.72006  -1.52355  -1.35720  -1.25802  -0.99656  -0.93985
  10750.  2.50  -4.26449  -3.64759  -2.78883  -2.59382  -2.12529  -1.94476  -1.90312  -1.69518  -1.50698  -1.34911  -1.25439  -1.00236  -0.94488
  10750.  3.00  -4.28090  -3.66894  -2.81842  -2.62510  -2.16006  -1.95301  -1.89020  -1.68574  -1.50053  -1.34723  -1.25446  -1.00634  -0.95070
  10750.  3.50  -4.27914  -3.66936  -2.82561  -2.63737  -2.17339  -1.97243  -1.88813  -1.68312  -1.49744  -1.34662  -1.25432  -1.00712  -0.95502
  10750.  4.00  -4.26316  -3.65414  -2.81613  -2.63514  -2.17061  -1.99985  -1.89291  -1.68409  -1.49520  -1.34558  -1.25269  -1.00449  -0.95704
  10750.  4.50  -4.23436  -3.62539  -2.79264  -2.62040  -2.15472  -2.03378  -1.90316  -1.68748  -1.49285  -1.34351  -1.24917  -0.99860  -0.95628
  10750.  5.00  -4.19323  -3.58422  -2.75690  -2.59440  -2.12799  -2.07343  -1.91924  -1.69350  -1.49054  -1.34075  -1.24421  -0.99007  -0.95274
  11000.  2.00  -4.17931  -3.55215  -2.68995  -2.51040  -2.04202  -1.99365  -1.98532  -1.76939  -1.57443  -1.40931  -1.31096  -1.05230  -0.99787
  11000.  2.50  -4.22529  -3.60947  -2.75741  -2.57336  -2.11107  -1.98240  -1.95039  -1.74419  -1.55767  -1.40108  -1.30727  -1.05828  -1.00294
  11000.  3.00  -4.24443  -3.63408  -2.79050  -2.60765  -2.14914  -1.99047  -1.93740  -1.73487  -1.55151  -1.39959  -1.30782  -1.06303  -1.00927
  11000.  3.50  -4.24572  -3.63805  -2.80174  -2.62337  -2.16675  -2.00911  -1.93504  -1.73230  -1.54882  -1.39954  -1.30839  -1.06488  -1.01430
  11000.  4.00  -4.23318  -3.62673  -2.79669  -2.62483  -2.16855  -2.03506  -1.93905  -1.73307  -1.54688  -1.39902  -1.30750  -1.06341  -1.01709
  11000.  4.50  -4.20836  -3.60230  -2.77783  -2.61385  -2.15710  -2.06698  -1.94797  -1.73584  -1.54454  -1.39726  -1.30454  -1.05857  -1.01709
  11000.  5.00  -4.17157  -3.56567  -2.74664  -2.59153  -2.13433  -2.10424  -1.96189  -1.74060  -1.54172  -1.39436  -1.29972  -1.05073  -1.01404
  11250.  2.00  -4.14177  -3.51527  -2.66037  -2.49146  -2.03042  -2.03148  -2.03273  -1.81841  -1.62498  -1.46108  -1.36358  -1.10767  -1.05533
  11250.  2.50  -4.19057  -3.57590  -2.73044  -2.55652  -2.10062  -2.02013  -1.99739  -1.79290  -1.60800  -1.45268  -1.35976  -1.11369  -1.06036
  11250.  3.00  -4.21237  -3.60363  -2.76659  -2.59335  -2.14117  -2.02816  -1.98442  -1.78373  -1.60213  -1.45153  -1.36071  -1.11903  -1.06710
  11250.  3.50  -4.21629  -3.61069  -2.78122  -2.61193  -2.16218  -2.04631  -1.98194  -1.78130  -1.59983  -1.45197  -1.36189  -1.12178  -1.07273
  11250.  4.00  -4.20679  -3.60285  -2.78009  -2.61668  -2.16806  -2.07116  -1.98549  -1.78203  -1.59827  -1.45201  -1.36174  -1.12140  -1.07624
  11250.  4.50  -4.18555  -3.58235  -2.76550  -2.60928  -2.16087  -2.10142  -1.99345  -1.78449  -1.59617  -1.45073  -1.35947  -1.11766  -1.07702
  11250.  5.00  -4.15276  -3.54993  -2.73862  -2.59048  -2.14201  -2.13653  -2.00572  -1.78844  -1.59322  -1.44801  -1.35508  -1.11070  -1.07463
  11500.  2.00  -4.10814  -3.48254  -2.63519  -2.47622  -2.02295  -2.06932  -2.07972  -1.86700  -1.67509  -1.51245  -1.41581  -1.16264  -1.11224
  11500.  2.50  -4.15974  -3.54637  -2.70758  -2.54311  -2.09392  -2.05785  -2.04397  -1.84118  -1.65790  -1.50386  -1.41184  -1.16862  -1.11717
  11500.  3.00  -4.18409  -3.57703  -2.74632  -2.58200  -2.13615  -2.06587  -2.03104  -1.83213  -1.65226  -1.50296  -1.41307  -1.17440  -1.12420
  11500.  3.50  -4.19038  -3.58685  -2.76378  -2.60293  -2.15974  -2.08375  -2.02857  -1.82989  -1.65031  -1.50384  -1.41477  -1.17786  -1.13033
  11500.  4.00  -4.18344  -3.58197  -2.76592  -2.61044  -2.16898  -2.10786  -2.03187  -1.83071  -1.64915  -1.50439  -1.41525  -1.17841  -1.13447
  11500.  4.50  -4.16529  -3.56490  -2.75513  -2.60622  -2.16563  -2.13680  -2.03923  -1.83308  -1.64741  -1.50364  -1.41370  -1.17572  -1.13596
  11500.  5.00  -4.13610  -3.53630  -2.73226  -2.59077  -2.15059  -2.17014  -2.05033  -1.83656  -1.64460  -1.50127  -1.40987  -1.16972  -1.13431
  11750.  2.00  -4.07800  -3.45351  -2.61389  -2.46425  -2.01903  -2.10710  -2.12625  -1.91512  -1.72475  -1.56337  -1.46758  -1.21713  -1.16854
  11750.  2.50  -4.13237  -3.52039  -2.68840  -2.53279  -2.09054  -2.09554  -2.09015  -1.88904  -1.70738  -1.55464  -1.46350  -1.22308  -1.17338
  11750.  3.00  -4.15921  -3.55387  -2.72939  -2.57340  -2.13393  -2.10361  -2.07734  -1.88018  -1.70199  -1.55397  -1.46500  -1.22918  -1.18062
  11750.  3.50  -4.16771  -3.56622  -2.74924  -2.59621  -2.15938  -2.12129  -2.07495  -1.87814  -1.70036  -1.55519  -1.46709  -1.23320  -1.18712
  11750.  4.00  -4.16301  -3.56390  -2.75412  -2.60600  -2.17131  -2.14480  -2.07811  -1.87907  -1.69955  -1.55619  -1.46811  -1.23453  -1.19179
  11750.  4.50  -4.14751  -3.54982  -2.74661  -2.60455  -2.17129  -2.17262  -2.08501  -1.88142  -1.69818  -1.55595  -1.46722  -1.23277  -1.19392
  11750.  5.00  -4.12151  -3.52468  -2.72744  -2.59223  -2.15988  -2.20439  -2.09520  -1.88462  -1.69562  -1.55402  -1.46402  -1.22775  -1.19298
  12000.  2.50  -4.10805  -3.49757  -2.67246  -2.52520  -2.09012  -2.13314  -2.13588  -1.93642  -1.75636  -1.60490  -1.51466  -1.27699  -1.22894
  12000.  3.00  -4.13731  -3.53368  -2.71538  -2.56723  -2.13424  -2.14128  -2.12320  -1.92774  -1.75118  -1.60443  -1.51635  -1.28333  -1.23633
  12000.  3.50  -4.14787  -3.54837  -2.73726  -2.59159  -2.16104  -2.15883  -2.12092  -1.92589  -1.74984  -1.60594  -1.51877  -1.28778  -1.24311
  12000.  4.00  -4.14510  -3.54830  -2.74441  -2.60322  -2.17500  -2.18189  -2.12402  -1.92696  -1.74934  -1.60731  -1.52023  -1.28974  -1.24820
  12000.  4.50  -4.13182  -3.53675  -2.73966  -2.60408  -2.17775  -2.20889  -2.13062  -1.92934  -1.74830  -1.60751  -1.51991  -1.28880  -1.25090
  12000.  5.00  -4.10856  -3.51462  -2.72375  -2.59456  -2.16961  -2.23942  -2.14017  -1.93242  -1.74607  -1.60607  -1.51735  -1.28470  -1.25065
  12250.  2.50  -4.08636  -3.47750  -2.65946  -2.52008  -2.09239  -2.17057  -2.18107  -1.98328  -1.80482  -1.65467  -1.56533  -1.33040  -1.28388
  12250.  3.00  -4.11806  -3.51623  -2.70418  -2.56342  -2.13704  -2.17884  -2.16862  -1.97485  -1.79990  -1.65443  -1.56725  -1.33694  -1.29139
  12250.  3.50  -4.13059  -3.53310  -2.72779  -2.58905  -2.16472  -2.19629  -2.16648  -1.97320  -1.79882  -1.65618  -1.56991  -1.34171  -1.29837
  12250.  4.00  -4.12960  -3.53503  -2.73682  -2.60212  -2.18016  -2.21895  -2.16956  -1.97440  -1.79859  -1.65784  -1.57172  -1.34414  -1.30378
  12250.  4.50  -4.11821  -3.52565  -2.73434  -2.60486  -2.18509  -2.24527  -2.17598  -1.97685  -1.79786  -1.65843  -1.57187  -1.34387  -1.30695
  12250.  5.00  -4.09735  -3.50617  -2.72127  -2.59774  -2.17978  -2.27464  -2.18502  -1.97988  -1.79596  -1.65742  -1.56987  -1.34060  -1.30728
  12500.  2.50  -4.06717  -3.46002  -2.64904  -2.51709  -2.09686  -2.20783  -2.22580  -2.02963  -1.85274  -1.70388  -1.61543  -1.38319  -1.33812
  12500.  3.00  -4.10119  -3.50116  -2.69539  -2.56164  -2.14197  -2.21621  -2.21355  -2.02143  -1.84808  -1.70387  -1.61757  -1.38992  -1.34576
  12500.  3.50  -4.11562  -3.52011  -2.72054  -2.58835  -2.17027  -2.23362  -2.21157  -2.01999  -1.84724  -1.70584  -1.62046  -1.39495  -1.35290
  12500.  4.00  -4.11623  -3.52387  -2.73111  -2.60255  -2.18671  -2.25593  -2.21466  -2.02130  -1.84722  -1.70771  -1.62251  -1.39773  -1.35852
  12500.  4.50  -4.10648  -3.51635  -2.73050  -2.60680  -2.19333  -2.28173  -2.22096  -2.02383  -1.84674  -1.70861  -1.62304  -1.39802  -1.36208
  12500.  5.00  -4.08760  -3.49909  -2.71981  -2.60168  -2.19036  -2.31015  -2.22963  -2.02683  -1.84513  -1.70798  -1.62154  -1.39545  -1.36290
  12750.  2.50  -4.05016  -3.44476  -2.64084  -2.51591  -2.10316  -2.24483  -2.26999  -2.07540  -1.90004  -1.75246  -1.66489  -1.43531  -1.39161
  12750.  3.00  -4.08637  -3.48819  -2.68877  -2.56166  -2.14880  -2.25340  -2.25799  -2.06748  -1.89570  -1.75273  -1.66731  -1.44228  -1.39943
  12750.  3.50  -4.10268  -3.50912  -2.71528  -2.58931  -2.17750  -2.27079  -2.25623  -2.06629  -1.89513  -1.75494  -1.67042  -1.44752  -1.40670
  12750.  4.00  -4.10485  -3.51461  -2.72720  -2.60445  -2.19463  -2.29281  -2.25936  -2.06773  -1.89531  -1.75701  -1.67269  -1.45058  -1.41248
  12750.  4.50  -4.09655  -3.50874  -2.72813  -2.60989  -2.20248  -2.31809  -2.26557  -2.07032  -1.89505  -1.75814  -1.67350  -1.45129  -1.41631
  12750.  5.00  -4.07942  -3.49345  -2.71949  -2.60646  -2.20144  -2.34568  -2.27394  -2.07332  -1.89370  -1.75784  -1.67243  -1.44933  -1.41755
  13000.  2.50  -4.03510  -3.43153  -2.63463  -2.51633  -2.11105  -2.28143  -2.31350  -2.12049  -1.94668  -1.80038  -1.71369  -1.48676  -1.44437
  13000.  3.00  -4.07351  -3.47726  -2.68424  -2.56345  -2.15746  -2.29037  -2.30187  -2.11298  -1.94276  -1.80105  -1.71651  -1.49406  -1.45245
  13000.  3.50  -4.09159  -3.50005  -2.71197  -2.59192  -2.18643  -2.30777  -2.30036  -2.11205  -1.94246  -1.80348  -1.71983  -1.49949  -1.45982
  13000.  4.00  -4.09525  -3.50711  -2.72500  -2.60779  -2.20396  -2.32953  -2.30357  -2.11363  -1.94282  -1.80570  -1.72225  -1.50274  -1.46570
  13000.  4.50  -4.08824  -3.50270  -2.72718  -2.61414  -2.21265  -2.35434  -2.30969  -2.11626  -1.94271  -1.80700  -1.72327  -1.50376  -1.46972
  13000.  5.00  -4.07257  -3.48906  -2.72018  -2.61204  -2.21308  -2.38123  -2.31782  -2.11926  -1.94156  -1.80695  -1.72251  -1.50228  -1.47130
  14000.  2.00  -3.91806  -3.30633  -2.53014  -2.44151  -2.06449  -2.43389  -2.52137  -2.32221  -2.14365  -1.99229  -1.90343  -1.67516  -1.63906
  14000.  2.50  -3.99157  -3.39542  -2.62477  -2.52939  -2.15246  -2.42375  -2.48154  -2.29443  -2.12640  -1.98497  -1.90165  -1.68488  -1.64713
  14000.  3.00  -4.03788  -3.44949  -2.68137  -2.58276  -2.20364  -2.43481  -2.47174  -2.28896  -2.12469  -1.98783  -1.90668  -1.69424  -1.65705
  14000.  3.50  -4.06257  -3.47900  -2.71379  -2.61475  -2.23440  -2.45286  -2.47161  -2.28949  -2.12588  -1.99159  -1.91126  -1.70069  -1.66517
  14000.  4.00  -4.07148  -3.49150  -2.73034  -2.63287  -2.25269  -2.47402  -2.47540  -2.29177  -2.12703  -1.99445  -1.91430  -1.70451  -1.67131
  14000.  4.50  -4.06890  -3.49188  -2.73587  -2.64132  -2.26255  -2.49723  -2.48141  -2.29460  -2.12739  -1.99615  -1.91577  -1.70614  -1.67558
  14000.  5.00  -4.05761  -3.48309  -2.73298  -2.64223  -2.26577  -2.52201  -2.48902  -2.29761  -2.12673  -1.99664  -1.91570  -1.70573  -1.67784
  15000.  2.50  -3.96777  -3.37853  -2.63060  -2.55352  -2.20187  -2.55806  -2.63945  -2.45757  -2.29476  -2.15774  -2.07753  -1.87008  -1.83633
  15000.  3.00  -4.02132  -3.44061  -2.69510  -2.61453  -2.26029  -2.57221  -2.63184  -2.45467  -2.29592  -2.16362  -2.08567  -1.88258  -1.84914
  15000.  3.50  -4.05212  -3.47644  -2.73282  -2.65113  -2.29460  -2.59198  -2.63374  -2.45732  -2.29928  -2.16944  -2.09228  -1.89083  -1.85883
  15000.  4.00  -4.06570  -3.49366  -2.75272  -2.67173  -2.31422  -2.61334  -2.63863  -2.46077  -2.30165  -2.17338  -2.09634  -1.89550  -1.86557
  15000.  4.50  -4.06683  -3.49782  -2.76057  -2.68157  -2.32440  -2.63561  -2.64492  -2.46406  -2.30259  -2.17552  -2.09822  -1.89750  -1.86996
  15000.  5.00  -4.05868  -3.49234  -2.75975  -2.68365  -2.32801  -2.65877  -2.65232  -2.46712  -2.30218  -2.17618  -2.09835  -1.89739  -1.87228
  16000.  2.50  -3.95713  -3.37374  -2.64504  -2.58269  -2.25274  -2.68369  -2.78743  -2.61018  -2.45199  -2.31887  -2.24142  -2.04235  -2.01213
  16000.  3.00  -4.01748  -3.44375  -2.71811  -2.65238  -2.32048  -2.70160  -2.78211  -2.61005  -2.45636  -2.32826  -2.25329  -2.05883  -2.02870
  16000.  3.50  -4.05413  -3.48587  -2.76191  -2.69473  -2.36026  -2.72400  -2.78649  -2.61533  -2.46247  -2.33682  -2.26265  -2.06973  -2.04080
  16000.  4.00  -4.07222  -3.50774  -2.78576  -2.71872  -2.38253  -2.74640  -2.79300  -2.62049  -2.46661  -2.34241  -2.26834  -2.07586  -2.04875
  16000.  4.50  -4.07676  -3.51535  -2.79609  -2.73038  -2.39375  -2.76842  -2.80003  -2.62464  -2.46848  -2.34536  -2.27100  -2.07851  -2.05354
  16000.  5.00  -4.07137  -3.51268  -2.79696  -2.73343  -2.39753  -2.79041  -2.80754  -2.62796  -2.46846  -2.34629  -2.27138  -2.07862  -2.05587
  17000.  2.50  -3.95525  -3.37670  -2.66427  -2.61397  -2.30256  -2.80091  -2.92616  -2.75288  -2.59871  -2.46899  -2.39398  -2.20241  -2.17534
  17000.  3.00  -4.02201  -3.45435  -2.74585  -2.69243  -2.38013  -2.82258  -2.92278  -2.75538  -2.60630  -2.48201  -2.40976  -2.22322  -2.19604
  17000.  3.50  -4.06450  -3.50284  -2.79618  -2.74120  -2.42651  -2.84824  -2.92996  -2.76365  -2.61555  -2.49374  -2.42234  -2.23733  -2.21113
  17000.  4.00  -4.08704  -3.52945  -2.82458  -2.76944  -2.45293  -2.87249  -2.93853  -2.77094  -2.62189  -2.50150  -2.43019  -2.24552  -2.22092
  17000.  4.50  -4.09487  -3.54049  -2.83788  -2.78361  -2.46612  -2.89496  -2.94673  -2.77635  -2.62511  -2.50573  -2.43411  -2.24931  -2.22663
  17000.  5.00  -4.09208  -3.54047  -2.84071  -2.78812  -2.47081  -2.91645  -2.95474  -2.78030  -2.62582  -2.50728  -2.43511  -2.24996  -2.22929
  18000.  2.50  -3.95959  -3.38527  -2.68674  -2.64638  -2.35080  -2.91055  -3.05650  -2.88655  -2.73576  -2.60892  -2.53601  -2.35107  -2.32683
  18000.  3.00  -4.03223  -3.46992  -2.77634  -2.73323  -2.43807  -2.93570  -3.05467  -2.89145  -2.74654  -2.62568  -2.55592  -2.37659  -2.35206
  18000.  3.50  -4.08043  -3.52464  -2.83311  -2.78842  -2.49121  -2.96479  -3.06469  -2.90279  -2.75907  -2.64078  -2.57193  -2.39414  -2.37041
  18000.  4.00  -4.10747  -3.55604  -2.86631  -2.82129  -2.52238  -2.99133  -3.07551  -2.91246  -2.76787  -2.65099  -2.58224  -2.40477  -2.38245
  18000.  4.50  -4.11856  -3.57054  -2.88293  -2.83855  -2.53872  -3.01487  -3.08514  -2.91940  -2.77272  -2.65680  -2.58775  -2.41012  -2.38950
  18000.  5.00  -4.11824  -3.57312  -2.88805  -2.84501  -2.54503  -3.03642  -3.09395  -2.92426  -2.77443  -2.65931  -2.58971  -2.41169  -2.39288
  19000.  2.50  -3.96858  -3.39822  -2.71156  -2.67941  -2.39713  -3.01321  -3.17911  -3.01181  -2.86378  -2.73923  -2.66805  -2.48869  -2.46698
  19000.  3.00  -4.04615  -3.48882  -2.80850  -2.77422  -2.49436  -3.04165  -3.17832  -3.01887  -2.87774  -2.76003  -2.69256  -2.51994  -2.49780
  19000.  3.50  -4.09989  -3.54944  -2.87132  -2.83542  -2.55377  -3.07410  -3.19119  -3.03338  -2.89368  -2.77861  -2.71212  -2.54101  -2.51951
  19000.  4.00  -4.13146  -3.58561  -2.90929  -2.87294  -2.58970  -3.10308  -3.20440  -3.04556  -2.90510  -2.79144  -2.72507  -2.55422  -2.53394
  19000.  4.50  -4.14595  -3.60369  -2.92945  -2.89359  -2.60954  -3.12809  -3.21571  -3.05427  -2.91180  -2.79908  -2.73243  -2.56143  -2.54269
  19000.  5.00  -4.14801  -3.60881  -2.93704  -2.90231  -2.61819  -3.15013  -3.22553  -3.06023  -2.91473  -2.80276  -2.73557  -2.56417  -2.54708
  20000.  3.00  -4.06276  -3.51023  -2.84180  -2.81513  -2.54903  -3.14112  -3.29440  -3.13831  -3.00057  -2.88570  -2.82032  -2.65391  -2.63394
  20000.  3.50  -4.12163  -3.57631  -2.91035  -2.88212  -2.61464  -3.17700  -3.31017  -3.15610  -3.02013  -2.90808  -2.84381  -2.67901  -2.65953
  20000.  4.00  -4.15771  -3.61710  -2.95281  -2.92400  -2.65492  -3.20835  -3.32579  -3.17087  -3.03427  -2.92359  -2.85946  -2.69479  -2.67636
  20000.  4.50  -4.17556  -3.63863  -2.97634  -2.94787  -2.67804  -3.23482  -3.33883  -3.18141  -3.04289  -2.93312  -2.86871  -2.70383  -2.68679
  20000.  5.00  -4.18010  -3.64635  -2.98648  -2.95901  -2.68918  -3.25755  -3.34969  -3.18856  -3.04713  -2.93812  -2.87319  -2.70794  -2.69241
  21000.  3.00  -4.08113  -3.53329  -2.87547  -2.85537  -2.60146  -3.23430  -3.40335  -3.25024  -3.11553  -3.00316  -2.93965  -2.77881  -2.76080
  21000.  3.50  -4.14486  -3.60449  -2.94966  -2.92819  -2.67369  -3.27397  -3.42213  -3.27151  -3.13898  -3.02972  -2.96753  -2.80867  -2.79104
  21000.  4.00  -4.18523  -3.64963  -2.99638  -2.97424  -2.71814  -3.30773  -3.44023  -3.28897  -3.15597  -3.04811  -2.98606  -2.82729  -2.81055
  21000.  4.50  -4.20650  -3.67460  -3.02317  -3.00120  -2.74426  -3.33564  -3.45502  -3.30140  -3.16658  -3.05959  -2.99727  -2.83815  -2.82266
  21000.  5.00  -4.21349  -3.68482  -3.03568  -3.01458  -2.75769  -3.35908  -3.46702  -3.30979  -3.17218  -3.06591  -3.00309  -2.84356  -2.82946
  22000.  3.00  -4.10029  -3.55732  -2.90907  -2.89471  -2.65158  -3.32153  -3.50561  -3.35524  -3.22327  -3.11311  -3.05126  -2.89523  -2.87900
  22000.  3.50  -4.16899  -3.63352  -2.98886  -2.97340  -2.73075  -3.36538  -3.52760  -3.38016  -3.25079  -3.14411  -3.08383  -2.93051  -2.91459
  22000.  4.00  -4.21336  -3.68271  -3.03972  -3.02356  -2.77958  -3.40179  -3.54823  -3.40039  -3.27076  -3.16557  -3.10551  -2.95235  -2.93721
  22000.  4.50  -4.23796  -3.71098  -3.06961  -3.05350  -2.80857  -3.43117  -3.56481  -3.41478  -3.28346  -3.17911  -3.11879  -2.96523  -2.95118
  22000.  5.00  -4.24749  -3.72371  -3.08444  -3.06903  -2.82409  -3.45533  -3.57800  -3.42449  -3.29049  -3.18681  -3.12601  -2.97191  -2.95913
  23000.  3.00  -4.11908  -3.58129  -2.94188  -2.93267  -2.69944  -3.40294  -3.60128  -3.45354  -3.32418  -3.21610  -3.15580  -3.00415  -2.98951
  23000.  3.50  -4.19326  -3.66274  -3.02742  -3.01727  -2.78539  -3.45133  -3.62691  -3.48241  -3.35596  -3.25163  -3.19313  -3.04482  -3.03045
  23000.  4.00  -4.24158  -3.71578  -3.08227  -3.07150  -2.83872  -3.49061  -3.65010  -3.50548  -3.37901  -3.27631  -3.21813  -3.07027  -3.05662
  23000.  4.50  -4.26937  -3.74723  -3.11529  -3.10448  -2.87081  -3.52174  -3.66857  -3.52194  -3.39394  -3.29210  -3.23370  -3.08546  -3.07279
  23000.  5.00  -4.28128  -3.76230  -3.13225  -3.12201  -2.88823  -3.54658  -3.68288  -3.53295  -3.40239  -3.30121  -3.24232  -3.09351  -3.08195
  24000.  3.00  -4.13565  -3.60324  -2.97185  -2.96737  -2.74346  -3.47755  -3.68931  -3.54422  -3.41747  -3.31150  -3.25278  -3.10561  -3.09246
  24000.  3.50  -4.21707  -3.69168  -3.06511  -3.05977  -2.83786  -3.53220  -3.72039  -3.57870  -3.45504  -3.35293  -3.29609  -3.15243  -3.13948
  24000.  4.00  -4.26944  -3.74847  -3.12377  -3.11783  -2.89537  -3.57441  -3.74626  -3.60463  -3.48111  -3.38074  -3.32431  -3.18142  -3.16913
  24000.  4.50  -4.30024  -3.78284  -3.15968  -3.15369  -2.93054  -3.60738  -3.76659  -3.62317  -3.49828  -3.39884  -3.34225  -3.19910  -3.18771
  24000.  5.00  -4.31449  -3.80021  -3.17886  -3.17333  -2.95006  -3.63315  -3.78212  -3.63557  -3.50829  -3.40950  -3.35246  -3.20875  -3.19838
  25000.  3.00  -4.14869  -3.62090  -2.99568  -2.99527  -2.77917  -3.54304  -3.76801  -3.62517  -3.50074  -3.39668  -3.33942  -3.19680  -3.18510
  25000.  3.50  -4.23942  -3.71943  -3.10120  -3.10033  -2.88797  -3.60794  -3.80789  -3.66903  -3.54815  -3.44825  -3.39307  -3.25397  -3.24232
  25000.  4.00  -4.29645  -3.78042  -3.16402  -3.16248  -2.94963  -3.65345  -3.83699  -3.69823  -3.57752  -3.47935  -3.42459  -3.28630  -3.27527
  25000.  4.50  -4.33017  -3.81747  -3.20255  -3.20094  -2.98757  -3.68818  -3.85911  -3.71873  -3.59680  -3.49962  -3.44475  -3.30640  -3.29623
  25000.  5.00  -4.34667  -3.83698  -3.22376  -3.22258  -3.00917  -3.71500  -3.87584  -3.73254  -3.60835  -3.51186  -3.45659  -3.31779  -3.30856
  26000.  3.00  -4.16126  -3.63611  -3.01354  -3.01569  -2.80321  -3.59851  -3.83751  -3.69567  -3.57256  -3.46922  -3.41276  -3.27259  -3.26220
  26000.  3.50  -4.25888  -3.74428  -3.13382  -3.13716  -2.93406  -3.67755  -3.88857  -3.75258  -3.63453  -3.53691  -3.48343  -3.34903  -3.33863
  26000.  4.00  -4.32177  -3.81083  -3.20232  -3.20489  -3.00120  -3.72766  -3.92221  -3.78626  -3.66831  -3.57229  -3.51916  -3.38535  -3.37549
  26000.  4.50  -4.35870  -3.85067  -3.24347  -3.24589  -3.04166  -3.76421  -3.94628  -3.80880  -3.68969  -3.59465  -3.54143  -3.40763  -3.39857
  26000.  5.00  -4.37741  -3.87223  -3.26665  -3.26943  -3.06524  -3.79208  -3.96421  -3.82399  -3.70277  -3.60846  -3.55486  -3.42072  -3.41255
  27000.  3.50  -4.27473  -3.76484  -3.16096  -3.16813  -2.97345  -3.73952  -3.96131  -3.82806  -3.71274  -3.61736  -3.56553  -3.43588  -3.42672
  27000.  4.00  -4.34456  -3.83870  -3.23769  -3.24414  -3.04934  -3.79664  -4.00156  -3.86842  -3.75324  -3.65941  -3.60793  -3.47860  -3.46985
  27000.  4.50  -4.38522  -3.88191  -3.28207  -3.28823  -3.09270  -3.83549  -4.02814  -3.89349  -3.77712  -3.68417  -3.63255  -3.50311  -3.49509
  27000.  5.00  -4.40623  -3.90547  -3.30706  -3.31350  -3.11797  -3.86430  -4.04726  -3.91000  -3.79162  -3.69938  -3.64740  -3.51770  -3.51052
  28000.  3.50  -4.28884  -3.78218  -3.18277  -3.19304  -3.00475  -3.79345  -4.02613  -3.89515  -3.78225  -3.68861  -3.63825  -3.51241  -3.50438
  28000.  4.00  -4.36409  -3.86297  -3.26880  -3.27890  -3.09259  -3.85947  -4.07433  -3.94402  -3.83160  -3.73997  -3.69013  -3.56532  -3.55764
  28000.  4.50  -4.40924  -3.91060  -3.31773  -3.32743  -3.14027  -3.90183  -4.10453  -3.97268  -3.85904  -3.76817  -3.71812  -3.59299  -3.58595
  28000.  5.00  -4.43278  -3.93635  -3.34471  -3.35457  -3.16725  -3.93174  -4.12506  -3.99068  -3.87506  -3.78482  -3.73440  -3.60894  -3.60269
  29000.  3.50  -4.30720  -3.80198  -3.20468  -3.21704  -3.03240  -3.84314  -4.08660  -3.95713  -3.84600  -3.75330  -3.70393  -3.58027  -3.57315
  29000.  4.00  -4.38094  -3.88365  -3.29508  -3.30844  -3.12964  -3.91553  -4.14020  -4.01254  -3.90274  -3.81313  -3.76484  -3.64430  -3.63764
  29000.  4.50  -4.43040  -3.93608  -3.34959  -3.36261  -3.18343  -3.96267  -4.17504  -4.04596  -3.93500  -3.84618  -3.79770  -3.67679  -3.67068
  29000.  5.00  -4.45681  -3.96453  -3.37921  -3.39228  -3.21275  -3.99424  -4.19753  -4.06596  -3.95303  -3.86474  -3.81585  -3.69447  -3.68907
  30000.  3.50  -4.33683  -3.83139  -3.23426  -3.24777  -3.06432  -3.89499  -4.14820  -4.01946  -3.90946  -3.81691  -3.76812  -3.64496  -3.63848
  30000.  4.00  -4.39783  -3.90301  -3.31837  -3.33441  -3.16155  -3.96592  -4.20028  -4.07494  -3.96761  -3.87964  -3.83279  -3.71550  -3.70975
  30000.  4.50  -4.44923  -3.95847  -3.37738  -3.39344  -3.22152  -4.01769  -4.23949  -4.11309  -4.00473  -3.91783  -3.87084  -3.75392  -3.74870
  30000.  5.00  -4.47839  -3.98986  -3.41024  -3.42630  -3.25412  -4.05164  -4.26454  -4.13573  -4.02545  -3.93905  -3.89164  -3.77418  -3.76959
  31000.  3.50  -4.38051  -3.87394  -3.27585  -3.28975  -3.10575  -3.95330  -4.21472  -4.08600  -3.97657  -3.88357  -3.83501  -3.71116  -3.70510
  31000.  4.00  -4.41960  -3.92572  -3.34331  -3.36139  -3.19267  -4.01442  -4.25795  -4.13444  -4.02915  -3.94231  -3.89660  -3.78155  -3.77652
  31000.  4.50  -4.46797  -3.97967  -3.40272  -3.42139  -3.25562  -4.06797  -4.29898  -4.17503  -4.06911  -3.98387  -3.93826  -3.82472  -3.82028
  31000.  5.00  -4.49876  -4.01324  -3.43842  -3.45718  -3.29163  -4.10433  -4.32654  -4.20038  -4.09262  -4.00797  -3.96196  -3.84812  -3.84427
  32000.  4.00  -4.44919  -3.95478  -3.37293  -3.39236  -3.22594  -4.06358  -4.31536  -4.19312  -4.08954  -4.00334  -3.95859  -3.84476  -3.84029
  32000.  4.50  -4.49008  -4.00293  -3.42870  -3.44949  -3.28851  -4.11604  -4.35575  -4.23392  -4.13028  -4.04634  -4.00199  -3.89086  -3.88706
  32000.  5.00  -4.51997  -4.03647  -3.46534  -3.48644  -3.32656  -4.15353  -4.38468  -4.26097  -4.15555  -4.07241  -4.02766  -3.91697  -3.91374
  33000.  4.00  -4.48954  -3.99407  -3.41207  -3.43233  -3.26695  -4.11825  -4.37694  -4.25545  -4.15323  -4.06721  -4.02320  -3.90958  -3.90554
  33000.  4.50  -4.51710  -4.02971  -3.45672  -3.47913  -3.32150  -4.16311  -4.41081  -4.29070  -4.18909  -4.10612  -4.06290  -3.95352  -3.95026
  33000.  5.00  -4.54434  -4.06166  -3.49298  -3.51604  -3.36071  -4.20091  -4.44043  -4.31891  -4.21582  -4.13391  -4.09041  -3.98195  -3.97924
  34000.  4.00  -4.53994  -4.04337  -3.46098  -3.48167  -3.31643  -4.17913  -4.44353  -4.32238  -4.22114  -4.13487  -4.09132  -3.97699  -3.97322
  34000.  4.50  -4.55325  -4.06488  -3.49223  -3.51577  -3.36018  -4.21421  -4.46873  -4.34986  -4.24999  -4.16757  -4.12531  -4.01680  -4.01396
  34000.  5.00  -4.57327  -4.09029  -3.52290  -3.54751  -3.39561  -4.24800  -4.49509  -4.37544  -4.27444  -4.19350  -4.15112  -4.04438  -4.04212
  35000.  4.00  -4.59831  -4.10089  -3.51822  -3.53916  -3.37376  -4.24563  -4.51479  -4.39377  -4.29324  -4.20645  -4.16313  -4.04741  -4.04374
  35000.  4.50  -4.59820  -4.10855  -3.53572  -3.55996  -3.40537  -4.27011  -4.53038  -4.41230  -4.31386  -4.23159  -4.19011  -4.08156  -4.07904
  35000.  5.00  -4.61062  -4.12664  -3.55967  -3.58539  -3.43575  -4.29889  -4.55248  -4.43424  -4.33507  -4.25473  -4.21334  -4.10752  -4.10563
  36000.  4.00  -4.66279  -4.16499  -3.58242  -3.60357  -3.43819  -4.31725  -4.59029  -4.46944  -4.36951  -4.28224  -4.23907  -4.12189  -4.11819
  36000.  4.50  -4.65053  -4.15965  -3.58647  -3.61113  -3.45688  -4.33067  -4.59576  -4.47814  -4.38088  -4.29841  -4.25750  -4.14808  -4.14576
  36000.  5.00  -4.65530  -4.16994  -3.60283  -3.62931  -3.48093  -4.35349  -4.61259  -4.49538  -4.39780  -4.31773  -4.27717  -4.17150  -4.16988
  37000.  4.00  -4.73126  -4.23357  -3.65156  -3.67302  -3.50823  -4.39273  -4.66887  -4.54834  -4.44897  -4.36148  -4.31848  -4.20034  -4.19663
  37000.  4.50  -4.70908  -4.21727  -3.64395  -3.66891  -3.51487  -4.39604  -4.66509  -4.54782  -4.45154  -4.36871  -4.32821  -4.21748  -4.21524
  37000.  5.00  -4.70655  -4.21976  -3.65229  -3.67924  -3.53146  -4.41209  -4.67584  -4.55933  -4.46311  -4.38299  -4.34311  -4.23685  -4.23544
  38000.  4.00  -4.80164  -4.30445  -3.72330  -3.74517  -3.58131  -4.47017  -4.74887  -4.62876  -4.52998  -4.44252  -4.39975  -4.28132  -4.27765
  38000.  4.50  -4.77226  -4.27998  -3.70687  -3.73216  -3.57858  -4.46562  -4.73792  -4.62099  -4.52560  -4.44248  -4.40234  -4.29034  -4.28812
  38000.  5.00  -4.76344  -4.27542  -3.70765  -3.73495  -3.58753  -4.47490  -4.74249  -4.62648  -4.53147  -4.45112  -4.41182  -4.30442  -4.30313
  39000.  4.00  -4.87241  -4.37599  -3.79581  -3.81812  -3.65538  -4.54789  -4.82882  -4.70919  -4.61098  -4.52373  -4.48122  -4.36302  -4.35945
  39000.  4.50  -4.83838  -4.34607  -3.77356  -3.79922  -3.64634  -4.53819  -4.81317  -4.69670  -4.60215  -4.51892  -4.47913  -4.36629  -4.36411
  39000.  5.00  -4.82473  -4.33586  -3.76806  -3.79568  -3.64869  -4.54157  -4.81234  -4.69677  -4.60285  -4.52225  -4.48345  -4.37481  -4.37359
  40000.  4.50  -4.90585  -4.41389  -3.84225  -3.86836  -3.71663  -4.61236  -4.88954  -4.77359  -4.67984  -4.59670  -4.55727  -4.44412  -4.44200
  40000.  5.00  -4.88898  -4.39972  -3.83223  -3.86021  -3.71390  -4.61134  -4.88470  -4.76959  -4.67667  -4.59595  -4.55760  -4.44794  -4.44680
  41000.  4.50  -4.97348  -4.48215  -3.91153  -3.93814  -3.78770  -4.68675  -4.96587  -4.85049  -4.75750  -4.67460  -4.63554  -4.52249  -4.52047
  41000.  5.00  -4.95489  -4.46561  -3.89874  -3.92710  -3.78160  -4.68292  -4.95851  -4.84392  -4.75193  -4.67122  -4.63331  -4.52304  -4.52197
  42000.  4.50  -5.04058  -4.55003  -3.98050  -4.00760  -3.85851  -4.76049  -5.04138  -4.92659  -4.83429  -4.75171  -4.71302  -4.60033  -4.59845
  42000.  5.00  -5.02139  -4.53238  -3.96632  -3.99515  -3.85082  -4.75536  -5.03283  -4.91879  -4.82766  -4.74709  -4.70961  -4.59909  -4.59812
  43000.  4.50  -5.10670  -4.61704  -4.04861  -4.07621  -3.92845  -4.83308  -5.11562  -5.00142  -4.90976  -4.82753  -4.78918  -4.67706  -4.67530
  43000.  5.00  -5.08772  -4.59922  -4.03411  -4.06341  -3.92035  -4.82771  -5.10683  -4.99339  -4.90304  -4.82272  -4.78563  -4.67519  -4.67433
  44000.  4.50  -5.17167  -4.68299  -4.11569  -4.14373  -3.99723  -4.90429  -5.18843  -5.07478  -4.98366  -4.90181  -4.86376  -4.75229  -4.75066
  44000.  5.00  -5.15336  -4.66551  -4.10141  -4.13118  -3.98943  -4.89934  -5.18002  -5.06715  -4.97752  -4.89750  -4.86080  -4.75066  -4.74993
  45000.  4.50  -5.23543  -4.74778  -4.18155  -4.21000  -4.06471  -4.97398  -5.25970  -5.14657  -5.05593  -4.97444  -4.93666  -4.82589  -4.82440
  45000.  5.00  -5.21800  -4.73093  -4.16788  -4.19811  -4.05764  -4.96988  -5.25200  -5.13971  -5.05074  -4.97107  -4.93472  -4.82503  -4.82443
  46000.  4.50  -5.29799  -4.81139  -4.24620  -4.27505  -4.13088  -5.04221  -5.32945  -5.21682  -5.12660  -5.04547  -5.00792  -4.89788  -4.89650
  46000.  5.00  -5.28152  -4.79529  -4.23328  -4.26395  -4.12475  -5.03913  -5.32264  -5.21091  -5.12254  -5.04323  -5.00721  -4.89806  -4.89761
  47000.  4.50  -5.35939  -4.87384  -4.30967  -4.33889  -4.19578  -5.10900  -5.39774  -5.28558  -5.19573  -5.11493  -5.07758  -4.96829  -4.96702
  47000.  5.00  -5.34383  -4.85849  -4.29752  -4.32861  -4.19062  -5.10699  -5.39184  -5.28066  -5.19283  -5.11388  -5.07815  -4.96961  -4.96929
  48000.  4.50  -5.41963  -4.93515  -4.37195  -4.40152  -4.25944  -5.17442  -5.46463  -5.35291  -5.26338  -5.18291  -5.14573  -5.03719  -5.03602
  48000.  5.00  -5.40491  -4.92051  -4.36056  -4.39204  -4.25519  -5.17343  -5.45961  -5.34894  -5.26159  -5.18298  -5.14753  -5.03964  -5.03944
  49000.  4.50  -5.47880  -4.99537  -4.43312  -4.46303  -4.32192  -5.23853  -5.53015  -5.41888  -5.32963  -5.24948  -5.21244  -5.10468  -5.10359
  49000.  5.00  -5.46481  -4.98135  -4.42241  -4.45427  -4.31853  -5.23848  -5.52597  -5.41579  -5.32887  -5.25061  -5.21539  -5.10817  -5.10809
  50000.  5.00  -5.52355  -5.04107  -4.48311  -4.51533  -4.38065  -5.30220  -5.59097  -5.48128  -5.39473  -5.31680  -5.28178  -5.17527  -5.17528
