   3500.  0.00 -10.52252  -9.88261 -10.96770  -9.07322  -8.25114  -6.24958  -5.39153  -4.30425  -3.51077  -2.77803  -2.44446  -0.71225  -0.41394
   3500.  0.50 -10.49422  -9.91256 -10.94467  -8.87666  -7.95782  -6.06555  -5.32670  -4.36345  -3.62692  -2.90288  -2.57823  -0.75675  -0.44560
   3500.  1.00 -10.45147  -9.93472 -10.89960  -8.65760  -7.65634  -5.87530  -5.25178  -4.40807  -3.72274  -3.00515  -2.68737  -0.79456  -0.47200
   3500.  1.50 -10.39310  -9.94778 -10.83060  -8.41827  -7.34522  -5.67800  -5.16496  -4.43543  -3.79606  -3.08305  -2.77007  -0.82370  -0.49158
   3500.  2.00 -10.31239  -9.94524 -10.73094  -8.15871  -7.02129  -5.46959  -5.05404  -4.43021  -3.83310  -3.12545  -2.81606  -0.83608  -0.49756
   3500.  2.50 -10.20666  -9.92113 -10.59665  -7.88325  -6.68554  -5.25210  -4.91587  -4.38445  -3.82657  -3.12678  -2.82067  -0.82470  -0.48353
   3500.  3.00 -10.07929  -9.86960 -10.42544  -7.60781  -6.35565  -5.03848  -4.75268  -4.29154  -3.76672  -3.07901  -2.77641  -0.78198  -0.44273
   3500.  3.50  -9.93083  -9.78676 -10.21521  -7.34488  -6.04981  -4.83183  -4.56142  -4.14378  -3.64133  -2.97098  -2.67191  -0.70300  -0.37088
   3500.  4.00  -9.77326  -9.67723  -9.97490  -7.10165  -5.77310  -4.64243  -4.35813  -3.95552  -3.45728  -2.80544  -2.50779  -0.59334  -0.27274
   3500.  4.50  -9.62185  -9.55278  -9.72665  -6.87596  -5.51675  -4.47955  -4.16460  -3.74958  -3.23230  -2.59311  -2.29234  -0.46674  -0.16133
   3500.  5.00  -9.51962  -9.44556  -9.49141  -6.71828  -5.33981  -4.39080  -4.02634  -3.57084  -3.00831  -2.37026  -2.06026  -0.35867  -0.07065
   3750.  0.00 -10.07118  -9.59272 -10.60002  -8.61931  -7.79999  -5.74730  -4.66328  -3.44046  -2.55474  -1.86478  -1.51886  -0.38477  -0.17400
   3750.  0.50 -10.02605  -9.60356 -10.53429  -8.42048  -7.50579  -5.57689  -4.57721  -3.45283  -2.60069  -1.92134  -1.58019  -0.40127  -0.18500
   3750.  1.00  -9.97284  -9.61082 -10.44327  -8.21380  -7.22354  -5.40305  -4.48743  -3.46154  -2.64788  -1.98050  -1.64520  -0.41623  -0.19384
   3750.  1.50  -9.90849  -9.61450 -10.32811  -7.99553  -6.94214  -5.22019  -4.38827  -3.46347  -2.69340  -2.03970  -1.71130  -0.43056  -0.20174
   3750.  2.00  -9.83921  -9.61424 -10.19400  -7.77155  -6.65935  -5.04130  -4.29151  -3.46402  -2.73806  -2.09758  -1.77608  -0.44373  -0.20848
   3750.  2.50  -9.76393  -9.60860 -10.04513  -7.54155  -6.37237  -4.86502  -4.19569  -3.46130  -2.77982  -2.15166  -1.83692  -0.45480  -0.21329
   3750.  3.00  -9.69253  -9.59535  -9.88720  -7.32108  -6.09710  -4.71057  -4.11386  -3.46058  -2.81763  -2.19834  -1.88879  -0.46047  -0.21323
   3750.  3.50  -9.61943  -9.56881  -9.71764  -7.11437  -5.84396  -4.57315  -4.03316  -3.44674  -2.83488  -2.22271  -1.91676  -0.45421  -0.20305
   3750.  4.00  -9.54331  -9.52162  -9.53646  -6.92786  -5.62148  -4.45431  -3.95108  -3.41183  -2.81904  -2.21156  -1.90690  -0.42665  -0.17409
   3750.  4.50  -9.45504  -9.44527  -9.33048  -6.73901  -5.40037  -4.34185  -3.85766  -3.33765  -2.74449  -2.13805  -1.83099  -0.36918  -0.12006
   3750.  5.00  -9.36619  -9.35356  -9.11917  -6.56155  -5.19729  -4.24517  -3.76349  -3.23828  -2.62761  -2.01844  -1.70580  -0.29514  -0.05354
   4000.  0.00  -9.70312  -9.42329 -10.37066  -8.11884  -7.17108  -5.22375  -4.12252  -2.91455  -2.07890  -1.44690  -1.11891  -0.22537  -0.05561
   4000.  0.50  -9.65880  -9.42711 -10.28297  -7.92554  -6.89810  -5.08860  -4.05135  -2.91476  -2.09524  -1.46867  -1.14185  -0.23460  -0.06320
   4000.  1.00  -9.60949  -9.42741 -10.16213  -7.72439  -6.63109  -4.94962  -3.97726  -2.91568  -2.11311  -1.49174  -1.16585  -0.24207  -0.06888
   4000.  1.50  -9.54695  -9.42310 -10.00669  -7.51127  -6.36450  -4.79608  -3.88494  -2.90581  -2.12599  -1.51365  -1.18985  -0.24910  -0.07396
   4000.  2.00  -9.48258  -9.41489  -9.82489  -7.29715  -6.10311  -4.64654  -3.79505  -2.89716  -2.14124  -1.53847  -1.21686  -0.25630  -0.07866
   4000.  2.50  -9.41722  -9.40198  -9.62615  -7.09254  -5.86003  -4.50428  -3.70805  -2.88890  -2.15919  -1.56694  -1.24809  -0.26351  -0.08277
   4000.  3.00  -9.36015  -9.38406  -9.42242  -6.90662  -5.64110  -4.38245  -3.63862  -2.89092  -2.18601  -1.60185  -1.28530  -0.26954  -0.08496
   4000.  3.50  -9.31256  -9.35965  -9.22284  -6.74914  -5.45919  -4.28485  -3.58514  -2.89951  -2.21683  -1.63852  -1.32376  -0.27272  -0.08393
   4000.  4.00  -9.27179  -9.32534  -9.03108  -6.61399  -5.30509  -4.20816  -3.54404  -2.90863  -2.24403  -1.66893  -1.35521  -0.26933  -0.07655
   4000.  4.50  -9.23076  -9.27299  -8.83894  -6.48897  -5.16455  -4.14421  -3.51007  -2.90897  -2.25348  -1.67668  -1.36202  -0.25087  -0.05558
   4000.  5.00  -9.18070  -9.19194  -8.61665  -6.34778  -5.00775  -4.08390  -3.47795  -2.88353  -2.22161  -1.63649  -1.31803  -0.21141  -0.01760
   4250.  0.00  -9.35559  -9.29654 -10.10526  -7.38528  -6.18675  -4.68241  -3.66001  -2.54305  -1.77903  -1.20523  -0.89981  -0.12747   0.01851
   4250.  0.50  -9.31514  -9.29591  -9.98058  -7.21849  -5.98483  -4.57608  -3.60580  -2.53925  -1.78824  -1.21923  -0.91504  -0.13521   0.01194
   4250.  1.00  -9.26957  -9.29074  -9.81194  -7.03087  -5.76221  -4.46222  -3.54720  -2.53602  -1.79803  -1.23300  -0.92943  -0.14100   0.00686
   4250.  1.50  -9.21591  -9.27993  -9.60607  -6.83450  -5.53678  -4.34073  -3.47764  -2.52706  -1.80389  -1.24448  -0.94163  -0.14610   0.00208
   4250.  2.00  -9.15612  -9.26329  -9.37824  -6.63739  -5.31548  -4.21535  -3.40029  -2.51478  -1.80783  -1.25526  -0.95306  -0.15144  -0.00305
   4250.  2.50  -9.10281  -9.24107  -9.14510  -6.46935  -5.13193  -4.10814  -3.33109  -2.50731  -1.81315  -1.26606  -0.96323  -0.15599  -0.00750
   4250.  3.00  -9.05550  -9.21336  -8.92171  -6.33044  -4.98373  -4.01646  -3.27162  -2.50535  -1.82331  -1.28067  -0.97692  -0.16029  -0.01094
   4250.  3.50  -9.02337  -9.18002  -8.71364  -6.22980  -4.88028  -3.95359  -3.23264  -2.51671  -1.84213  -1.30038  -0.99428  -0.16262  -0.01162
   4250.  4.00  -9.00006  -9.13927  -8.51985  -6.15708  -4.81058  -3.91066  -3.20603  -2.53331  -1.86396  -1.32154  -1.01276  -0.16309  -0.00993
   4250.  4.50  -8.98263  -9.08773  -8.33715  -6.09594  -4.75420  -3.88261  -3.19105  -2.55363  -1.88699  -1.34145  -1.02956  -0.15851  -0.00287
   4250.  5.00  -8.96237  -9.01540  -8.14793  -6.02187  -4.68263  -3.85844  -3.18524  -2.56873  -1.90037  -1.34759  -1.03208  -0.14161   0.01580
   4500.  0.00  -9.03575  -9.16493  -9.31370  -6.57938  -5.25501  -4.18642  -3.27021  -2.26912  -1.56835  -1.04158  -0.75489  -0.05949   0.06787
   4500.  0.50  -8.99874  -9.15467  -9.14516  -6.44433  -5.11189  -4.10233  -3.22686  -2.26128  -1.57275  -1.05178  -0.76711  -0.06791   0.06112
   4500.  1.00  -8.96156  -9.13552  -8.91936  -6.29488  -4.95568  -4.01675  -3.18588  -2.25755  -1.57994  -1.06294  -0.77935  -0.07365   0.05654
   4500.  1.50  -8.91909  -9.10465  -8.65103  -6.12697  -4.78196  -3.92475  -3.13943  -2.25263  -1.58654  -1.07363  -0.79079  -0.07840   0.05242
   4500.  2.00  -8.86837  -9.06365  -8.38426  -5.95842  -4.60929  -3.82587  -3.08139  -2.24164  -1.58910  -1.08233  -0.80047  -0.08385   0.04709
   4500.  2.50  -8.81932  -9.01345  -8.14064  -5.80911  -4.45742  -3.73555  -3.02506  -2.23288  -1.59172  -1.09022  -0.80815  -0.08864   0.04205
   4500.  3.00  -8.77859  -8.96624  -7.97053  -5.70752  -4.35427  -3.66533  -2.97695  -2.22937  -1.59608  -1.09795  -0.81424  -0.09204   0.03819
   4500.  3.50  -8.74794  -8.91695  -7.83786  -5.64142  -4.28772  -3.61525  -2.94232  -2.23589  -1.60664  -1.10852  -0.82160  -0.09327   0.03692
   4500.  4.00  -8.72894  -8.86457  -7.72777  -5.60990  -4.25939  -3.58834  -2.92155  -2.25124  -1.62164  -1.12062  -0.82904  -0.09253   0.03798
   4500.  4.50  -8.71862  -8.81036  -7.63472  -5.60341  -4.25997  -3.57994  -2.91192  -2.27191  -1.63885  -1.13295  -0.83607  -0.09009   0.04108
   4500.  5.00  -8.71277  -8.74479  -7.53392  -5.59957  -4.26606  -3.58366  -2.91303  -2.29756  -1.65818  -1.14467  -0.84192  -0.08366   0.04838
   4750.  0.00  -8.73855  -8.90714  -7.93922  -5.87529  -4.56644  -3.74877  -2.93900  -2.05487  -1.41264  -0.92604  -0.65567  -0.01036   0.10110
   4750.  0.50  -8.70256  -8.87307  -7.79253  -5.74551  -4.43353  -3.67709  -2.90134  -2.04512  -1.41414  -0.93362  -0.66561  -0.02033   0.09307
   4750.  1.00  -8.66962  -8.82339  -7.61224  -5.61567  -4.30503  -3.61021  -2.87048  -2.04025  -1.41863  -0.94225  -0.67571  -0.02717   0.08781
   4750.  1.50  -8.63448  -8.75406  -7.40079  -5.47707  -4.17055  -3.54240  -2.83969  -2.03639  -1.42398  -0.95135  -0.68595  -0.03277   0.08340
   4750.  2.00  -8.59254  -8.66664  -7.17898  -5.33246  -4.03113  -3.47002  -2.80246  -2.02918  -1.42733  -0.95968  -0.69563  -0.03871   0.07820
   4750.  2.50  -8.54690  -8.57586  -6.99076  -5.20209  -3.90359  -3.39939  -2.76175  -2.02037  -1.42905  -0.96692  -0.70386  -0.04472   0.07248
   4750.  3.00  -8.50618  -8.50372  -6.87552  -5.11008  -3.80940  -3.34277  -2.72518  -2.01511  -1.43141  -0.97334  -0.70979  -0.04926   0.06770
   4750.  3.50  -8.47102  -8.44978  -6.82531  -5.05530  -3.74751  -3.30016  -2.69444  -2.01515  -1.43634  -0.98024  -0.71472  -0.05170   0.06488
   4750.  4.00  -8.44698  -8.41506  -6.82888  -5.03915  -3.72151  -3.27657  -2.67474  -2.02389  -1.44576  -0.98841  -0.71899  -0.05143   0.06491
   4750.  4.50  -8.43217  -8.38771  -6.85975  -5.05596  -3.72982  -3.27084  -2.66465  -2.03959  -1.45816  -0.99682  -0.72193  -0.04883   0.06736
   4750.  5.00  -8.42448  -8.35699  -6.88600  -5.09156  -3.76215  -3.27975  -2.66315  -2.06055  -1.47246  -1.00482  -0.72338  -0.04432   0.07171
   5000.  0.00  -8.41629  -8.44078  -6.89783  -5.31273  -4.07087  -3.35984  -2.64841  -1.87373  -1.29023  -0.84299  -0.58932   0.02067   0.12004
   5000.  0.50  -8.38131  -8.35764  -6.70963  -5.16528  -3.92554  -3.29543  -2.61599  -1.86545  -1.29175  -0.84980  -0.59822   0.00949   0.11046
   5000.  1.00  -8.34733  -8.26007  -6.51902  -5.02562  -3.79162  -3.23723  -2.59035  -1.86087  -1.29528  -0.85712  -0.60700   0.00119   0.10365
   5000.  1.50  -8.31158  -8.14661  -6.32528  -4.89016  -3.66464  -3.18312  -2.56847  -1.85830  -1.29994  -0.86488  -0.61587  -0.00558   0.09818
   5000.  2.00  -8.27119  -8.02109  -6.13400  -4.75767  -3.54188  -3.12980  -2.54555  -1.85474  -1.30397  -0.87248  -0.62468  -0.01217   0.09264
   5000.  2.50  -8.22865  -7.90239  -5.97063  -4.63925  -3.43049  -3.07961  -2.52100  -1.84954  -1.30650  -0.87927  -0.63270  -0.01883   0.08669
   5000.  3.00  -8.18791  -7.80714  -5.85709  -4.54725  -3.33967  -3.03712  -2.49714  -1.84466  -1.30832  -0.88519  -0.63926  -0.02478   0.08105
   5000.  3.50  -8.15431  -7.74892  -5.80964  -4.49147  -3.27685  -3.00635  -2.47644  -1.84258  -1.31077  -0.89049  -0.64395  -0.02872   0.07706
   5000.  4.00  -8.12771  -7.72305  -5.82384  -4.47041  -3.24085  -2.98711  -2.45992  -1.84519  -1.31554  -0.89616  -0.64746  -0.03019   0.07539
   5000.  4.50  -8.10945  -7.72173  -5.88767  -4.48135  -3.23209  -2.98023  -2.44906  -1.85330  -1.32286  -0.90212  -0.64958  -0.02906   0.07626
   5000.  5.00  -8.10049  -7.73983  -5.99012  -4.52260  -3.25253  -2.98667  -2.44464  -1.86681  -1.33225  -0.90775  -0.64972  -0.02548   0.07951
   5250.  0.00  -7.98988  -7.87961  -6.21910  -4.86375  -3.68700  -3.00256  -2.38274  -1.71018  -1.18698  -0.78086  -0.54555   0.03003   0.12194
   5250.  0.50  -7.95398  -7.75670  -6.00357  -4.70909  -3.53884  -2.95165  -2.36080  -1.70750  -1.19141  -0.78860  -0.55449   0.01965   0.11220
   5250.  1.00  -7.91597  -7.61864  -5.78669  -4.55837  -3.39870  -2.90331  -2.34248  -1.70630  -1.19641  -0.79616  -0.56298   0.01111   0.10448
   5250.  1.50  -7.87553  -7.46970  -5.57522  -4.41436  -3.26815  -2.85868  -2.32761  -1.70652  -1.20205  -0.80382  -0.57135   0.00382   0.09806
   5250.  2.00  -7.83321  -7.31829  -5.37747  -4.27990  -3.14822  -2.81752  -2.31419  -1.70681  -1.20745  -0.81128  -0.57953  -0.00298   0.09208
   5250.  2.50  -7.79255  -7.17888  -5.20723  -4.16155  -3.04224  -2.78164  -2.30158  -1.70638  -1.21183  -0.81805  -0.58706  -0.00955   0.08619
   5250.  3.00  -7.75788  -7.06560  -5.07767  -4.06622  -2.95407  -2.75280  -2.28997  -1.70550  -1.21508  -0.82381  -0.59336  -0.01551   0.08072
   5250.  3.50  -7.73211  -6.98964  -5.00232  -4.00213  -2.88899  -2.73360  -2.28016  -1.70509  -1.21750  -0.82840  -0.59790  -0.02002   0.07642
   5250.  4.00  -7.71236  -6.94898  -4.98261  -3.96991  -2.84656  -2.72314  -2.27165  -1.70605  -1.22003  -0.83242  -0.60097  -0.02268   0.07380
   5250.  4.50  -7.69740  -6.93915  -5.01689  -3.96956  -2.82733  -2.72148  -2.26520  -1.70972  -1.22352  -0.83611  -0.60242  -0.02293   0.07341
   5250.  5.00  -7.68699  -6.95636  -5.10178  -4.00053  -2.83290  -2.72900  -2.26154  -1.71689  -1.22830  -0.83939  -0.60196  -0.02068   0.07538
   5500.  0.00  -7.54208  -7.34693  -5.69871  -4.47964  -3.36839  -2.66863  -2.13628  -1.55993  -1.09747  -0.73344  -0.51790   0.01733   0.10545
   5500.  0.50  -7.49241  -7.20259  -5.48715  -4.33532  -3.22944  -2.63831  -2.12900  -1.56507  -1.10596  -0.74253  -0.52689   0.00987   0.09737
   5500.  1.00  -7.43481  -7.04042  -5.26608  -4.18607  -3.09103  -2.60464  -2.12114  -1.56927  -1.11365  -0.75093  -0.53534   0.00294   0.09023
   5500.  1.50  -7.37338  -6.86881  -5.04695  -4.03922  -2.95912  -2.57123  -2.11461  -1.57383  -1.12149  -0.75935  -0.54380  -0.00357   0.08380
   5500.  2.00  -7.31330  -6.69894  -4.84134  -3.90159  -2.83843  -2.54071  -2.10970  -1.57853  -1.12907  -0.76742  -0.55193  -0.00976   0.07786
   5500.  2.50  -7.26047  -6.54390  -4.66005  -3.77847  -2.73116  -2.51472  -2.10584  -1.58276  -1.13581  -0.77486  -0.55947  -0.01574   0.07219
   5500.  3.00  -7.21888  -6.41345  -4.51220  -3.67534  -2.64034  -2.49493  -2.10328  -1.58658  -1.14152  -0.78135  -0.56596  -0.02112   0.06713
   5500.  3.50  -7.19193  -6.31939  -4.41090  -3.59995  -2.57004  -2.48385  -2.10229  -1.58994  -1.14573  -0.78629  -0.57063  -0.02530   0.06316
   5500.  4.00  -7.17493  -6.26009  -4.35764  -3.55311  -2.51979  -2.48038  -2.10184  -1.59287  -1.14867  -0.78990  -0.57357  -0.02802   0.06056
   5500.  4.50  -7.16316  -6.23353  -4.35619  -3.53796  -2.49172  -2.48491  -2.10212  -1.59616  -1.15083  -0.79226  -0.57449  -0.02871   0.05987
   5500.  5.00  -7.15273  -6.23410  -4.40423  -3.55367  -2.48590  -2.49669  -2.10276  -1.60037  -1.15266  -0.79357  -0.57336  -0.02720   0.06120
   5750.  0.00  -7.07658  -6.82034  -5.24333  -4.13660  -3.10032  -2.35985  -1.91021  -1.42434  -1.02167  -0.69933  -0.50423  -0.01416   0.07266
   5750.  0.50  -7.01716  -6.68028  -5.05830  -4.01525  -2.97823  -2.35475  -1.91982  -1.43762  -1.03344  -0.70851  -0.51173  -0.01679   0.06803
   5750.  1.00  -6.93682  -6.51229  -4.85025  -3.87683  -2.84675  -2.33818  -1.92374  -1.44804  -1.04412  -0.71761  -0.51973  -0.02053   0.06283
   5750.  1.50  -6.84898  -6.33398  -4.63808  -3.73516  -2.71739  -2.31832  -1.92663  -1.45757  -1.05436  -0.72667  -0.52795  -0.02490   0.05753
   5750.  2.00  -6.76400  -6.15833  -4.43424  -3.59852  -2.59624  -2.29943  -1.93045  -1.46698  -1.06427  -0.73548  -0.53603  -0.02945   0.05243
   5750.  2.50  -6.68923  -5.99591  -4.24820  -3.47240  -2.48642  -2.28277  -1.93459  -1.47576  -1.07347  -0.74387  -0.54383  -0.03426   0.04736
   5750.  3.00  -6.62949  -5.85535  -4.08910  -3.36257  -2.39101  -2.27046  -1.93958  -1.48406  -1.08177  -0.75144  -0.55082  -0.03873   0.04284
   5750.  3.50  -6.58917  -5.74718  -3.96845  -3.27589  -2.31318  -2.26471  -1.94537  -1.49146  -1.08844  -0.75750  -0.55616  -0.04232   0.03930
   5750.  4.00  -6.56436  -5.67160  -3.88918  -3.21431  -2.25329  -2.26500  -1.95116  -1.49772  -1.09337  -0.76195  -0.55972  -0.04473   0.03696
   5750.  4.50  -6.55126  -5.63086  -3.85867  -3.18330  -2.21469  -2.27285  -1.95726  -1.50306  -1.09639  -0.76438  -0.56081  -0.04523   0.03647
   5750.  5.00  -6.54266  -5.61836  -3.87445  -3.18200  -2.19701  -2.28732  -1.96287  -1.50758  -1.09773  -0.76499  -0.55952  -0.04376   0.03785
   6000.  0.00  -6.57025  -6.28397  -4.82884  -3.83031  -2.87838  -2.07942  -1.70481  -1.30455  -0.96078  -0.67951  -0.50526  -0.06128   0.02605
   6000.  0.50  -6.50870  -6.16616  -4.68092  -3.73738  -2.77686  -2.10057  -1.73184  -1.32541  -0.97403  -0.68640  -0.50852  -0.05713   0.02687
   6000.  1.00  -6.40963  -6.00596  -4.49583  -3.61521  -2.65547  -2.10317  -1.74875  -1.34180  -0.98653  -0.69462  -0.51426  -0.05607   0.02509
   6000.  1.50  -6.29591  -5.83004  -4.29827  -3.48249  -2.53030  -2.09721  -1.76118  -1.35630  -0.99885  -0.70369  -0.52142  -0.05699   0.02199
   6000.  2.00  -6.18355  -5.65454  -4.10240  -3.34959  -2.40925  -2.08976  -1.77316  -1.37017  -1.01086  -0.71297  -0.52911  -0.05906   0.01838
   6000.  2.50  -6.08224  -5.48949  -3.91741  -3.22276  -2.29678  -2.08273  -1.78508  -1.38342  -1.02238  -0.72213  -0.53691  -0.06196   0.01448
   6000.  3.00  -5.99934  -5.34462  -3.75396  -3.10876  -2.19662  -2.07816  -1.79710  -1.39588  -1.03298  -0.73065  -0.54420  -0.06508   0.01078
   6000.  3.50  -5.93895  -5.22737  -3.62064  -3.01270  -2.11072  -2.07735  -1.80909  -1.40728  -1.04221  -0.73807  -0.55040  -0.06793   0.00767
   6000.  4.00  -5.90030  -5.14062  -3.52312  -2.93851  -2.04081  -2.08070  -1.82065  -1.41731  -1.04967  -0.74391  -0.55496  -0.06992   0.00561
   6000.  4.50  -5.88412  -5.09031  -3.47046  -2.89263  -1.99046  -2.08993  -1.83164  -1.42561  -1.05470  -0.74744  -0.55698  -0.07025   0.00525
   6000.  5.00  -5.88124  -5.06937  -3.45984  -2.87436  -1.95968  -2.10446  -1.84144  -1.43212  -1.05732  -0.74868  -0.55640  -0.06873   0.00674
   6250.  0.50  -5.98380  -5.67032  -4.34585  -3.49569  -2.61665  -1.87155  -1.56093  -1.22698  -0.92786  -0.67699  -0.51831  -0.10940  -0.02473
   6250.  1.00  -5.87517  -5.52447  -4.18685  -3.39271  -2.50758  -1.89628  -1.59238  -1.24887  -0.94005  -0.68159  -0.51871  -0.10179  -0.02132
   6250.  1.50  -5.74289  -5.35445  -4.00591  -3.27028  -2.38743  -1.90617  -1.61581  -1.26814  -0.95322  -0.68909  -0.52301  -0.09787  -0.02097
   6250.  2.00  -5.60795  -5.18029  -3.81969  -3.14160  -2.26676  -1.90887  -1.63511  -1.28609  -0.96698  -0.69829  -0.52960  -0.09663  -0.02245
   6250.  2.50  -5.48258  -5.01347  -3.63889  -3.01505  -2.15162  -1.91075  -1.65400  -1.30347  -0.98055  -0.70789  -0.53696  -0.09692  -0.02470
   6250.  3.00  -5.37776  -4.86550  -3.47451  -2.89787  -2.04626  -1.91388  -1.67274  -1.31999  -0.99329  -0.71717  -0.54427  -0.09814  -0.02720
   6250.  3.50  -5.29652  -4.74118  -3.33321  -2.79428  -1.95263  -1.91840  -1.69090  -1.33541  -1.00501  -0.72586  -0.55116  -0.09987  -0.02964
   6250.  4.00  -5.24199  -4.64701  -3.22398  -2.71038  -1.87359  -1.92544  -1.70819  -1.34932  -1.01508  -0.73320  -0.55676  -0.10125  -0.03135
   6250.  4.50  -5.21780  -4.58933  -3.15432  -2.65126  -1.81143  -1.93570  -1.72372  -1.36089  -1.02256  -0.73835  -0.56014  -0.10152  -0.03173
   6250.  5.00  -5.21599  -4.56265  -3.12325  -2.61789  -1.76763  -1.94954  -1.73748  -1.37019  -1.02740  -0.74108  -0.56094  -0.10015  -0.03036
   6500.  0.50  -5.47374  -5.20576  -4.04489  -3.28420  -2.48460  -1.68288  -1.42155  -1.14614  -0.89239  -0.67503  -0.53480  -0.16733  -0.08119
   6500.  1.00  -5.37103  -5.08301  -3.91527  -3.20088  -2.39301  -1.70892  -1.44854  -1.16704  -0.90477  -0.67967  -0.53457  -0.15708  -0.07618
   6500.  1.50  -5.22789  -4.91828  -3.74952  -3.08955  -2.27891  -1.73809  -1.48497  -1.19088  -0.91685  -0.68296  -0.53302  -0.14657  -0.07051
   6500.  2.00  -5.07861  -4.74568  -3.57330  -2.96615  -2.15984  -1.75388  -1.51361  -1.21281  -0.93102  -0.69035  -0.53659  -0.14070  -0.06868
   6500.  2.50  -4.93758  -4.57802  -3.39800  -2.84053  -2.04266  -1.76430  -1.53891  -1.23381  -0.94605  -0.69973  -0.54277  -0.13778  -0.06885
   6500.  3.00  -4.81551  -4.42594  -3.23358  -2.72017  -1.93211  -1.77401  -1.56352  -1.25416  -0.96093  -0.70971  -0.54995  -0.13673  -0.06992
   6500.  3.50  -4.71655  -4.29512  -3.08754  -2.61053  -1.83147  -1.78377  -1.58727  -1.27340  -0.97505  -0.71955  -0.55735  -0.13700  -0.07150
   6500.  4.00  -4.64779  -4.19507  -2.97043  -2.51851  -1.74372  -1.79478  -1.60998  -1.29113  -0.98766  -0.72836  -0.56387  -0.13749  -0.07272
   6500.  4.50  -4.61257  -4.13040  -2.88765  -2.44804  -1.67055  -1.80716  -1.63097  -1.30676  -0.99815  -0.73549  -0.56881  -0.13762  -0.07310
   6500.  5.00  -4.60527  -4.09826  -2.84091  -2.40165  -1.61429  -1.82084  -1.64902  -1.31932  -1.00558  -0.74001  -0.57116  -0.13634  -0.07186
   6750.  0.50  -4.98523  -4.77320  -3.76836  -3.09177  -2.36844  -1.52706  -1.31168  -1.08346  -0.86799  -0.67953  -0.55614  -0.22701  -0.13933
   6750.  1.00  -4.90754  -4.68109  -3.66953  -3.02998  -2.29755  -1.55336  -1.33234  -1.10076  -0.87861  -0.68354  -0.55536  -0.21571  -0.13372
   6750.  1.50  -4.77338  -4.53384  -3.52542  -2.93377  -2.19664  -1.58350  -1.36288  -1.12250  -0.89017  -0.68673  -0.55330  -0.20349  -0.12733
   6750.  2.00  -4.61333  -4.35970  -3.35690  -2.81640  -2.08008  -1.61786  -1.40397  -1.14844  -0.90259  -0.68943  -0.55064  -0.19108  -0.12023
   6750.  2.50  -4.46246  -4.19055  -3.18684  -2.69272  -1.96249  -1.63963  -1.43740  -1.17296  -0.91790  -0.69709  -0.55397  -0.18382  -0.11724
   6750.  3.00  -4.32793  -4.03381  -3.02306  -2.57015  -1.84835  -1.65641  -1.46791  -1.19688  -0.93443  -0.70711  -0.56025  -0.17988  -0.11644
   6750.  3.50  -4.21633  -3.89759  -2.87467  -2.45579  -1.74174  -1.67136  -1.49666  -1.21971  -0.95078  -0.71793  -0.56788  -0.17829  -0.11694
   6750.  4.00  -4.13613  -3.79186  -2.75124  -2.35618  -1.64544  -1.68639  -1.52470  -1.24137  -0.96604  -0.72818  -0.57520  -0.17764  -0.11749
   6750.  4.50  -4.08792  -3.71879  -2.65738  -2.27530  -1.56186  -1.70087  -1.55070  -1.26091  -0.97948  -0.73723  -0.58157  -0.17733  -0.11770
   6750.  5.00  -4.07302  -3.68158  -2.59891  -2.21815  -1.49433  -1.71545  -1.57354  -1.27734  -0.99000  -0.74392  -0.58572  -0.17612  -0.11663
   7000.  0.50  -4.51239  -4.35949  -3.50221  -2.90773  -2.25727  -1.40137  -1.22984  -1.03856  -0.85417  -0.68950  -0.58081  -0.28566  -0.19715
   7000.  1.00  -4.47617  -4.30801  -3.43845  -2.87033  -2.21041  -1.42599  -1.24236  -1.05060  -0.86187  -0.69239  -0.57943  -0.27477  -0.19175
   7000.  1.50  -4.36545  -4.18626  -3.31905  -2.79182  -2.12607  -1.45611  -1.26537  -1.06788  -0.87122  -0.69509  -0.57732  -0.26245  -0.18584
   7000.  2.00  -4.21727  -4.02727  -3.16789  -2.68678  -2.02025  -1.49183  -1.30061  -1.09141  -0.88274  -0.69754  -0.57411  -0.24867  -0.17823
   7000.  2.50  -4.05581  -3.85249  -3.00039  -2.56523  -1.90324  -1.53028  -1.34610  -1.11990  -0.89639  -0.70067  -0.57141  -0.23518  -0.17013
   7000.  3.00  -3.91291  -3.69186  -2.83853  -2.44257  -1.78807  -1.55681  -1.38358  -1.14698  -0.91325  -0.70928  -0.57527  -0.22744  -0.16664
   7000.  3.50  -3.79331  -3.55164  -2.68945  -2.32525  -1.67749  -1.57847  -1.41793  -1.17329  -0.93121  -0.72023  -0.58213  -0.22320  -0.16540
   7000.  4.00  -3.70246  -3.43884  -2.56043  -2.21908  -1.57439  -1.59763  -1.45087  -1.19873  -0.94908  -0.73186  -0.59010  -0.22114  -0.16512
   7000.  4.50  -3.64213  -3.35724  -2.45779  -2.12942  -1.48192  -1.61487  -1.48173  -1.22230  -0.96559  -0.74287  -0.59784  -0.22018  -0.16508
   7000.  5.00  -3.61755  -3.31351  -2.38917  -2.06241  -1.40379  -1.63076  -1.50917  -1.24259  -0.97923  -0.75176  -0.60375  -0.21896  -0.16415
   7250.  0.50  -4.03336  -3.93744  -3.22409  -2.71731  -2.13568  -1.31406  -1.18371  -1.01459  -0.84996  -0.70132  -0.60364  -0.33757  -0.24992
   7250.  1.00  -4.07175  -3.95481  -3.21361  -2.71441  -2.12439  -1.32166  -1.17480  -1.01530  -0.85453  -0.70651  -0.60704  -0.33334  -0.24988
   7250.  1.50  -3.99035  -3.86191  -3.11989  -2.65441  -2.05781  -1.35274  -1.19262  -1.02858  -0.86102  -0.70754  -0.60357  -0.32062  -0.24358
   7250.  2.00  -3.86509  -3.72617  -2.99032  -2.56490  -1.96653  -1.38711  -1.21918  -1.04723  -0.87047  -0.71009  -0.60112  -0.30767  -0.23731
   7250.  2.50  -3.71470  -3.56410  -2.83728  -2.45410  -1.85887  -1.42852  -1.25948  -1.07323  -0.88274  -0.71260  -0.59755  -0.29301  -0.22890
   7250.  3.00  -3.56344  -3.39779  -2.67609  -2.33190  -1.74353  -1.47071  -1.30866  -1.10426  -0.89802  -0.71690  -0.59566  -0.27937  -0.22062
   7250.  3.50  -3.43829  -3.25435  -2.52755  -2.21376  -1.63203  -1.50082  -1.34962  -1.13382  -0.91663  -0.72682  -0.60048  -0.27173  -0.21685
   7250.  4.00  -3.33796  -3.13509  -2.39592  -2.10434  -1.52614  -1.52507  -1.38656  -1.16205  -0.93606  -0.73904  -0.60839  -0.26802  -0.21569
   7250.  4.50  -3.26714  -3.04521  -2.28619  -2.00762  -1.42698  -1.54642  -1.42255  -1.18959  -0.95533  -0.75158  -0.61694  -0.26576  -0.21486
   7250.  5.00  -3.23156  -2.99272  -2.20764  -1.93116  -1.33903  -1.56429  -1.45494  -1.21415  -0.97236  -0.76277  -0.62457  -0.26427  -0.21387
   7500.  0.50  -3.47300  -3.42427  -2.86277  -2.46994  -1.95875  -1.28682  -1.20024  -1.03024  -0.86468  -0.71516  -0.61900  -0.36900  -0.28711
   7500.  1.00  -3.68152  -3.60430  -2.97978  -2.55128  -2.02924  -1.24207  -1.13223  -0.99655  -0.85716  -0.72541  -0.63698  -0.38894  -0.30590
   7500.  1.50  -3.64327  -3.55405  -2.92233  -2.51645  -1.98734  -1.26758  -1.13893  -1.00259  -0.85986  -0.72548  -0.63379  -0.37874  -0.30156
   7500.  2.00  -3.54123  -3.44185  -2.81442  -2.44303  -1.91097  -1.30439  -1.16111  -1.01746  -0.86621  -0.72609  -0.62971  -0.36540  -0.29516
   7500.  2.50  -3.41390  -3.30394  -2.68344  -2.34825  -1.81763  -1.34416  -1.19147  -1.03786  -0.87610  -0.72894  -0.62737  -0.35236  -0.28893
   7500.  3.00  -3.27225  -3.14866  -2.53459  -2.23536  -1.71056  -1.39042  -1.23744  -1.06710  -0.88989  -0.73214  -0.62399  -0.33710  -0.27972
   7500.  3.50  -3.13952  -2.99928  -2.38535  -2.11678  -1.59941  -1.43387  -1.28905  -1.10046  -0.90728  -0.73834  -0.62378  -0.32429  -0.27179
   7500.  4.00  -3.03275  -2.87490  -2.25199  -2.00547  -1.49251  -1.46607  -1.33256  -1.13216  -0.92767  -0.74986  -0.62999  -0.31739  -0.26831
   7500.  4.50  -2.95462  -2.77967  -2.13918  -1.90548  -1.39038  -1.49222  -1.37269  -1.16266  -0.94865  -0.76315  -0.63862  -0.31366  -0.26659
   7500.  5.00  -2.90739  -2.71682  -2.05161  -1.82127  -1.29577  -1.51311  -1.40973  -1.19114  -0.96868  -0.77633  -0.64764  -0.31163  -0.26535
   7750.  1.00  -3.29260  -3.24149  -2.72275  -2.37077  -1.91513  -1.19407  -1.11945  -0.99706  -0.87025  -0.74814  -0.66716  -0.43915  -0.35815
   7750.  1.50  -3.31475  -3.25109  -2.71537  -2.36987  -1.90642  -1.20283  -1.10592  -0.99116  -0.86831  -0.74891  -0.66747  -0.43545  -0.35892
   7750.  2.00  -3.24314  -3.17044  -2.63574  -2.31672  -1.84926  -1.23782  -1.12069  -1.00054  -0.87099  -0.74769  -0.66235  -0.42297  -0.35318
   7750.  2.50  -3.13766  -3.05560  -2.52610  -2.23760  -1.77035  -1.27869  -1.14666  -1.01730  -0.87802  -0.74887  -0.65872  -0.40981  -0.34698
   7750.  3.00  -3.01715  -2.92500  -2.40120  -2.14275  -1.67920  -1.32235  -1.18105  -1.03996  -0.88896  -0.75248  -0.65691  -0.39706  -0.34074
   7750.  3.50  -2.88903  -2.78224  -2.26111  -2.03163  -1.57502  -1.37255  -1.23217  -1.07230  -0.90434  -0.75664  -0.65410  -0.38193  -0.33131
   7750.  4.00  -2.77692  -2.65353  -2.12715  -1.91992  -1.46880  -1.41610  -1.28505  -1.10743  -0.92371  -0.76491  -0.65584  -0.37032  -0.32404
   7750.  4.50  -2.69316  -2.55339  -2.01199  -1.81811  -1.36625  -1.44846  -1.33047  -1.14099  -0.94578  -0.77796  -0.66339  -0.36415  -0.32047
   7750.  5.00  -2.63606  -2.48145  -1.91798  -1.72893  -1.26845  -1.47382  -1.37215  -1.17288  -0.96798  -0.79229  -0.67290  -0.36092  -0.31852
   8000.  1.00  -2.90388  -2.86509  -2.43659  -2.16450  -1.77505  -1.18048  -1.14164  -1.02240  -0.89856  -0.77760  -0.69887  -0.48097  -0.40464
   8000.  1.50  -3.00656  -2.95842  -2.50545  -2.21888  -1.81899  -1.16002  -1.09435  -0.99440  -0.88585  -0.77703  -0.70353  -0.48993  -0.41462
   8000.  2.00  -2.97091  -2.91513  -2.45927  -2.18945  -1.78478  -1.18615  -1.09693  -0.99595  -0.88470  -0.77519  -0.69950  -0.48120  -0.41187
   8000.  2.50  -2.88734  -2.82479  -2.37341  -2.12824  -1.72251  -1.22662  -1.11679  -1.00769  -0.88784  -0.77401  -0.69417  -0.46856  -0.40626
   8000.  3.00  -2.78405  -2.71298  -2.26620  -2.04688  -1.64312  -1.27237  -1.14709  -1.02701  -0.89610  -0.77615  -0.69122  -0.45564  -0.40031
   8000.  3.50  -2.67319  -2.59230  -2.14840  -1.95311  -1.55341  -1.32090  -1.18674  -1.05296  -0.90878  -0.78098  -0.69017  -0.44297  -0.39383
   8000.  4.00  -2.56293  -2.46650  -2.01979  -1.84620  -1.45267  -1.37234  -1.24277  -1.08852  -0.92609  -0.78623  -0.68805  -0.42796  -0.38379
   8000.  4.50  -2.47322  -2.36048  -1.90213  -1.74303  -1.35109  -1.41374  -1.29601  -1.12525  -0.94771  -0.79691  -0.69215  -0.41780  -0.37708
   8000.  5.00  -2.40958  -2.28224  -1.80440  -1.65143  -1.25277  -1.44484  -1.34254  -1.16009  -0.97109  -0.81124  -0.70090  -0.41243  -0.37357
   8250.  1.00  -2.53099  -2.48656  -2.11516  -1.91990  -1.59121  -1.19615  -1.19641  -1.07608  -0.94964  -0.82279  -0.74154  -0.51929  -0.45217
   8250.  1.50  -2.71533  -2.67354  -2.28778  -2.05843  -1.71790  -1.14005  -1.10381  -1.01263  -0.91289  -0.81019  -0.74183  -0.54155  -0.46866
   8250.  2.00  -2.71574  -2.66748  -2.27643  -2.05441  -1.70893  -1.15349  -1.09192  -1.00487  -0.90726  -0.80760  -0.73927  -0.53736  -0.46928
   8250.  2.50  -2.65595  -2.60102  -2.21161  -2.00858  -1.66132  -1.19027  -1.10489  -1.01198  -0.90778  -0.80545  -0.73381  -0.52583  -0.46460
   8250.  3.00  -2.57158  -2.51009  -2.12434  -1.94244  -1.59591  -1.23563  -1.12997  -1.02696  -0.91257  -0.80543  -0.72923  -0.51293  -0.45874
   8250.  3.50  -2.47720  -2.41045  -2.02890  -1.86635  -1.52203  -1.28260  -1.16195  -1.04720  -0.92136  -0.80859  -0.72747  -0.50164  -0.45375
   8250.  4.00  -2.37793  -2.30287  -1.92232  -1.77772  -1.43735  -1.33290  -1.20599  -1.07571  -0.93518  -0.81401  -0.72671  -0.48935  -0.44690
   8250.  4.50  -2.28484  -2.19390  -1.80536  -1.67607  -1.33958  -1.38327  -1.26466  -1.11334  -0.95404  -0.82047  -0.72561  -0.47481  -0.43669
   8250.  5.00  -2.21648  -2.11057  -1.70486  -1.58298  -1.24203  -1.42126  -1.31707  -1.15067  -0.97709  -0.83294  -0.73154  -0.46593  -0.43030
   8500.  1.50  -2.45234  -2.40995  -2.07219  -1.89433  -1.60644  -1.14000  -1.13221  -1.04560  -0.95036  -0.84977  -0.78381  -0.59062  -0.52149
   8500.  2.00  -2.48471  -2.43921  -2.09958  -1.92064  -1.62892  -1.13683  -1.10192  -1.02499  -0.93761  -0.84500  -0.78231  -0.59300  -0.52658
   8500.  2.50  -2.44821  -2.39767  -2.05930  -1.89331  -1.59968  -1.16588  -1.10543  -1.02584  -0.93493  -0.84207  -0.77753  -0.58437  -0.52409
   8500.  3.00  -2.38168  -2.32609  -1.99096  -1.84185  -1.54842  -1.20819  -1.12449  -1.03637  -0.93673  -0.84044  -0.77208  -0.57231  -0.51893
   8500.  3.50  -2.30076  -2.24026  -1.90850  -1.77629  -1.48454  -1.25628  -1.15331  -1.05359  -0.94260  -0.84127  -0.76814  -0.55983  -0.51312
   8500.  4.00  -2.21365  -2.14842  -1.81886  -1.70166  -1.41199  -1.30649  -1.19016  -1.07694  -0.95294  -0.84541  -0.76689  -0.54840  -0.50756
   8500.  4.50  -2.12590  -2.05233  -1.72047  -1.61621  -1.32903  -1.35785  -1.23930  -1.10840  -0.96798  -0.85122  -0.76606  -0.53580  -0.49969
   8500.  5.00  -2.05188  -1.96349  -1.61861  -1.52330  -1.23546  -1.40244  -1.29642  -1.14593  -0.98777  -0.85904  -0.76657  -0.52256  -0.48964
   8750.  1.50  -2.23154  -2.18674  -1.87830  -1.74118  -1.49384  -1.15483  -1.17308  -1.08915  -0.99619  -0.89565  -0.83041  -0.63975  -0.57556
   8750.  2.00  -2.28119  -2.23581  -1.93436  -1.79290  -1.54804  -1.13572  -1.12563  -1.05549  -0.97511  -0.88683  -0.82792  -0.64750  -0.58327
   8750.  2.50  -2.26179  -2.21246  -1.91425  -1.78127  -1.53600  -1.15495  -1.11905  -1.04958  -0.96900  -0.88311  -0.82413  -0.64267  -0.58355
   8750.  3.00  -2.21068  -2.15746  -1.86286  -1.74313  -1.49794  -1.19264  -1.13143  -1.05548  -0.96814  -0.88044  -0.81864  -0.63226  -0.57984
   8750.  3.50  -2.14304  -2.08638  -1.79563  -1.68999  -1.44596  -1.23925  -1.15505  -1.06861  -0.97092  -0.87944  -0.81345  -0.62009  -0.57451
   8750.  4.00  -2.06668  -2.00709  -1.71957  -1.62691  -1.38446  -1.28984  -1.18728  -1.08785  -0.97765  -0.88112  -0.81016  -0.60815  -0.56871
   8750.  4.50  -1.98775  -1.92471  -1.63783  -1.55590  -1.31455  -1.34037  -1.22795  -1.11365  -0.98927  -0.88617  -0.80954  -0.59698  -0.56244
   8750.  5.00  -1.91204  -1.83909  -1.54551  -1.47248  -1.23212  -1.38864  -1.28094  -1.14732  -1.00518  -0.89164  -0.80795  -0.58334  -0.55257
   9000.  1.50  -2.05385  -2.00710  -1.71392  -1.60606  -1.38510  -1.17717  -1.21918  -1.13741  -1.04609  -0.94522  -0.88016  -0.69018  -0.63136
   9000.  2.00  -2.10984  -2.06525  -1.79082  -1.67948  -1.47203  -1.14786  -1.15926  -1.09358  -1.01771  -0.93193  -0.87531  -0.70113  -0.63986
   9000.  2.50  -2.10107  -2.05287  -1.78558  -1.68055  -1.47675  -1.15765  -1.14376  -1.08167  -1.00874  -0.92778  -0.87289  -0.70065  -0.64315
   9000.  3.00  -2.06053  -2.00842  -1.74596  -1.65175  -1.44942  -1.18873  -1.14931  -1.08309  -1.00573  -0.92472  -0.86821  -0.69274  -0.64137
   9000.  3.50  -2.00384  -1.94871  -1.69053  -1.60809  -1.40702  -1.23120  -1.16739  -1.09229  -1.00613  -0.92258  -0.86267  -0.68143  -0.63667
   9000.  4.00  -1.93785  -1.88055  -1.62612  -1.55487  -1.35529  -1.27968  -1.19475  -1.10764  -1.00986  -0.92224  -0.85785  -0.66922  -0.63065
   9000.  4.50  -1.86632  -1.80759  -1.55589  -1.49423  -1.29580  -1.33040  -1.23021  -1.12891  -1.01760  -0.92472  -0.85516  -0.65762  -0.62440
   9000.  5.00  -1.79363  -1.73224  -1.48000  -1.42583  -1.22735  -1.38044  -1.27476  -1.15704  -1.03015  -0.93012  -0.85455  -0.64635  -0.61725
   9250.  2.00  -1.96716  -1.92410  -1.66787  -1.57980  -1.40030  -1.16725  -1.19803  -1.13573  -1.06315  -0.97899  -0.92382  -0.75399  -0.69608
   9250.  2.50  -1.96583  -1.91996  -1.67624  -1.59375  -1.42383  -1.17078  -1.17630  -1.11954  -1.05214  -0.97462  -0.92261  -0.75744  -0.70191
   9250.  3.00  -1.93349  -1.88321  -1.64624  -1.57314  -1.40751  -1.19579  -1.17675  -1.11795  -1.04830  -0.97219  -0.91972  -0.75287  -0.70259
   9250.  3.50  -1.88448  -1.83057  -1.59851  -1.53581  -1.37269  -1.23313  -1.18982  -1.12401  -1.04737  -0.96993  -0.91494  -0.74352  -0.69947
   9250.  4.00  -1.82515  -1.76913  -1.54171  -1.48906  -1.32801  -1.27829  -1.21196  -1.13542  -1.04839  -0.96799  -0.90920  -0.73172  -0.69398
   9250.  4.50  -1.75980  -1.70299  -1.47961  -1.43577  -1.27625  -1.32794  -1.24246  -1.15243  -1.05252  -0.96795  -0.90448  -0.71950  -0.68742
   9250.  5.00  -1.69158  -1.63460  -1.41348  -1.37650  -1.21716  -1.37863  -1.28156  -1.17589  -1.06112  -0.97102  -0.90210  -0.70788  -0.68030
   9500.  2.00  -1.84639  -1.80466  -1.56014  -1.49030  -1.33114  -1.19064  -1.23940  -1.17985  -1.10986  -1.02690  -0.97277  -0.80620  -0.75184
   9500.  2.50  -1.85048  -1.80758  -1.58161  -1.51739  -1.37446  -1.19049  -1.21335  -1.16069  -1.09747  -1.02246  -0.97252  -0.81300  -0.75983
   9500.  3.00  -1.82544  -1.77850  -1.56245  -1.50669  -1.37180  -1.21154  -1.21025  -1.15714  -1.09341  -1.02108  -0.97169  -0.81215  -0.76333
   9500.  3.50  -1.78303  -1.73192  -1.52206  -1.47583  -1.34541  -1.24538  -1.21999  -1.16135  -1.09215  -1.01951  -0.96840  -0.80541  -0.76243
   9500.  4.00  -1.72952  -1.67543  -1.47049  -1.43360  -1.30629  -1.28720  -1.23836  -1.17033  -1.09204  -1.01736  -0.96311  -0.79493  -0.75813
   9500.  4.50  -1.66902  -1.61362  -1.41323  -1.38462  -1.25955  -1.33408  -1.26416  -1.18372  -1.09357  -1.01569  -0.95731  -0.78270  -0.75159
   9500.  5.00  -1.60448  -1.54962  -1.35329  -1.33124  -1.20721  -1.38299  -1.29790  -1.20253  -1.09829  -1.01609  -0.95285  -0.77046  -0.74396
   9750.  2.00  -1.74277  -1.70163  -1.46481  -1.40973  -1.26600  -1.21627  -1.28217  -1.22507  -1.15736  -1.07547  -1.02222  -0.85825  -0.80739
   9750.  2.50  -1.75068  -1.71047  -1.49744  -1.44818  -1.32643  -1.21401  -1.25298  -1.20366  -1.14376  -1.07069  -1.02232  -0.86732  -0.81673
   9750.  3.00  -1.73192  -1.68864  -1.48925  -1.44798  -1.33860  -1.23262  -1.24743  -1.19884  -1.13979  -1.07039  -1.02337  -0.86994  -0.82287
   9750.  3.50  -1.69643  -1.64914  -1.45798  -1.42548  -1.32305  -1.26397  -1.25494  -1.20212  -1.13897  -1.07019  -1.02221  -0.86641  -0.82462
   9750.  4.00  -1.64931  -1.59849  -1.41299  -1.38911  -1.29103  -1.30305  -1.27068  -1.20980  -1.13888  -1.06886  -1.01838  -0.85814  -0.82217
   9750.  4.50  -1.59394  -1.54085  -1.35999  -1.34394  -1.24895  -1.34682  -1.29304  -1.22093  -1.13931  -1.06684  -1.01278  -0.84681  -0.81632
   9750.  5.00  -1.53273  -1.47919  -1.30273  -1.29323  -1.20043  -1.39304  -1.32225  -1.23617  -1.14135  -1.06536  -1.00690  -0.83411  -0.80839
  10000.  2.00  -1.65306  -1.61166  -1.38014  -1.33770  -1.20734  -1.24338  -1.32564  -1.27076  -1.20513  -1.12428  -1.07187  -0.91024  -0.86268
  10000.  2.50  -1.66369  -1.62558  -1.42178  -1.38500  -1.27996  -1.23989  -1.29417  -1.24764  -1.19050  -1.11901  -1.07188  -0.92058  -0.87266
  10000.  3.00  -1.64988  -1.60996  -1.42343  -1.39438  -1.30587  -1.25696  -1.28691  -1.24200  -1.18671  -1.11962  -1.07446  -0.92610  -0.88095
  10000.  3.50  -1.62069  -1.57736  -1.40165  -1.38083  -1.30230  -1.28648  -1.29273  -1.24472  -1.18656  -1.12090  -1.07545  -0.92582  -0.88531
  10000.  4.00  -1.58023  -1.53336  -1.36465  -1.35182  -1.27932  -1.32360  -1.30672  -1.25187  -1.18717  -1.12103  -1.07369  -0.92033  -0.88520
  10000.  4.50  -1.53042  -1.48074  -1.31724  -1.31182  -1.24339  -1.36554  -1.32689  -1.26193  -1.18761  -1.11967  -1.06926  -0.91079  -0.88100
  10000.  5.00  -1.47314  -1.42214  -1.26329  -1.26431  -1.19891  -1.41008  -1.35299  -1.27495  -1.18828  -1.11752  -1.06315  -0.89865  -0.87371
  10250.  2.00  -1.57788  -1.53590  -1.30946  -1.27829  -1.16166  -1.27304  -1.37026  -1.31752  -1.25397  -1.17431  -1.12283  -0.96370  -0.91906
  10250.  2.50  -1.59398  -1.55827  -1.36228  -1.33577  -1.24492  -1.26961  -1.33749  -1.29357  -1.23900  -1.16910  -1.12316  -0.97538  -0.92997
  10250.  3.00  -1.58695  -1.55106  -1.37545  -1.35623  -1.28487  -1.28716  -1.32993  -1.28823  -1.23622  -1.17128  -1.12775  -0.98403  -0.94079
  10250.  3.50  -1.56596  -1.52761  -1.36543  -1.35392  -1.29525  -1.31723  -1.33588  -1.29185  -1.23783  -1.17493  -1.13162  -0.98759  -0.94841
  10250.  4.00  -1.53432  -1.49279  -1.33926  -1.33515  -1.28403  -1.35518  -1.35022  -1.30020  -1.24051  -1.17769  -1.13295  -0.98584  -0.95167
  10250.  4.50  -1.49278  -1.44825  -1.30050  -1.30326  -1.25674  -1.39801  -1.37058  -1.31125  -1.24270  -1.17858  -1.13112  -0.97929  -0.95033
  10250.  5.00  -1.44172  -1.39505  -1.25179  -1.26072  -1.21743  -1.44302  -1.39606  -1.32435  -1.24408  -1.17762  -1.12649  -0.96894  -0.94479
  10500.  2.00  -1.50629  -1.46185  -1.23988  -1.21998  -1.11872  -1.30239  -1.41454  -1.36375  -1.30215  -1.22363  -1.17309  -1.01616  -0.97425
  10500.  2.50  -1.52517  -1.48982  -1.29911  -1.28239  -1.20462  -1.29777  -1.37996  -1.33824  -1.28583  -1.21717  -1.17222  -1.02718  -0.98434
  10500.  3.00  -1.52110  -1.48719  -1.31906  -1.30911  -1.25244  -1.31444  -1.37128  -1.33228  -1.28297  -1.21962  -1.17735  -1.03721  -0.99606
  10500.  3.50  -1.50399  -1.46863  -1.31648  -1.31399  -1.27293  -1.34325  -1.37607  -1.33551  -1.28503  -1.22428  -1.18269  -1.04322  -1.00556
  10500.  4.00  -1.47738  -1.43949  -1.29821  -1.30281  -1.27187  -1.38020  -1.38940  -1.34373  -1.28853  -1.22845  -1.18594  -1.04428  -1.01120
  10500.  4.50  -1.44176  -1.40118  -1.26725  -1.27835  -1.25357  -1.42239  -1.40872  -1.35469  -1.29158  -1.23078  -1.18604  -1.04036  -1.01225
  10500.  5.00  -1.39685  -1.35411  -1.22555  -1.24247  -1.22163  -1.46738  -1.43310  -1.36754  -1.29354  -1.23096  -1.18293  -1.03208  -1.00868
  10750.  2.00  -1.44170  -1.39402  -1.17733  -1.16846  -1.08471  -1.33307  -1.45917  -1.41024  -1.35059  -1.27329  -1.22376  -1.06914  -1.02970
  10750.  2.50  -1.46404  -1.42840  -1.24239  -1.23481  -1.17028  -1.32692  -1.42270  -1.38308  -1.33277  -1.26537  -1.22139  -1.07897  -1.03852
  10750.  3.00  -1.46259  -1.43016  -1.26802  -1.26634  -1.22273  -1.34280  -1.41304  -1.37644  -1.32952  -1.26763  -1.22647  -1.08956  -1.05052
  10750.  3.50  -1.44856  -1.41571  -1.27147  -1.27689  -1.25081  -1.37084  -1.41714  -1.37948  -1.33195  -1.27298  -1.23281  -1.09732  -1.06131
  10750.  4.00  -1.42605  -1.39137  -1.26009  -1.27240  -1.25885  -1.40691  -1.42970  -1.38769  -1.33628  -1.27846  -1.23781  -1.10091  -1.06903
  10750.  4.50  -1.39547  -1.35855  -1.23639  -1.25494  -1.24949  -1.44830  -1.44811  -1.39864  -1.34024  -1.28225  -1.23983  -1.09963  -1.07239
  10750.  5.00  -1.35627  -1.31731  -1.20164  -1.22571  -1.22529  -1.49311  -1.47156  -1.41145  -1.34301  -1.28378  -1.23846  -1.09365  -1.07096
  11000.  2.00  -1.38103  -1.32928  -1.11901  -1.12103  -1.05690  -1.36436  -1.50372  -1.45655  -1.39879  -1.32277  -1.27432  -1.12204  -1.08484
  11000.  2.50  -1.40579  -1.36849  -1.18676  -1.18825  -1.13801  -1.35585  -1.46513  -1.42744  -1.37909  -1.31285  -1.26983  -1.12969  -1.09151
  11000.  3.00  -1.40539  -1.37307  -1.21531  -1.22153  -1.19025  -1.36995  -1.45398  -1.41953  -1.37474  -1.31404  -1.27386  -1.13952  -1.10259
  11000.  3.50  -1.39185  -1.36023  -1.22158  -1.23440  -1.22140  -1.39611  -1.45666  -1.42152  -1.37653  -1.31895  -1.27995  -1.14762  -1.11339
  11000.  4.00  -1.37018  -1.33731  -1.21331  -1.23285  -1.23450  -1.42993  -1.46766  -1.42878  -1.38055  -1.32447  -1.28532  -1.15235  -1.12181
  11000.  4.50  -1.34150  -1.30668  -1.19339  -1.21909  -1.23116  -1.46877  -1.48428  -1.43882  -1.38454  -1.32874  -1.28825  -1.15267  -1.12635
  11000.  5.00  -1.30525  -1.26850  -1.16311  -1.19421  -1.21317  -1.51107  -1.50552  -1.45056  -1.38737  -1.33088  -1.28799  -1.14843  -1.12635
  11250.  2.00  -1.32771  -1.27217  -1.06984  -1.08208  -1.03864  -1.39759  -1.54899  -1.50349  -1.44759  -1.37291  -1.32560  -1.17585  -1.14064
  11250.  2.50  -1.35682  -1.31795  -1.14165  -1.15169  -1.11702  -1.38734  -1.50871  -1.47291  -1.42653  -1.36161  -1.31963  -1.18200  -1.14582
  11250.  3.00  -1.35982  -1.32782  -1.17496  -1.18837  -1.16977  -1.40052  -1.49674  -1.46436  -1.42167  -1.36228  -1.32312  -1.19149  -1.15646
  11250.  3.50  -1.34911  -1.31917  -1.18611  -1.20530  -1.20435  -1.42604  -1.49886  -1.46606  -1.42343  -1.36730  -1.32942  -1.20024  -1.16768
  11250.  4.00  -1.33035  -1.30004  -1.18292  -1.20846  -1.22326  -1.45930  -1.50942  -1.47330  -1.42789  -1.37353  -1.33574  -1.20649  -1.17727
  11250.  4.50  -1.30531  -1.27359  -1.16866  -1.20016  -1.22705  -1.49764  -1.52558  -1.48350  -1.43269  -1.37896  -1.34016  -1.20892  -1.18359
  11250.  5.00  -1.27345  -1.23995  -1.14413  -1.18089  -1.21619  -1.53950  -1.54635  -1.49549  -1.43650  -1.38246  -1.34160  -1.20689  -1.18556
  11500.  2.00  -1.27872  -1.21957  -1.02629  -1.04810  -1.02589  -1.43143  -1.59409  -1.55016  -1.49607  -1.42280  -1.37666  -1.22955  -1.19615
  11500.  2.50  -1.31202  -1.27123  -1.10128  -1.11963  -1.10175  -1.41963  -1.55230  -1.51833  -1.47391  -1.41037  -1.36950  -1.23443  -1.20010
  11500.  3.00  -1.31856  -1.28639  -1.13863  -1.15900  -1.15372  -1.43172  -1.53952  -1.50915  -1.46852  -1.41048  -1.37236  -1.24332  -1.21006
  11500.  3.50  -1.31064  -1.28194  -1.15405  -1.17924  -1.19009  -1.45651  -1.54112  -1.51054  -1.47016  -1.41541  -1.37861  -1.25230  -1.22132
  11500.  4.00  -1.29448  -1.26635  -1.15530  -1.18632  -1.21314  -1.48919  -1.55130  -1.51772  -1.47490  -1.42209  -1.38553  -1.25959  -1.23170
  11500.  4.50  -1.27262  -1.24363  -1.14595  -1.18268  -1.22280  -1.52693  -1.56714  -1.52809  -1.48038  -1.42846  -1.39116  -1.26373  -1.23939
  11500.  5.00  -1.24473  -1.21423  -1.12680  -1.16865  -1.21861  -1.56823  -1.58747  -1.54034  -1.48515  -1.43324  -1.39418  -1.26379  -1.24316
  11750.  2.00  -1.23408  -1.17158  -0.98799  -1.01862  -1.01753  -1.46582  -1.63919  -1.59672  -1.54436  -1.47245  -1.42748  -1.28297  -1.25126
  11750.  2.50  -1.27108  -1.22815  -1.06534  -1.09168  -1.09142  -1.45265  -1.59595  -1.56373  -1.52121  -1.45905  -1.41930  -1.28681  -1.25416
  11750.  3.00  -1.28106  -1.24827  -1.10593  -1.13309  -1.14197  -1.46358  -1.58236  -1.55391  -1.51526  -1.45854  -1.42147  -1.29497  -1.26335
  11750.  3.50  -1.27585  -1.24790  -1.12499  -1.15596  -1.17876  -1.48744  -1.58337  -1.55488  -1.51661  -1.46320  -1.42744  -1.30382  -1.27437
  11750.  4.00  -1.26218  -1.23584  -1.13013  -1.16628  -1.20444  -1.51943  -1.59312  -1.56186  -1.52139  -1.47003  -1.43461  -1.31171  -1.28513
  11750.  4.50  -1.24303  -1.21648  -1.12507  -1.16660  -1.21872  -1.55670  -1.60867  -1.57232  -1.52737  -1.47708  -1.44110  -1.31718  -1.29391
  11750.  5.00  -1.21861  -1.19094  -1.11082  -1.15730  -1.22047  -1.59762  -1.62872  -1.58484  -1.53298  -1.48297  -1.44550  -1.31910  -1.29927
  12000.  2.50  -1.23371  -1.18861  -1.03358  -1.06747  -1.08522  -1.48623  -1.63955  -1.60895  -1.56824  -1.50747  -1.46885  -1.33897  -1.30788
  12000.  3.00  -1.24697  -1.21322  -1.07676  -1.11050  -1.13417  -1.49604  -1.62524  -1.59856  -1.56181  -1.50642  -1.47040  -1.34641  -1.31633
  12000.  3.50  -1.24442  -1.21677  -1.09886  -1.13543  -1.17055  -1.51892  -1.62564  -1.59910  -1.56284  -1.51073  -1.47600  -1.35495  -1.32694
  12000.  4.00  -1.23309  -1.20808  -1.10732  -1.14833  -1.19757  -1.55009  -1.63493  -1.60583  -1.56755  -1.51752  -1.48317  -1.36306  -1.33777
  12000.  4.50  -1.21637  -1.19187  -1.10599  -1.15196  -1.21519  -1.58685  -1.65025  -1.61634  -1.57387  -1.52505  -1.49026  -1.36950  -1.34730
  12000.  5.00  -1.19519  -1.16994  -1.09616  -1.14685  -1.22193  -1.62733  -1.67014  -1.62915  -1.58025  -1.53190  -1.49585  -1.37299  -1.35398
  12250.  2.50  -1.19954  -1.15243  -1.00576  -1.04669  -1.08243  -1.52003  -1.68286  -1.65381  -1.61490  -1.55552  -1.51806  -1.39077  -1.36115
  12250.  3.00  -1.21569  -1.18088  -1.05103  -1.09109  -1.13017  -1.52890  -1.66788  -1.64297  -1.60813  -1.55411  -1.51919  -1.39771  -1.36903
  12250.  3.50  -1.21577  -1.18815  -1.07564  -1.11766  -1.16567  -1.55079  -1.66777  -1.64314  -1.60886  -1.55808  -1.52438  -1.40582  -1.37917
  12250.  4.00  -1.20657  -1.18262  -1.08683  -1.13254  -1.19295  -1.58095  -1.67648  -1.64947  -1.61331  -1.56461  -1.53130  -1.41385  -1.38977
  12250.  4.50  -1.19212  -1.16943  -1.08871  -1.13888  -1.21276  -1.61709  -1.69151  -1.65990  -1.61977  -1.57235  -1.53869  -1.42087  -1.39972
  12250.  5.00  -1.17375  -1.15077  -1.08271  -1.13732  -1.22342  -1.65714  -1.71124  -1.67289  -1.62669  -1.57988  -1.54511  -1.42557  -1.40740
  12500.  2.50  -1.16857  -1.11959  -0.98153  -1.02898  -1.08245  -1.55407  -1.72597  -1.69837  -1.66116  -1.60313  -1.56680  -1.44211  -1.41384
  12500.  3.00  -1.18727  -1.15130  -1.02851  -1.07457  -1.12926  -1.56218  -1.71047  -1.68720  -1.65417  -1.60149  -1.56765  -1.44865  -1.42132
  12500.  3.50  -1.18962  -1.16175  -1.05497  -1.10228  -1.16362  -1.58300  -1.70977  -1.68694  -1.65456  -1.60506  -1.57240  -1.45628  -1.43089
  12500.  4.00  -1.18253  -1.15930  -1.06848  -1.11874  -1.19054  -1.61210  -1.71791  -1.69287  -1.65874  -1.61131  -1.57901  -1.46405  -1.44116
  12500.  4.50  -1.17019  -1.14894  -1.07304  -1.12721  -1.21144  -1.64750  -1.73260  -1.70313  -1.66518  -1.61906  -1.58645  -1.47134  -1.45123
  12500.  5.00  -1.15450  -1.13344  -1.07052  -1.12877  -1.22514  -1.68716  -1.75225  -1.71631  -1.67256  -1.62714  -1.59354  -1.47701  -1.45970
  12750.  2.50  -1.14061  -1.08998  -0.96063  -1.01408  -1.08478  -1.58810  -1.76871  -1.74249  -1.70691  -1.65023  -1.61501  -1.49288  -1.46590
  12750.  3.00  -1.16137  -1.12433  -1.00898  -1.06070  -1.13105  -1.59557  -1.75267  -1.73099  -1.69974  -1.64840  -1.61567  -1.49919  -1.47311
  12750.  3.50  -1.16587  -1.13767  -1.03702  -1.08941  -1.16438  -1.61549  -1.75149  -1.73040  -1.69988  -1.65171  -1.62009  -1.50641  -1.48221
  12750.  4.00  -1.16059  -1.13789  -1.05231  -1.10701  -1.19054  -1.64351  -1.75904  -1.73588  -1.70371  -1.65758  -1.62630  -1.51382  -1.49205
  12750.  4.50  -1.15027  -1.13023  -1.05912  -1.11716  -1.21179  -1.67808  -1.77342  -1.74597  -1.71008  -1.66524  -1.63365  -1.52113  -1.50203
  12750.  5.00  -1.13717  -1.11777  -1.05960  -1.12133  -1.22756  -1.71735  -1.79305  -1.75931  -1.71782  -1.67371  -1.64119  -1.52747  -1.51102
  13000.  2.50  -1.11526  -1.06321  -0.94257  -1.00155  -1.08894  -1.62200  -1.81096  -1.78604  -1.75203  -1.69667  -1.66255  -1.54298  -1.51722
  13000.  3.00  -1.13795  -1.09990  -0.99225  -1.04926  -1.13507  -1.62907  -1.79460  -1.77442  -1.74488  -1.69488  -1.66324  -1.54924  -1.52433
  13000.  3.50  -1.14429  -1.11570  -1.02159  -1.07882  -1.16759  -1.64816  -1.79295  -1.77354  -1.74485  -1.69798  -1.66743  -1.55616  -1.53308
  13000.  4.00  -1.14063  -1.11824  -1.03826  -1.09726  -1.19287  -1.67515  -1.80000  -1.77865  -1.74840  -1.70354  -1.67329  -1.56320  -1.54247
  13000.  4.50  -1.13221  -1.11314  -1.04696  -1.10875  -1.21393  -1.70881  -1.81400  -1.78848  -1.75461  -1.71102  -1.68044  -1.57037  -1.55222
  13000.  5.00  -1.12153  -1.10357  -1.05003  -1.11508  -1.23096  -1.74757  -1.83357  -1.80192  -1.76258  -1.71970  -1.68821  -1.57711  -1.56150
  14000.  2.00  -0.98108  -0.90116  -0.79969  -0.88110  -1.03456  -1.77135  -2.02782  -1.99371  -1.95259  -1.89082  -1.85474  -1.73166  -1.71155
  14000.  2.50  -1.03874  -0.98262  -0.89500  -0.97187  -1.11936  -1.75569  -1.97561  -1.95520  -1.92684  -1.87639  -1.84642  -1.73656  -1.71513
  14000.  3.00  -1.06678  -1.02587  -0.94931  -1.02396  -1.16779  -1.76252  -1.95852  -1.94366  -1.92041  -1.87551  -1.84812  -1.74379  -1.72302
  14000.  3.50  -1.07791  -1.04810  -0.98227  -1.05625  -1.19925  -1.77939  -1.95552  -1.94211  -1.92020  -1.87852  -1.85218  -1.75043  -1.73127
  14000.  4.00  -1.07882  -1.05727  -1.00246  -1.07688  -1.22184  -1.80288  -1.96055  -1.94587  -1.92286  -1.88317  -1.85709  -1.75646  -1.73942
  14000.  4.50  -1.07723  -1.06089  -1.01640  -1.09196  -1.24076  -1.83342  -1.97346  -1.95499  -1.92860  -1.88995  -1.86338  -1.76271  -1.74799
  14000.  5.00  -1.07589  -1.06207  -1.02733  -1.10454  -1.25900  -1.87032  -1.99314  -1.96884  -1.93718  -1.89899  -1.87140  -1.76983  -1.75734
  15000.  2.50  -0.99167  -0.93331  -0.87496  -0.96461  -1.16240  -1.88362  -2.13151  -2.11463  -2.09100  -2.04502  -2.01887  -1.91823  -1.90045
  15000.  3.00  -1.02427  -0.98187  -0.93422  -1.02190  -1.21614  -1.89207  -2.11491  -2.10440  -2.08655  -2.04635  -2.02291  -1.92776  -1.91048
  15000.  3.50  -1.03659  -1.00623  -0.96871  -1.05567  -1.24861  -1.90779  -2.11087  -2.10248  -2.08657  -2.04978  -2.02752  -1.93503  -1.91917
  15000.  4.00  -1.03822  -1.01723  -0.98948  -1.07649  -1.26976  -1.92846  -2.11399  -2.10500  -2.08852  -2.05389  -2.03196  -1.94065  -1.92668
  15000.  4.50  -1.03886  -1.02427  -1.00470  -1.09211  -1.28613  -1.95573  -2.12518  -2.11295  -2.09347  -2.05983  -2.03736  -1.94590  -1.93401
  15000.  5.00  -1.04449  -1.03310  -1.01961  -1.10759  -1.30242  -1.99036  -2.14490  -2.12701  -2.10230  -2.06871  -2.04496  -1.95224  -1.94234
  16000.  2.50  -0.96363  -0.90397  -0.87103  -0.96987  -1.20933  -2.00383  -2.27784  -2.26350  -2.24369  -2.20164  -2.17897  -2.08724  -2.07263
  16000.  3.00  -1.00377  -0.96072  -0.93856  -1.03581  -1.27260  -2.01647  -2.26356  -2.25653  -2.24327  -2.20729  -2.18748  -2.10107  -2.08678
  16000.  3.50  -1.01736  -0.98674  -0.97453  -1.07125  -1.30734  -2.03235  -2.25951  -2.25515  -2.24428  -2.21183  -2.19330  -2.10960  -2.09658
  16000.  4.00  -1.01799  -0.99739  -0.99481  -1.09164  -1.32838  -2.05107  -2.26112  -2.25673  -2.24583  -2.21576  -2.19768  -2.11535  -2.10405
  16000.  4.50  -1.01779  -1.00446  -1.00955  -1.10663  -1.34352  -2.07544  -2.27030  -2.26329  -2.24993  -2.22102  -2.20251  -2.12016  -2.11074
  16000.  5.00  -1.02697  -1.01754  -1.02690  -1.12403  -1.35911  -2.10829  -2.28971  -2.27746  -2.25912  -2.23011  -2.21022  -2.12627  -2.11861
  17000.  2.50  -0.94757  -0.88717  -0.87609  -0.98142  -1.25426  -2.11588  -2.41531  -2.40231  -2.38511  -2.34603  -2.32621  -2.24239  -2.23066
  17000.  3.00  -0.99788  -0.95475  -0.95505  -1.05935  -1.33191  -2.13459  -2.40411  -2.39976  -2.39032  -2.35813  -2.34164  -2.26358  -2.25190
  17000.  3.50  -1.01421  -0.98347  -0.99330  -1.09733  -1.36992  -2.15165  -2.40096  -2.39977  -2.39312  -2.36451  -2.34933  -2.27394  -2.26340
  17000.  4.00  -1.01345  -0.99292  -1.01229  -1.11663  -1.39090  -2.16879  -2.40130  -2.40056  -2.39431  -2.36823  -2.35365  -2.27988  -2.27096
  17000.  4.50  -1.00975  -0.99708  -1.02441  -1.12915  -1.40450  -2.18984  -2.40766  -2.40497  -2.39688  -2.37229  -2.35751  -2.28412  -2.27697
  17000.  5.00  -1.01998  -1.01197  -1.04327  -1.14794  -1.42088  -2.22142  -2.42651  -2.41911  -2.40651  -2.38186  -2.36572  -2.29062  -2.28505
  18000.  2.50  -0.93931  -0.87876  -0.88678  -0.99641  -1.29457  -2.21986  -2.54506  -2.53236  -2.51651  -2.47898  -2.46103  -2.38269  -2.37365
  18000.  3.00  -1.00047  -0.95782  -0.97826  -1.08776  -1.39034  -2.24562  -2.53621  -2.53382  -2.52748  -2.49859  -2.48511  -2.41490  -2.40560
  18000.  3.50  -1.02291  -0.99235  -1.02157  -1.13104  -1.43434  -2.26587  -2.53573  -2.53701  -2.53384  -2.50858  -2.49642  -2.42875  -2.42043
  18000.  4.00  -1.02233  -1.00166  -1.03983  -1.14977  -1.45536  -2.28212  -2.53566  -2.53772  -2.53524  -2.51250  -2.50095  -2.43496  -2.42816
  18000.  4.50  -1.01594  -1.00323  -1.04930  -1.15981  -1.46743  -2.30038  -2.53988  -2.54047  -2.53662  -2.51552  -2.50392  -2.43859  -2.43350
  18000.  5.00  -1.02281  -1.01547  -1.06611  -1.17671  -1.48293  -2.32892  -2.55611  -2.55274  -2.54504  -2.52421  -2.51147  -2.44479  -2.44117
  19000.  2.50  -0.93682  -0.87739  -0.90337  -1.01595  -1.33356  -2.31812  -2.66945  -2.65662  -2.64127  -2.60389  -2.58676  -2.51030  -2.50365
  19000.  3.00  -1.00702  -0.96529  -1.00400  -1.11726  -1.44462  -2.34869  -2.65981  -2.65863  -2.65456  -2.62828  -2.61733  -2.55400  -2.54691
  19000.  3.50  -1.03917  -1.00925  -1.05607  -1.16955  -1.49865  -2.37472  -2.66381  -2.66694  -2.66660  -2.64423  -2.63475  -2.57410  -2.56779
  19000.  4.00  -1.04173  -1.02113  -1.07583  -1.18986  -1.52132  -2.39159  -2.66487  -2.66907  -2.66960  -2.64959  -2.64064  -2.58147  -2.57655
  19000.  4.50  -1.03325  -1.02029  -1.08240  -1.19712  -1.53124  -2.40702  -2.66719  -2.67030  -2.66980  -2.65145  -2.64250  -2.58415  -2.58086
  19000.  5.00  -1.03647  -1.02905  -1.09579  -1.21081  -1.54451  -2.43195  -2.68055  -2.68026  -2.67647  -2.65861  -2.64872  -2.58933  -2.58749
  20000.  3.00  -1.01523  -0.97515  -1.03122  -1.14714  -1.49485  -2.44442  -2.77588  -2.77533  -2.77285  -2.74836  -2.73937  -2.68113  -2.67608
  20000.  3.50  -1.05931  -1.03060  -1.09390  -1.21033  -1.56127  -2.47778  -2.78510  -2.78958  -2.79152  -2.77158  -2.76445  -2.70996  -2.70550
  20000.  4.00  -1.06773  -1.04761  -1.11747  -1.23450  -1.58768  -2.49687  -2.78861  -2.79444  -2.79741  -2.77969  -2.77299  -2.71975  -2.71652
  20000.  4.50  -1.06021  -1.04716  -1.12345  -1.24121  -1.59701  -2.51095  -2.79057  -2.79559  -2.79774  -2.78153  -2.77477  -2.72221  -2.72049
  20000.  5.00  -1.05866  -1.05098  -1.13173  -1.24995  -1.60621  -2.53106  -2.80032  -2.80245  -2.80180  -2.78618  -2.77863  -2.72528  -2.72497
  21000.  3.00  -1.02477  -0.98761  -1.06091  -1.17897  -1.54459  -2.53476  -2.88577  -2.88581  -2.88467  -2.86137  -2.85392  -2.79904  -2.79575
  21000.  3.50  -1.08039  -1.05356  -1.13278  -1.25143  -1.62126  -2.57472  -2.89954  -2.90505  -2.90884  -2.89088  -2.88577  -2.83643  -2.83366
  21000.  4.00  -1.09822  -1.07930  -1.16372  -1.28300  -1.65496  -2.59855  -2.90728  -2.91445  -2.91949  -2.90379  -2.89912  -2.85105  -2.84933
  21000.  4.50  -1.09376  -1.08125  -1.17093  -1.29091  -1.66507  -2.61256  -2.91003  -2.91662  -2.92099  -2.90656  -2.90170  -2.85394  -2.85357
  21000.  5.00  -1.08966  -1.08210  -1.17564  -1.29613  -1.67094  -2.62881  -2.91729  -2.92136  -2.92325  -2.90933  -2.90368  -2.85511  -2.85605
  22000.  3.00  -1.03646  -1.00430  -1.09497  -1.21524  -1.59831  -2.62237  -2.99080  -2.99194  -2.99249  -2.97039  -2.96442  -2.91225  -2.91043
  22000.  3.50  -1.10083  -1.07680  -1.17191  -1.29235  -1.67921  -2.66600  -3.00761  -3.01398  -3.01937  -3.00299  -2.99965  -2.95432  -2.95305
  22000.  4.00  -1.12993  -1.11299  -1.21181  -1.33284  -1.72159  -2.69585  -3.02044  -3.02873  -3.03563  -3.02169  -3.01886  -2.97527  -2.97492
  22000.  4.50  -1.13166  -1.12052  -1.22341  -1.34510  -1.73560  -2.71214  -3.02564  -3.03360  -3.03995  -3.02717  -3.02406  -2.98055  -2.98137
  22000.  5.00  -1.12800  -1.12139  -1.22744  -1.34963  -1.74068  -2.72664  -3.03210  -3.03789  -3.04202  -3.02962  -3.02568  -2.98119  -2.98313
  23000.  3.00  -1.05093  -1.02585  -1.13276  -1.25560  -1.65566  -2.70744  -3.09061  -3.09349  -3.09634  -3.07581  -3.07153  -3.02289  -3.02238
  23000.  3.50  -1.12043  -1.10055  -1.21179  -1.33396  -1.73720  -2.75295  -3.10998  -3.11741  -3.12452  -3.10960  -3.10791  -3.06594  -3.06596
  23000.  4.00  -1.16055  -1.14644  -1.25978  -1.38232  -1.78679  -2.78837  -3.12772  -3.13712  -3.14577  -3.13345  -3.13236  -3.09267  -3.09354
  23000.  4.50  -1.17112  -1.16214  -1.27824  -1.40136  -1.80706  -2.80885  -3.13677  -3.14603  -3.15427  -3.14310  -3.14172  -3.10220  -3.10408
  23000.  5.00  -1.17001  -1.16521  -1.28381  -1.40743  -1.81360  -2.82343  -3.14368  -3.15111  -3.15738  -3.14655  -3.14429  -3.10371  -3.10658
  24000.  3.00  -1.06898  -1.05197  -1.17189  -1.29734  -1.71152  -2.78802  -3.18420  -3.18893  -3.19430  -3.17532  -3.17278  -3.12819  -3.12893
  24000.  3.50  -1.13965  -1.12553  -1.25278  -1.37691  -1.79665  -2.83655  -3.20700  -3.21601  -3.22530  -3.21210  -3.21220  -3.17382  -3.17498
  24000.  4.00  -1.18908  -1.17880  -1.30687  -1.43087  -1.85066  -2.87631  -3.22929  -3.23990  -3.25037  -3.23961  -3.24020  -3.20403  -3.20598
  24000.  4.50  -1.20942  -1.20339  -1.33286  -1.45727  -1.87749  -2.90161  -3.24270  -3.25328  -3.26339  -3.25383  -3.25413  -3.21833  -3.22119
  24000.  5.00  -1.21361  -1.21139  -1.34256  -1.46743  -1.88785  -2.91837  -3.25168  -3.26066  -3.26899  -3.25977  -3.25920  -3.22241  -3.22614
  25000.  3.00  -1.09386  -1.08442  -1.21288  -1.34038  -1.76328  -2.86409  -3.27276  -3.27883  -3.28603  -3.26756  -3.26598  -3.22412  -3.22601
  25000.  3.50  -1.15850  -1.15129  -1.29333  -1.41968  -1.85541  -2.91590  -3.29797  -3.30904  -3.32100  -3.30984  -3.31197  -3.27790  -3.28017
  25000.  4.00  -1.21526  -1.20990  -1.35267  -1.47827  -1.91337  -2.95993  -3.32515  -3.33727  -3.34981  -3.34074  -3.34309  -3.31050  -3.31343
  25000.  4.50  -1.24491  -1.24258  -1.38551  -1.51121  -1.94570  -2.98976  -3.34298  -3.35493  -3.36697  -3.35904  -3.36102  -3.32880  -3.33257
  25000.  5.00  -1.25547  -1.25642  -1.40018  -1.52624  -1.96050  -3.00948  -3.35464  -3.36518  -3.37557  -3.36802  -3.36914  -3.33610  -3.34065
  26000.  3.00  -1.13410  -1.13084  -1.26390  -1.39245  -1.81830  -2.94223  -3.36274  -3.36956  -3.37742  -3.35777  -3.35566  -3.31272  -3.31538
  26000.  3.50  -1.17742  -1.17734  -1.33165  -1.46025  -1.91003  -2.98931  -3.38195  -3.39526  -3.41019  -3.40111  -3.40535  -3.37598  -3.37938
  26000.  4.00  -1.23898  -1.23953  -1.39639  -1.52381  -1.97413  -3.03887  -3.41490  -3.42891  -3.44393  -3.43683  -3.44110  -3.41257  -3.41647
  26000.  4.50  -1.27687  -1.27907  -1.43543  -1.56254  -2.01136  -3.07314  -3.43740  -3.45095  -3.46512  -3.45890  -3.46262  -3.43401  -3.43862
  26000.  5.00  -1.29454  -1.29924  -1.45559  -1.58285  -2.03074  -3.09632  -3.45238  -3.46452  -3.47702  -3.47115  -3.47398  -3.44461  -3.44993
  27000.  3.50  -1.19847  -1.20491  -1.36813  -1.49876  -1.95919  -3.05668  -3.45944  -3.47481  -3.49251  -3.48510  -3.49122  -3.46610  -3.47060
  27000.  4.00  -1.26077  -1.26757  -1.43691  -1.56630  -2.03093  -3.11213  -3.49796  -3.51418  -3.53201  -3.52704  -3.53337  -3.50937  -3.51425
  27000.  4.50  -1.30519  -1.31255  -1.48182  -1.61049  -2.07356  -3.15127  -3.52554  -3.54097  -3.55753  -3.55322  -3.55879  -3.53413  -3.53959
  27000.  5.00  -1.32955  -1.33852  -1.50725  -1.63579  -2.09727  -3.17803  -3.54415  -3.55802  -3.57274  -3.56866  -3.57325  -3.54763  -3.55372
  28000.  3.50  -1.22612  -1.23793  -1.40679  -1.53895  -2.00602  -3.12095  -3.53339  -3.55044  -3.57053  -3.56398  -3.57145  -3.54901  -3.55444
  28000.  4.00  -1.28201  -1.29480  -1.47419  -1.60551  -2.08244  -3.17924  -3.57431  -3.59280  -3.61359  -3.61065  -3.61906  -3.59952  -3.60540
  28000.  4.50  -1.33044  -1.34323  -1.52413  -1.65451  -2.13114  -3.22353  -3.60706  -3.62458  -3.64380  -3.64149  -3.64901  -3.62860  -3.63493
  28000.  5.00  -1.36064  -1.37423  -1.55472  -1.68468  -2.15953  -3.25427  -3.62975  -3.64553  -3.66264  -3.66043  -3.66684  -3.64515  -3.65199
  29000.  3.50  -1.26532  -1.28106  -1.45285  -1.58597  -2.05621  -3.18686  -3.60804  -3.62640  -3.64837  -3.64186  -3.65003  -3.62828  -3.63439
  29000.  4.00  -1.30580  -1.32375  -1.51038  -1.64342  -2.12977  -3.24155  -3.64551  -3.66612  -3.68974  -3.68842  -3.69866  -3.68292  -3.68974
  29000.  4.50  -1.35431  -1.37231  -1.56292  -1.69503  -2.18374  -3.28999  -3.68227  -3.70201  -3.72405  -3.72371  -3.73321  -3.71698  -3.72417
  29000.  5.00  -1.38863  -1.40695  -1.59799  -1.72946  -2.21697  -3.32482  -3.70907  -3.72691  -3.74659  -3.74632  -3.75459  -3.73696  -3.74457
  30000.  3.50  -1.31786  -1.33613  -1.50918  -1.64279  -2.11419  -3.25795  -3.68644  -3.70593  -3.72939  -3.72242  -3.73079  -3.70808  -3.71459
  30000.  4.00  -1.33577  -1.35776  -1.54897  -1.68335  -2.17602  -3.30186  -3.71417  -3.73662  -3.76283  -3.76256  -3.77431  -3.76115  -3.76875
  30000.  4.50  -1.37931  -1.40189  -1.59978  -1.73348  -2.23197  -3.35147  -3.75215  -3.77406  -3.79890  -3.80026  -3.81160  -3.79912  -3.80714
  30000.  5.00  -1.41504  -1.43783  -1.63761  -1.77062  -2.26937  -3.38964  -3.78229  -3.80228  -3.82465  -3.82621  -3.83632  -3.82261  -3.83098
  31000.  3.50  -1.38198  -1.40197  -1.57574  -1.70960  -2.18176  -3.33570  -3.76995  -3.79057  -3.81524  -3.80765  -3.81587  -3.79123  -3.79788
  31000.  4.00  -1.37470  -1.39943  -1.59288  -1.72820  -2.22443  -3.36303  -3.78283  -3.80679  -3.83527  -3.83550  -3.84843  -3.83653  -3.84477
  31000.  4.50  -1.40885  -1.43505  -1.63780  -1.77285  -2.27856  -3.41047  -3.81905  -3.84296  -3.87048  -3.87313  -3.88609  -3.87649  -3.88524
  31000.  5.00  -1.44277  -1.46940  -1.67577  -1.81020  -2.31823  -3.45022  -3.85090  -3.87303  -3.89811  -3.90127  -3.91314  -3.90283  -3.91191
  32000.  4.00  -1.42297  -1.44961  -1.64424  -1.78022  -2.27866  -3.42813  -3.85421  -3.87950  -3.91002  -3.91040  -3.92419  -3.91240  -3.92109
  32000.  4.50  -1.44492  -1.47358  -1.67887  -1.81496  -2.32536  -3.46871  -3.88454  -3.91018  -3.94019  -3.94372  -3.95808  -3.95041  -3.95977
  32000.  5.00  -1.47435  -1.50397  -1.71470  -1.85037  -2.36541  -3.50832  -3.91652  -3.94067  -3.96836  -3.97281  -3.98624  -3.97871  -3.98842
  33000.  4.00  -1.47913  -1.50706  -1.70235  -1.83879  -2.33878  -3.49726  -3.92848  -3.95501  -3.98739  -3.98772  -4.00215  -3.98957  -3.99855
  33000.  4.50  -1.48895  -1.51926  -1.72583  -1.86270  -2.37613  -3.52958  -3.95166  -3.97881  -4.01109  -4.01513  -4.03069  -4.02386  -4.03371
  33000.  5.00  -1.51128  -1.54289  -1.75597  -1.89265  -2.41263  -3.56557  -3.98062  -4.00662  -4.03684  -4.04227  -4.05713  -4.05157  -4.06182
  34000.  4.00  -1.54118  -1.57008  -1.76608  -1.90286  -2.40448  -3.57021  -4.00546  -4.03327  -4.06739  -4.06767  -4.08259  -4.06883  -4.07796
  34000.  4.50  -1.53995  -1.57131  -1.77842  -1.91587  -2.43132  -3.59347  -4.02080  -4.04926  -4.08366  -4.08794  -4.10448  -4.09760  -4.10783
  34000.  5.00  -1.55524  -1.58809  -1.80229  -1.93974  -2.46302  -3.62490  -4.04589  -4.07349  -4.10605  -4.11213  -4.12825  -4.12376  -4.13446
  35000.  4.00  -1.60743  -1.63708  -1.83400  -1.97109  -2.47473  -3.64622  -4.08459  -4.11376  -4.14957  -4.14994  -4.16532  -4.15055  -4.15975
  35000.  4.50  -1.59657  -1.62865  -1.83613  -1.97402  -2.49116  -3.66062  -4.09224  -4.12194  -4.15832  -4.16270  -4.18006  -4.17246  -4.18296
  35000.  5.00  -1.60526  -1.63881  -1.85330  -1.99135  -2.51683  -3.68657  -4.11263  -4.14163  -4.17638  -4.18284  -4.20007  -4.19581  -4.20689
  36000.  4.00  -1.67628  -1.70655  -1.90459  -2.04196  -2.54803  -3.72419  -4.16496  -4.19551  -4.23291  -4.23360  -4.24945  -4.23415  -4.24342
  36000.  4.50  -1.65744  -1.69009  -1.89805  -2.03632  -2.55525  -3.73077  -4.16576  -4.19675  -4.23503  -4.23951  -4.25760  -4.24904  -4.25972
  36000.  5.00  -1.66031  -1.69425  -1.90875  -2.04726  -2.57443  -3.75090  -4.18116  -4.21145  -4.24828  -4.25494  -4.27314  -4.26844  -4.27982
  37000.  4.00  -1.74623  -1.77699  -1.97626  -2.11390  -2.62260  -3.80265  -4.24538  -4.27727  -4.31612  -4.31730  -4.33363  -4.31834  -4.32770
  37000.  4.50  -1.72129  -1.75441  -1.96310  -2.10172  -2.62278  -3.80333  -4.24094  -4.27325  -4.31340  -4.31811  -4.33691  -4.32751  -4.33832
  37000.  5.00  -1.71936  -1.75354  -1.96810  -2.10701  -2.63575  -3.81793  -4.25159  -4.28313  -4.32195  -4.32875  -4.34784  -4.34229  -4.35389
  38000.  4.00  -1.81616  -1.84736  -2.04789  -2.18576  -2.69706  -3.88050  -4.32500  -4.35810  -4.39819  -4.39993  -4.41671  -4.40179  -4.41129
  38000.  4.50  -1.78673  -1.82026  -2.02996  -2.16890  -2.69240  -3.87720  -4.31690  -4.35056  -4.39248  -4.39760  -4.41713  -4.40727  -4.41822
  38000.  5.00  -1.78133  -1.81572  -2.03056  -2.16982  -2.70038  -3.88740  -4.32372  -4.35650  -4.39724  -4.40425  -4.42418  -4.41772  -4.42950
  39000.  4.00  -1.88558  -1.91720  -2.11896  -2.25703  -2.77074  -3.95714  -4.40333  -4.43752  -4.47863  -4.48093  -4.49804  -4.48371  -4.49334
  39000.  4.50  -1.85268  -1.88663  -2.09751  -2.23676  -2.76295  -3.95142  -4.39282  -4.42781  -4.47140  -4.47707  -4.49731  -4.48743  -4.49855
  39000.  5.00  -1.84495  -1.87954  -2.09497  -2.23455  -2.76723  -3.95839  -4.39680  -4.43086  -4.47346  -4.48081  -4.50156  -4.49442  -4.50638
  40000.  4.50  -1.91838  -1.95275  -2.16492  -2.30446  -2.83336  -4.02509  -4.46799  -4.50425  -4.54935  -4.55566  -4.57658  -4.56700  -4.57830
  40000.  5.00  -1.90939  -1.94421  -2.16046  -2.30036  -2.83538  -4.03020  -4.47031  -4.50564  -4.55000  -4.55781  -4.57936  -4.57187  -4.58401
  41000.  4.50  -1.98326  -2.01810  -2.23159  -2.37140  -2.90295  -4.09755  -4.54187  -4.57932  -4.62575  -4.63272  -4.65423  -4.64521  -4.65671
  41000.  5.00  -1.97377  -2.00888  -2.22616  -2.36636  -2.90385  -4.10191  -4.54347  -4.58004  -4.62604  -4.63442  -4.65675  -4.64923  -4.66158
  42000.  4.50  -2.04706  -2.08242  -2.29721  -2.43726  -2.97127  -4.16845  -4.61417  -4.65273  -4.70031  -4.70791  -4.72992  -4.72159  -4.73327
  42000.  5.00  -2.03750  -2.07295  -2.29137  -2.43185  -2.97183  -4.17280  -4.61570  -4.65345  -4.70096  -4.70995  -4.73300  -4.72574  -4.73830
  43000.  4.50  -2.10969  -2.14563  -2.36174  -2.50201  -3.03828  -4.23774  -4.68493  -4.72449  -4.77300  -4.78119  -4.80357  -4.79598  -4.80781
  43000.  5.00  -2.10023  -2.13611  -2.35574  -2.49647  -3.03887  -4.24245  -4.68658  -4.72549  -4.77433  -4.78397  -4.80766  -4.80083  -4.81361
  44000.  4.50  -2.17124  -2.20781  -2.42520  -2.56569  -3.10403  -4.30549  -4.75415  -4.79464  -4.84391  -4.85261  -4.87526  -4.86843  -4.88037
  44000.  5.00  -2.16185  -2.19820  -2.41905  -2.56002  -3.10469  -4.31062  -4.75602  -4.79597  -4.84598  -4.85621  -4.88044  -4.87419  -4.88717
  45000.  4.50  -2.23162  -2.26892  -2.48761  -2.62830  -3.16857  -4.37179  -4.82194  -4.86329  -4.91319  -4.92235  -4.94519  -4.93916  -4.95120
  45000.  5.00  -2.22227  -2.25917  -2.48125  -2.62243  -3.16922  -4.37724  -4.82393  -4.86486  -4.91586  -4.92665  -4.95131  -4.94569  -4.95884
  46000.  4.50  -2.29112  -2.32921  -2.54922  -2.69010  -3.23212  -4.43689  -4.88853  -4.93068  -4.98109  -4.99069  -5.01364  -5.00843  -5.02055
  46000.  5.00  -2.28157  -2.31911  -2.54245  -2.68382  -3.23256  -4.44242  -4.89045  -4.93229  -4.98412  -4.99542  -5.02040  -5.01546  -5.02875
  47000.  4.50  -2.34964  -2.38858  -2.60988  -2.75098  -3.29465  -4.50083  -4.95394  -4.99685  -5.04771  -5.05770  -5.08075  -5.07641  -5.08860
  47000.  5.00  -2.33986  -2.37809  -2.60268  -2.74425  -3.29483  -4.50632  -4.95568  -4.99837  -5.05088  -5.06265  -5.08788  -5.08364  -5.09703
  48000.  4.50  -2.40720  -2.44704  -2.66966  -2.81098  -3.35619  -4.56361  -5.01812  -5.06175  -5.11302  -5.12337  -5.14649  -5.14307  -5.15533
  48000.  5.00  -2.39717  -2.43616  -2.66204  -2.80379  -3.35611  -4.56906  -5.01979  -5.06326  -5.11636  -5.12857  -5.15398  -5.15049  -5.16396
  49000.  4.50  -2.46373  -2.50452  -2.72846  -2.87001  -3.41667  -4.62523  -5.08110  -5.12545  -5.17711  -5.18781  -5.21099  -5.20850  -5.22083
  49000.  5.00  -2.45355  -2.49336  -2.72055  -2.86249  -3.41646  -4.63074  -5.08278  -5.12701  -5.18064  -5.19326  -5.21883  -5.21614  -5.22968
  50000.  5.00  -2.50904  -2.54969  -2.77816  -2.92032  -3.47589  -4.69139  -5.14470  -5.18965  -5.24378  -5.25679  -5.28251  -5.28064  -5.29425
