   3500.  0.00 -10.52759  -9.71111 -10.91275  -9.43417  -8.94368  -6.66775  -5.71177  -4.41393  -3.51859  -2.71556  -2.36147  -0.53725  -0.22587
   3500.  0.50 -10.51886  -9.74206 -10.92907  -9.28565  -8.65325  -6.48931  -5.65355  -4.47890  -3.63727  -2.84084  -2.49477  -0.58143  -0.25724
   3500.  1.00 -10.49756  -9.76624 -10.93273  -9.10962  -8.35338  -6.30487  -5.58543  -4.52989  -3.73518  -2.94344  -2.60352  -0.61902  -0.28342
   3500.  1.50 -10.46221  -9.78246 -10.92167  -8.90774  -8.04296  -6.11354  -5.50550  -4.56415  -3.81013  -3.02155  -2.68591  -0.64800  -0.30285
   3500.  2.00 -10.40568  -9.78445 -10.88840  -8.67983  -7.71929  -5.91087  -5.40092  -4.56603  -3.84854  -3.06417  -2.73174  -0.66029  -0.30875
   3500.  2.50 -10.32396  -9.76632 -10.82672  -8.43076  -7.38402  -5.69844  -5.26799  -4.52709  -3.84330  -3.06583  -2.73632  -0.64888  -0.29469
   3500.  3.00 -10.21775  -9.72203 -10.73100  -8.17705  -7.05570  -5.48857  -5.10798  -4.43968  -3.78479  -3.01855  -2.69216  -0.60619  -0.25393
   3500.  3.50 -10.08641  -9.64737 -10.59689  -7.93164  -6.75249  -5.28388  -4.91729  -4.29536  -3.66078  -2.91121  -2.58799  -0.52726  -0.18218
   3500.  4.00  -9.94065  -9.54654 -10.43042  -7.70310  -6.47926  -5.09507  -4.71232  -4.10807  -3.47764  -2.74637  -2.42441  -0.41772  -0.08419
   3500.  4.50  -9.79591  -9.43158 -10.24909  -7.49130  -6.22736  -4.93221  -4.51567  -3.90083  -3.25251  -2.53444  -2.20965  -0.29133   0.02699
   3500.  5.00  -9.69371  -9.33530 -10.08076  -7.34677  -6.05587  -4.84290  -4.37297  -3.71868  -3.02706  -2.31141  -1.97830  -0.18359   0.11733
   3750.  0.00 -10.11637  -9.43761 -10.58409  -8.99220  -8.49286  -6.15865  -4.97192  -3.54800  -2.56062  -1.80462  -1.43903  -0.21292   0.01110
   3750.  0.50 -10.08797  -9.45046 -10.57295  -8.83820  -8.20263  -5.99319  -4.88952  -3.56397  -2.60823  -1.86158  -1.50031  -0.22911   0.00039
   3750.  1.00 -10.05264  -9.46077 -10.55054  -8.67126  -7.92286  -5.82412  -4.80360  -3.57671  -2.65735  -1.92121  -1.56523  -0.24374  -0.00817
   3750.  1.50 -10.00802  -9.46906 -10.51609  -8.48806  -7.64274  -5.64592  -4.70852  -3.58328  -2.70512  -1.98098  -1.63121  -0.25778  -0.01581
   3750.  2.00  -9.95869  -9.47519 -10.47007  -8.29474  -7.36071  -5.47169  -4.61591  -3.58877  -2.75202  -2.03942  -1.69587  -0.27066  -0.02231
   3750.  2.50  -9.90353  -9.47811 -10.41202  -8.09162  -7.07454  -5.29997  -4.52437  -3.59130  -2.79598  -2.09401  -1.75656  -0.28149  -0.02691
   3750.  3.00  -9.84979  -9.47538 -10.34219  -7.89455  -6.80089  -5.14980  -4.44652  -3.59553  -2.83555  -2.14103  -1.80825  -0.28694  -0.02666
   3750.  3.50  -9.79180  -9.46136 -10.25544  -7.70783  -6.55020  -5.01592  -4.36900  -3.58604  -2.85417  -2.16562  -1.83611  -0.28053  -0.01635
   3750.  4.00  -9.72697  -9.42790 -10.14777  -7.53792  -6.33075  -4.89970  -4.28894  -3.55429  -2.83911  -2.15455  -1.82621  -0.25287   0.01268
   3750.  4.50  -9.64665  -9.36744 -10.00913  -7.36483  -6.11355  -4.78926  -4.19613  -3.48146  -2.76440  -2.08094  -1.75044  -0.19545   0.06666
   3750.  5.00  -9.56275  -9.29268  -9.85625  -7.20214  -5.91509  -4.69409  -4.10131  -3.38182  -2.64666  -1.96107  -1.62550  -0.12157   0.13300
   4000.  0.00  -9.79476  -9.28160 -10.38394  -8.54125  -7.87069  -5.63443  -4.43073  -3.02536  -2.08921  -1.39042  -1.04049  -0.05534   0.12770
   4000.  0.50  -9.76365  -9.28873 -10.36023  -8.38532  -7.60044  -5.50421  -4.36197  -3.02827  -2.10646  -1.41228  -1.06345  -0.06445   0.12022
   4000.  1.00  -9.72821  -9.29373 -10.32198  -8.21851  -7.33559  -5.37011  -4.29041  -3.03218  -2.12525  -1.43541  -1.08744  -0.07179   0.11465
   4000.  1.50  -9.68159  -9.29647 -10.26565  -8.03646  -7.07074  -5.22114  -4.20057  -3.02592  -2.13947  -1.45756  -1.11149  -0.07866   0.10971
   4000.  2.00  -9.63314  -9.29802 -10.19296  -7.85033  -6.81108  -5.07599  -4.11315  -3.02105  -2.15610  -1.48263  -1.13854  -0.08567   0.10516
   4000.  2.50  -9.58349  -9.29815 -10.10520  -7.66981  -6.56975  -4.93765  -4.02859  -3.01669  -2.17554  -1.51140  -1.16982  -0.09265   0.10125
   4000.  3.00  -9.54043  -9.29667 -10.00678  -7.50481  -6.35272  -4.81938  -3.96160  -3.02242  -2.20365  -1.54648  -1.20700  -0.09842   0.09928
   4000.  3.50  -9.50479  -9.29206  -9.90133  -7.36491  -6.17288  -4.72469  -3.91029  -3.03434  -2.23553  -1.58321  -1.24540  -0.10134   0.10054
   4000.  4.00  -9.47397  -9.28074  -9.79025  -7.24509  -6.02109  -4.65035  -3.87100  -3.04623  -2.26351  -1.61356  -1.27674  -0.09771   0.10814
   4000.  4.50  -9.44114  -9.25479  -9.66704  -7.13421  -5.88318  -4.58840  -3.83848  -3.04848  -2.27314  -1.62104  -1.28342  -0.07907   0.12926
   4000.  5.00  -9.39857  -9.20741  -9.51080  -7.00903  -5.73006  -4.53024  -3.80731  -3.02353  -2.24057  -1.58035  -1.23931  -0.03963   0.16720
   4250.  0.00  -9.49608  -9.17113 -10.20365  -7.91286  -6.90837  -5.09855  -3.97164  -2.65896  -1.79449  -1.15245  -0.82248   0.04167   0.20083
   4250.  0.50  -9.46592  -9.17558 -10.16203  -7.76915  -6.70704  -4.99662  -3.91933  -2.65734  -1.80453  -1.16656  -0.83772   0.03397   0.19432
   4250.  1.00  -9.43146  -9.17790 -10.09855  -7.60587  -6.48561  -4.88739  -3.86272  -2.65659  -1.81512  -1.18037  -0.85210   0.02822   0.18928
   4250.  1.50  -9.38997  -9.17794 -10.01118  -7.43245  -6.26165  -4.77032  -3.79502  -2.65050  -1.82197  -1.19193  -0.86433   0.02316   0.18453
   4250.  2.00  -9.34314  -9.17623  -9.90337  -7.25588  -6.04169  -4.64907  -3.71944  -2.64149  -1.82701  -1.20283  -0.87581   0.01788   0.17943
   4250.  2.50  -9.30147  -9.17295  -9.78207  -7.10432  -5.85910  -4.54530  -3.65165  -2.63715  -1.83322  -1.21360  -0.88604   0.01339   0.17503
   4250.  3.00  -9.26489  -9.16842  -9.65626  -6.97833  -5.71130  -4.45638  -3.59348  -2.63818  -1.84415  -1.22812  -0.89977   0.00920   0.17167
   4250.  3.50  -9.24146  -9.16228  -9.53142  -6.88804  -5.60801  -4.39563  -3.55553  -2.65210  -1.86334  -1.24751  -0.91711   0.00703   0.17113
   4250.  4.00  -9.22604  -9.15367  -9.40840  -6.82420  -5.53836  -4.35421  -3.52969  -2.67085  -1.88534  -1.26828  -0.93553   0.00675   0.17297
   4250.  4.50  -9.21627  -9.13952  -9.28579  -6.77236  -5.48260  -4.32736  -3.51534  -2.69286  -1.90831  -1.28770  -0.95224   0.01154   0.18022
   4250.  5.00  -9.20452  -9.11201  -9.15011  -6.70985  -5.41273  -4.30454  -3.51026  -2.70895  -1.92126  -1.29324  -0.95457   0.02859   0.19902
   4500.  0.00  -9.22074  -9.07915  -9.80939  -7.21018  -5.99432  -4.61099  -3.58601  -2.39104  -1.58834  -0.99171  -0.67837   0.10907   0.24948
   4500.  0.50  -9.19182  -9.08001  -9.72465  -7.08851  -5.85223  -4.53040  -3.54422  -2.38498  -1.59359  -1.00217  -0.69064   0.10069   0.24280
   4500.  1.00  -9.16288  -9.07769  -9.60071  -6.95434  -5.69718  -4.44862  -3.50484  -2.38311  -1.60149  -1.01344  -0.70287   0.09499   0.23827
   4500.  1.50  -9.12965  -9.07179  -9.43865  -6.80356  -5.52510  -4.36052  -3.45997  -2.38035  -1.60886  -1.02419  -0.71431   0.09027   0.23418
   4500.  2.00  -9.08945  -9.06316  -9.26302  -6.65050  -5.35380  -4.26518  -3.40336  -2.37194  -1.61242  -1.03304  -0.72404   0.08484   0.22887
   4500.  2.50  -9.05091  -9.05199  -9.09229  -6.51392  -5.20270  -4.17794  -3.34821  -2.36586  -1.61592  -1.04096  -0.73177   0.08007   0.22383
   4500.  3.00  -9.01958  -9.04171  -8.96918  -6.41942  -5.09913  -4.10987  -3.30090  -2.36486  -1.62092  -1.04855  -0.73792   0.07669   0.21997
   4500.  3.50  -8.99773  -9.03095  -8.87298  -6.35752  -5.03141  -4.06137  -3.26690  -2.37366  -1.63178  -1.05875  -0.74526   0.07551   0.21873
   4500.  4.00  -8.98707  -9.01950  -8.79398  -6.32854  -5.00145  -4.03544  -3.24639  -2.39092  -1.64675  -1.07026  -0.75267   0.07631   0.21983
   4500.  4.50  -8.98530  -9.00725  -8.72746  -6.32392  -5.00032  -4.02755  -3.23673  -2.41311  -1.66370  -1.08191  -0.75962   0.07885   0.22300
   4500.  5.00  -8.98966  -8.98991  -8.65314  -6.32399  -5.00546  -4.03164  -3.23769  -2.43985  -1.68250  -1.09281  -0.76534   0.08538   0.23038
   4750.  0.00  -8.96572  -8.96919  -8.92351  -6.58492  -5.31245  -4.18140  -3.25893  -2.18331  -1.43689  -0.87859  -0.57978   0.15777   0.28212
   4750.  0.50  -8.93708  -8.96255  -8.81186  -6.46603  -5.18216  -4.11277  -3.22271  -2.17512  -1.43917  -0.88649  -0.58978   0.14785   0.27416
   4750.  1.00  -8.91174  -8.95055  -8.67056  -6.34797  -5.05589  -4.04904  -3.19323  -2.17169  -1.44429  -0.89530  -0.59990   0.14106   0.26897
   4750.  1.50  -8.88556  -8.93225  -8.49932  -6.22257  -4.92360  -3.98442  -3.16375  -2.16936  -1.45026  -0.90452  -0.61015   0.13550   0.26462
   4750.  2.00  -8.85484  -8.90791  -8.31403  -6.09132  -4.78629  -3.91510  -3.12772  -2.16393  -1.45438  -0.91303  -0.61985   0.12958   0.25945
   4750.  2.50  -8.82232  -8.88180  -8.15336  -5.97155  -4.66021  -3.84712  -3.08803  -2.15708  -1.45694  -0.92043  -0.62814   0.12360   0.25375
   4750.  3.00  -8.79475  -8.86130  -8.05475  -5.88517  -4.56656  -3.79242  -3.05212  -2.15378  -1.45996  -0.92685  -0.63412   0.11906   0.24897
   4750.  3.50  -8.77277  -8.84708  -8.01448  -5.83161  -4.50430  -3.75106  -3.02182  -2.15574  -1.46536  -0.93358  -0.63909   0.11663   0.24615
   4750.  4.00  -8.76050  -8.83966  -8.02359  -5.81318  -4.47706  -3.72817  -3.00229  -2.16621  -1.47493  -0.94131  -0.64335   0.11692   0.24618
   4750.  4.50  -8.75732  -8.83537  -8.05900  -5.82569  -4.48339  -3.72262  -2.99207  -2.18341  -1.48719  -0.94907  -0.64623   0.11955   0.24864
   4750.  5.00  -8.76201  -8.83002  -8.09129  -5.85732  -4.51352  -3.73135  -2.99012  -2.20558  -1.50111  -0.95626  -0.64761   0.12409   0.25300
   5000.  0.00  -8.71780  -8.80939  -8.06916  -6.07749  -4.81865  -3.79864  -2.97247  -2.00900  -1.31881  -0.79791  -0.51400   0.18854   0.30062
   5000.  0.50  -8.69045  -8.78240  -7.90295  -5.94352  -4.67694  -3.73743  -2.94144  -2.00216  -1.32100  -0.80501  -0.52296   0.17739   0.29111
   5000.  1.00  -8.66648  -8.74822  -7.73207  -5.81704  -4.54622  -3.68233  -2.91708  -1.99884  -1.32505  -0.81252  -0.53176   0.16913   0.28437
   5000.  1.50  -8.64411  -8.70608  -7.55621  -5.69479  -4.42216  -3.63120  -2.89637  -1.99741  -1.33017  -0.82041  -0.54066   0.16239   0.27896
   5000.  2.00  -8.62049  -8.65667  -7.38069  -5.57510  -4.30209  -3.58067  -2.87450  -1.99506  -1.33472  -0.82816  -0.54949   0.15583   0.27346
   5000.  2.50  -8.59633  -8.60742  -7.22957  -5.46722  -4.19294  -3.53286  -2.85078  -1.99113  -1.33785  -0.83512  -0.55755   0.14919   0.26754
   5000.  3.00  -8.57425  -8.56697  -7.12454  -5.38204  -4.10374  -3.49219  -2.82749  -1.98755  -1.34026  -0.84117  -0.56416   0.14325   0.26193
   5000.  3.50  -8.55696  -8.54332  -7.08214  -5.32837  -4.04184  -3.46258  -2.80708  -1.98675  -1.34319  -0.84645  -0.56889   0.13931   0.25793
   5000.  4.00  -8.54485  -8.53599  -7.09927  -5.30510  -4.00603  -3.44392  -2.79066  -1.99070  -1.34828  -0.85193  -0.57242   0.13785   0.25625
   5000.  4.50  -8.53907  -8.54148  -7.16505  -5.31054  -3.99673  -3.43714  -2.77967  -2.00010  -1.35573  -0.85748  -0.57452   0.13898   0.25712
   5000.  5.00  -8.54062  -8.55695  -7.26866  -5.34394  -4.01597  -3.44321  -2.77484  -2.01479  -1.36499  -0.86249  -0.57462   0.14258   0.26036
   5250.  0.00  -8.46105  -8.61138  -7.45813  -5.66280  -4.43608  -3.44584  -2.71112  -1.85254  -1.21999  -0.73835  -0.47086   0.19770   0.30222
   5250.  0.50  -8.43930  -8.55688  -7.25818  -5.52408  -4.29162  -3.39824  -2.69036  -1.85105  -1.22489  -0.74625  -0.47982   0.18734   0.29253
   5250.  1.00  -8.41838  -8.49051  -7.05553  -5.38916  -4.15492  -3.35312  -2.67318  -1.85090  -1.23027  -0.75393  -0.48833   0.17883   0.28486
   5250.  1.50  -8.39865  -8.41379  -6.85690  -5.26051  -4.02756  -3.31156  -2.65936  -1.85206  -1.23622  -0.76166  -0.49671   0.17157   0.27850
   5250.  2.00  -8.37942  -8.33066  -6.67040  -5.14041  -3.91051  -3.27320  -2.64687  -1.85321  -1.24194  -0.76920  -0.50489   0.16479   0.27255
   5250.  2.50  -8.36152  -8.24966  -6.50941  -5.03433  -3.80706  -3.23971  -2.63498  -1.85358  -1.24666  -0.77607  -0.51243   0.15825   0.26670
   5250.  3.00  -8.34629  -8.18088  -6.38691  -4.94815  -3.72101  -3.21277  -2.62384  -1.85345  -1.25026  -0.78192  -0.51877   0.15229   0.26124
   5250.  3.50  -8.33536  -8.13413  -6.31660  -4.88913  -3.65759  -3.19484  -2.61422  -1.85373  -1.25302  -0.78655  -0.52333   0.14778   0.25695
   5250.  4.00  -8.32801  -8.11104  -6.30074  -4.85773  -3.61632  -3.18506  -2.60568  -1.85543  -1.25584  -0.79052  -0.52644   0.14512   0.25433
   5250.  4.50  -8.32449  -8.11005  -6.33855  -4.85420  -3.59771  -3.18353  -2.59900  -1.85991  -1.25954  -0.79400  -0.52789   0.14487   0.25394
   5250.  5.00  -8.32521  -8.12886  -6.42716  -4.87851  -3.60334  -3.19068  -2.59490  -1.86791  -1.26440  -0.79691  -0.52741   0.14712   0.25590
   5500.  0.00  -8.20288  -8.38682  -6.97396  -5.30238  -4.11992  -3.11550  -2.46904  -1.70955  -1.13490  -0.69368  -0.44390   0.18478   0.28552
   5500.  0.50  -8.18892  -8.30856  -6.77350  -5.17497  -3.98420  -3.08829  -2.46262  -1.71545  -1.14358  -0.70272  -0.45285   0.17736   0.27747
   5500.  1.00  -8.17152  -8.21322  -6.56338  -5.04296  -3.84893  -3.05780  -2.45566  -1.72039  -1.15145  -0.71112  -0.46129   0.17047   0.27036
   5500.  1.50  -8.15293  -8.10475  -6.35476  -4.91309  -3.72000  -3.02751  -2.45001  -1.72562  -1.15945  -0.71951  -0.46973   0.16398   0.26396
   5500.  2.00  -8.13472  -7.99010  -6.15882  -4.79144  -3.60205  -2.99989  -2.44588  -1.73092  -1.16716  -0.72758  -0.47784   0.15782   0.25805
   5500.  2.50  -8.11828  -7.87917  -5.98589  -4.68245  -3.49721  -2.97645  -2.44263  -1.73565  -1.17404  -0.73502  -0.48537   0.15186   0.25240
   5500.  3.00  -8.10522  -7.78132  -5.84492  -4.59085  -3.40854  -2.95878  -2.44050  -1.73989  -1.17989  -0.74151  -0.49187   0.14649   0.24736
   5500.  3.50  -8.09743  -7.70847  -5.74883  -4.52333  -3.34008  -2.94926  -2.43965  -1.74356  -1.18425  -0.74643  -0.49654   0.14231   0.24341
   5500.  4.00  -8.09373  -7.66273  -5.69963  -4.48051  -3.29140  -2.94678  -2.43913  -1.74676  -1.18734  -0.75001  -0.49949   0.13959   0.24081
   5500.  4.50  -8.09360  -7.64507  -5.70191  -4.46536  -3.26453  -2.95171  -2.43908  -1.75034  -1.18964  -0.75225  -0.50043   0.13890   0.24010
   5500.  5.00  -8.09592  -7.65218  -5.75414  -4.47741  -3.25956  -2.96331  -2.43919  -1.75491  -1.19159  -0.75335  -0.49929   0.14040   0.24143
   5750.  0.00  -7.94737  -8.12234  -6.54657  -4.97956  -3.85566  -2.81001  -2.24721  -1.58132  -1.06342  -0.66236  -0.43092   0.15305   0.25258
   5750.  0.50  -7.94317  -8.03299  -6.36894  -4.87502  -3.73608  -2.80746  -2.25726  -1.59470  -1.07502  -0.67128  -0.43835   0.15047   0.24794
   5750.  1.00  -7.92847  -7.91930  -6.16920  -4.75431  -3.60720  -2.79380  -2.26181  -1.60545  -1.08564  -0.68021  -0.44629   0.14677   0.24274
   5750.  1.50  -7.90922  -7.79078  -5.96550  -4.63028  -3.48037  -2.77694  -2.26536  -1.61533  -1.09584  -0.68913  -0.45446   0.14244   0.23745
   5750.  2.00  -7.88906  -7.65630  -5.76981  -4.51054  -3.36160  -2.76096  -2.26978  -1.62503  -1.10571  -0.69782  -0.46250   0.13792   0.23236
   5750.  2.50  -7.86975  -7.52506  -5.59117  -4.39978  -3.25392  -2.74699  -2.27441  -1.63404  -1.11488  -0.70611  -0.47027   0.13313   0.22731
   5750.  3.00  -7.85372  -7.40636  -5.43846  -4.30310  -3.16045  -2.73705  -2.27975  -1.64250  -1.12317  -0.71360  -0.47723   0.12868   0.22281
   5750.  3.50  -7.84344  -7.31177  -5.32284  -4.22635  -3.08434  -2.73320  -2.28566  -1.64997  -1.12984  -0.71958  -0.48256   0.12511   0.21928
   5750.  4.00  -7.83833  -7.24459  -5.24748  -4.17119  -3.02599  -2.73490  -2.29138  -1.65624  -1.13478  -0.72394  -0.48610   0.12270   0.21695
   5750.  4.50  -7.83855  -7.20958  -5.22018  -4.14264  -2.98872  -2.74358  -2.29715  -1.66154  -1.13783  -0.72625  -0.48719   0.12220   0.21646
   5750.  5.00  -7.84188  -7.20267  -5.23928  -4.14023  -2.97218  -2.75827  -2.30222  -1.66604  -1.13921  -0.72669  -0.48589   0.12366   0.21783
   6000.  0.00  -7.69054  -7.81140  -6.15833  -4.69277  -3.63804  -2.53268  -2.04586  -1.46899  -1.00684  -0.64533  -0.43265   0.10567   0.20586
   6000.  0.50  -7.69644  -7.72605  -6.01449  -4.61610  -3.53844  -2.55562  -2.07284  -1.48907  -1.01944  -0.65172  -0.43579   0.10988   0.20664
   6000.  1.00  -7.68342  -7.60642  -5.83525  -4.51169  -3.41917  -2.56068  -2.09002  -1.50520  -1.03156  -0.65958  -0.44143   0.11098   0.20482
   6000.  1.50  -7.65991  -7.46861  -5.64420  -4.39686  -3.29607  -2.55744  -2.10287  -1.51966  -1.04361  -0.66836  -0.44851   0.11012   0.20170
   6000.  2.00  -7.63260  -7.32393  -5.45485  -4.28132  -3.17698  -2.55280  -2.11526  -1.53350  -1.05541  -0.67740  -0.45612   0.10809   0.19809
   6000.  2.50  -7.60483  -7.18109  -5.27607  -4.17065  -3.06633  -2.54851  -2.12753  -1.54670  -1.06674  -0.68636  -0.46386   0.10522   0.19419
   6000.  3.00  -7.58012  -7.05030  -5.11811  -4.07077  -2.96781  -2.54648  -2.13979  -1.55908  -1.07718  -0.69471  -0.47110   0.10214   0.19050
   6000.  3.50  -7.56139  -6.94059  -4.98923  -3.98601  -2.88339  -2.54790  -2.15187  -1.57035  -1.08627  -0.70197  -0.47726   0.09931   0.18740
   6000.  4.00  -7.54976  -6.85726  -4.89515  -3.91983  -2.81482  -2.55309  -2.16335  -1.58020  -1.09362  -0.70765  -0.48179   0.09733   0.18534
   6000.  4.50  -7.54710  -6.80797  -4.84495  -3.87799  -2.76566  -2.56362  -2.17405  -1.58826  -1.09856  -0.71102  -0.48379   0.09701   0.18499
   6000.  5.00  -7.55049  -6.78826  -4.83656  -3.86034  -2.73597  -2.57890  -2.18336  -1.59453  -1.10114  -0.71209  -0.48318   0.09853   0.18649
   6250.  0.50  -7.44292  -7.39970  -5.70206  -4.39270  -3.38181  -2.32866  -1.90537  -1.39732  -0.97713  -0.64484  -0.44621   0.05737   0.15493
   6250.  1.00  -7.43135  -7.28372  -5.54680  -4.30784  -3.27454  -2.35524  -1.93662  -1.41807  -0.98848  -0.64887  -0.44647   0.06503   0.15827
   6250.  1.50  -7.40165  -7.14371  -5.37062  -4.20376  -3.15622  -2.36751  -1.96013  -1.43673  -1.00109  -0.65591  -0.45066   0.06900   0.15857
   6250.  2.00  -7.36219  -6.99408  -5.18946  -4.09285  -3.03727  -2.37282  -1.97967  -1.45435  -1.01443  -0.66474  -0.45714   0.07030   0.15705
   6250.  2.50  -7.32008  -6.84466  -5.01361  -3.98306  -2.92368  -2.37738  -1.99876  -1.47142  -1.02763  -0.67402  -0.46441   0.07005   0.15480
   6250.  3.00  -7.28111  -6.70661  -4.85361  -3.88070  -2.81970  -2.38314  -2.01762  -1.48759  -1.04006  -0.68302  -0.47165   0.06887   0.15228
   6250.  3.50  -7.24831  -6.58638  -4.71593  -3.78939  -2.72732  -2.39014  -2.03580  -1.50267  -1.05151  -0.69147  -0.47848   0.06717   0.14985
   6250.  4.00  -7.22540  -6.49230  -4.60941  -3.71446  -2.64938  -2.39938  -2.05299  -1.51622  -1.06136  -0.69859  -0.48403   0.06582   0.14816
   6250.  4.50  -7.21589  -6.43185  -4.54133  -3.66037  -2.58820  -2.41143  -2.06824  -1.52741  -1.06866  -0.70353  -0.48736   0.06556   0.14779
   6250.  5.00  -7.21742  -6.40198  -4.51141  -3.62861  -2.54530  -2.42655  -2.08157  -1.53633  -1.07336  -0.70605  -0.48812   0.06694   0.14915
   6500.  0.50  -7.19415  -7.06894  -5.42297  -4.20079  -3.25287  -2.14203  -1.76891  -1.32216  -0.94510  -0.64526  -0.46330  -0.00079   0.09841
   6500.  1.00  -7.17319  -6.96661  -5.29552  -4.13403  -3.16284  -2.16909  -1.79571  -1.34221  -0.95670  -0.64924  -0.46291   0.00951   0.10331
   6500.  1.50  -7.13698  -6.82705  -5.13329  -4.04227  -3.05046  -2.20020  -1.83178  -1.36457  -0.96778  -0.65189  -0.46122   0.02007   0.10889
   6500.  2.00  -7.08510  -6.67539  -4.96095  -3.93750  -2.93301  -2.21833  -1.86035  -1.38564  -0.98124  -0.65874  -0.46466   0.02599   0.11065
   6500.  2.50  -7.02682  -6.52245  -4.78950  -3.82926  -2.81730  -2.23130  -1.88568  -1.40604  -0.99572  -0.66769  -0.47072   0.02898   0.11045
   6500.  3.00  -6.97041  -6.37849  -4.62848  -3.72440  -2.70802  -2.24364  -1.91031  -1.42583  -1.01013  -0.67728  -0.47780   0.03008   0.10936
   6500.  3.50  -6.92041  -6.25047  -4.48524  -3.62780  -2.60846  -2.25602  -1.93399  -1.44454  -1.02384  -0.68679  -0.48512   0.02985   0.10777
   6500.  4.00  -6.88359  -6.14897  -4.36989  -3.54535  -2.52163  -2.26951  -1.95654  -1.46173  -1.03611  -0.69530  -0.49156   0.02940   0.10656
   6500.  4.50  -6.86432  -6.07962  -4.28778  -3.48057  -2.44924  -2.28410  -1.97727  -1.47683  -1.04631  -0.70216  -0.49643   0.02930   0.10619
   6500.  5.00  -6.86090  -6.04171  -4.24107  -3.43627  -2.39366  -2.29958  -1.99494  -1.48888  -1.05352  -0.70643  -0.49873   0.03059   0.10744
   6750.  0.50  -6.94503  -6.74213  -5.16689  -4.02943  -3.13939  -1.98844  -1.66160  -1.26423  -0.92361  -0.65189  -0.48518  -0.06068   0.04021
   6750.  1.00  -6.92201  -6.66129  -5.06906  -3.98205  -3.06979  -2.01496  -1.68201  -1.28096  -0.93362  -0.65526  -0.48424  -0.04933   0.04569
   6750.  1.50  -6.87468  -6.53294  -4.92757  -3.90477  -2.97044  -2.04622  -1.71221  -1.30154  -0.94428  -0.65776  -0.48203  -0.03706   0.05196
   6750.  2.00  -6.81142  -6.37815  -4.76239  -3.80798  -2.85549  -2.08259  -1.75276  -1.32572  -0.95557  -0.65976  -0.47922  -0.02460   0.05896
   6750.  2.50  -6.73875  -6.22227  -4.59552  -3.70280  -2.73938  -2.10669  -1.78596  -1.34915  -0.97007  -0.66684  -0.48241  -0.01727   0.06188
   6750.  3.00  -6.66542  -6.07294  -4.43450  -3.59664  -2.62653  -2.12603  -1.81635  -1.37226  -0.98594  -0.67634  -0.48857  -0.01328   0.06264
   6750.  3.50  -6.59892  -5.93915  -4.28817  -3.49599  -2.52100  -2.14362  -1.84496  -1.39439  -1.00175  -0.68673  -0.49608  -0.01163   0.06213
   6750.  4.00  -6.54830  -5.83143  -4.16560  -3.40643  -2.42554  -2.16132  -1.87278  -1.41534  -1.01654  -0.69660  -0.50330  -0.01093   0.06158
   6750.  4.50  -6.51651  -5.75340  -4.07152  -3.33175  -2.34266  -2.17836  -1.89850  -1.43422  -1.02956  -0.70531  -0.50958  -0.01058   0.06137
   6750.  5.00  -6.50652  -5.70943  -4.01194  -3.27679  -2.27565  -2.19519  -1.92097  -1.45002  -1.03976  -0.71170  -0.51366  -0.00936   0.06246
   7000.  0.50  -6.68762  -6.41464  -4.92006  -3.86954  -3.03070  -1.86516  -1.58197  -1.22314  -0.91214  -0.66370  -0.51033  -0.11951  -0.01768
   7000.  1.00  -6.67366  -6.36520  -4.85614  -3.84315  -2.98481  -1.88928  -1.59422  -1.23494  -0.91946  -0.66602  -0.50880  -0.10860  -0.01241
   7000.  1.50  -6.62392  -6.25555  -4.73858  -3.78217  -2.90178  -1.91973  -1.61682  -1.25137  -0.92813  -0.66808  -0.50655  -0.09623  -0.00664
   7000.  2.00  -6.55210  -6.11137  -4.59023  -3.69748  -2.79745  -1.95668  -1.65154  -1.27343  -0.93863  -0.66980  -0.50319  -0.08240   0.00085
   7000.  2.50  -6.46622  -5.94963  -4.42585  -3.59663  -2.68196  -1.99728  -1.69636  -1.29995  -0.95105  -0.67217  -0.50033  -0.06884   0.00884
   7000.  3.00  -6.37904  -5.79606  -4.26649  -3.49165  -2.56813  -2.02620  -1.73349  -1.32579  -0.96702  -0.68015  -0.50404  -0.06104   0.01227
   7000.  3.50  -6.29942  -5.65802  -4.11896  -3.38882  -2.45871  -2.05045  -1.76756  -1.35114  -0.98427  -0.69056  -0.51076  -0.05674   0.01347
   7000.  4.00  -6.23523  -5.54335  -3.99025  -3.29338  -2.35653  -2.07236  -1.80022  -1.37573  -1.00152  -0.70171  -0.51861  -0.05462   0.01374
   7000.  4.50  -6.19077  -5.45723  -3.88671  -3.21040  -2.26474  -2.09240  -1.83078  -1.39852  -1.01750  -0.71230  -0.52624  -0.05360   0.01379
   7000.  5.00  -6.17223  -5.40697  -3.81593  -3.14559  -2.18709  -2.11091  -1.85785  -1.41809  -1.03070  -0.72083  -0.53207  -0.05234   0.01474
   7250.  0.50  -6.40780  -6.06684  -4.66087  -3.71036  -2.91161  -1.78053  -1.53751  -1.20141  -0.90937  -0.67688  -0.53353  -0.17159  -0.07054
   7250.  1.00  -6.42390  -6.07427  -4.64836  -3.71038  -2.90082  -1.78685  -1.52858  -1.20306  -0.91425  -0.68180  -0.53684  -0.16734  -0.07062
   7250.  1.50  -6.38025  -5.98739  -4.55579  -3.66595  -2.83531  -1.81764  -1.54593  -1.21565  -0.92020  -0.68225  -0.53324  -0.15458  -0.06446
   7250.  2.00  -6.30860  -5.86129  -4.42848  -3.59553  -2.74530  -1.85250  -1.57193  -1.23322  -0.92890  -0.68413  -0.53065  -0.14158  -0.05833
   7250.  2.50  -6.21766  -5.70933  -4.27829  -3.50556  -2.63904  -1.89532  -1.61150  -1.25746  -0.94005  -0.68587  -0.52693  -0.12687  -0.05006
   7250.  3.00  -6.11917  -5.55019  -4.11972  -3.40311  -2.52510  -1.93979  -1.65992  -1.28638  -0.95404  -0.68937  -0.52487  -0.11316  -0.04188
   7250.  3.50  -6.02952  -5.40879  -3.97258  -3.30052  -2.41482  -1.97241  -1.70041  -1.31461  -0.97171  -0.69863  -0.52953  -0.10545  -0.03817
   7250.  4.00  -5.95320  -5.28834  -3.84111  -3.20269  -2.30993  -1.99935  -1.73698  -1.34181  -0.99039  -0.71029  -0.53732  -0.10168  -0.03702
   7250.  4.50  -5.89721  -5.19446  -3.73006  -3.11330  -2.21158  -2.02361  -1.77262  -1.36841  -1.00900  -0.72231  -0.54573  -0.09935  -0.03619
   7250.  5.00  -5.86852  -5.13603  -3.64865  -3.03921  -2.12416  -2.04441  -1.80463  -1.39214  -1.02547  -0.73306  -0.55325  -0.09782  -0.03517
   7500.  0.50  -6.04794  -5.62240  -4.32105  -3.51321  -2.73771  -1.75711  -1.55502  -1.21668  -0.92363  -0.69091  -0.54900  -0.20316  -0.10794
   7500.  1.00  -6.16580  -5.77456  -4.43108  -3.57497  -2.80772  -1.70948  -1.48763  -1.18689  -0.91846  -0.70205  -0.56712  -0.22308  -0.12671
   7500.  1.50  -6.14039  -5.72434  -4.37370  -3.55126  -2.76656  -1.73406  -1.49390  -1.19270  -0.92093  -0.70169  -0.56385  -0.21286  -0.12252
   7500.  2.00  -6.07481  -5.61785  -4.26756  -3.49562  -2.69127  -1.77075  -1.51541  -1.20656  -0.92666  -0.70168  -0.55964  -0.19947  -0.11628
   7500.  2.50  -5.98892  -5.48649  -4.13882  -3.42014  -2.59911  -1.81113  -1.54503  -1.22564  -0.93576  -0.70385  -0.55717  -0.18638  -0.11020
   7500.  3.00  -5.88923  -5.33671  -3.99240  -3.32711  -2.49334  -1.85907  -1.59012  -1.25285  -0.94830  -0.70621  -0.55363  -0.17107  -0.10111
   7500.  3.50  -5.79013  -5.18972  -3.84486  -3.22591  -2.38346  -1.90500  -1.64092  -1.28408  -0.96438  -0.71161  -0.55326  -0.15819  -0.09325
   7500.  4.00  -5.70502  -5.06438  -3.71174  -3.12732  -2.27765  -1.93986  -1.68390  -1.31439  -0.98381  -0.72245  -0.55930  -0.15122  -0.08982
   7500.  4.50  -5.64039  -4.96572  -3.59746  -3.03522  -2.17640  -1.96893  -1.72358  -1.34378  -1.00400  -0.73513  -0.56779  -0.14743  -0.08810
   7500.  5.00  -5.60042  -4.89766  -3.50684  -2.95404  -2.08244  -1.99292  -1.76022  -1.37131  -1.02336  -0.74779  -0.57668  -0.14533  -0.08685
   7750.  1.00  -5.89000  -5.45253  -4.19056  -3.42953  -2.69575  -1.66401  -1.47601  -1.18879  -0.93239  -0.72569  -0.59754  -0.27341  -0.17907
   7750.  1.50  -5.90001  -5.45630  -4.18163  -3.43167  -2.68738  -1.67117  -1.46230  -1.18367  -0.93086  -0.72635  -0.59782  -0.26971  -0.17997
   7750.  2.00  -5.84872  -5.37799  -4.10298  -3.39324  -2.63105  -1.70547  -1.47640  -1.19226  -0.93311  -0.72462  -0.59262  -0.25720  -0.17439
   7750.  2.50  -5.77190  -5.26716  -3.99508  -3.33172  -2.55313  -1.74645  -1.50155  -1.20779  -0.93946  -0.72517  -0.58888  -0.24399  -0.16835
   7750.  3.00  -5.68104  -5.14055  -3.87199  -3.25476  -2.46307  -1.79095  -1.53505  -1.22894  -0.94954  -0.72808  -0.58694  -0.23117  -0.16224
   7750.  3.50  -5.58104  -4.99989  -3.73363  -3.16150  -2.36009  -1.84314  -1.58516  -1.25901  -0.96358  -0.73137  -0.58397  -0.21599  -0.15293
   7750.  4.00  -5.48936  -4.87054  -3.60017  -3.06387  -2.25501  -1.88935  -1.63721  -1.29206  -0.98166  -0.73882  -0.58554  -0.20432  -0.14572
   7750.  4.50  -5.41784  -4.76721  -3.48372  -2.97085  -2.15343  -1.92462  -1.68206  -1.32421  -1.00276  -0.75117  -0.59293  -0.19808  -0.14217
   7750.  5.00  -5.36792  -4.69070  -3.38679  -2.88562  -2.05639  -1.95316  -1.72327  -1.35498  -1.02415  -0.76490  -0.60230  -0.19478  -0.14020
   8000.  1.00  -5.59357  -5.10646  -3.92032  -3.26559  -2.55804  -1.65354  -1.49891  -1.21436  -0.96067  -0.75540  -0.62933  -0.31531  -0.22570
   8000.  1.50  -5.66274  -5.19048  -3.98564  -3.31046  -2.60171  -1.63047  -1.45183  -1.18857  -0.94942  -0.75542  -0.63412  -0.32430  -0.23574
   8000.  2.00  -5.63322  -5.14683  -3.93957  -3.29096  -2.56804  -1.65540  -1.45388  -1.18987  -0.94819  -0.75327  -0.63005  -0.31555  -0.23315
   8000.  2.50  -5.56845  -5.05916  -3.85491  -3.24506  -2.50655  -1.69543  -1.47290  -1.20051  -0.95080  -0.75155  -0.62464  -0.30287  -0.22771
   8000.  3.00  -5.48669  -4.94996  -3.74911  -3.18032  -2.42809  -1.74150  -1.50222  -1.21838  -0.95831  -0.75303  -0.62158  -0.28990  -0.22191
   8000.  3.50  -5.39666  -4.83122  -3.63248  -3.10250  -2.33940  -1.79116  -1.54081  -1.24257  -0.97004  -0.75710  -0.62041  -0.27718  -0.21556
   8000.  4.00  -5.30418  -4.70478  -3.50457  -3.01036  -2.23977  -1.84502  -1.59578  -1.27568  -0.98589  -0.76145  -0.61813  -0.26210  -0.20561
   8000.  4.50  -5.22603  -4.59583  -3.38609  -2.91736  -2.13923  -1.88936  -1.64824  -1.31044  -1.00626  -0.77130  -0.62205  -0.25187  -0.19894
   8000.  5.00  -5.16909  -4.51331  -3.28574  -2.83065  -2.04173  -1.92365  -1.69419  -1.34390  -1.02867  -0.78494  -0.63064  -0.24644  -0.19543
   8250.  1.00  -5.28714  -4.74395  -3.61211  -3.06702  -2.37688  -1.67324  -1.55414  -1.26778  -1.01117  -0.80025  -0.67186  -0.35365  -0.27347
   8250.  1.50  -5.42783  -4.92496  -3.78059  -3.18248  -2.50244  -1.61282  -1.46204  -1.20779  -0.97702  -0.78919  -0.67256  -0.37599  -0.28988
   8250.  2.00  -5.42382  -4.91680  -3.76867  -3.18297  -2.49371  -1.62462  -1.44983  -1.20041  -0.97174  -0.78656  -0.67003  -0.37180  -0.29065
   8250.  2.50  -5.37405  -4.85107  -3.70458  -3.14975  -2.44670  -1.66055  -1.46204  -1.20668  -0.97189  -0.78396  -0.66452  -0.36025  -0.28613
   8250.  3.00  -5.30440  -4.76180  -3.61831  -3.09818  -2.38205  -1.70578  -1.48612  -1.22031  -0.97607  -0.78334  -0.65985  -0.34731  -0.28044
   8250.  3.50  -5.22569  -4.66447  -3.52365  -3.03592  -2.30898  -1.75330  -1.51701  -1.23901  -0.98412  -0.78587  -0.65802  -0.33596  -0.27559
   8250.  4.00  -5.14106  -4.55795  -3.41750  -2.96045  -2.22523  -1.80515  -1.55990  -1.26553  -0.99689  -0.79051  -0.65712  -0.32362  -0.26884
   8250.  4.50  -5.05865  -4.44642  -3.30021  -2.87022  -2.12852  -1.85833  -1.61750  -1.30063  -1.01424  -0.79604  -0.65585  -0.30902  -0.25869
   8250.  5.00  -4.99644  -4.35887  -3.19753  -2.78308  -2.03186  -1.89955  -1.66917  -1.33615  -1.03609  -0.80770  -0.66162  -0.30008  -0.25232
   8500.  1.50  -5.20698  -4.67363  -3.57532  -3.05047  -2.39281  -1.61536  -1.49094  -1.24126  -1.01468  -0.82904  -0.71460  -0.42511  -0.34282
   8500.  2.00  -5.22844  -4.70122  -3.60209  -3.07589  -2.41518  -1.60998  -1.46058  -1.22172  -1.00280  -0.82462  -0.71321  -0.42752  -0.34801
   8500.  2.50  -5.19548  -4.65973  -3.56221  -3.05773  -2.38634  -1.63783  -1.46347  -1.22213  -1.00001  -0.82141  -0.70842  -0.41888  -0.34570
   8500.  3.00  -5.13835  -4.58921  -3.49461  -3.01867  -2.33568  -1.67962  -1.48160  -1.23148  -1.00133  -0.81928  -0.70292  -0.40679  -0.34070
   8500.  3.50  -5.06886  -4.50483  -3.41279  -2.96590  -2.27251  -1.72789  -1.50930  -1.24716  -1.00650  -0.81949  -0.69890  -0.39426  -0.33504
   8500.  4.00  -4.99339  -4.41444  -3.32341  -2.90303  -2.20073  -1.77906  -1.54491  -1.26873  -1.01602  -0.82294  -0.69757  -0.38278  -0.32960
   8500.  4.50  -4.91572  -4.31822  -3.22472  -2.82799  -2.11864  -1.83249  -1.59280  -1.29796  -1.02989  -0.82792  -0.69662  -0.37014  -0.32182
   8500.  5.00  -4.84752  -4.22572  -3.12132  -2.74239  -2.02603  -1.88025  -1.64896  -1.33312  -1.04821  -0.83486  -0.69698  -0.35684  -0.31180
   8750.  1.50  -5.01648  -4.45773  -3.38848  -2.92471  -2.28197  -1.63284  -1.53213  -1.28510  -1.06054  -0.87500  -0.76120  -0.47427  -0.39703
   8750.  2.00  -5.05248  -4.50663  -3.44512  -2.97309  -2.33575  -1.61098  -1.48482  -1.25304  -1.04074  -0.86689  -0.75892  -0.48207  -0.40478
   8750.  2.50  -5.03227  -4.48321  -3.42559  -2.96793  -2.32390  -1.62871  -1.47780  -1.24709  -1.03481  -0.86310  -0.75516  -0.47724  -0.40521
   8750.  3.00  -4.98656  -4.42896  -3.37485  -2.94012  -2.28629  -1.66557  -1.48935  -1.25206  -1.03363  -0.86005  -0.74965  -0.46682  -0.40167
   8750.  3.50  -4.92706  -4.35919  -3.30817  -2.89830  -2.23489  -1.71198  -1.51187  -1.26376  -1.03583  -0.85850  -0.74441  -0.45461  -0.39651
   8750.  4.00  -4.85986  -4.28146  -3.23236  -2.84599  -2.17405  -1.76309  -1.54283  -1.28127  -1.04183  -0.85954  -0.74106  -0.44262  -0.39084
   8750.  4.50  -4.78983  -4.20023  -3.15028  -2.78420  -2.10486  -1.81508  -1.58216  -1.30512  -1.05256  -0.86386  -0.74035  -0.43142  -0.38466
   8750.  5.00  -4.72032  -4.11298  -3.05695  -2.70847  -2.02331  -1.86603  -1.63393  -1.33637  -1.06712  -0.86848  -0.73864  -0.41773  -0.37486
   9000.  1.50  -4.86058  -4.28240  -3.22822  -2.81050  -2.17476  -1.65784  -1.57843  -1.33360  -1.11046  -0.92459  -0.81093  -0.52472  -0.45296
   9000.  2.00  -4.90269  -4.34265  -3.30750  -2.88100  -2.26116  -1.62514  -1.51880  -1.29166  -1.08361  -0.91227  -0.80635  -0.53575  -0.46147
   9000.  2.50  -4.89030  -4.33038  -3.30355  -2.88715  -2.26588  -1.63321  -1.50303  -1.28009  -1.07508  -0.90826  -0.80402  -0.53528  -0.46488
   9000.  3.00  -4.85204  -4.28633  -3.26485  -2.86726  -2.23883  -1.66325  -1.50790  -1.28087  -1.07193  -0.90495  -0.79935  -0.52735  -0.46326
   9000.  3.50  -4.80070  -4.22760  -3.21005  -2.83358  -2.19688  -1.70526  -1.52496  -1.28883  -1.07189  -0.90235  -0.79378  -0.51602  -0.45872
   9000.  4.00  -4.74158  -4.16084  -3.14595  -2.79010  -2.14571  -1.75394  -1.55109  -1.30255  -1.07497  -0.90142  -0.78892  -0.50377  -0.45285
   9000.  4.50  -4.67758  -4.08951  -3.07557  -2.73814  -2.08684  -1.80566  -1.58517  -1.32193  -1.08192  -0.90324  -0.78618  -0.49213  -0.44670
   9000.  5.00  -4.61190  -4.01514  -2.99887  -2.67679  -2.01909  -1.85770  -1.62829  -1.34790  -1.09347  -0.90788  -0.78549  -0.48082  -0.43963
   9250.  2.00  -4.77705  -4.20647  -3.18855  -2.79861  -2.19070  -1.64653  -1.55780  -1.33423  -1.12924  -0.95951  -0.85490  -0.58864  -0.51779
   9250.  2.50  -4.77057  -4.20314  -3.19909  -2.81728  -2.21412  -1.64807  -1.53593  -1.31862  -1.11885  -0.95544  -0.85380  -0.59211  -0.52371
   9250.  3.00  -4.73813  -4.16654  -3.17051  -2.80472  -2.19795  -1.67191  -1.53585  -1.31666  -1.11503  -0.95290  -0.85095  -0.58753  -0.52453
   9250.  3.50  -4.69210  -4.11438  -3.12372  -2.77656  -2.16346  -1.70863  -1.54804  -1.32170  -1.11379  -0.95028  -0.84616  -0.57815  -0.52157
   9250.  4.00  -4.63773  -4.05412  -3.06748  -2.73896  -2.11922  -1.75373  -1.56902  -1.33163  -1.11427  -0.94783  -0.84041  -0.56633  -0.51623
   9250.  4.50  -4.57846  -3.98964  -3.00550  -2.69397  -2.06799  -1.80402  -1.59814  -1.34681  -1.11771  -0.94718  -0.83566  -0.55408  -0.50980
   9250.  5.00  -4.51675  -3.92302  -2.93884  -2.64153  -2.00951  -1.85627  -1.63570  -1.36818  -1.12544  -0.94954  -0.83323  -0.54243  -0.50276
   9500.  2.00  -4.66986  -4.09061  -3.08348  -2.72315  -2.12267  -1.67190  -1.59935  -1.37869  -1.17610  -1.00754  -0.90387  -0.64088  -0.57365
   9500.  2.50  -4.66825  -4.09550  -3.10803  -2.75517  -2.16583  -1.66946  -1.57326  -1.36029  -1.16445  -1.00353  -0.90376  -0.64771  -0.58170
   9500.  3.00  -4.64161  -4.06688  -3.09084  -2.75206  -2.16324  -1.68917  -1.56973  -1.35658  -1.16056  -1.00216  -0.90299  -0.64685  -0.58533
   9500.  3.50  -4.60038  -4.02052  -3.05176  -2.72991  -2.13708  -1.72225  -1.57871  -1.35995  -1.15910  -1.00031  -0.89972  -0.64009  -0.58458
   9500.  4.00  -4.55003  -3.96466  -3.00105  -2.69643  -2.09830  -1.76386  -1.59601  -1.36761  -1.15855  -0.99773  -0.89442  -0.62960  -0.58043
   9500.  4.50  -4.49407  -3.90413  -2.94421  -2.65553  -2.05200  -1.81115  -1.62048  -1.37929  -1.15947  -0.99550  -0.88861  -0.61734  -0.57402
   9500.  5.00  -4.43510  -3.84206  -2.88414  -2.60888  -2.00016  -1.86129  -1.65267  -1.39607  -1.16343  -0.99527  -0.88413  -0.60508  -0.56649
   9750.  2.00  -4.57701  -3.99003  -2.99009  -2.65424  -2.05848  -1.69952  -1.64226  -1.42421  -1.22374  -1.05622  -0.95333  -0.69296  -0.62930
   9750.  2.50  -4.57935  -4.00215  -3.02646  -2.69799  -2.11879  -1.69466  -1.61309  -1.40368  -1.21098  -1.05197  -0.95361  -0.70206  -0.63868
   9750.  3.00  -4.55813  -3.98141  -3.02081  -2.70524  -2.13098  -1.71173  -1.60720  -1.39886  -1.20726  -1.05175  -0.95472  -0.70468  -0.64493
   9750.  3.50  -4.52255  -3.94225  -2.99124  -2.69106  -2.11558  -1.74218  -1.61405  -1.40147  -1.20634  -1.05136  -0.95360  -0.70113  -0.64682
   9750.  4.00  -4.47713  -3.89195  -2.94738  -2.66305  -2.08382  -1.78091  -1.62882  -1.40799  -1.20591  -1.04967  -0.94978  -0.69285  -0.64452
   9750.  4.50  -4.42484  -3.83505  -2.89508  -2.62570  -2.04208  -1.82495  -1.64994  -1.41755  -1.20581  -1.04716  -0.94418  -0.68149  -0.63879
   9750.  5.00  -4.36787  -3.77481  -2.83807  -2.58182  -1.99399  -1.87216  -1.67767  -1.43087  -1.20716  -1.04509  -0.93829  -0.66877  -0.63096
  10000.  2.00  -4.49578  -3.90165  -2.90701  -2.59228  -2.00066  -1.72859  -1.68586  -1.47018  -1.27164  -1.10513  -1.00299  -0.74497  -0.68468
  10000.  2.50  -4.50146  -3.92011  -2.95274  -2.64505  -2.07320  -1.72223  -1.65445  -1.44803  -1.25790  -1.10043  -1.00319  -0.75535  -0.69469
  10000.  3.00  -4.48481  -3.90636  -2.95742  -2.66190  -2.09912  -1.73756  -1.64691  -1.44249  -1.25445  -1.10121  -1.00587  -0.76087  -0.70307
  10000.  3.50  -4.45468  -3.87450  -2.93773  -2.65644  -2.09566  -1.76601  -1.65215  -1.44469  -1.25429  -1.10238  -1.00690  -0.76058  -0.70756
  10000.  4.00  -4.41483  -3.83085  -2.90216  -2.63546  -2.07285  -1.80266  -1.66528  -1.45084  -1.25464  -1.10221  -1.00516  -0.75507  -0.70758
  10000.  4.50  -4.36694  -3.77872  -2.85569  -2.60307  -2.03719  -1.84471  -1.68429  -1.45947  -1.25462  -1.10041  -1.00073  -0.74551  -0.70351
  10000.  5.00  -4.31277  -3.72110  -2.80228  -2.56240  -1.99307  -1.89005  -1.70897  -1.47066  -1.25468  -1.09773  -0.99463  -0.73335  -0.69632
  10250.  2.00  -4.42723  -3.82712  -2.83787  -2.54191  -1.95575  -1.76004  -1.73058  -1.51720  -1.32063  -1.15527  -1.05398  -0.79845  -0.74115
  10250.  2.50  -4.43930  -3.85537  -2.89478  -2.60437  -2.03894  -1.75348  -1.69791  -1.49429  -1.30658  -1.15067  -1.05450  -0.81018  -0.75209
  10250.  3.00  -4.42937  -3.85090  -2.91130  -2.63218  -2.07891  -1.76908  -1.69011  -1.48914  -1.30420  -1.15308  -1.05920  -0.81884  -0.76298
  10250.  3.50  -4.40690  -3.82872  -2.90370  -2.63776  -2.08936  -1.79789  -1.69554  -1.49235  -1.30586  -1.15667  -1.06312  -0.82238  -0.77071
  10250.  4.00  -4.37508  -3.79448  -2.87919  -2.62671  -2.07825  -1.83518  -1.70909  -1.49979  -1.30834  -1.15919  -1.06448  -0.82062  -0.77410
  10250.  4.50  -4.33457  -3.75031  -2.84153  -2.60213  -2.05117  -1.87794  -1.72835  -1.50951  -1.31014  -1.15968  -1.06267  -0.81405  -0.77288
  10250.  5.00  -4.28564  -3.69768  -2.79351  -2.56629  -2.01215  -1.92361  -1.75245  -1.52087  -1.31096  -1.15820  -1.05805  -0.80368  -0.76745
  10500.  2.00  -4.36053  -3.75346  -2.77003  -2.49263  -1.91354  -1.79121  -1.77495  -1.56366  -1.36894  -1.20470  -1.10425  -0.85093  -0.79643
  10500.  2.50  -4.37663  -3.78839  -2.83301  -2.55916  -1.99936  -1.78331  -1.74049  -1.53924  -1.35357  -1.19887  -1.10358  -0.86201  -0.80653
  10500.  3.00  -4.36995  -3.78928  -2.85645  -2.59303  -2.04720  -1.79789  -1.73162  -1.53354  -1.35114  -1.20157  -1.10883  -0.87204  -0.81831
  10500.  3.50  -4.35113  -3.77259  -2.85663  -2.60579  -2.06776  -1.82531  -1.73595  -1.53646  -1.35332  -1.20623  -1.11423  -0.87805  -0.82792
  10500.  4.00  -4.32385  -3.74442  -2.84034  -2.60229  -2.06679  -1.86143  -1.74856  -1.54390  -1.35668  -1.21022  -1.11752  -0.87909  -0.83366
  10500.  4.50  -4.28861  -3.70669  -2.81072  -2.58501  -2.04866  -1.90339  -1.76686  -1.55365  -1.35941  -1.21221  -1.11764  -0.87515  -0.83484
  10500.  5.00  -4.24512  -3.66019  -2.76991  -2.55567  -2.01694  -1.94884  -1.78992  -1.56486  -1.36086  -1.21191  -1.11456  -0.86685  -0.83138
  10750.  2.00  -4.29946  -3.68575  -2.70947  -2.45006  -1.88021  -1.82359  -1.81967  -1.61039  -1.41752  -1.25448  -1.15495  -0.90392  -0.85194
  10750.  2.50  -4.32045  -3.72801  -2.77768  -2.51921  -1.96569  -1.81406  -1.78334  -1.58435  -1.40065  -1.24718  -1.15277  -0.91381  -0.86078
  10750.  3.00  -4.31691  -3.73404  -2.80672  -2.55742  -2.01816  -1.82775  -1.77351  -1.57801  -1.39786  -1.24971  -1.15798  -0.92442  -0.87284
  10750.  3.50  -4.30116  -3.72200  -2.81313  -2.57576  -2.04631  -1.85430  -1.77720  -1.58081  -1.40045  -1.25511  -1.16439  -0.93217  -0.88372
  10750.  4.00  -4.27766  -3.69906  -2.80403  -2.57894  -2.05443  -1.88941  -1.78910  -1.58835  -1.40469  -1.26046  -1.16943  -0.93575  -0.89154
  10750.  4.50  -4.24698  -3.66711  -2.78194  -2.56861  -2.04520  -1.93041  -1.80657  -1.59820  -1.40839  -1.26397  -1.17149  -0.93445  -0.89502
  10750.  5.00  -4.20862  -3.62654  -2.74827  -2.54584  -2.02118  -1.97550  -1.82877  -1.60949  -1.41072  -1.26506  -1.17015  -0.92846  -0.89370
  11000.  2.00  -4.24107  -3.62094  -2.65340  -2.41174  -1.85308  -1.85649  -1.86430  -1.65690  -1.46586  -1.30407  -1.20552  -0.95683  -0.90715
  11000.  2.50  -4.26592  -3.66854  -2.72356  -2.48026  -1.93406  -1.84460  -1.82587  -1.62895  -1.44711  -1.29478  -1.20123  -0.96454  -0.91384
  11000.  3.00  -4.26417  -3.67800  -2.75524  -2.51944  -1.98631  -1.85649  -1.81458  -1.62138  -1.44323  -1.29625  -1.20538  -0.97440  -0.92498
  11000.  3.50  -4.24915  -3.66806  -2.76452  -2.53985  -2.01753  -1.88111  -1.81688  -1.62319  -1.44519  -1.30123  -1.21154  -0.98250  -0.93585
  11000.  4.00  -4.22635  -3.64693  -2.75875  -2.54601  -2.03072  -1.91393  -1.82728  -1.62985  -1.44919  -1.30666  -1.21697  -0.98721  -0.94436
  11000.  4.50  -4.19718  -3.61739  -2.74074  -2.53947  -2.02749  -1.95228  -1.84304  -1.63891  -1.45297  -1.31069  -1.21994  -0.98751  -0.94901
  11000.  5.00  -4.16124  -3.58002  -2.71183  -2.52111  -2.00965  -1.99472  -1.86313  -1.64928  -1.45543  -1.31246  -1.21972  -0.98326  -0.94911
  11250.  2.00  -4.18927  -3.56401  -2.60662  -2.38165  -1.83547  -1.89118  -1.90964  -1.70403  -1.51480  -1.35434  -1.25683  -1.01066  -0.96301
  11250.  2.50  -4.21983  -3.61855  -2.68010  -2.45105  -1.91367  -1.87753  -1.86953  -1.67466  -1.49470  -1.34365  -1.25105  -1.01687  -0.96822
  11250.  3.00  -4.22229  -3.63385  -2.71614  -2.49257  -1.96640  -1.88846  -1.85744  -1.66648  -1.49031  -1.34462  -1.25466  -1.02639  -0.97890
  11250.  3.50  -4.21047  -3.62864  -2.73018  -2.51649  -2.00105  -1.91238  -1.85921  -1.66805  -1.49227  -1.34972  -1.26104  -1.03515  -0.99019
  11250.  4.00  -4.19061  -3.61170  -2.72961  -2.52721  -2.02004  -1.94456  -1.86921  -1.67475  -1.49673  -1.35589  -1.26742  -1.04138  -0.99987
  11250.  4.50  -4.16489  -3.58667  -2.71744  -2.52612  -2.02394  -1.98231  -1.88457  -1.68405  -1.50136  -1.36111  -1.27188  -1.04379  -1.00629
  11250.  5.00  -4.13293  -3.55400  -2.69449  -2.51339  -2.01321  -2.02416  -1.90426  -1.69476  -1.50486  -1.36429  -1.27337  -1.04175  -1.00835
  11500.  2.00  -4.14118  -3.51180  -2.56556  -2.35633  -1.82335  -1.92638  -1.95481  -1.75089  -1.56343  -1.40436  -1.30791  -1.06437  -1.01858
  11500.  2.50  -4.17713  -3.57235  -2.64156  -2.42634  -1.89898  -1.91115  -1.91320  -1.72030  -1.54223  -1.39254  -1.30095  -1.06932  -1.02254
  11500.  3.00  -4.18399  -3.59333  -2.68114  -2.46938  -1.95091  -1.92099  -1.90032  -1.71153  -1.53732  -1.39293  -1.30392  -1.07824  -1.03256
  11500.  3.50  -4.17545  -3.59279  -2.69923  -2.49590  -1.98733  -1.94417  -1.90160  -1.71281  -1.53916  -1.39796  -1.31026  -1.08722  -1.04389
  11500.  4.00  -4.15834  -3.57981  -2.70310  -2.51022  -2.01046  -1.97570  -1.91124  -1.71951  -1.54392  -1.40459  -1.31723  -1.09451  -1.05434
  11500.  4.50  -4.13570  -3.55879  -2.69598  -2.51369  -2.02022  -2.01277  -1.92634  -1.72905  -1.54928  -1.41080  -1.32291  -1.09863  -1.06213
  11500.  5.00  -4.10743  -3.53056  -2.67858  -2.50621  -2.01614  -2.05394  -1.94565  -1.74010  -1.55378  -1.41529  -1.32598  -1.09867  -1.06599
  11750.  2.00  -4.09701  -3.46436  -2.52971  -2.33518  -1.81557  -1.96207  -1.99997  -1.79762  -1.61186  -1.45414  -1.35876  -1.11782  -1.07373
  11750.  2.50  -4.13766  -3.52979  -2.60755  -2.40569  -1.88922  -1.94542  -1.95694  -1.76591  -1.58968  -1.44135  -1.35078  -1.12172  -1.07666
  11750.  3.00  -4.14881  -3.55597  -2.64988  -2.44963  -1.93969  -1.95412  -1.94326  -1.75652  -1.58421  -1.44112  -1.35306  -1.12991  -1.08590
  11750.  3.50  -4.14354  -3.55991  -2.67131  -2.47792  -1.97651  -1.97636  -1.94396  -1.75742  -1.58577  -1.44588  -1.35911  -1.13876  -1.09699
  11750.  4.00  -4.12921  -3.55082  -2.67896  -2.49499  -2.00226  -2.00718  -1.95320  -1.76395  -1.59060  -1.45268  -1.36634  -1.14665  -1.10783
  11750.  4.50  -4.10929  -3.53350  -2.67619  -2.50227  -2.01663  -2.04370  -1.96804  -1.77364  -1.59647  -1.45959  -1.37288  -1.15210  -1.11668
  11750.  5.00  -4.08434  -3.50933  -2.66383  -2.49949  -2.01848  -2.08440  -1.98714  -1.78505  -1.60184  -1.46522  -1.37734  -1.15401  -1.12213
  12000.  2.50  -4.10129  -3.49083  -2.57779  -2.38863  -1.88355  -1.98019  -2.00061  -1.81133  -1.63686  -1.48989  -1.40035  -1.17389  -1.13042
  12000.  3.00  -4.11647  -3.52161  -2.62223  -2.43315  -1.93240  -1.98779  -1.98622  -1.80141  -1.63091  -1.48912  -1.40201  -1.18136  -1.13892
  12000.  3.50  -4.11445  -3.52975  -2.64635  -2.46260  -1.96878  -2.00905  -1.98633  -1.80190  -1.63215  -1.49354  -1.40769  -1.18991  -1.14960
  12000.  4.00  -4.10283  -3.52436  -2.65715  -2.48166  -1.99586  -2.03904  -1.99514  -1.80821  -1.63692  -1.50031  -1.41492  -1.19802  -1.16051
  12000.  4.50  -4.08545  -3.51048  -2.65811  -2.49196  -2.01357  -2.07502  -2.00978  -1.81799  -1.64315  -1.50771  -1.42207  -1.20444  -1.17011
  12000.  5.00  -4.06363  -3.49012  -2.65026  -2.49329  -2.02040  -2.11520  -2.02876  -1.82974  -1.64931  -1.51433  -1.42771  -1.20792  -1.17687
  12250.  2.50  -4.06778  -3.45536  -2.55197  -2.37480  -1.88128  -2.01510  -2.04398  -1.85638  -1.68366  -1.53807  -1.44958  -1.22572  -1.18374
  12250.  3.00  -4.08651  -3.49000  -2.59812  -2.41983  -1.92888  -2.02177  -2.02895  -1.84603  -1.67737  -1.53693  -1.45082  -1.23267  -1.19168
  12250.  3.50  -4.08770  -3.50203  -2.62440  -2.45005  -1.96437  -2.04208  -2.02856  -1.84618  -1.67833  -1.54100  -1.45610  -1.24080  -1.20187
  12250.  4.00  -4.07862  -3.50010  -2.63769  -2.47038  -1.99169  -2.07106  -2.03681  -1.85212  -1.68283  -1.54752  -1.46308  -1.24882  -1.21255
  12250.  4.50  -4.06372  -3.48948  -2.64177  -2.48300  -2.01157  -2.10640  -2.05118  -1.86185  -1.68922  -1.55515  -1.47053  -1.25583  -1.22258
  12250.  5.00  -4.04472  -3.47260  -2.63777  -2.48770  -2.02232  -2.14608  -2.07003  -1.87385  -1.69595  -1.56247  -1.47701  -1.26052  -1.23032
  12500.  2.50  -4.03722  -3.42332  -2.52972  -2.36378  -1.88179  -2.05021  -2.08717  -1.90112  -1.73006  -1.58581  -1.49834  -1.27706  -1.23647
  12500.  3.00  -4.05905  -3.46119  -2.57726  -2.40930  -1.92845  -2.05612  -2.07161  -1.89047  -1.72356  -1.58443  -1.49931  -1.28363  -1.24400
  12500.  3.50  -4.06303  -3.47649  -2.60506  -2.43986  -1.96276  -2.07539  -2.07066  -1.89021  -1.72417  -1.58811  -1.50414  -1.29128  -1.25364
  12500.  4.00  -4.05651  -3.47783  -2.62040  -2.46105  -1.98971  -2.10334  -2.07835  -1.89578  -1.72841  -1.59434  -1.51081  -1.29904  -1.26397
  12500.  4.50  -4.04398  -3.47026  -2.62701  -2.47530  -2.01068  -2.13792  -2.09241  -1.90537  -1.73479  -1.60199  -1.51831  -1.30632  -1.27412
  12500.  5.00  -4.02771  -3.45673  -2.62647  -2.48286  -2.02446  -2.17719  -2.11122  -1.91759  -1.74200  -1.60988  -1.52545  -1.31198  -1.28265
  12750.  2.50  -4.00950  -3.39458  -2.51072  -2.35525  -1.88457  -2.08526  -2.12997  -1.94540  -1.77596  -1.63303  -1.54658  -1.32785  -1.28858
  12750.  3.00  -4.03386  -3.43504  -2.55941  -2.40128  -1.93069  -2.09052  -2.11389  -1.93446  -1.76928  -1.63148  -1.54736  -1.33418  -1.29583
  12750.  3.50  -4.04046  -3.45327  -2.58849  -2.43213  -1.96395  -2.10891  -2.11246  -1.93389  -1.76964  -1.63487  -1.55185  -1.34142  -1.30500
  12750.  4.00  -4.03620  -3.45743  -2.60535  -2.45377  -1.99012  -2.13580  -2.11958  -1.93904  -1.77354  -1.64074  -1.55813  -1.34883  -1.31490
  12750.  4.50  -4.02596  -3.45272  -2.61402  -2.46914  -2.01143  -2.16959  -2.13335  -1.94847  -1.77985  -1.64830  -1.56553  -1.35613  -1.32495
  12750.  5.00  -4.01239  -3.44236  -2.61641  -2.47897  -2.02726  -2.20844  -2.15216  -1.96089  -1.78742  -1.65658  -1.57312  -1.36245  -1.33401
  13000.  2.50  -3.98427  -3.36873  -2.49451  -2.34880  -1.88918  -2.12014  -2.17228  -1.98911  -1.82121  -1.67959  -1.59416  -1.37796  -1.33993
  13000.  3.00  -4.01094  -3.41151  -2.54435  -2.39551  -1.93514  -2.12498  -2.15589  -1.97808  -1.81456  -1.67808  -1.59495  -1.38425  -1.34710
  13000.  3.50  -4.01979  -3.43219  -2.57449  -2.42662  -1.96758  -2.14256  -2.15400  -1.97725  -1.81476  -1.68127  -1.59922  -1.39118  -1.35591
  13000.  4.00  -4.01754  -3.43875  -2.59246  -2.44847  -1.99285  -2.16846  -2.16064  -1.98205  -1.81837  -1.68682  -1.60514  -1.39822  -1.36537
  13000.  4.50  -4.00951  -3.43672  -2.60282  -2.46460  -2.01395  -2.20136  -2.17404  -1.99125  -1.82453  -1.69419  -1.61234  -1.40539  -1.37518
  13000.  5.00  -3.99851  -3.42935  -2.60768  -2.47616  -2.03104  -2.23970  -2.19283  -2.00378  -1.83233  -1.70270  -1.62017  -1.41211  -1.38452
  14000.  2.00  -3.84177  -3.20193  -2.35868  -2.25423  -1.83656  -2.27753  -2.38899  -2.19559  -2.02110  -1.87348  -1.78622  -1.56662  -1.53439
  14000.  2.50  -3.90747  -3.29213  -2.45345  -2.34035  -1.92112  -2.25742  -2.33714  -2.15883  -1.99652  -1.85977  -1.77813  -1.57159  -1.53798
  14000.  3.00  -3.94057  -3.34142  -2.50761  -2.39070  -1.96938  -2.26189  -2.32007  -2.14798  -1.99062  -1.85918  -1.77993  -1.57886  -1.54593
  14000.  3.50  -3.95541  -3.36856  -2.54082  -2.42315  -2.00072  -2.27727  -2.31688  -2.14658  -1.99067  -1.86228  -1.78407  -1.58550  -1.55423
  14000.  4.00  -3.95899  -3.38190  -2.56161  -2.44539  -2.02328  -2.29974  -2.32154  -2.15013  -1.99342  -1.86693  -1.78902  -1.59154  -1.56244
  14000.  4.50  -3.95891  -3.38868  -2.57640  -2.46301  -2.04218  -2.32964  -2.33390  -2.15870  -1.99909  -1.87360  -1.79536  -1.59779  -1.57107
  14000.  5.00  -3.95798  -3.39211  -2.58844  -2.47888  -2.06042  -2.36619  -2.35287  -2.17168  -2.00750  -1.88246  -1.80343  -1.60490  -1.58048
  15000.  2.50  -3.85956  -3.24672  -2.43870  -2.35027  -1.96539  -2.38856  -2.49321  -2.31870  -2.16113  -2.02883  -1.95066  -1.75332  -1.72343
  15000.  3.00  -3.89791  -3.30144  -2.49781  -2.40574  -2.01897  -2.39445  -2.47668  -2.30927  -2.15725  -2.03046  -1.95481  -1.76287  -1.73349
  15000.  3.50  -3.91460  -3.33085  -2.53242  -2.43933  -2.05135  -2.40863  -2.47248  -2.30761  -2.15755  -2.03400  -1.95950  -1.77016  -1.74223
  15000.  4.00  -3.91964  -3.34613  -2.55354  -2.46104  -2.07246  -2.42830  -2.47528  -2.30999  -2.15962  -2.03812  -1.96399  -1.77578  -1.74980
  15000.  4.50  -3.92258  -3.35635  -2.56918  -2.47805  -2.08878  -2.45501  -2.48597  -2.31747  -2.16453  -2.04396  -1.96944  -1.78103  -1.75720
  15000.  5.00  -3.92923  -3.36708  -2.58455  -2.49511  -2.10501  -2.48944  -2.50502  -2.33071  -2.17316  -2.05264  -1.97708  -1.78736  -1.76556
  16000.  2.50  -3.83044  -3.22094  -2.43909  -2.36952  -2.01334  -2.51175  -2.63970  -2.46790  -2.31420  -2.18584  -2.11086  -1.92237  -1.89572
  16000.  3.00  -3.87687  -3.28401  -2.50653  -2.43372  -2.07646  -2.52155  -2.62551  -2.46185  -2.31439  -2.19181  -2.11947  -1.93623  -1.90989
  16000.  3.50  -3.89517  -3.31513  -2.54262  -2.46899  -2.11115  -2.53579  -2.62135  -2.46079  -2.31570  -2.19647  -2.12537  -1.94477  -1.91974
  16000.  4.00  -3.89964  -3.33022  -2.56322  -2.49015  -2.13217  -2.55349  -2.62267  -2.46233  -2.31740  -2.20042  -2.12981  -1.95053  -1.92727
  16000.  4.50  -3.90226  -3.34063  -2.57826  -2.50613  -2.14727  -2.57731  -2.63139  -2.46850  -2.32149  -2.20559  -2.13469  -1.95533  -1.93401
  16000.  5.00  -3.91296  -3.35553  -2.59574  -2.52418  -2.16277  -2.61004  -2.65017  -2.48191  -2.33050  -2.21448  -2.14241  -1.96144  -1.94193
  17000.  2.50  -3.81323  -3.20729  -2.44765  -2.39241  -2.05913  -2.62668  -2.77730  -2.60689  -2.45590  -2.33056  -2.25817  -2.07757  -2.05385
  17000.  3.00  -3.87033  -3.28143  -2.52667  -2.46895  -2.13664  -2.64215  -2.76623  -2.60543  -2.46182  -2.34302  -2.27372  -2.09878  -2.07511
  17000.  3.50  -3.89151  -3.31517  -2.56507  -2.50681  -2.17461  -2.65748  -2.76299  -2.60583  -2.46493  -2.34953  -2.28148  -2.10916  -2.08666
  17000.  4.00  -3.89475  -3.32906  -2.58440  -2.52697  -2.19561  -2.67356  -2.76308  -2.60665  -2.46629  -2.35329  -2.28587  -2.11510  -2.09427
  17000.  4.50  -3.89419  -3.33678  -2.59685  -2.54054  -2.20923  -2.69404  -2.76902  -2.61075  -2.46889  -2.35728  -2.28976  -2.11935  -2.10033
  17000.  5.00  -3.90636  -3.35365  -2.61575  -2.55964  -2.22551  -2.72548  -2.78728  -2.62421  -2.47834  -2.36666  -2.29800  -2.12584  -2.10844
  18000.  2.50  -3.80386  -3.20179  -2.46115  -2.41648  -2.10010  -2.73358  -2.90716  -2.73699  -2.58744  -2.46371  -2.39303  -2.21791  -2.19692
  18000.  3.00  -3.87234  -3.28769  -2.55301  -2.50721  -2.19584  -2.75550  -2.89848  -2.73977  -2.59931  -2.48382  -2.41726  -2.25015  -2.22889
  18000.  3.50  -3.89964  -3.32699  -2.59647  -2.55037  -2.23980  -2.77391  -2.89793  -2.74340  -2.60599  -2.49394  -2.42865  -2.26400  -2.24376
  18000.  4.00  -3.90301  -3.34056  -2.61504  -2.56996  -2.26087  -2.78908  -2.89763  -2.74418  -2.60756  -2.49790  -2.43325  -2.27022  -2.25154
  18000.  4.50  -3.89985  -3.34568  -2.62487  -2.58113  -2.27298  -2.80677  -2.90147  -2.74670  -2.60898  -2.50088  -2.43625  -2.27387  -2.25693
  18000.  5.00  -3.90900  -3.36023  -2.64175  -2.59845  -2.28842  -2.83513  -2.91717  -2.75838  -2.61728  -2.50940  -2.44385  -2.28006  -2.26463
  19000.  2.50  -3.80063  -3.20349  -2.48018  -2.44352  -2.13949  -2.83472  -3.03166  -2.86124  -2.71221  -2.58870  -2.51876  -2.34554  -2.32700
  19000.  3.00  -3.87836  -3.29817  -2.58143  -2.54501  -2.25076  -2.86083  -3.02220  -2.86473  -2.72664  -2.61380  -2.54955  -2.38929  -2.37029
  19000.  3.50  -3.91542  -3.34669  -2.63366  -2.59722  -2.30476  -2.88482  -3.02616  -2.87358  -2.73903  -2.62989  -2.56704  -2.40940  -2.39120
  19000.  4.00  -3.92179  -3.36248  -2.65369  -2.61828  -2.32746  -2.90062  -3.02702  -2.87582  -2.74219  -2.63529  -2.57299  -2.41678  -2.40000
  19000.  4.50  -3.91645  -3.36501  -2.66059  -2.62669  -2.33745  -2.91549  -3.02900  -2.87687  -2.74244  -2.63712  -2.57491  -2.41947  -2.40437
  19000.  5.00  -3.92205  -3.37613  -2.67410  -2.64089  -2.35070  -2.94023  -3.04186  -2.88633  -2.74901  -2.64412  -2.58115  -2.42464  -2.41103
  20000.  3.00  -3.88624  -3.31111  -2.61103  -2.58202  -2.30148  -2.95877  -3.13837  -2.98154  -2.84511  -2.73410  -2.67163  -2.51646  -2.49953
  20000.  3.50  -3.93524  -3.37083  -2.67388  -2.64521  -2.36792  -2.98983  -3.14757  -2.99641  -2.86419  -2.75751  -2.69681  -2.54530  -2.52898
  20000.  4.00  -3.94728  -3.39131  -2.69764  -2.66995  -2.39436  -3.00782  -3.15091  -3.00141  -2.87022  -2.76564  -2.70539  -2.55510  -2.54004
  20000.  4.50  -3.94273  -3.39391  -2.70390  -2.67767  -2.40374  -3.02137  -3.15257  -3.00242  -2.87060  -2.76744  -2.70723  -2.55756  -2.54406
  20000.  5.00  -3.94350  -3.39999  -2.71230  -2.68702  -2.41294  -3.04132  -3.16186  -3.00885  -2.87458  -2.77196  -2.71112  -2.56063  -2.54857
  21000.  3.00  -3.89592  -3.32700  -2.64295  -2.62025  -2.35159  -3.05119  -3.24840  -3.09211  -2.95705  -2.84728  -2.78621  -2.63439  -2.61926
  21000.  3.50  -3.95621  -3.39668  -2.71497  -2.69270  -2.42836  -3.08863  -3.26214  -3.11203  -2.98171  -2.87703  -2.81817  -2.67180  -2.65719
  21000.  4.00  -3.97752  -3.42545  -2.74602  -2.72463  -2.46208  -3.11126  -3.26972  -3.12161  -2.99252  -2.88997  -2.83157  -2.68642  -2.67290
  21000.  4.50  -3.97582  -3.43005  -2.75342  -2.73333  -2.47222  -3.12477  -3.27220  -3.12368  -2.99403  -2.89269  -2.83419  -2.68932  -2.67718
  21000.  5.00  -3.97391  -3.43295  -2.75824  -2.73911  -2.47809  -3.14091  -3.27905  -3.12804  -2.99622  -2.89534  -2.83621  -2.69049  -2.67970
  22000.  3.00  -3.90871  -3.34774  -2.67909  -2.66246  -2.40562  -3.14058  -3.35359  -3.19839  -3.06499  -2.95646  -2.89673  -2.74762  -2.73399
  22000.  3.50  -3.97689  -3.42306  -2.75619  -2.73948  -2.48667  -3.18167  -3.37033  -3.22108  -3.09242  -2.98935  -2.93208  -2.78972  -2.77664
  22000.  4.00  -4.00926  -3.46180  -2.79610  -2.78007  -2.52909  -3.21019  -3.38300  -3.23606  -3.10884  -3.00808  -2.95135  -2.81067  -2.79854
  22000.  4.50  -4.01358  -3.47160  -2.80780  -2.79287  -2.54312  -3.22594  -3.38795  -3.24085  -3.11318  -3.01350  -2.95660  -2.81596  -2.80502
  22000.  5.00  -4.01198  -3.47427  -2.81190  -2.79786  -2.54820  -3.24036  -3.39405  -3.24482  -3.11517  -3.01583  -2.95825  -2.81659  -2.80682
  23000.  3.00  -3.92538  -3.37388  -2.71862  -2.70810  -2.46331  -3.22709  -3.45360  -3.30019  -3.16898  -3.06206  -3.00389  -2.85829  -2.84598
  23000.  3.50  -3.99732  -3.45041  -2.79808  -2.78661  -2.54498  -3.27017  -3.47285  -3.32467  -3.19771  -3.09613  -3.04038  -2.90136  -2.88960
  23000.  4.00  -4.04025  -3.49817  -2.84600  -2.83480  -2.59462  -3.30420  -3.49042  -3.34460  -3.21916  -3.12004  -3.06489  -2.92810  -2.91720
  23000.  4.50  -4.05322  -3.51573  -2.86447  -2.85412  -2.61491  -3.32407  -3.49923  -3.35346  -3.22767  -3.12964  -3.07429  -2.93762  -2.92776
  23000.  5.00  -4.05407  -3.52038  -2.87005  -2.86052  -2.62144  -3.33855  -3.50580  -3.35826  -3.23070  -3.13295  -3.07689  -2.93913  -2.93029
  24000.  3.00  -3.94639  -3.40445  -2.75889  -2.75388  -2.51950  -3.30890  -3.54738  -3.39589  -3.26707  -3.16175  -3.10518  -2.96361  -2.95259
  24000.  3.50  -4.01815  -3.47947  -2.84093  -2.83477  -2.60474  -3.35508  -3.57004  -3.42350  -3.29867  -3.19883  -3.14471  -3.00926  -2.99866
  24000.  4.00  -4.06957  -3.53378  -2.89496  -2.88839  -2.65879  -3.39348  -3.59214  -3.44756  -3.32393  -3.22638  -3.17276  -3.03949  -3.02969
  24000.  4.50  -4.09203  -3.55974  -2.92085  -2.91476  -2.68564  -3.41811  -3.60530  -3.46089  -3.33697  -3.24055  -3.18673  -3.05378  -3.04492
  24000.  5.00  -4.09807  -3.56908  -2.93050  -2.92508  -2.69599  -3.43471  -3.61396  -3.46803  -3.34249  -3.24636  -3.19183  -3.05786  -3.04989
  25000.  3.00  -3.97437  -3.44053  -2.80035  -2.79937  -2.57149  -3.38615  -3.63610  -3.48598  -3.35883  -3.25409  -3.19839  -3.05956  -3.04971
  25000.  3.50  -4.03927  -3.50956  -2.88303  -2.88223  -2.66385  -3.43550  -3.66121  -3.51680  -3.39456  -3.29679  -3.24453  -3.11337  -3.10389
  25000.  4.00  -4.09707  -3.56848  -2.94254  -2.94061  -2.72179  -3.47828  -3.68814  -3.54513  -3.42354  -3.32771  -3.27569  -3.14598  -3.13718
  25000.  4.50  -4.12836  -3.60195  -2.97522  -2.97327  -2.75414  -3.50742  -3.70573  -3.56274  -3.44073  -3.34594  -3.29366  -3.16427  -3.15633
  25000.  5.00  -4.14057  -3.61681  -2.98978  -2.98825  -2.76893  -3.52692  -3.71706  -3.57277  -3.44926  -3.35480  -3.30180  -3.17157  -3.16444
  26000.  3.00  -4.01734  -3.48938  -2.85147  -2.85250  -2.62659  -3.46547  -3.72617  -3.57681  -3.45014  -3.34423  -3.28804  -3.14818  -3.13911
  26000.  3.50  -4.06078  -3.53970  -2.92246  -2.92663  -2.71881  -3.50985  -3.74540  -3.60335  -3.48394  -3.38829  -3.33796  -3.21148  -3.20315
  26000.  4.00  -4.12264  -3.60199  -2.98782  -2.99065  -2.78286  -3.55821  -3.77808  -3.63705  -3.51785  -3.42401  -3.37375  -3.24808  -3.24025
  26000.  4.50  -4.16154  -3.64172  -3.02679  -3.02902  -2.82008  -3.59183  -3.80029  -3.65899  -3.53906  -3.44601  -3.39530  -3.26951  -3.26242
  26000.  5.00  -4.18057  -3.66253  -3.04678  -3.04909  -2.83944  -3.61476  -3.81495  -3.67233  -3.55088  -3.45813  -3.40668  -3.28009  -3.27375
  27000.  3.50  -4.08440  -3.57069  -2.95960  -2.96790  -2.76827  -3.57811  -3.82308  -3.68319  -3.56641  -3.47249  -3.42387  -3.30164  -3.29441
  27000.  4.00  -4.14658  -3.63382  -3.02962  -3.03711  -2.83999  -3.63234  -3.86132  -3.72262  -3.60614  -3.51445  -3.46608  -3.34489  -3.33808
  27000.  4.50  -4.19144  -3.67863  -3.07467  -3.08115  -2.88256  -3.67086  -3.88860  -3.74926  -3.63166  -3.54052  -3.49152  -3.36965  -3.36342
  27000.  5.00  -4.21676  -3.70484  -3.09996  -3.10612  -2.90625  -3.69737  -3.90688  -3.76608  -3.64680  -3.55584  -3.50599  -3.38315  -3.37757
  28000.  3.50  -4.11431  -3.60628  -2.99854  -3.00976  -2.81533  -3.64323  -3.89721  -3.75907  -3.64454  -3.55150  -3.50412  -3.38457  -3.37830
  28000.  4.00  -4.17003  -3.66445  -3.06783  -3.07955  -2.89183  -3.70024  -3.93788  -3.80156  -3.68791  -3.59829  -3.55182  -3.43508  -3.42927
  28000.  4.50  -4.21848  -3.71268  -3.11825  -3.12894  -2.94044  -3.74392  -3.97031  -3.83318  -3.71812  -3.62901  -3.58179  -3.46415  -3.45881
  28000.  5.00  -4.24923  -3.74364  -3.14882  -3.15887  -2.96879  -3.77443  -3.99265  -3.85384  -3.73689  -3.64782  -3.59963  -3.48069  -3.47588
  29000.  3.50  -4.15525  -3.65105  -3.04465  -3.05763  -2.86566  -3.70990  -3.97200  -3.83521  -3.72241  -3.62943  -3.58268  -3.46387  -3.45829
  29000.  4.00  -4.19585  -3.69614  -3.10460  -3.11980  -2.93943  -3.76329  -4.00929  -3.87519  -3.76422  -3.67624  -3.63145  -3.51851  -3.51365
  29000.  4.50  -4.24420  -3.74483  -3.15802  -3.17264  -2.99334  -3.81112  -4.04571  -3.91092  -3.79857  -3.71145  -3.66603  -3.55256  -3.54809
  29000.  5.00  -4.27875  -3.77933  -3.19329  -3.20714  -3.02650  -3.84572  -4.07215  -3.93552  -3.82103  -3.73391  -3.68742  -3.57253  -3.56849
  30000.  3.50  -4.20894  -3.70699  -3.10096  -3.11485  -2.92371  -3.78163  -4.05051  -3.91490  -3.80346  -3.70997  -3.66339  -3.54369  -3.53852
  30000.  4.00  -4.22750  -3.73216  -3.14346  -3.16125  -2.98589  -3.82428  -4.07813  -3.94596  -3.83744  -3.75053  -3.70713  -3.59676  -3.59270
  30000.  4.50  -4.27092  -3.77696  -3.19554  -3.21355  -3.04184  -3.87328  -4.11580  -3.98327  -3.87359  -3.78820  -3.74446  -3.63472  -3.63110
  30000.  5.00  -4.30670  -3.81287  -3.23384  -3.25126  -3.07917  -3.91124  -4.14556  -4.01120  -3.89927  -3.81400  -3.76920  -3.65820  -3.65493
  31000.  3.50  -4.27383  -3.77324  -3.16758  -3.18200  -2.99133  -3.85990  -4.13408  -3.99968  -3.88934  -3.79515  -3.74842  -3.62687  -3.62182
  31000.  4.00  -4.26762  -3.77504  -3.18744  -3.20695  -3.03447  -3.88605  -4.14696  -4.01635  -3.90997  -3.82358  -3.78122  -3.67218  -3.66875
  31000.  4.50  -4.30189  -3.81200  -3.23395  -3.25465  -3.08866  -3.93290  -4.18288  -4.05247  -3.94532  -3.86124  -3.81897  -3.71212  -3.70922
  31000.  5.00  -4.33582  -3.84662  -3.27266  -3.29317  -3.12828  -3.97245  -4.21436  -4.08224  -3.97290  -3.88925  -3.84605  -3.73845  -3.73590
  32000.  4.00  -4.31675  -3.82597  -3.23882  -3.25952  -3.08881  -3.95166  -4.21848  -4.08925  -3.98481  -3.89854  -3.85696  -3.74807  -3.74511
  32000.  4.50  -4.33899  -3.85171  -3.27518  -3.29784  -3.13564  -3.99171  -4.24854  -4.11994  -4.01515  -3.93196  -3.89097  -3.78606  -3.78379
  32000.  5.00  -4.36853  -3.88278  -3.31199  -3.33501  -3.17567  -4.03112  -4.28016  -4.15017  -4.04330  -3.96095  -3.91917  -3.81435  -3.81244
  33000.  4.00  -4.37347  -3.88384  -3.29696  -3.31850  -3.14904  -4.02120  -4.29284  -4.16493  -4.06226  -3.97588  -3.93487  -3.82527  -3.82260
  33000.  4.50  -4.38373  -3.89810  -3.32220  -3.34627  -3.18656  -4.05305  -4.31582  -4.18878  -4.08616  -4.00347  -3.96355  -3.85954  -3.85777
  33000.  5.00  -4.40626  -3.92266  -3.35345  -3.37841  -3.22307  -4.08889  -4.34445  -4.21639  -4.11192  -4.03055  -3.99007  -3.88723  -3.88586
  34000.  4.00  -4.43593  -3.94715  -3.36079  -3.38304  -3.21484  -4.09447  -4.36990  -4.24338  -4.14237  -4.05585  -4.01526  -3.90456  -3.90204
  34000.  4.50  -4.43519  -3.95053  -3.37481  -3.39991  -3.24187  -4.11733  -4.38510  -4.25944  -4.15884  -4.07635  -4.03731  -3.93330  -3.93192
  34000.  5.00  -4.45073  -3.96843  -3.39986  -3.42623  -3.27361  -4.14864  -4.40989  -4.28350  -4.18125  -4.10052  -4.06118  -3.95944  -3.95854
  35000.  4.00  -4.50245  -4.01437  -3.42890  -3.45184  -3.28517  -4.17073  -4.44909  -4.32405  -4.22465  -4.13813  -4.09794  -3.98631  -3.98384
  35000.  4.50  -4.49212  -4.00811  -3.43255  -3.45847  -3.30181  -4.18480  -4.45665  -4.33229  -4.23361  -4.15115  -4.11285  -4.00820  -4.00707
  35000.  5.00  -4.50105  -4.01939  -3.45089  -3.47831  -3.32754  -4.21066  -4.47676  -4.35185  -4.25170  -4.17132  -4.13297  -4.03152  -4.03100
  36000.  4.00  -4.57152  -4.08400  -3.49974  -3.52339  -3.35856  -4.24889  -4.52951  -4.40598  -4.30810  -4.22182  -4.18204  -4.06993  -4.06753
  36000.  4.50  -4.55319  -4.06971  -3.49457  -3.52122  -3.36600  -4.25520  -4.53026  -4.40728  -4.31044  -4.22800  -4.19034  -4.08481  -4.08385
  36000.  5.00  -4.55626  -4.07492  -3.50636  -3.53460  -3.38524  -4.27529  -4.54543  -4.42186  -4.32371  -4.24348  -4.20600  -4.10418  -4.10395
  37000.  4.00  -4.64164  -4.15459  -3.57172  -3.59606  -3.43323  -4.32753  -4.60997  -4.48792  -4.39143  -4.30555  -4.26620  -4.15413  -4.15184
  37000.  4.50  -4.61721  -4.13419  -3.55979  -3.58717  -3.43363  -4.32795  -4.60551  -4.48397  -4.38893  -4.30664  -4.26962  -4.16330  -4.16248
  37000.  5.00  -4.61538  -4.13425  -3.56576  -3.59472  -3.44666  -4.34255  -4.61596  -4.49371  -4.39750  -4.31736  -4.28066  -4.17805  -4.17805
  38000.  4.00  -4.71175  -4.22509  -3.64365  -3.66865  -3.50777  -4.40554  -4.68961  -4.56890  -4.47361  -4.38822  -4.34927  -4.23761  -4.23544
  38000.  4.50  -4.68276  -4.20021  -3.62686  -3.65499  -3.50335  -4.40197  -4.68153  -4.56145  -4.46814  -4.38617  -4.34980  -4.24309  -4.24240
  38000.  5.00  -4.67740  -4.19646  -3.62832  -3.65797  -3.51138  -4.41220  -4.68818  -4.56726  -4.47292  -4.39290  -4.35696  -4.25351  -4.25369
  39000.  4.00  -4.78134  -4.29504  -3.71504  -3.74062  -3.58151  -4.48232  -4.76794  -4.64846  -4.55414  -4.46924  -4.43060  -4.31954  -4.31750
  39000.  4.50  -4.74883  -4.26676  -3.69466  -3.72355  -3.57400  -4.47633  -4.75750  -4.63889  -4.54719  -4.46570  -4.42996  -4.32327  -4.32275
  39000.  5.00  -4.74105  -4.26036  -3.69287  -3.72322  -3.57833  -4.48333  -4.76133  -4.64180  -4.54928  -4.46951  -4.43430  -4.33024  -4.33059
  40000.  4.50  -4.81467  -4.33308  -3.76233  -3.79197  -3.64451  -4.55011  -4.83271  -4.71549  -4.62527  -4.54434  -4.50920  -4.40287  -4.40253
  40000.  5.00  -4.80553  -4.32513  -3.75855  -3.78962  -3.64658  -4.55525  -4.83491  -4.71675  -4.62595  -4.54657  -4.51207  -4.40771  -4.40824
  41000.  4.50  -4.87971  -4.39865  -3.82928  -3.85961  -3.71419  -4.62270  -4.90663  -4.79072  -4.70179  -4.62144  -4.58685  -4.48110  -4.48095
  41000.  5.00  -4.86997  -4.38996  -3.82446  -3.85625  -3.71515  -4.62707  -4.90812  -4.79131  -4.70213  -4.62323  -4.58943  -4.48509  -4.48583
  42000.  4.50  -4.94370  -4.46318  -3.89516  -3.92612  -3.78260  -4.69371  -4.97894  -4.86427  -4.77645  -4.69668  -4.66254  -4.55749  -4.55753
  42000.  5.00  -4.93378  -4.45423  -3.88990  -3.92238  -3.78321  -4.69806  -4.98038  -4.86489  -4.77716  -4.69882  -4.66566  -4.56163  -4.56257
  43000.  4.50  -5.00657  -4.52664  -3.95996  -3.99148  -3.84967  -4.76313  -5.04973  -4.93616  -4.84923  -4.77000  -4.73619  -4.63189  -4.63208
  43000.  5.00  -4.99665  -4.51760  -3.95448  -3.98761  -3.85035  -4.76781  -5.05131  -4.93707  -4.85066  -4.77288  -4.74031  -4.63674  -4.63791
  44000.  4.50  -5.06838  -4.58908  -4.02369  -4.05571  -3.91547  -4.83100  -5.11896  -5.00642  -4.92020  -4.84145  -4.80788  -4.70435  -4.70466
  44000.  5.00  -5.05842  -4.57993  -4.01802  -4.05174  -3.91625  -4.83607  -5.12077  -5.00769  -4.92241  -4.84518  -4.81309  -4.71011  -4.71148
  45000.  4.50  -5.12907  -4.65049  -4.08634  -4.11885  -3.98006  -4.89742  -5.18677  -5.07518  -4.98954  -4.91121  -4.87782  -4.77508  -4.77549
  45000.  5.00  -5.11904  -4.64117  -4.08044  -4.11470  -3.98085  -4.90280  -5.18871  -5.07671  -4.99237  -4.91566  -4.88396  -4.78163  -4.78317
  46000.  4.50  -5.18892  -4.71110  -4.14819  -4.18114  -4.04365  -4.96265  -5.25338  -5.14267  -5.05749  -4.97957  -4.94628  -4.84436  -4.84484
  46000.  5.00  -5.17859  -4.70139  -4.14186  -4.17661  -4.04424  -4.96808  -5.25525  -5.14426  -5.06070  -4.98446  -4.95306  -4.85141  -4.85308
  47000.  4.50  -5.24781  -4.77082  -4.20910  -4.24249  -4.10621  -5.02671  -5.31880  -5.20893  -5.12415  -5.04660  -5.01340  -4.91234  -4.91289
  47000.  5.00  -5.23715  -4.76068  -4.20229  -4.23750  -4.10657  -5.03209  -5.32051  -5.21044  -5.12753  -5.05172  -5.02054  -4.91960  -4.92138
  48000.  4.50  -5.30578  -4.82965  -4.26910  -4.30292  -4.16779  -5.08961  -5.38300  -5.27392  -5.18949  -5.11230  -5.07916  -4.97900  -4.97962
  48000.  5.00  -5.29477  -4.81910  -4.26184  -4.29750  -4.16789  -5.09493  -5.38464  -5.27543  -5.19307  -5.11766  -5.08664  -4.98644  -4.98830
  49000.  4.50  -5.36274  -4.88750  -4.32814  -4.36238  -4.22829  -5.15134  -5.44599  -5.33770  -5.25360  -5.17675  -5.14367  -5.04442  -5.04512
  49000.  5.00  -5.35149  -4.87667  -4.32056  -4.35664  -4.22829  -5.15671  -5.44764  -5.33928  -5.25739  -5.18238  -5.15151  -5.05209  -5.05403
  50000.  5.00  -5.40733  -4.93337  -4.37837  -4.41489  -4.28776  -5.21746  -5.50958  -5.40201  -5.32057  -5.24594  -5.21520  -5.11660  -5.11861
