   3500.  0.00 -10.42822  -9.74262 -10.72560  -8.89664  -8.03171  -6.31670  -5.37411  -4.01849  -2.96503  -2.12039  -1.73634  -0.51905  -0.29348
   3500.  0.50 -10.21216  -9.66173 -10.52521  -8.45696  -7.46993  -5.85514  -4.94689  -3.71929  -2.74556  -1.96373  -1.59404  -0.44846  -0.23389
   3500.  1.00  -9.98952  -9.57862 -10.27826  -7.98723  -6.88284  -5.42058  -4.56425  -3.46410  -2.55956  -1.82965  -1.47260  -0.38129  -0.17488
   3500.  1.50  -9.78813  -9.49640  -9.97468  -7.53283  -6.32574  -5.05483  -4.25754  -3.26556  -2.41382  -1.72152  -1.37378  -0.31944  -0.11883
   3500.  2.00  -9.65444  -9.42312  -9.60537  -7.17572  -5.90108  -4.81668  -4.08441  -3.15792  -2.33338  -1.65471  -1.31078  -0.26941  -0.07225
   3500.  2.50  -9.58108  -9.35130  -9.19312  -6.93852  -5.64096  -4.68862  -4.00939  -3.11270  -2.29576  -1.61586  -1.27201  -0.23320  -0.03841
   3500.  3.00  -9.54482  -9.28900  -8.90953  -6.80109  -5.49615  -4.63229  -3.96858  -3.08997  -2.27432  -1.59288  -1.24809  -0.21234  -0.01912
   3500.  3.50  -9.55118  -9.24923  -8.79263  -6.76000  -5.44960  -4.65332  -3.96757  -3.09432  -2.26907  -1.58231  -1.23426  -0.20019  -0.00798
   3500.  4.00  -9.59951  -9.23735  -8.82440  -6.80433  -5.48825  -4.75088  -4.00592  -3.12417  -2.27696  -1.57907  -1.22515  -0.19044   0.00099
   3500.  4.50  -9.67618  -9.24816  -8.99119  -6.91561  -5.59370  -4.91269  -4.07278  -3.16796  -2.29125  -1.57689  -1.21574  -0.17737   0.01334
   3500.  5.00  -9.76350  -9.26872  -9.29310  -7.08590  -5.76162  -5.13266  -4.15602  -3.21478  -2.30728  -1.56963  -1.20091  -0.15382   0.03599
   3750.  0.00 -10.10872  -9.60865 -10.22445  -8.23072  -7.20780  -5.68753  -4.81854  -3.56846  -2.62455  -1.86116  -1.50021  -0.39604  -0.19665
   3750.  0.50  -9.93758  -9.57081  -9.98840  -7.86587  -6.77121  -5.33726  -4.50100  -3.36098  -2.48437  -1.77464  -1.42803  -0.38254  -0.19069
   3750.  1.00  -9.75885  -9.52184  -9.73482  -7.46991  -6.29333  -4.99987  -4.21236  -3.18299  -2.36357  -1.69747  -1.36270  -0.36137  -0.17506
   3750.  1.50  -9.58561  -9.45420  -9.39877  -7.06081  -5.80780  -4.69667  -3.96435  -3.03239  -2.25770  -1.62446  -1.29829  -0.32953  -0.14758
   3750.  2.00  -9.43804  -9.36348  -8.98260  -6.69410  -5.38944  -4.45513  -3.77399  -2.91598  -2.17212  -1.55975  -1.23873  -0.28997  -0.11123
   3750.  2.50  -9.34251  -9.24250  -8.53271  -6.43774  -5.12046  -4.30880  -3.67641  -2.85529  -2.12327  -1.51397  -1.19369  -0.24579  -0.06854
   3750.  3.00  -9.27448  -9.09140  -8.12893  -6.25754  -4.95007  -4.21627  -3.62499  -2.82326  -2.09399  -1.48038  -1.15894  -0.20662  -0.03037
   3750.  3.50  -9.23629  -8.95709  -7.88516  -6.16572  -4.86975  -4.18176  -3.60407  -2.81361  -2.08148  -1.46281  -1.13914  -0.18498  -0.00953
   3750.  4.00  -9.22752  -8.87406  -7.79766  -6.14428  -4.85126  -4.19667  -3.60114  -2.81507  -2.07346  -1.44905  -1.12164  -0.16746   0.00717
   3750.  4.50  -9.26237  -8.85472  -7.85122  -6.19551  -4.89729  -4.27319  -3.62748  -2.83551  -2.07468  -1.44074  -1.10729  -0.15284   0.02094
   3750.  5.00  -9.33648  -8.88738  -8.02683  -6.30444  -4.99536  -4.40837  -3.67884  -2.86835  -2.07998  -1.43251  -1.09137  -0.13538   0.03732
   4000.  0.00  -9.67982  -9.37922  -9.24520  -7.37676  -6.26083  -4.97352  -4.20544  -3.09665  -2.25972  -1.57787  -1.24220  -0.24314  -0.06717
   4000.  0.50  -9.50638  -9.31352  -8.86506  -7.00261  -5.84253  -4.66580  -3.94275  -2.92683  -2.15154  -1.51842  -1.19842  -0.24964  -0.07947
   4000.  1.00  -9.34459  -9.22115  -8.44101  -6.61871  -5.41387  -4.39001  -3.72211  -2.79558  -2.07213  -1.47812  -1.17106  -0.25817  -0.09164
   4000.  1.50  -9.20816  -9.09254  -8.00583  -6.26344  -5.02545  -4.16789  -3.55199  -2.70179  -2.01673  -1.45061  -1.15234  -0.26364  -0.09943
   4000.  2.00  -9.10247  -8.93316  -7.62008  -5.97573  -4.71900  -4.00570  -3.42886  -2.63760  -1.97702  -1.42847  -1.13470  -0.26219  -0.09967
   4000.  2.50  -9.02654  -8.76876  -7.34867  -5.78448  -4.51665  -3.90048  -3.34639  -2.59474  -1.94456  -1.40301  -1.10949  -0.24572  -0.08469
   4000.  3.00  -8.96144  -8.57644  -7.11837  -5.67066  -4.41290  -3.84180  -3.30901  -2.57388  -1.92290  -1.37640  -1.08031  -0.21183  -0.05144
   4000.  3.50  -8.89583  -8.41016  -6.96114  -5.59715  -4.34926  -3.79995  -3.28458  -2.55767  -1.90198  -1.34762  -1.04823  -0.17352  -0.01380
   4000.  4.00  -8.82808  -8.25726  -6.84529  -5.55130  -4.31379  -3.77797  -3.26906  -2.54898  -1.88791  -1.32695  -1.02432  -0.14563   0.01349
   4000.  4.50  -8.78785  -8.16545  -6.81765  -5.55855  -4.32538  -3.79410  -3.27037  -2.55424  -1.88348  -1.31555  -1.00847  -0.12764   0.03091
   4000.  5.00  -8.79982  -8.15575  -6.89055  -5.61921  -4.38010  -3.85515  -3.29072  -2.57213  -1.88470  -1.30782  -0.99445  -0.11259   0.04520
   4250.  0.00  -9.21432  -9.02345  -8.11023  -6.49368  -5.34179  -4.28589  -3.64554  -2.69566  -1.95867  -1.35173  -1.04139  -0.13501   0.02177
   4250.  0.50  -9.05037  -8.87782  -7.68886  -6.14394  -4.96974  -4.04261  -3.44731  -2.56768  -1.87939  -1.31146  -1.01517  -0.14854   0.00389
   4250.  1.00  -8.89136  -8.66386  -7.21539  -5.78060  -4.59274  -3.82291  -3.27861  -2.46548  -1.81971  -1.28447  -1.00036  -0.16358  -0.01397
   4250.  1.50  -8.74412  -8.37547  -6.73321  -5.44314  -4.26025  -3.64627  -3.14902  -2.39131  -1.77849  -1.26773  -0.99277  -0.17638  -0.02851
   4250.  2.00  -8.60291  -8.03786  -6.31282  -5.16711  -4.00225  -3.51819  -3.05707  -2.34191  -1.75197  -1.25776  -0.98861  -0.18532  -0.03851
   4250.  2.50  -8.45960  -7.71770  -6.01349  -4.97904  -3.83270  -3.43786  -2.99763  -2.31210  -1.73485  -1.24969  -0.98290  -0.18748  -0.04147
   4250.  3.00  -8.31684  -7.47476  -5.85421  -4.88481  -3.74740  -3.39706  -2.96412  -2.29771  -1.72386  -1.24040  -0.97260  -0.17997  -0.03460
   4250.  3.50  -8.17780  -7.31460  -5.79826  -4.86778  -3.73784  -3.39015  -2.95882  -2.29788  -1.71832  -1.22776  -0.95602  -0.15764  -0.01252
   4250.  4.00  -8.05653  -7.21474  -5.79856  -4.88955  -3.76375  -3.39643  -2.96325  -2.30180  -1.71358  -1.21378  -0.93759  -0.13173   0.01324
   4250.  4.50  -7.96816  -7.15426  -5.82278  -4.92149  -3.79527  -3.40619  -2.96704  -2.30650  -1.70989  -1.20200  -0.92146  -0.11012   0.03456
   4250.  5.00  -7.93093  -7.14106  -5.87811  -4.96839  -3.83617  -3.42741  -2.97237  -2.31478  -1.70878  -1.19357  -0.90813  -0.09374   0.05051
   4500.  0.00  -8.66432  -8.43426  -7.03530  -5.63100  -4.47713  -3.62640  -3.12916  -2.34343  -1.70678  -1.17316  -0.89009  -0.07265   0.06740
   4500.  0.50  -8.52597  -8.21168  -6.64339  -5.33561  -4.17593  -3.46386  -3.00517  -2.26482  -1.66078  -1.15364  -0.88095  -0.08892   0.04854
   4500.  1.00  -8.37218  -7.90047  -6.19423  -5.02760  -3.88166  -3.31750  -2.89842  -2.19967  -1.62440  -1.14022  -0.87674  -0.10534   0.03028
   4500.  1.50  -8.19460  -7.51850  -5.75056  -4.73859  -3.62348  -3.19838  -2.81488  -2.15061  -1.59828  -1.13212  -0.87590  -0.11975   0.01464
   4500.  2.00  -7.97818  -7.11845  -5.37285  -4.49903  -3.42356  -3.11185  -2.75481  -2.11642  -1.58057  -1.12732  -0.87620  -0.13050   0.00309
   4500.  2.50  -7.72964  -6.77023  -5.10249  -4.33118  -3.29153  -3.05906  -2.71633  -2.09520  -1.56910  -1.12371  -0.87531  -0.13609  -0.00310
   4500.  3.00  -7.48526  -6.51177  -4.94736  -4.23981  -3.22277  -3.03439  -2.69505  -2.08397  -1.56144  -1.11909  -0.87109  -0.13493  -0.00244
   4500.  3.50  -7.29677  -6.36194  -4.90190  -4.21894  -3.20623  -3.02986  -2.68582  -2.08094  -1.55692  -1.11291  -0.86297  -0.12642   0.00566
   4500.  4.00  -7.18196  -6.30198  -4.93200  -4.25052  -3.23136  -3.04117  -2.68941  -2.08501  -1.55486  -1.10460  -0.85098  -0.10955   0.02234
   4500.  4.50  -7.12550  -6.29504  -5.00052  -4.31239  -3.28280  -3.06238  -2.69985  -2.09171  -1.55341  -1.09560  -0.83796  -0.09045   0.04132
   4500.  5.00  -7.11177  -6.31870  -5.08567  -4.38231  -3.33930  -3.08562  -2.70888  -2.09856  -1.55228  -1.08754  -0.82581  -0.07348   0.05811
   4750.  0.00  -8.10239  -7.69311  -6.05965  -4.86509  -3.75611  -3.05485  -2.68127  -2.04751  -1.50599  -1.03992  -0.78424  -0.04847   0.07751
   4750.  0.50  -7.93996  -7.37826  -5.67109  -4.59417  -3.49360  -2.94356  -2.60818  -2.00534  -1.48578  -1.03674  -0.78827  -0.06664   0.05799
   4750.  1.00  -7.73083  -6.99030  -5.26344  -4.32692  -3.25386  -2.85259  -2.55228  -1.97365  -1.47166  -1.03675  -0.79430  -0.08377   0.03993
   4750.  1.50  -7.45025  -6.56294  -4.87602  -4.07952  -3.04924  -2.78178  -2.51088  -1.94999  -1.46124  -1.03752  -0.79985  -0.09801   0.02507
   4750.  2.00  -7.12397  -6.16290  -4.55673  -3.87718  -2.89480  -2.73410  -2.48343  -1.93384  -1.45399  -1.03851  -0.80431  -0.10891   0.01372
   4750.  2.50  -6.79728  -5.83915  -4.32971  -3.73598  -2.79639  -2.70898  -2.46783  -1.92362  -1.44831  -1.03794  -0.80572  -0.11472   0.00753
   4750.  3.00  -6.52777  -5.61263  -4.19920  -3.65953  -2.74894  -2.70363  -2.46185  -1.91801  -1.44332  -1.03505  -0.80336  -0.11470   0.00715
   4750.  3.50  -6.34062  -5.48344  -4.15555  -3.64067  -2.74090  -2.71207  -2.46191  -1.91596  -1.43897  -1.03012  -0.79758  -0.10922   0.01225
   4750.  4.00  -6.23397  -5.43280  -4.17550  -3.66299  -2.75821  -2.72690  -2.46549  -1.91737  -1.43612  -1.02397  -0.78922  -0.09863   0.02256
   4750.  4.50  -6.20705  -5.44914  -4.24500  -3.72131  -2.80063  -2.74876  -2.47413  -1.92181  -1.43428  -1.01683  -0.77900  -0.08429   0.03674
   4750.  5.00  -6.23440  -5.50380  -4.33960  -3.79893  -2.85761  -2.77459  -2.48421  -1.92686  -1.43232  -1.00924  -0.76812  -0.06898   0.05188
   5000.  0.00  -7.50038  -6.89000  -5.25346  -4.26907  -3.24463  -2.62170  -2.33471  -1.81841  -1.35575  -0.94646  -0.71543  -0.04886   0.06626
   5000.  0.50  -7.25559  -6.50883  -4.87553  -4.01015  -3.00404  -2.54354  -2.29333  -1.79998  -1.35269  -0.95385  -0.72750  -0.06783   0.04634
   5000.  1.00  -6.92140  -6.07307  -4.49396  -3.75633  -2.78636  -2.48124  -2.26483  -1.78822  -1.35254  -0.96203  -0.73945  -0.08490   0.02876
   5000.  1.50  -6.52642  -5.63724  -4.14534  -3.52592  -2.60372  -2.43682  -2.24902  -1.78267  -1.35463  -0.97031  -0.75052  -0.09953   0.01387
   5000.  2.00  -6.12810  -5.25656  -3.86224  -3.33768  -2.46369  -2.41019  -2.24376  -1.78159  -1.35749  -0.97738  -0.75946  -0.11073   0.00253
   5000.  2.50  -5.79841  -4.96880  -3.66423  -3.20640  -2.37212  -2.40007  -2.24567  -1.78247  -1.35901  -0.98132  -0.76442  -0.11732  -0.00421
   5000.  3.00  -5.56621  -4.78516  -3.55584  -3.13787  -2.32874  -2.40520  -2.25219  -1.78365  -1.35795  -0.98101  -0.76425  -0.11823  -0.00536
   5000.  3.50  -5.42682  -4.69158  -3.52230  -3.12329  -2.32434  -2.42232  -2.26180  -1.78487  -1.35458  -0.97663  -0.75912  -0.11314  -0.00060
   5000.  4.00  -5.36195  -4.66628  -3.54303  -3.14662  -2.34424  -2.44559  -2.27217  -1.78669  -1.35058  -0.96990  -0.75074  -0.10326   0.00895
   5000.  4.50  -5.35390  -4.68863  -3.59899  -3.19438  -2.37787  -2.47018  -2.28227  -1.78937  -1.34713  -0.96250  -0.74106  -0.09066   0.02132
   5000.  5.00  -5.39271  -4.74653  -3.67914  -3.25992  -2.42233  -2.49535  -2.29235  -1.79259  -1.34407  -0.95499  -0.73100  -0.07717   0.03462
   5250.  0.00  -6.87177  -6.15558  -4.63340  -3.82589  -2.90087  -2.29686  -2.06943  -1.64149  -1.24294  -0.88137  -0.67233  -0.06490   0.04222
   5250.  0.50  -6.53877  -5.75051  -4.27971  -3.58293  -2.68265  -2.24812  -2.05256  -1.63998  -1.25103  -0.89479  -0.68823  -0.08248   0.02345
   5250.  1.00  -6.12422  -5.31540  -3.92970  -3.34328  -2.48296  -2.20966  -2.04431  -1.64278  -1.26079  -0.90848  -0.70376  -0.09880   0.00649
   5250.  1.50  -5.67864  -4.89586  -3.61118  -3.12336  -2.31186  -2.18325  -2.04484  -1.64981  -1.27197  -0.92215  -0.71859  -0.11357  -0.00851
   5250.  2.00  -5.27072  -4.53447  -3.34600  -2.93725  -2.17411  -2.16857  -2.05253  -1.65958  -1.28326  -0.93480  -0.73187  -0.12624  -0.02117
   5250.  2.50  -4.95187  -4.26329  -3.15373  -2.79918  -2.07284  -2.16477  -2.06498  -1.66985  -1.29259  -0.94452  -0.74174  -0.13536  -0.03024
   5250.  3.00  -4.74131  -4.09321  -3.04123  -2.71769  -2.01192  -2.17044  -2.07927  -1.67820  -1.29781  -0.94927  -0.74624  -0.13910  -0.03403
   5250.  3.50  -4.63332  -4.01697  -3.00394  -2.69290  -1.99193  -2.18612  -2.09434  -1.68389  -1.29807  -0.94783  -0.74386  -0.13587  -0.03099
   5250.  4.00  -4.60248  -4.00982  -3.02148  -2.71005  -2.00175  -2.20884  -2.10868  -1.68715  -1.29457  -0.94174  -0.73633  -0.12702  -0.02243
   5250.  4.50  -4.62189  -4.04580  -3.07256  -2.75264  -2.02925  -2.23511  -2.12227  -1.68972  -1.28976  -0.93322  -0.72578  -0.11419  -0.00989
   5250.  5.00  -4.67163  -4.10592  -3.14144  -2.80877  -2.06524  -2.26101  -2.13385  -1.69170  -1.28479  -0.92429  -0.71465  -0.10006   0.00401
   5500.  0.00  -6.25512  -5.52704  -4.16011  -3.49461  -2.67470  -2.04382  -1.85850  -1.50025  -1.15569  -0.83569  -0.64683  -0.09223   0.00944
   5500.  0.50  -5.87616  -5.13342  -3.83947  -3.27256  -2.47906  -2.02096  -1.86114  -1.51106  -1.17079  -0.85195  -0.66359  -0.10648  -0.00674
   5500.  1.00  -5.43936  -4.72163  -3.52175  -3.04888  -2.29470  -2.00325  -1.86888  -1.52444  -1.18691  -0.86851  -0.68031  -0.12059  -0.02202
   5500.  1.50  -5.00290  -4.33280  -3.23141  -2.84023  -2.13205  -1.99288  -1.88254  -1.54082  -1.20424  -0.88541  -0.69697  -0.13436  -0.03638
   5500.  2.00  -4.61724  -3.99780  -2.98450  -2.65855  -1.99550  -1.98954  -1.90081  -1.55907  -1.22180  -0.90190  -0.71294  -0.14736  -0.04955
   5500.  2.50  -4.31379  -3.73767  -2.79310  -2.51340  -1.88573  -1.99206  -1.92173  -1.57741  -1.23802  -0.91664  -0.72695  -0.15842  -0.06052
   5500.  3.00  -4.10632  -3.56268  -2.66450  -2.41256  -1.80513  -1.99878  -1.94246  -1.59327  -1.25058  -0.92750  -0.73699  -0.16600  -0.06797
   5500.  3.50  -3.99831  -3.47652  -2.60404  -2.36255  -1.75750  -2.00971  -1.96101  -1.60449  -1.25715  -0.93208  -0.74057  -0.16753  -0.06952
   5500.  4.00  -3.97402  -3.46500  -2.60278  -2.35934  -1.74327  -2.02589  -1.97703  -1.61088  -1.25736  -0.92965  -0.73677  -0.16211  -0.06425
   5500.  4.50  -4.00375  -3.50172  -2.64138  -2.38888  -1.75454  -2.04704  -1.99148  -1.61419  -1.25332  -0.92209  -0.72736  -0.15060  -0.05299
   5500.  5.00  -4.06182  -3.56298  -2.70028  -2.43502  -1.77887  -2.06993  -2.00394  -1.61592  -1.24764  -0.91250  -0.71569  -0.13633  -0.03897
   5750.  0.00  -5.69437  -5.01093  -3.80076  -3.24491  -2.52940  -1.83932  -1.68433  -1.38385  -1.08646  -0.80387  -0.63401  -0.12856  -0.03001
   5750.  0.50  -5.31319  -4.64682  -3.51596  -3.04637  -2.35534  -1.83804  -1.70168  -1.40316  -1.10538  -0.82053  -0.64937  -0.13790  -0.04237
   5750.  1.00  -4.89297  -4.26833  -3.22917  -2.84008  -2.18452  -1.83809  -1.72199  -1.42418  -1.12532  -0.83801  -0.66551  -0.14853  -0.05509
   5750.  1.50  -4.48726  -3.91267  -2.96358  -2.64323  -2.02822  -1.84205  -1.74655  -1.44765  -1.14668  -0.85650  -0.68252  -0.16016  -0.06799
   5750.  2.00  -4.13036  -3.60275  -2.73197  -2.46663  -1.89161  -1.84975  -1.77434  -1.47282  -1.16885  -0.87555  -0.69998  -0.17244  -0.08089
   5750.  2.50  -3.84321  -3.35268  -2.54219  -2.31752  -1.77577  -1.85994  -1.80340  -1.49802  -1.19047  -0.89403  -0.71688  -0.18445  -0.09306
   5750.  3.00  -3.63816  -3.17332  -2.40176  -2.20283  -1.68142  -1.87135  -1.83164  -1.52114  -1.20942  -0.90990  -0.73124  -0.19462  -0.10313
   5750.  3.50  -3.52074  -3.07014  -2.31714  -2.12936  -1.61148  -1.88241  -1.85613  -1.53939  -1.22304  -0.92059  -0.74048  -0.20039  -0.10874
   5750.  4.00  -3.48038  -3.03567  -2.28574  -2.09774  -1.56952  -1.89380  -1.87543  -1.55122  -1.22968  -0.92443  -0.74293  -0.20025  -0.10854
   5750.  4.50  -3.50280  -3.05860  -2.30183  -2.10505  -1.55629  -1.90794  -1.89043  -1.55706  -1.22923  -0.92073  -0.73756  -0.19255  -0.10100
   5750.  5.00  -3.55993  -3.11352  -2.34628  -2.13670  -1.56366  -1.92482  -1.90265  -1.55944  -1.22464  -0.91237  -0.72723  -0.17968  -0.08833
   6000.  0.00  -5.20654  -4.59200  -3.52746  -3.05322  -2.43745  -1.66580  -1.53499  -1.28547  -1.03117  -0.78321  -0.63160  -0.17299  -0.07555
   6000.  0.50  -4.85312  -4.26839  -3.28008  -2.88109  -2.28481  -1.68504  -1.56462  -1.31033  -1.05082  -0.79763  -0.64312  -0.17581  -0.08263
   6000.  1.00  -4.46824  -3.92744  -3.02295  -2.69360  -2.12682  -1.70040  -1.59463  -1.33661  -1.07254  -0.81443  -0.65720  -0.18174  -0.09188
   6000.  1.50  -4.09718  -3.60272  -2.77839  -2.50858  -1.97595  -1.71677  -1.62765  -1.36522  -1.09624  -0.83321  -0.67331  -0.19010  -0.10250
   6000.  2.00  -3.76904  -3.31501  -2.55910  -2.33737  -1.83881  -1.73479  -1.66340  -1.39577  -1.12154  -0.85358  -0.69107  -0.20053  -0.11430
   6000.  2.50  -3.49907  -3.07573  -2.37224  -2.18697  -1.71789  -1.75328  -1.70016  -1.42685  -1.14728  -0.87453  -0.70956  -0.21215  -0.12658
   6000.  3.00  -3.29693  -2.89337  -2.22336  -2.06284  -1.61367  -1.77101  -1.73602  -1.45654  -1.17152  -0.89426  -0.72700  -0.22350  -0.13804
   6000.  3.50  -3.16462  -2.77046  -2.11629  -1.96945  -1.52773  -1.78592  -1.76784  -1.48207  -1.19188  -0.91069  -0.74145  -0.23281  -0.14721
   6000.  4.00  -3.10345  -2.71078  -2.05680  -1.91245  -1.46315  -1.79762  -1.79344  -1.50100  -1.20566  -0.92097  -0.74999  -0.23741  -0.15161
   6000.  4.50  -3.10594  -2.70930  -2.04457  -1.89372  -1.42475  -1.80784  -1.81222  -1.51215  -1.21118  -0.92306  -0.75035  -0.23479  -0.14891
   6000.  5.00  -3.15012  -2.74702  -2.06694  -1.90469  -1.41065  -1.81889  -1.82558  -1.51712  -1.21005  -0.91839  -0.74388  -0.22544  -0.13966
   6250.  0.50  -4.47799  -3.97028  -3.10489  -2.75608  -2.24566  -1.55026  -1.44285  -1.22940  -1.00610  -0.78310  -0.64496  -0.22042  -0.12796
   6250.  1.00  -4.13366  -3.66623  -2.87523  -2.58839  -2.10082  -1.58108  -1.48157  -1.25904  -1.02723  -0.79710  -0.65496  -0.22035  -0.13248
   6250.  1.50  -3.79825  -3.37087  -2.64976  -2.41603  -1.95614  -1.60857  -1.52108  -1.29108  -1.05179  -0.81490  -0.66896  -0.22447  -0.14012
   6250.  2.00  -3.49676  -3.10282  -2.44090  -2.25063  -1.81904  -1.63586  -1.56308  -1.32558  -1.07894  -0.83548  -0.68594  -0.23198  -0.15003
   6250.  2.50  -3.24246  -2.87311  -2.25637  -2.09985  -1.69365  -1.66236  -1.60646  -1.36142  -1.10762  -0.85788  -0.70496  -0.24208  -0.16153
   6250.  3.00  -3.04290  -2.68834  -2.10085  -1.96879  -1.58168  -1.68694  -1.64930  -1.39674  -1.13608  -0.88045  -0.72444  -0.25352  -0.17355
   6250.  3.50  -2.90077  -2.55200  -1.97844  -1.86186  -1.48453  -1.70781  -1.68872  -1.42891  -1.16191  -0.90109  -0.74240  -0.26458  -0.18466
   6250.  4.00  -2.82017  -2.47007  -1.89602  -1.78488  -1.40354  -1.72333  -1.72214  -1.45525  -1.18235  -0.91697  -0.75597  -0.27246  -0.19233
   6250.  4.50  -2.79498  -2.43834  -1.85339  -1.73980  -1.34322  -1.73372  -1.74740  -1.47369  -1.19538  -0.92614  -0.76321  -0.27539  -0.19499
   6250.  5.00  -2.81874  -2.45280  -1.85037  -1.72783  -1.30726  -1.74179  -1.76487  -1.48378  -1.19985  -0.92695  -0.76219  -0.27108  -0.19055
   6500.  0.50  -4.16999  -3.73160  -2.97073  -2.65589  -2.22261  -1.42196  -1.32905  -1.15840  -0.97253  -0.77922  -0.65746  -0.27303  -0.18006
   6500.  1.00  -3.86536  -3.46145  -2.76587  -2.50877  -2.09113  -1.47213  -1.37806  -1.19005  -0.98985  -0.78694  -0.65982  -0.26514  -0.17789
   6500.  1.50  -3.56343  -3.19262  -2.55795  -2.35005  -1.95421  -1.51224  -1.42448  -1.22434  -1.01320  -0.80167  -0.66966  -0.26365  -0.18125
   6500.  2.00  -3.28680  -2.94293  -2.35931  -2.19188  -1.81940  -1.54810  -1.47145  -1.26146  -1.04086  -0.82129  -0.68470  -0.26725  -0.18847
   6500.  2.50  -3.04645  -2.72166  -2.17710  -2.04198  -1.69149  -1.58228  -1.52006  -1.30075  -1.07125  -0.84406  -0.70320  -0.27484  -0.19844
   6500.  3.00  -2.85036  -2.53615  -2.01699  -1.90625  -1.57338  -1.61378  -1.56880  -1.34058  -1.10274  -0.86833  -0.72356  -0.28514  -0.21006
   6500.  3.50  -2.70143  -2.39028  -1.88351  -1.78946  -1.46730  -1.64090  -1.61508  -1.37844  -1.13299  -0.89212  -0.74392  -0.29662  -0.22199
   6500.  4.00  -2.60264  -2.28839  -1.78174  -1.69628  -1.37436  -1.66195  -1.65633  -1.41189  -1.15958  -0.91303  -0.76188  -0.30699  -0.23226
   6500.  4.50  -2.55476  -2.23221  -1.71500  -1.63060  -1.29777  -1.67598  -1.68953  -1.43795  -1.17963  -0.92829  -0.77469  -0.31382  -0.23876
   6500.  5.00  -2.55442  -2.22116  -1.68648  -1.59617  -1.24201  -1.68434  -1.71360  -1.45502  -1.19102  -0.93552  -0.77982  -0.31444  -0.23905
   6750.  0.50  -3.88413  -3.51015  -2.84591  -2.56162  -2.19644  -1.32280  -1.24273  -1.10214  -0.94569  -0.77811  -0.67148  -0.32600  -0.23201
   6750.  1.00  -3.64676  -3.29659  -2.68016  -2.44296  -2.08693  -1.36582  -1.27966  -1.12903  -0.96227  -0.78644  -0.67445  -0.31713  -0.22955
   6750.  1.50  -3.37463  -3.05159  -2.48899  -2.29911  -1.95930  -1.42174  -1.33471  -1.16464  -0.98165  -0.79507  -0.67700  -0.30851  -0.22687
   6750.  2.00  -3.12006  -2.81840  -2.30064  -2.14983  -1.82938  -1.46847  -1.38752  -1.20340  -1.00777  -0.81157  -0.68793  -0.30686  -0.23013
   6750.  2.50  -2.89346  -2.60619  -2.12248  -2.00323  -1.70195  -1.51014  -1.44027  -1.24482  -1.03846  -0.83332  -0.70454  -0.31081  -0.23768
   6750.  3.00  -2.70131  -2.42125  -1.95987  -1.86520  -1.58030  -1.54835  -1.49374  -1.28787  -1.07167  -0.85817  -0.72467  -0.31884  -0.24796
   6750.  3.50  -2.54708  -2.26799  -1.81802  -1.74125  -1.46778  -1.58190  -1.54576  -1.33038  -1.10528  -0.88415  -0.74643  -0.32965  -0.25983
   6750.  4.00  -2.43500  -2.15151  -1.70203  -1.63618  -1.36576  -1.60919  -1.59402  -1.36986  -1.13676  -0.90873  -0.76733  -0.34097  -0.27139
   6750.  4.50  -2.36882  -2.07607  -1.61668  -1.55466  -1.27682  -1.62860  -1.63536  -1.40320  -1.16304  -0.92907  -0.78456  -0.35033  -0.28048
   6750.  5.00  -2.34429  -2.04008  -1.56451  -1.49998  -1.20517  -1.63996  -1.66734  -1.42807  -1.18187  -0.94298  -0.79598  -0.35556  -0.28519
   7000.  0.50  -3.59672  -3.28241  -2.71089  -2.45925  -2.15540  -1.25112  -1.18405  -1.06273  -0.92730  -0.77999  -0.68604  -0.37632  -0.28162
   7000.  1.00  -3.43702  -3.13509  -2.59177  -2.37402  -2.07319  -1.28344  -1.20666  -1.08228  -0.94160  -0.78892  -0.69072  -0.36913  -0.28075
   7000.  1.50  -3.21954  -2.93569  -2.43182  -2.25428  -1.96348  -1.33242  -1.24891  -1.11214  -0.95938  -0.79773  -0.69370  -0.35997  -0.27827
   7000.  2.00  -2.98310  -2.71699  -2.25446  -2.11575  -1.84087  -1.39322  -1.30919  -1.15151  -0.98116  -0.80797  -0.69731  -0.35159  -0.27596
   7000.  2.50  -2.76895  -2.51378  -2.08207  -1.97476  -1.71706  -1.44413  -1.36687  -1.19412  -1.01013  -0.82666  -0.70995  -0.35053  -0.27974
   7000.  3.00  -2.58187  -2.33141  -1.91998  -1.83759  -1.59544  -1.48891  -1.42392  -1.23911  -1.04366  -0.85069  -0.72846  -0.35527  -0.28782
   7000.  3.50  -2.42455  -2.17365  -1.77309  -1.70965  -1.47945  -1.52870  -1.48056  -1.28495  -1.07928  -0.87756  -0.75034  -0.36423  -0.29870
   7000.  4.00  -2.30289  -2.04662  -1.64679  -1.59606  -1.37102  -1.56237  -1.53474  -1.32928  -1.11438  -0.90467  -0.77301  -0.37529  -0.31054
   7000.  4.50  -2.22131  -1.95524  -1.54641  -1.50192  -1.27272  -1.58782  -1.58350  -1.36913  -1.14605  -0.92924  -0.79378  -0.38612  -0.32126
   7000.  5.00  -2.17658  -1.89851  -1.47480  -1.43084  -1.18887  -1.60415  -1.62361  -1.40156  -1.17168  -0.94894  -0.81041  -0.39466  -0.32926
   7250.  0.50  -3.29333  -3.03302  -2.55125  -2.33775  -2.08986  -1.20703  -1.15347  -1.04196  -0.91953  -0.78661  -0.70238  -0.42323  -0.32908
   7250.  1.00  -3.22045  -2.96196  -2.48856  -2.29325  -2.04297  -1.22419  -1.15845  -1.05136  -0.92960  -0.79512  -0.70843  -0.41954  -0.33065
   7250.  1.50  -3.06292  -2.81423  -2.36556  -2.20148  -1.95531  -1.26419  -1.18686  -1.07346  -0.94417  -0.80365  -0.71230  -0.41169  -0.32968
   7250.  2.00  -2.86880  -2.63176  -2.21381  -2.08359  -1.84792  -1.31870  -1.23444  -1.10660  -0.96358  -0.81346  -0.71581  -0.40253  -0.32732
   7250.  2.50  -2.66370  -2.43640  -2.04906  -1.95065  -1.73092  -1.38136  -1.29841  -1.14919  -0.98799  -0.82588  -0.72126  -0.39513  -0.32585
   7250.  3.00  -2.48116  -2.25717  -1.88981  -1.81699  -1.61287  -1.43423  -1.35959  -1.19498  -1.01973  -0.84693  -0.73596  -0.39520  -0.33045
   7250.  3.50  -2.32377  -2.09813  -1.74113  -1.68816  -1.49659  -1.48055  -1.41975  -1.24270  -1.05562  -0.87304  -0.75631  -0.40096  -0.33919
   7250.  4.00  -2.19593  -1.96422  -1.60829  -1.56946  -1.38486  -1.52025  -1.47862  -1.29062  -1.09309  -0.90145  -0.77954  -0.41064  -0.35028
   7250.  4.50  -2.10219  -1.86034  -1.49641  -1.46594  -1.28028  -1.55188  -1.53370  -1.33581  -1.12898  -0.92915  -0.80271  -0.42175  -0.36168
   7250.  5.00  -2.04128  -1.78716  -1.40956  -1.38206  -1.18729  -1.57416  -1.58143  -1.37504  -1.16037  -0.95356  -0.82337  -0.43232  -0.37181
   7500.  0.50  -2.93964  -2.72800  -2.33738  -2.17433  -1.97918  -1.20846  -1.16883  -1.05099  -0.92733  -0.79839  -0.71801  -0.46098  -0.37029
   7500.  1.00  -2.99375  -2.77253  -2.36459  -2.19569  -1.99232  -1.18559  -1.13332  -1.03748  -0.92907  -0.80811  -0.73049  -0.46894  -0.38047
   7500.  1.50  -2.89566  -2.67779  -2.28204  -2.13463  -1.93060  -1.21650  -1.14910  -1.05120  -0.93882  -0.81451  -0.73351  -0.46239  -0.38023
   7500.  2.00  -2.74933  -2.53789  -2.16180  -2.04143  -1.84229  -1.26200  -1.18259  -1.07610  -0.95450  -0.82363  -0.73760  -0.45451  -0.37939
   7500.  2.50  -2.57630  -2.37172  -2.01930  -1.92709  -1.73899  -1.31969  -1.23414  -1.11177  -0.97536  -0.83456  -0.74198  -0.44601  -0.37755
   7500.  3.00  -2.39486  -2.19417  -1.86448  -1.79885  -1.62738  -1.38289  -1.30037  -1.15657  -1.00173  -0.84877  -0.74902  -0.43958  -0.37683
   7500.  3.50  -2.23829  -2.03539  -1.71680  -1.67196  -1.51434  -1.43601  -1.36409  -1.20495  -1.03595  -0.87204  -0.76573  -0.44083  -0.38210
   7500.  4.00  -2.10685  -1.89745  -1.58068  -1.55130  -1.40270  -1.48182  -1.42644  -1.25484  -1.07391  -0.90006  -0.78786  -0.44778  -0.39137
   7500.  4.50  -2.00414  -1.78446  -1.46086  -1.44164  -1.29500  -1.51978  -1.48632  -1.30383  -1.11247  -0.92946  -0.81203  -0.45792  -0.40241
   7500.  5.00  -1.93041  -1.69850  -1.36239  -1.34821  -1.19574  -1.54826  -1.54072  -1.34879  -1.14850  -0.95744  -0.83556  -0.46931  -0.41360
   7750.  1.00  -2.75077  -2.56060  -2.21378  -2.07634  -1.91697  -1.17221  -1.13581  -1.04394  -0.94209  -0.82892  -0.75717  -0.51630  -0.42973
   7750.  1.50  -2.72053  -2.52848  -2.18148  -2.05369  -1.88958  -1.18600  -1.13194  -1.04514  -0.94542  -0.83330  -0.76052  -0.51375  -0.43211
   7750.  2.00  -2.61687  -2.42761  -2.09233  -1.98516  -1.82167  -1.22542  -1.15477  -1.06222  -0.95578  -0.83937  -0.76264  -0.50621  -0.43144
   7750.  2.50  -2.48229  -2.29705  -1.97728  -1.89301  -1.73498  -1.27530  -1.19230  -1.08935  -0.97234  -0.84913  -0.76712  -0.49861  -0.43085
   7750.  3.00  -2.32521  -2.14346  -1.84251  -1.78177  -1.63598  -1.33430  -1.24690  -1.12680  -0.99405  -0.86065  -0.77193  -0.49046  -0.42900
   7750.  3.50  -2.16384  -1.98142  -1.69630  -1.65772  -1.52909  -1.39513  -1.31373  -1.17290  -1.02209  -0.87658  -0.78065  -0.48507  -0.42877
   7750.  4.00  -2.03036  -1.84120  -1.55922  -1.53735  -1.42020  -1.44696  -1.37888  -1.22303  -1.05820  -0.90168  -0.79912  -0.48748  -0.43454
   7750.  4.50  -1.92114  -1.72200  -1.43498  -1.42485  -1.31292  -1.49089  -1.44228  -1.27422  -1.09761  -0.93115  -0.82266  -0.49543  -0.44413
   7750.  5.00  -1.83791  -1.62667  -1.32832  -1.32497  -1.21052  -1.52548  -1.50199  -1.32350  -1.13683  -0.96138  -0.84777  -0.50642  -0.45524
   8000.  1.00  -2.48597  -2.31982  -2.02860  -1.92788  -1.80943  -1.19046  -1.17240  -1.07574  -0.97178  -0.85901  -0.78857  -0.55989  -0.47752
   8000.  1.50  -2.53722  -2.36662  -2.06425  -1.95878  -1.83187  -1.17406  -1.13535  -1.05525  -0.96389  -0.86008  -0.79329  -0.56548  -0.48538
   8000.  2.00  -2.47831  -2.30801  -2.01046  -1.91841  -1.78898  -1.20350  -1.14490  -1.06306  -0.96856  -0.86339  -0.79422  -0.55978  -0.48576
   8000.  2.50  -2.37683  -2.20837  -1.92091  -1.84706  -1.71954  -1.24795  -1.17303  -1.08316  -0.98020  -0.87017  -0.79667  -0.55215  -0.48505
   8000.  3.00  -2.25213  -2.08601  -1.81102  -1.75639  -1.63524  -1.29994  -1.21373  -1.11213  -0.99757  -0.88051  -0.80152  -0.54475  -0.48431
   8000.  3.50  -2.10562  -1.94019  -1.68062  -1.64617  -1.53922  -1.35888  -1.27086  -1.15063  -1.01925  -0.89165  -0.80579  -0.53623  -0.48169
   8000.  4.00  -1.96309  -1.79277  -1.54191  -1.52588  -1.43547  -1.41614  -1.33712  -1.19724  -1.04845  -0.90894  -0.81590  -0.53162  -0.48161
   8000.  4.50  -1.84941  -1.66931  -1.41536  -1.41248  -1.33084  -1.46494  -1.40254  -1.24838  -1.08607  -0.93572  -0.83610  -0.53537  -0.48779
   8000.  5.00  -1.75919  -1.56717  -1.30332  -1.30884  -1.22832  -1.50527  -1.46606  -1.30017  -1.12649  -0.96633  -0.86091  -0.54445  -0.49759
   8250.  1.00  -2.20765  -2.05566  -1.80907  -1.74749  -1.66782  -1.23814  -1.24393  -1.13749  -1.02484  -0.90501  -0.83080  -0.60223  -0.52765
   8250.  1.50  -2.34888  -2.19477  -1.93170  -1.85019  -1.75755  -1.18024  -1.15999  -1.08212  -0.99458  -0.89480  -0.83146  -0.61657  -0.53887
   8250.  2.00  -2.33548  -2.18000  -1.91590  -1.84049  -1.74329  -1.19549  -1.15298  -1.07863  -0.99276  -0.89530  -0.83174  -0.61402  -0.54121
   8250.  2.50  -2.26585  -2.11103  -1.85296  -1.79119  -1.69333  -1.23393  -1.17087  -1.09103  -0.99904  -0.89895  -0.83221  -0.60720  -0.54107
   8250.  3.00  -2.16687  -2.01351  -1.76461  -1.71873  -1.62416  -1.28229  -1.20293  -1.11320  -1.01129  -0.90606  -0.83470  -0.59951  -0.54026
   8250.  3.50  -2.04922  -1.89738  -1.65925  -1.62955  -1.54247  -1.33537  -1.24613  -1.14338  -1.02892  -0.91656  -0.83960  -0.59223  -0.53918
   8250.  4.00  -1.91047  -1.75677  -1.53102  -1.51885  -1.44831  -1.39143  -1.30436  -1.18183  -1.04982  -0.92670  -0.84285  -0.58302  -0.53512
   8250.  4.50  -1.78690  -1.62457  -1.40032  -1.40310  -1.34710  -1.44307  -1.36887  -1.22854  -1.08033  -0.94565  -0.85474  -0.57949  -0.53510
   8250.  5.00  -1.69091  -1.51688  -1.28455  -1.29725  -1.24641  -1.48790  -1.43399  -1.28016  -1.11901  -0.97375  -0.87644  -0.58454  -0.54168
   8500.  1.50  -2.16180  -2.01926  -1.78873  -1.73163  -1.66923  -1.20463  -1.20358  -1.12460  -1.03710  -0.93771  -0.87536  -0.66785  -0.59393
   8500.  2.00  -2.19118  -2.04745  -1.81280  -1.75480  -1.68661  -1.20201  -1.17673  -1.10684  -1.02647  -0.93387  -0.87412  -0.66885  -0.59801
   8500.  2.50  -2.15179  -2.00819  -1.77664  -1.72788  -1.65771  -1.23236  -1.18348  -1.11107  -1.02739  -0.93459  -0.87307  -0.66346  -0.59871
   8500.  3.00  -2.07761  -1.93517  -1.71040  -1.67422  -1.60540  -1.27605  -1.20691  -1.12654  -1.03478  -0.93876  -0.87363  -0.65622  -0.59816
   8500.  3.50  -1.98153  -1.84041  -1.62410  -1.60146  -1.53739  -1.32538  -1.24168  -1.15026  -1.04769  -0.94639  -0.87650  -0.64871  -0.59698
   8500.  4.00  -1.86831  -1.72764  -1.52059  -1.51180  -1.45691  -1.37732  -1.28717  -1.18135  -1.06519  -0.95641  -0.88076  -0.64093  -0.59464
   8500.  4.50  -1.73773  -1.59134  -1.39178  -1.39848  -1.36184  -1.42806  -1.34490  -1.21896  -1.08503  -0.96525  -0.88269  -0.63035  -0.58855
   8500.  5.00  -1.63157  -1.47446  -1.27081  -1.28921  -1.26369  -1.47467  -1.40794  -1.26587  -1.11692  -0.98610  -0.89671  -0.62846  -0.58917
   8750.  1.50  -1.99146  -1.85688  -1.65168  -1.61638  -1.58051  -1.23904  -1.25832  -1.17781  -1.08928  -0.98868  -0.92611  -0.72148  -0.65213
   8750.  2.00  -2.05338  -1.91916  -1.70991  -1.66847  -1.62593  -1.21941  -1.21263  -1.14545  -1.06863  -0.97885  -0.92163  -0.72493  -0.65635
   8750.  2.50  -2.04057  -1.90629  -1.69806  -1.66185  -1.61661  -1.23957  -1.20787  -1.14135  -1.06430  -0.97675  -0.91929  -0.72128  -0.65784
   8750.  3.00  -1.98867  -1.85515  -1.65176  -1.62530  -1.58041  -1.27760  -1.22277  -1.15035  -1.06716  -0.97812  -0.91803  -0.71464  -0.65767
   8750.  3.50  -1.91138  -1.77927  -1.58305  -1.56802  -1.52644  -1.32431  -1.25023  -1.16809  -1.07537  -0.98267  -0.91860  -0.70704  -0.65661
   8750.  4.00  -1.81621  -1.68523  -1.49690  -1.49369  -1.45839  -1.37443  -1.28765  -1.19308  -1.08842  -0.99026  -0.92124  -0.69919  -0.65458
   8750.  4.50  -1.70341  -1.57087  -1.39031  -1.39967  -1.37635  -1.42463  -1.33585  -1.22458  -1.10461  -0.99822  -0.92315  -0.68943  -0.64957
   8750.  5.00  -1.58287  -1.44156  -1.26331  -1.28594  -1.28067  -1.46812  -1.39144  -1.26106  -1.12414  -1.00695  -0.92518  -0.67863  -0.64222
   9000.  1.50  -1.84525  -1.71624  -1.52980  -1.51296  -1.50000  -1.27843  -1.31649  -1.23525  -1.14610  -1.04438  -0.98143  -0.77822  -0.71385
   9000.  2.00  -1.92662  -1.80016  -1.61262  -1.58677  -1.56767  -1.24684  -1.25755  -1.19185  -1.11709  -1.02874  -0.97301  -0.78226  -0.71650
   9000.  2.50  -1.93461  -1.80817  -1.62067  -1.59675  -1.57427  -1.25708  -1.24264  -1.18025  -1.10795  -1.02394  -0.96942  -0.78021  -0.71848
   9000.  3.00  -1.90139  -1.77558  -1.59153  -1.57483  -1.55187  -1.28875  -1.24920  -1.18303  -1.10663  -1.02282  -0.96669  -0.77440  -0.71877
   9000.  3.50  -1.84105  -1.71664  -1.53867  -1.53146  -1.51093  -1.33183  -1.26957  -1.19509  -1.11050  -1.02454  -0.96523  -0.76685  -0.71778
   9000.  4.00  -1.76091  -1.63809  -1.46750  -1.47054  -1.45507  -1.38014  -1.30035  -1.21455  -1.11910  -1.02923  -0.96568  -0.75873  -0.71566
   9000.  4.50  -1.66652  -1.54427  -1.38055  -1.39383  -1.38586  -1.42921  -1.34079  -1.24104  -1.13247  -1.03671  -0.96799  -0.75027  -0.71202
   9000.  5.00  -1.55314  -1.42525  -1.26606  -1.29117  -1.29889  -1.47167  -1.38875  -1.27072  -1.14577  -1.04084  -0.96588  -0.73696  -0.70258
   9250.  2.00  -1.81458  -1.69469  -1.52546  -1.51353  -1.51571  -1.28010  -1.30686  -1.24232  -1.16908  -1.08167  -1.02695  -0.84063  -0.77800
   9250.  2.50  -1.83724  -1.71793  -1.54919  -1.53694  -1.53572  -1.28282  -1.28445  -1.22505  -1.15622  -1.07471  -1.02234  -0.84000  -0.78030
   9250.  3.00  -1.81878  -1.69987  -1.53360  -1.52641  -1.52405  -1.30813  -1.28421  -1.22282  -1.15166  -1.07171  -1.01866  -0.83509  -0.78091
   9250.  3.50  -1.77325  -1.65541  -1.49387  -1.49433  -1.49343  -1.34616  -1.29794  -1.22981  -1.15199  -1.07116  -1.01571  -0.82778  -0.77987
   9250.  4.00  -1.70702  -1.59075  -1.43569  -1.44494  -1.44824  -1.39088  -1.32210  -1.24397  -1.15655  -1.07309  -1.01409  -0.81940  -0.77750
   9250.  4.50  -1.62499  -1.50999  -1.36183  -1.38009  -1.38976  -1.43843  -1.35603  -1.26520  -1.16574  -1.07793  -1.01439  -0.81065  -0.77392
   9250.  5.00  -1.52890  -1.41275  -1.27009  -1.29766  -1.31701  -1.48378  -1.39837  -1.29190  -1.17804  -1.08364  -1.01468  -0.80028  -0.76756
   9500.  2.00  -1.71688  -1.60263  -1.44874  -1.44886  -1.47001  -1.31588  -1.35763  -1.29431  -1.22253  -1.13601  -1.08219  -0.89950  -0.84003
   9500.  2.50  -1.75035  -1.63739  -1.48516  -1.48351  -1.50190  -1.31339  -1.33031  -1.27338  -1.20739  -1.12778  -1.07710  -0.90010  -0.84248
   9500.  3.00  -1.74387  -1.63125  -1.48109  -1.48276  -1.49974  -1.33310  -1.32504  -1.26760  -1.20080  -1.12376  -1.07318  -0.89642  -0.84356
   9500.  3.50  -1.71023  -1.59832  -1.45191  -1.45966  -1.47736  -1.36609  -1.33326  -1.27057  -1.19853  -1.12162  -1.06934  -0.88970  -0.84278
   9500.  4.00  -1.65539  -1.54481  -1.40398  -1.41928  -1.44036  -1.40724  -1.35152  -1.28005  -1.19953  -1.12111  -1.06588  -0.88114  -0.84032
   9500.  4.50  -1.58377  -1.47492  -1.34087  -1.36426  -1.39100  -1.45313  -1.37939  -1.29612  -1.20445  -1.12302  -1.06387  -0.87191  -0.83656
   9500.  5.00  -1.49871  -1.39057  -1.26279  -1.29432  -1.32885  -1.49949  -1.41667  -1.31883  -1.21368  -1.12736  -1.06340  -0.86209  -0.83106
   9750.  2.00  -1.63192  -1.52264  -1.38179  -1.39231  -1.43034  -1.35284  -1.40842  -1.34644  -1.27618  -1.19067  -1.13774  -0.95842  -0.90205
   9750.  2.50  -1.67267  -1.56543  -1.42779  -1.43579  -1.47219  -1.34737  -1.37823  -1.32339  -1.25978  -1.18178  -1.13252  -0.96007  -0.90472
   9750.  3.00  -1.67550  -1.56877  -1.43346  -1.44350  -1.47878  -1.36296  -1.36952  -1.31528  -1.25200  -1.17730  -1.12872  -0.95770  -0.90639
   9750.  3.50  -1.65149  -1.54530  -1.41328  -1.42817  -1.46383  -1.39187  -1.37362  -1.31537  -1.24806  -1.17427  -1.12456  -0.95189  -0.90617
   9750.  4.00  -1.60639  -1.50122  -1.37393  -1.39525  -1.43350  -1.42954  -1.38723  -1.32128  -1.24653  -1.17211  -1.12000  -0.94355  -0.90387
   9750.  4.50  -1.54401  -1.44048  -1.31940  -1.34789  -1.39103  -1.47285  -1.40965  -1.33290  -1.24792  -1.17154  -1.11604  -0.93385  -0.89980
   9750.  5.00  -1.46759  -1.36559  -1.25121  -1.28705  -1.33730  -1.51814  -1.44141  -1.35092  -1.25327  -1.17334  -1.11361  -0.92369  -0.89417
  10000.  2.00  -1.55794  -1.45312  -1.32368  -1.34318  -1.39642  -1.39019  -1.45876  -1.39822  -1.32954  -1.24514  -1.19313  -1.01710  -0.96368
  10000.  2.50  -1.60376  -1.50168  -1.37686  -1.39347  -1.44619  -1.38316  -1.42699  -1.37405  -1.31257  -1.23605  -1.18805  -1.01966  -0.96664
  10000.  3.00  -1.61376  -1.51247  -1.39062  -1.40843  -1.46067  -1.39607  -1.41610  -1.36452  -1.30420  -1.23149  -1.18462  -1.01860  -0.96897
  10000.  3.50  -1.59779  -1.49702  -1.37838  -1.40003  -1.45269  -1.42175  -1.41722  -1.36265  -1.29930  -1.22812  -1.18058  -1.01388  -0.96943
  10000.  4.00  -1.56101  -1.46110  -1.34674  -1.37385  -1.42864  -1.45626  -1.42728  -1.36600  -1.29619  -1.22506  -1.17561  -1.00615  -0.96753
  10000.  4.50  -1.50721  -1.40866  -1.29977  -1.33312  -1.39191  -1.49652  -1.44527  -1.37423  -1.29514  -1.22285  -1.17048  -0.99642  -0.96334
  10000.  5.00  -1.43855  -1.34169  -1.23923  -1.27919  -1.34439  -1.53943  -1.47167  -1.38790  -1.29700  -1.22223  -1.16613  -0.98570  -0.95728
  10250.  2.00  -1.49322  -1.39246  -1.27333  -1.30068  -1.36797  -1.42758  -1.50842  -1.44937  -1.38232  -1.29913  -1.24807  -1.07528  -1.02462
  10250.  2.50  -1.54271  -1.44529  -1.33187  -1.35616  -1.42376  -1.41993  -1.47587  -1.42472  -1.36523  -1.29014  -1.24331  -1.07869  -1.02798
  10250.  3.00  -1.55839  -1.46209  -1.35233  -1.37722  -1.44499  -1.43108  -1.46376  -1.41453  -1.35680  -1.28586  -1.24047  -1.07884  -1.03096
  10250.  3.50  -1.54916  -1.45343  -1.34704  -1.37498  -1.44347  -1.45411  -1.46288  -1.41146  -1.35152  -1.28254  -1.23688  -1.07529  -1.03209
  10250.  4.00  -1.51988  -1.42484  -1.32242  -1.35495  -1.42534  -1.48555  -1.47017  -1.41304  -1.34759  -1.27917  -1.23202  -1.06845  -1.03073
  10250.  4.50  -1.47383  -1.37989  -1.28230  -1.32026  -1.39400  -1.52296  -1.48468  -1.41878  -1.34500  -1.27604  -1.22638  -1.05912  -1.02684
  10250.  5.00  -1.41225  -1.31973  -1.22789  -1.27184  -1.35126  -1.56324  -1.50629  -1.42872  -1.34400  -1.27341  -1.22044  -1.04796  -1.02051
  10500.  2.00  -1.43631  -1.33930  -1.22972  -1.26401  -1.34457  -1.46485  -1.55742  -1.49989  -1.43450  -1.35257  -1.30248  -1.13288  -1.08479
  10500.  2.50  -1.48867  -1.39555  -1.29245  -1.32361  -1.40492  -1.45713  -1.52446  -1.47504  -1.41747  -1.34379  -1.29809  -1.13703  -1.08860
  10500.  3.00  -1.50876  -1.41708  -1.31823  -1.34959  -1.43164  -1.46730  -1.51173  -1.46463  -1.40925  -1.33994  -1.29591  -1.13828  -1.09222
  10500.  3.50  -1.50499  -1.41398  -1.31887  -1.35265  -1.43584  -1.48842  -1.50964  -1.46095  -1.40397  -1.33693  -1.29292  -1.13588  -1.09401
  10500.  4.00  -1.48190  -1.39152  -1.30035  -1.33803  -1.42324  -1.51738  -1.51493  -1.46133  -1.39964  -1.33356  -1.28841  -1.13004  -1.09329
  10500.  4.50  -1.44258  -1.35310  -1.26633  -1.30879  -1.39700  -1.55238  -1.52677  -1.46531  -1.39610  -1.32996  -1.28265  -1.12135  -1.08994
  10500.  5.00  -1.38731  -1.29904  -1.21759  -1.26547  -1.35881  -1.59071  -1.54479  -1.47249  -1.39311  -1.32600  -1.27573  -1.11019  -1.08372
  10750.  2.00  -1.38609  -1.29250  -1.19195  -1.23248  -1.32584  -1.50201  -1.60587  -1.54985  -1.48612  -1.40549  -1.35638  -1.18989  -1.14418
  10750.  2.50  -1.44088  -1.35173  -1.25818  -1.29549  -1.38963  -1.49443  -1.57267  -1.52496  -1.46925  -1.39696  -1.35236  -1.19468  -1.14842
  10750.  3.00  -1.46457  -1.37708  -1.28819  -1.32540  -1.42065  -1.50418  -1.55976  -1.51464  -1.46141  -1.39363  -1.35084  -1.19690  -1.15265
  10750.  3.50  -1.46535  -1.37870  -1.29384  -1.33298  -1.42977  -1.52383  -1.55693  -1.51070  -1.45639  -1.39109  -1.34855  -1.19559  -1.15507
  10750.  4.00  -1.44751  -1.36148  -1.28064  -1.32314  -1.42216  -1.55075  -1.56082  -1.51037  -1.45201  -1.38796  -1.34456  -1.19078  -1.15503
  10750.  4.50  -1.41410  -1.32886  -1.25227  -1.29898  -1.40094  -1.58345  -1.57049  -1.51300  -1.44792  -1.38421  -1.33898  -1.18292  -1.15231
  10750.  5.00  -1.36467  -1.28053  -1.20893  -1.26055  -1.36724  -1.61990  -1.58564  -1.51815  -1.44365  -1.37952  -1.33168  -1.17215  -1.14648
  11000.  2.00  -1.34153  -1.25116  -1.15934  -1.20552  -1.31140  -1.53901  -1.65368  -1.59920  -1.53713  -1.45782  -1.40971  -1.24628  -1.20280
  11000.  2.50  -1.39857  -1.31314  -1.22858  -1.27146  -1.37788  -1.53172  -1.62036  -1.57431  -1.52044  -1.44956  -1.40604  -1.25164  -1.20744
  11000.  3.00  -1.42512  -1.34163  -1.26202  -1.30458  -1.41227  -1.54134  -1.60746  -1.56421  -1.51304  -1.44675  -1.40514  -1.25469  -1.21224
  11000.  3.50  -1.42965  -1.34711  -1.27176  -1.31589  -1.42540  -1.56015  -1.60431  -1.56030  -1.50840  -1.44472  -1.40353  -1.25437  -1.21527
  11000.  4.00  -1.41606  -1.33418  -1.26301  -1.31005  -1.42210  -1.58544  -1.60720  -1.55952  -1.50412  -1.44191  -1.40009  -1.25053  -1.21585
  11000.  4.50  -1.38756  -1.30646  -1.23960  -1.29038  -1.40548  -1.61634  -1.61542  -1.56135  -1.49985  -1.43827  -1.39489  -1.24357  -1.21382
  11000.  5.00  -1.34375  -1.26358  -1.20142  -1.25663  -1.37617  -1.65112  -1.62842  -1.56512  -1.49490  -1.43332  -1.38760  -1.23343  -1.20852
  11250.  2.00  -1.30206  -1.21465  -1.13129  -1.18265  -1.30082  -1.57589  -1.70098  -1.64803  -1.58761  -1.50963  -1.46250  -1.30208  -1.26065
  11250.  2.50  -1.36107  -1.27912  -1.20316  -1.25112  -1.36940  -1.56889  -1.66752  -1.62313  -1.57106  -1.50158  -1.45912  -1.30790  -1.26564
  11250.  3.00  -1.39024  -1.31045  -1.23953  -1.28698  -1.40642  -1.57862  -1.65482  -1.61337  -1.56416  -1.49931  -1.45884  -1.31170  -1.27098
  11250.  3.50  -1.39779  -1.31908  -1.25256  -1.30130  -1.42275  -1.59689  -1.65157  -1.60961  -1.55994  -1.49780  -1.45787  -1.31223  -1.27457
  11250.  4.00  -1.38772  -1.30973  -1.24757  -1.29884  -1.42310  -1.62091  -1.65383  -1.60865  -1.55593  -1.49540  -1.45501  -1.30929  -1.27570
  11250.  4.50  -1.36351  -1.28634  -1.22858  -1.28319  -1.41064  -1.65019  -1.66102  -1.60999  -1.55172  -1.49203  -1.45031  -1.30325  -1.27431
  11250.  5.00  -1.32495  -1.24860  -1.19535  -1.25393  -1.38565  -1.68312  -1.67220  -1.61273  -1.54646  -1.48711  -1.44334  -1.29394  -1.26965
  11500.  2.00  -1.26698  -1.18230  -1.10721  -1.16333  -1.29367  -1.61263  -1.74774  -1.69628  -1.63750  -1.56084  -1.51470  -1.35724  -1.31775
  11500.  2.50  -1.32785  -1.24917  -1.18150  -1.23414  -1.36397  -1.60593  -1.71413  -1.67137  -1.62108  -1.55299  -1.51159  -1.36346  -1.32304
  11500.  3.00  -1.35934  -1.28305  -1.22041  -1.27235  -1.40308  -1.61586  -1.70165  -1.66196  -1.61465  -1.55122  -1.51186  -1.36792  -1.32887
  11500.  3.50  -1.36939  -1.29431  -1.23615  -1.28913  -1.42194  -1.63387  -1.69849  -1.65847  -1.61090  -1.55022  -1.51148  -1.36919  -1.33297
  11500.  4.00  -1.36227  -1.28798  -1.23430  -1.28953  -1.42534  -1.65694  -1.70043  -1.65752  -1.60723  -1.54826  -1.50919  -1.36705  -1.33459
  11500.  4.50  -1.34175  -1.26832  -1.21912  -1.27731  -1.41645  -1.68487  -1.70691  -1.65862  -1.60324  -1.54527  -1.50507  -1.36190  -1.33378
  11500.  5.00  -1.30774  -1.23512  -1.19039  -1.25213  -1.39539  -1.71593  -1.71666  -1.66063  -1.59792  -1.54053  -1.49852  -1.35341  -1.32972
  11750.  2.00  -1.23568  -1.15359  -1.08662  -1.14715  -1.28954  -1.64919  -1.79391  -1.74394  -1.68679  -1.61146  -1.56630  -1.41178  -1.37408
  11750.  2.50  -1.29838  -1.22279  -1.16319  -1.22015  -1.36134  -1.64279  -1.76019  -1.71904  -1.67050  -1.60381  -1.56346  -1.41835  -1.37965
  11750.  3.00  -1.33197  -1.25903  -1.20435  -1.26044  -1.40211  -1.65301  -1.74798  -1.71000  -1.66454  -1.60252  -1.56424  -1.42339  -1.38594
  11750.  3.50  -1.34429  -1.27267  -1.22243  -1.27936  -1.42297  -1.67094  -1.74506  -1.70686  -1.66127  -1.60202  -1.56441  -1.42532  -1.39049
  11750.  4.00  -1.33964  -1.26886  -1.22318  -1.28209  -1.42882  -1.69327  -1.74680  -1.70598  -1.65794  -1.60047  -1.56265  -1.42387  -1.39256
  11750.  4.50  -1.32230  -1.25239  -1.21120  -1.27277  -1.42290  -1.71997  -1.75279  -1.70700  -1.65427  -1.59789  -1.55907  -1.41949  -1.39222
  11750.  5.00  -1.29211  -1.22302  -1.18633  -1.25110  -1.40537  -1.74934  -1.76139  -1.70848  -1.64902  -1.59341  -1.55300  -1.41185  -1.38877
  12000.  2.50  -1.27216  -1.19949  -1.14781  -1.20878  -1.36116  -1.67942  -1.80569  -1.76613  -1.71932  -1.65401  -1.61469  -1.47255  -1.43548
  12000.  3.00  -1.30781  -1.23801  -1.19102  -1.25097  -1.40331  -1.69000  -1.79384  -1.75751  -1.71385  -1.65319  -1.61596  -1.47810  -1.44218
  12000.  3.50  -1.32225  -1.25391  -1.21124  -1.27182  -1.42583  -1.70800  -1.79122  -1.75476  -1.71106  -1.65319  -1.61666  -1.48063  -1.44717
  12000.  4.00  -1.31968  -1.25224  -1.21409  -1.27645  -1.43359  -1.72986  -1.79287  -1.75399  -1.70805  -1.65200  -1.61534  -1.47979  -1.44964
  12000.  4.50  -1.30476  -1.23825  -1.20469  -1.26946  -1.43010  -1.75565  -1.79863  -1.75505  -1.70469  -1.64978  -1.61225  -1.47607  -1.44971
  12000.  5.00  -1.27773  -1.21205  -1.18304  -1.25072  -1.41558  -1.78358  -1.80626  -1.75611  -1.69955  -1.64559  -1.60664  -1.46919  -1.44682
  12250.  2.50  -1.24884  -1.17896  -1.13503  -1.19975  -1.36321  -1.71579  -1.85056  -1.81256  -1.76747  -1.70354  -1.66526  -1.52605  -1.49051
  12250.  3.00  -1.28648  -1.21968  -1.18022  -1.24377  -1.40659  -1.72676  -1.83910  -1.80439  -1.76250  -1.70322  -1.66704  -1.53211  -1.49762
  12250.  3.50  -1.30286  -1.23763  -1.20229  -1.26629  -1.43041  -1.74487  -1.83682  -1.80206  -1.76021  -1.70369  -1.66823  -1.53515  -1.50300
  12250.  4.00  -1.30217  -1.23792  -1.20700  -1.27258  -1.43971  -1.76633  -1.83853  -1.80150  -1.75756  -1.70289  -1.66734  -1.53484  -1.50580
  12250.  4.50  -1.28928  -1.22600  -1.19969  -1.26746  -1.43814  -1.79134  -1.84413  -1.80264  -1.75452  -1.70101  -1.66467  -1.53168  -1.50623
  12250.  5.00  -1.26514  -1.20266  -1.18085  -1.25127  -1.42617  -1.81797  -1.85107  -1.80347  -1.74958  -1.69713  -1.65953  -1.52550  -1.50381
  12500.  2.50  -1.22822  -1.16095  -1.12460  -1.19283  -1.36714  -1.75187  -1.89484  -1.85839  -1.81499  -1.75244  -1.71518  -1.57884  -1.54475
  12500.  3.00  -1.26773  -1.20378  -1.17165  -1.23856  -1.41164  -1.76321  -1.88376  -1.85065  -1.81050  -1.75259  -1.71744  -1.58537  -1.55225
  12500.  3.50  -1.28586  -1.22360  -1.19535  -1.26256  -1.43653  -1.78153  -1.88186  -1.84875  -1.80868  -1.75349  -1.71907  -1.58887  -1.55798
  12500.  4.00  -1.28685  -1.22563  -1.20164  -1.27026  -1.44703  -1.80278  -1.88371  -1.84843  -1.80639  -1.75305  -1.71857  -1.58900  -1.56109
  12500.  4.50  -1.27563  -1.21544  -1.19607  -1.26669  -1.44704  -1.82724  -1.88922  -1.84966  -1.80362  -1.75148  -1.71628  -1.58636  -1.56185
  12500.  5.00  -1.25378  -1.19440  -1.17949  -1.25256  -1.43713  -1.85285  -1.89574  -1.85040  -1.79890  -1.74788  -1.71154  -1.58076  -1.55981
  12750.  2.50  -1.20998  -1.14517  -1.11618  -1.18768  -1.37265  -1.78764  -1.93856  -1.90361  -1.86186  -1.80066  -1.76440  -1.63087  -1.59816
  12750.  3.00  -1.25134  -1.19008  -1.16507  -1.23513  -1.41829  -1.79942  -1.92788  -1.89632  -1.85788  -1.80130  -1.76718  -1.63789  -1.60608
  12750.  3.50  -1.27101  -1.21157  -1.19022  -1.26043  -1.44403  -1.81792  -1.92633  -1.89481  -1.85649  -1.80262  -1.76921  -1.64180  -1.61211
  12750.  4.00  -1.27355  -1.21522  -1.19795  -1.26941  -1.45552  -1.83897  -1.92836  -1.89478  -1.85456  -1.80252  -1.76909  -1.64235  -1.61550
  12750.  4.50  -1.26397  -1.20669  -1.19391  -1.26720  -1.45680  -1.86295  -1.93385  -1.89614  -1.85210  -1.80127  -1.76715  -1.64014  -1.61654
  12750.  5.00  -1.24411  -1.18768  -1.17938  -1.25492  -1.44872  -1.88752  -1.94001  -1.89685  -1.84767  -1.79799  -1.76283  -1.63508  -1.61483
  13000.  2.50  -1.19369  -1.13126  -1.10947  -1.18404  -1.37949  -1.82301  -1.98160  -1.94812  -1.90800  -1.84813  -1.81287  -1.68214  -1.65073
  13000.  3.00  -1.23699  -1.17830  -1.16026  -1.23330  -1.42637  -1.83530  -1.97135  -1.94135  -1.90459  -1.84935  -1.81623  -1.68969  -1.65912
  13000.  3.50  -1.25807  -1.20136  -1.18677  -1.25982  -1.45290  -1.85400  -1.97017  -1.94024  -1.90363  -1.85106  -1.81866  -1.69398  -1.66546
  13000.  4.00  -1.26205  -1.20654  -1.19581  -1.26996  -1.46520  -1.87500  -1.97244  -1.94051  -1.90207  -1.85131  -1.81889  -1.69489  -1.66911
  13000.  4.50  -1.25386  -1.19939  -1.19300  -1.26884  -1.46741  -1.89867  -1.97801  -1.94206  -1.89989  -1.85032  -1.81725  -1.69306  -1.67039
  13000.  5.00  -1.23557  -1.18199  -1.18006  -1.25797  -1.46070  -1.92247  -1.98399  -1.94278  -1.89568  -1.84728  -1.81324  -1.68842  -1.66894
  14000.  2.00  -1.07225  -1.00695  -1.00040  -1.08903  -1.32513  -1.96443  -2.18534  -2.14645  -2.10162  -2.03660  -1.99915  -1.86784  -1.84274
  14000.  2.50  -1.14603  -1.09192  -1.09632  -1.18147  -1.41591  -1.96027  -2.14754  -2.11961  -2.08561  -2.03082  -1.99936  -1.87923  -1.85255
  14000.  3.00  -1.19544  -1.14606  -1.15437  -1.23773  -1.46861  -1.97501  -2.13920  -2.11500  -2.08463  -2.03452  -2.00528  -1.88927  -1.86317
  14000.  3.50  -1.22248  -1.17550  -1.18635  -1.26930  -1.49846  -1.99491  -2.13971  -2.11574  -2.08563  -2.03809  -2.00956  -1.89523  -1.87086
  14000.  4.00  -1.23151  -1.18599  -1.19980  -1.28332  -1.51315  -2.01594  -2.14304  -2.11724  -2.08548  -2.03962  -2.01107  -1.89738  -1.87543
  14000.  4.50  -1.22800  -1.18365  -1.20097  -1.28568  -1.51779  -2.03837  -2.14880  -2.11938  -2.08424  -2.03952  -2.01038  -1.89663  -1.87739
  14000.  5.00  -1.21445  -1.17117  -1.19249  -1.27876  -1.51438  -2.06043  -2.15471  -2.12051  -2.08093  -2.03735  -2.00738  -1.89323  -1.87675
  15000.  2.50  -1.11941  -1.07214  -1.09841  -1.19191  -1.46015  -2.09011  -2.30379  -2.28072  -2.25215  -2.20190  -2.17387  -2.06338  -2.04077
  15000.  3.00  -1.17402  -1.13247  -1.16362  -1.25525  -1.51990  -2.10756  -2.29712  -2.27820  -2.25369  -2.20835  -2.18272  -2.07646  -2.05419
  15000.  3.50  -1.20617  -1.16750  -1.20112  -1.29208  -1.55411  -2.12937  -2.29970  -2.28116  -2.25704  -2.21420  -2.18927  -2.08453  -2.06374
  15000.  4.00  -1.21961  -1.18269  -1.21868  -1.30986  -1.57136  -2.15112  -2.30443  -2.28419  -2.25851  -2.21724  -2.19226  -2.08802  -2.06938
  15000.  4.50  -1.21983  -1.18426  -1.22304  -1.31503  -1.57767  -2.17308  -2.31075  -2.28711  -2.25826  -2.21804  -2.19250  -2.08817  -2.07200
  15000.  5.00  -1.20988  -1.17542  -1.21746  -1.31063  -1.57582  -2.19416  -2.31699  -2.28882  -2.25573  -2.21654  -2.19018  -2.08552  -2.07184
  16000.  2.50  -1.10757  -1.06596  -1.11015  -1.21027  -1.50687  -2.21228  -2.45099  -2.43216  -2.40831  -2.36200  -2.33695  -2.23500  -2.21598
  16000.  3.00  -1.16630  -1.13143  -1.18213  -1.28051  -1.57492  -2.23265  -2.44555  -2.43142  -2.41222  -2.37121  -2.34889  -2.25156  -2.23266
  16000.  3.50  -1.20306  -1.17157  -1.22519  -1.32274  -1.61431  -2.25667  -2.45017  -2.43663  -2.41803  -2.37956  -2.35801  -2.26215  -2.24450
  16000.  4.00  -1.22052  -1.19109  -1.24696  -1.34448  -1.63478  -2.27956  -2.45655  -2.44143  -2.42138  -2.38441  -2.36280  -2.26729  -2.25154
  16000.  4.50  -1.22425  -1.19635  -1.25452  -1.35258  -1.64312  -2.30162  -2.46375  -2.44541  -2.42234  -2.38634  -2.36415  -2.26850  -2.25497
  16000.  5.00  -1.21724  -1.19059  -1.25148  -1.35044  -1.64265  -2.32213  -2.47049  -2.44780  -2.42065  -2.38559  -2.36258  -2.26655  -2.25531
  17000.  2.50  -1.10652  -1.06978  -1.12880  -1.23421  -1.55435  -2.32731  -2.59006  -2.57491  -2.55516  -2.51220  -2.48973  -2.39518  -2.37933
  17000.  3.00  -1.16833  -1.13925  -1.20646  -1.31036  -1.63028  -2.35018  -2.58516  -2.57531  -2.56087  -2.52373  -2.50438  -2.41513  -2.39925
  17000.  3.50  -1.20931  -1.18407  -1.25488  -1.35794  -1.67560  -2.37675  -2.59179  -2.58279  -2.56921  -2.53473  -2.51626  -2.42856  -2.41372
  17000.  4.00  -1.23044  -1.20758  -1.28091  -1.38380  -1.70009  -2.40121  -2.59991  -2.58946  -2.57457  -2.54158  -2.52309  -2.43569  -2.42252
  17000.  4.50  -1.23723  -1.21606  -1.29163  -1.39484  -1.71080  -2.42367  -2.60814  -2.59464  -2.57690  -2.54484  -2.52579  -2.43817  -2.42698
  17000.  5.00  -1.23285  -1.21309  -1.29111  -1.39500  -1.71203  -2.44404  -2.61567  -2.59793  -2.57624  -2.54500  -2.52513  -2.43707  -2.42795
  18000.  2.50  -1.11328  -1.08097  -1.15273  -1.26245  -1.60248  -2.43602  -2.72174  -2.70982  -2.69365  -2.65353  -2.63330  -2.54518  -2.53215
  18000.  3.00  -1.17767  -1.15376  -1.23506  -1.34349  -1.68518  -2.46080  -2.71678  -2.71082  -2.70066  -2.66694  -2.65025  -2.56819  -2.55501
  18000.  3.50  -1.22230  -1.20263  -1.28822  -1.39585  -1.73614  -2.48985  -2.72523  -2.72034  -2.71132  -2.68044  -2.66477  -2.58448  -2.57216
  18000.  4.00  -1.24686  -1.22981  -1.31828  -1.42570  -1.76492  -2.51609  -2.73506  -2.72888  -2.71872  -2.68936  -2.67374  -2.59379  -2.58294
  18000.  4.50  -1.25641  -1.24124  -1.33212  -1.43975  -1.77871  -2.53933  -2.74441  -2.73534  -2.72250  -2.69407  -2.67795  -2.59776  -2.58868
  18000.  5.00  -1.25441  -1.24081  -1.33413  -1.44228  -1.78181  -2.55982  -2.75276  -2.73960  -2.72294  -2.69530  -2.67837  -2.59770  -2.59052
  19000.  2.50  -1.12560  -1.09754  -1.18083  -1.29412  -1.65162  -2.53910  -2.84643  -2.83736  -2.82432  -2.78670  -2.76842  -2.68597  -2.67545
  19000.  3.00  -1.19204  -1.17297  -1.26691  -1.37912  -1.73991  -2.56525  -2.84105  -2.83862  -2.83237  -2.80174  -2.78746  -2.71196  -2.70118
  19000.  3.50  -1.24010  -1.22551  -1.32404  -1.43552  -1.79545  -2.59650  -2.85115  -2.85004  -2.84518  -2.81753  -2.80441  -2.73081  -2.72077
  19000.  4.00  -1.26786  -1.25607  -1.35774  -1.46899  -1.82828  -2.62445  -2.86262  -2.86036  -2.85453  -2.82846  -2.81546  -2.74229  -2.73355
  19000.  4.50  -1.28004  -1.27028  -1.37459  -1.48600  -1.84526  -2.64871  -2.87315  -2.86815  -2.85981  -2.83471  -2.82127  -2.74792  -2.74078
  19000.  5.00  -1.28020  -1.27212  -1.37900  -1.49084  -1.85089  -2.66962  -2.88238  -2.87341  -2.86140  -2.83706  -2.82285  -2.74903  -2.74359
  20000.  3.00  -1.21003  -1.19572  -1.30151  -1.41694  -1.79514  -2.66444  -2.95850  -2.95938  -2.95676  -2.92901  -2.91698  -2.84756  -2.83894
  20000.  3.50  -1.26131  -1.25157  -1.36200  -1.47672  -1.85426  -2.69758  -2.97028  -2.97266  -2.97165  -2.94698  -2.93621  -2.86881  -2.86081
  20000.  4.00  -1.29218  -1.28528  -1.39881  -1.51330  -1.89032  -2.72699  -2.98325  -2.98464  -2.98281  -2.95974  -2.94915  -2.88221  -2.87536
  20000.  4.50  -1.30681  -1.30203  -1.41827  -1.53289  -1.91012  -2.75216  -2.99489  -2.99368  -2.98951  -2.96744  -2.95647  -2.88939  -2.88400
  20000.  5.00  -1.30892  -1.30591  -1.42487  -1.53986  -1.91807  -2.77350  -3.00488  -2.99986  -2.99219  -2.97089  -2.95921  -2.89170  -2.88788
  21000.  3.00  -1.23022  -1.22049  -1.33739  -1.45562  -1.84982  -2.75821  -3.06918  -3.07318  -3.07398  -3.04894  -3.03902  -2.97528  -2.96861
  21000.  3.50  -1.28483  -1.27984  -1.40154  -1.51908  -1.91286  -2.79372  -3.08302  -3.08873  -3.09137  -3.06948  -3.06094  -2.99936  -2.99319
  21000.  4.00  -1.31867  -1.31650  -1.44104  -1.55832  -1.95140  -2.82441  -3.09754  -3.10236  -3.10428  -3.08400  -3.07565  -3.01451  -3.00937
  21000.  4.50  -1.33573  -1.33565  -1.46277  -1.58014  -1.97344  -2.85033  -3.11023  -3.11258  -3.11229  -3.09302  -3.08434  -3.02305  -3.01924
  21000.  5.00  -1.33968  -1.34140  -1.47123  -1.58894  -1.98333  -2.87196  -3.12090  -3.11958  -3.11596  -3.09746  -3.08812  -3.02646  -3.02409
  22000.  3.00  -1.25108  -1.24574  -1.37298  -1.49368  -1.90261  -2.84616  -3.17303  -3.17997  -3.18399  -3.16151  -3.15359  -3.09517  -3.09027
  22000.  3.50  -1.30971  -1.30934  -1.44180  -1.56183  -1.97081  -2.88511  -3.18969  -3.19856  -3.20464  -3.18544  -3.17899  -3.12292  -3.11846
  22000.  4.00  -1.34645  -1.34891  -1.48404  -1.60378  -2.01191  -2.91732  -3.20592  -3.21401  -3.21949  -3.20187  -3.19565  -3.14002  -3.13646
  22000.  4.50  -1.36592  -1.37039  -1.50776  -1.62754  -2.03563  -2.94380  -3.21966  -3.22538  -3.22876  -3.21212  -3.20560  -3.14979  -3.14742
  22000.  5.00  -1.37164  -1.37788  -1.51780  -1.63788  -2.04699  -2.96558  -3.23098  -3.23315  -3.23334  -3.21745  -3.21031  -3.15410  -3.15306
  23000.  3.00  -1.27078  -1.26952  -1.40626  -1.52917  -1.95173  -2.92752  -3.26955  -3.27929  -3.28638  -3.26633  -3.26033  -3.20697  -3.20370
  23000.  3.50  -1.33488  -1.33898  -1.48166  -1.60391  -2.02710  -2.97145  -3.29027  -3.30216  -3.31154  -3.29490  -3.29047  -3.23963  -3.23672
  23000.  4.00  -1.37487  -1.38179  -1.52707  -1.64900  -2.07129  -3.00579  -3.30865  -3.31985  -3.32872  -3.31365  -3.30946  -3.25908  -3.25699
  23000.  4.50  -1.39673  -1.40564  -1.55292  -1.67485  -2.09687  -3.03312  -3.32362  -3.33256  -3.33944  -3.32530  -3.32082  -3.27028  -3.26926
  23000.  5.00  -1.40413  -1.41476  -1.56432  -1.68650  -2.10934  -3.05494  -3.33550  -3.34103  -3.34485  -3.33144  -3.32638  -3.27540  -3.27559
  24000.  3.00  -1.28719  -1.28940  -1.43442  -1.55935  -1.99435  -3.00066  -3.35749  -3.36984  -3.37984  -3.36211  -3.35795  -3.30957  -3.30786
  24000.  3.50  -1.35923  -1.36761  -1.51991  -1.64417  -2.08071  -3.05241  -3.38464  -3.39946  -3.41201  -3.39784  -3.39535  -3.34954  -3.34806
  24000.  4.00  -1.40306  -1.41433  -1.56928  -1.69319  -2.12886  -3.08962  -3.40575  -3.41996  -3.43208  -3.41946  -3.41724  -3.37188  -3.37115
  24000.  4.50  -1.42746  -1.44063  -1.59739  -1.72126  -2.15645  -3.11813  -3.42215  -3.43419  -3.44440  -3.43269  -3.43018  -3.38465  -3.38491
  24000.  5.00  -1.43659  -1.45145  -1.61029  -1.73437  -2.17021  -3.14022  -3.43475  -3.44349  -3.45078  -3.43978  -3.43671  -3.39077  -3.39213
  25000.  3.00  -1.29820  -1.30264  -1.45359  -1.58029  -2.02553  -3.06255  -3.43458  -3.44907  -3.46150  -3.44577  -3.44327  -3.39975  -3.39957
  25000.  3.50  -1.38152  -1.39381  -1.55505  -1.68116  -2.13029  -3.12730  -3.47234  -3.48997  -3.50561  -3.49383  -3.49325  -3.45232  -3.45220
  25000.  4.00  -1.43022  -1.44559  -1.60971  -1.73543  -2.18370  -3.16848  -3.49712  -3.51423  -3.52947  -3.51923  -3.51890  -3.47838  -3.47892
  25000.  4.50  -1.45750  -1.47478  -1.64061  -1.76624  -2.21395  -3.19874  -3.51539  -3.53040  -3.54381  -3.53445  -3.53384  -3.49313  -3.49459
  25000.  5.00  -1.46833  -1.48725  -1.65499  -1.78079  -2.22897  -3.22128  -3.52875  -3.54060  -3.55121  -3.54253  -3.54137  -3.50029  -3.50276
  26000.  3.00  -1.30536  -1.31001  -1.46238  -1.59025  -2.04006  -3.11057  -3.49968  -3.51493  -3.52854  -3.51347  -3.51186  -3.47102  -3.47227
  26000.  3.50  -1.40026  -1.41594  -1.58526  -1.71308  -2.17408  -3.19503  -3.55249  -3.57286  -3.59149  -3.58206  -3.58335  -3.54730  -3.54847
  26000.  4.00  -1.45544  -1.47465  -1.64742  -1.77478  -2.23503  -3.24204  -3.58258  -3.60248  -3.62078  -3.61284  -3.61435  -3.57853  -3.58027
  26000.  4.50  -1.48607  -1.50721  -1.68166  -1.80890  -2.26845  -3.27453  -3.60311  -3.62100  -3.63751  -3.63042  -3.63165  -3.59560  -3.59819
  26000.  5.00  -1.49893  -1.52174  -1.69799  -1.82536  -2.28525  -3.29798  -3.61763  -3.63248  -3.64628  -3.63983  -3.64051  -3.60408  -3.60761
  27000.  3.50  -1.41464  -1.43275  -1.60859  -1.73796  -2.20947  -3.25395  -3.62392  -3.64677  -3.66817  -3.66090  -3.66395  -3.63259  -3.63502
  27000.  4.00  -1.47766  -1.50029  -1.68105  -1.80995  -2.28156  -3.30951  -3.66158  -3.68420  -3.70544  -3.69975  -3.70307  -3.67184  -3.67472
  27000.  4.50  -1.51239  -1.53714  -1.71971  -1.84844  -2.31921  -3.34512  -3.68517  -3.70583  -3.72535  -3.72044  -3.72345  -3.69189  -3.69553
  27000.  5.00  -1.52761  -1.55404  -1.73835  -1.86716  -2.33817  -3.36983  -3.70110  -3.71884  -3.73573  -3.73145  -3.73393  -3.70199  -3.70650
  28000.  3.50  -1.42620  -1.44534  -1.62513  -1.75578  -2.23513  -3.30344  -3.68641  -3.71122  -3.73493  -3.72928  -3.73382  -3.70620  -3.70980
  28000.  4.00  -1.49641  -1.52179  -1.70952  -1.83985  -2.32199  -3.37006  -3.73349  -3.75869  -3.78278  -3.77922  -3.78431  -3.75753  -3.76150
  28000.  4.50  -1.53580  -1.56376  -1.75384  -1.88395  -2.36539  -3.41003  -3.76118  -3.78455  -3.80697  -3.80419  -3.80894  -3.78176  -3.78641
  28000.  5.00  -1.55369  -1.58342  -1.77526  -1.90542  -2.38696  -3.43641  -3.77888  -3.79943  -3.81932  -3.81712  -3.82133  -3.79373  -3.79918
  29000.  3.50  -1.44064  -1.45931  -1.64016  -1.77168  -2.25527  -3.34706  -3.74321  -3.76918  -3.79443  -3.78953  -3.79507  -3.76937  -3.77389
  29000.  4.00  -1.51203  -1.53918  -1.73238  -1.86399  -2.35538  -3.42311  -3.79795  -3.82554  -3.85226  -3.85062  -3.85732  -3.83467  -3.83965
  29000.  4.50  -1.55606  -1.58663  -1.78336  -1.91475  -2.40618  -3.46872  -3.83078  -3.85675  -3.88200  -3.88124  -3.88768  -3.86469  -3.87028
  29000.  5.00  -1.57719  -1.60975  -1.80844  -1.93983  -2.43126  -3.49755  -3.85096  -3.87423  -3.89701  -3.89680  -3.90269  -3.87920  -3.88552
  30000.  3.50  -1.46594  -1.48309  -1.66278  -1.79482  -2.27950  -3.39241  -3.80061  -3.82699  -3.85309  -3.84815  -3.85421  -3.82875  -3.83390
  30000.  4.00  -1.52707  -1.55481  -1.75146  -1.88416  -2.38279  -3.46978  -3.85605  -3.88565  -3.91473  -3.91461  -3.92275  -3.90322  -3.90911
  30000.  4.50  -1.57384  -1.60617  -1.80830  -1.94086  -2.44122  -3.52105  -3.89394  -3.92237  -3.95027  -3.95137  -3.95937  -3.94025  -3.94672
  30000.  5.00  -1.59795  -1.63275  -1.83739  -1.96992  -2.47053  -3.55290  -3.91708  -3.94295  -3.96851  -3.97017  -3.97767  -3.95809  -3.96521
  31000.  3.50  -1.50616  -1.52137  -1.69857  -1.83076  -2.31411  -3.44474  -3.86309  -3.88921  -3.91553  -3.90993  -3.91614  -3.88974  -3.89532
  31000.  4.00  -1.54624  -1.57339  -1.77148  -1.90501  -2.40860  -3.51371  -3.91093  -3.94208  -3.97309  -3.97397  -3.98330  -3.96585  -3.97244
  31000.  4.50  -1.59118  -1.62428  -1.83022  -1.96381  -2.47167  -3.56814  -3.95173  -3.98235  -4.01262  -4.01526  -4.02466  -4.00891  -4.01612
  31000.  5.00  -1.61731  -1.65353  -1.86293  -1.99651  -2.50529  -3.60300  -3.97776  -4.00608  -4.03426  -4.03761  -4.04658  -4.03054  -4.03838
  32000.  4.00  -1.57272  -1.59826  -1.79578  -1.92992  -2.43614  -3.55785  -3.96498  -3.99715  -4.02970  -4.03114  -4.04145  -4.02511  -4.03226
  32000.  4.50  -1.61129  -1.64407  -1.85215  -1.98661  -2.50032  -3.61242  -4.00618  -4.03867  -4.07123  -4.07510  -4.08586  -4.07234  -4.08019
  32000.  5.00  -1.63749  -1.67424  -1.88701  -2.02151  -2.53722  -3.64936  -4.03437  -4.06491  -4.09547  -4.10022  -4.11052  -4.09755  -4.10600
  33000.  4.00  -1.61145  -1.63508  -1.83116  -1.96565  -2.47268  -3.60847  -4.02392  -4.05658  -4.09022  -4.09172  -4.10276  -4.08652  -4.09409
  33000.  4.50  -1.63642  -1.66788  -1.87626  -2.01142  -2.52913  -3.65570  -4.05883  -4.09281  -4.12732  -4.13208  -4.14403  -4.13214  -4.14050
  33000.  5.00  -1.66000  -1.69630  -1.91096  -2.04625  -2.56757  -3.69321  -4.08787  -4.12040  -4.15331  -4.15925  -4.17090  -4.16006  -4.16901
  34000.  4.00  -1.66122  -1.68322  -1.87781  -2.01246  -2.51919  -3.66653  -4.08882  -4.12156  -4.15591  -4.15702  -4.16848  -4.15130  -4.15912
  34000.  4.50  -1.67117  -1.70077  -1.90830  -2.04394  -2.56386  -3.70312  -4.11429  -4.14931  -4.18540  -4.19064  -4.20358  -4.19251  -4.20127
  34000.  5.00  -1.68811  -1.72310  -1.93812  -2.07407  -2.59940  -3.73737  -4.14073  -4.17493  -4.20989  -4.21672  -4.22955  -4.22036  -4.22972
  35000.  4.00  -1.71981  -1.74063  -1.93406  -2.06876  -2.57478  -3.73128  -4.15923  -4.19185  -4.22659  -4.22699  -4.23860  -4.21967  -4.22755
  35000.  4.50  -1.71590  -1.74362  -1.94982  -2.08575  -2.60646  -3.75652  -4.17445  -4.21002  -4.24734  -4.25261  -4.26634  -4.25507  -4.26413
  35000.  5.00  -1.72475  -1.75797  -1.97232  -2.10875  -2.63657  -3.78537  -4.19624  -4.23167  -4.26838  -4.27577  -4.28964  -4.28130  -4.29100
  36000.  4.00  -1.78506  -1.80527  -1.99823  -2.13295  -2.63863  -3.80212  -4.23463  -4.26717  -4.30221  -4.30194  -4.31357  -4.29279  -4.30059
  36000.  4.50  -1.76879  -1.79484  -1.99967  -2.13574  -2.65639  -3.81543  -4.23901  -4.27483  -4.31306  -4.31800  -4.33224  -4.31983  -4.32906
  36000.  5.00  -1.76965  -1.80094  -2.01405  -2.15079  -2.67981  -3.83798  -4.25519  -4.29147  -4.32961  -4.33717  -4.35189  -4.34356  -4.35351
  37000.  4.00  -1.85464  -1.87481  -2.06807  -2.20285  -2.70888  -3.87762  -4.31376  -4.34639  -4.38179  -4.38112  -4.39283  -4.37072  -4.37845
  37000.  4.50  -1.82846  -1.85326  -2.05713  -2.19328  -2.71376  -3.88000  -4.30821  -4.34414  -4.38309  -4.38751  -4.40210  -4.38804  -4.39730
  37000.  5.00  -1.82180  -1.85127  -2.06298  -2.19990  -2.72925  -3.89538  -4.31792  -4.35469  -4.39400  -4.40140  -4.41679  -4.40763  -4.41775
  38000.  4.00  -1.92632  -1.94690  -2.14102  -2.27594  -2.78303  -3.95582  -4.39480  -4.42772  -4.46357  -4.46282  -4.47469  -4.45205  -4.45977
  38000.  4.50  -1.89309  -1.91717  -2.12072  -2.25695  -2.77764  -3.94953  -4.38147  -4.41756  -4.45715  -4.46112  -4.47600  -4.46032  -4.46954
  38000.  5.00  -1.88002  -1.90797  -2.11852  -2.25555  -2.78498  -3.95763  -4.38457  -4.42167  -4.46198  -4.46902  -4.48495  -4.47440  -4.48460
  39000.  4.00  -1.99847  -2.01977  -2.21510  -2.35017  -2.85869  -4.03484  -4.47620  -4.50951  -4.54585  -4.54526  -4.55737  -4.53482  -4.54261
  39000.  4.50  -1.96079  -1.98466  -2.18854  -2.32486  -2.84621  -4.02264  -4.45763  -4.49397  -4.53421  -4.53796  -4.55312  -4.53632  -4.54552
  39000.  5.00  -1.94283  -1.96970  -2.17958  -2.31672  -2.84639  -4.02431  -4.45483  -4.49221  -4.53341  -4.54010  -4.55650  -4.54443  -4.55465
  40000.  4.50  -2.02993  -2.05399  -2.25867  -2.39515  -2.91780  -4.09784  -4.53526  -4.57196  -4.61285  -4.61659  -4.63206  -4.61475  -4.62397
  40000.  5.00  -2.00872  -2.03499  -2.24477  -2.38202  -2.91230  -4.09453  -4.52794  -4.56564  -4.60767  -4.61413  -4.63095  -4.61765  -4.62789
  41000.  4.50  -2.09928  -2.12379  -2.32961  -2.46626  -2.99049  -4.17361  -4.61309  -4.65026  -4.69180  -4.69572  -4.71154  -4.69418  -4.70348
  41000.  5.00  -2.07632  -2.10239  -2.31256  -2.44992  -2.98106  -4.16694  -4.60282  -4.64088  -4.68369  -4.69009  -4.70733  -4.69320  -4.70349
  42000.  4.50  -2.16809  -2.19324  -2.40036  -2.53719  -3.06316  -4.24902  -4.69030  -4.72796  -4.77016  -4.77438  -4.79058  -4.77349  -4.78290
  42000.  5.00  -2.14454  -2.17069  -2.38161  -2.51913  -3.05165  -4.24051  -4.67839  -4.71689  -4.76045  -4.76695  -4.78459  -4.77008  -4.78043
  43000.  4.50  -2.23590  -2.26180  -2.47031  -2.60733  -3.13507  -4.32340  -4.76638  -4.80454  -4.84737  -4.85196  -4.86853  -4.85196  -4.86148
  43000.  5.00  -2.21259  -2.23908  -2.45100  -2.58868  -3.12275  -4.31425  -4.75387  -4.79285  -4.83710  -4.84381  -4.86185  -4.84730  -4.85774
  44000.  4.50  -2.30247  -2.32920  -2.53914  -2.67634  -3.20583  -4.39646  -4.84100  -4.87968  -4.92312  -4.92810  -4.94504  -4.92911  -4.93877
  44000.  5.00  -2.27996  -2.30692  -2.51998  -2.65784  -3.19356  -4.38745  -4.82865  -4.86811  -4.91305  -4.92005  -4.93849  -4.92417  -4.93472
  45000.  4.50  -2.36770  -2.39530  -2.60667  -2.74405  -3.27524  -4.46800  -4.91405  -4.95323  -4.99723  -5.00263  -5.01991  -5.00467  -5.01448
  45000.  5.00  -2.34631  -2.37387  -2.58818  -2.72621  -3.26361  -4.45971  -4.90236  -4.94232  -4.98789  -4.99524  -5.01405  -5.00015  -5.01082
  46000.  4.50  -2.43156  -2.46005  -2.67285  -2.81039  -3.34322  -4.53796  -4.98549  -5.02516  -5.06969  -5.07549  -5.09309  -5.07859  -5.08853
  46000.  5.00  -2.41147  -2.43969  -2.65528  -2.79348  -3.33257  -4.53071  -4.97472  -5.01519  -5.06139  -5.06911  -5.08830  -5.07491  -5.08571
  47000.  4.50  -2.49411  -2.52351  -2.73771  -2.87541  -3.40978  -4.60637  -5.05534  -5.09548  -5.14050  -5.14668  -5.16458  -5.15084  -5.16090
  47000.  5.00  -2.47533  -2.50427  -2.72118  -2.85954  -3.40028  -4.60035  -5.04564  -5.08661  -5.13340  -5.14150  -5.16106  -5.14823  -5.15918
  48000.  4.50  -2.55534  -2.58567  -2.80125  -2.93909  -3.47494  -4.67326  -5.12366  -5.16424  -5.20970  -5.21626  -5.23442  -5.22144  -5.23161
  48000.  5.00  -2.53787  -2.56754  -2.78576  -2.92428  -3.46661  -4.66848  -5.11506  -5.15649  -5.20385  -5.21233  -5.23222  -5.22002  -5.23111
  49000.  4.50  -2.61531  -2.64656  -2.86350  -3.00147  -3.53874  -4.73869  -5.19048  -5.23149  -5.27735  -5.28426  -5.30266  -5.29045  -5.30073
  49000.  5.00  -2.59909  -2.62955  -2.84907  -2.98774  -3.53160  -4.73517  -5.18301  -5.22490  -5.27275  -5.28160  -5.30182  -5.29027  -5.30148
  50000.  5.00  -2.65900  -2.69026  -2.91109  -3.04990  -3.59525  -4.80040  -5.24946  -5.29180  -5.34014  -5.34935  -5.36984  -5.35898  -5.37031
