   3500.  0.00  -9.41333  -9.05960  -9.97601  -7.68053  -6.71164  -4.88033  -3.90615  -2.78203  -1.89403  -1.20648  -0.85677   0.16924   0.34593
   3500.  0.50  -9.21687  -9.00517  -9.82289  -7.27602  -6.19898  -4.50749  -3.60461  -2.60922  -1.78335  -1.13728  -0.79953   0.20579   0.38024
   3500.  1.00  -9.02658  -8.94428  -9.64780  -6.86710  -5.68564  -4.17145  -3.34532  -2.46156  -1.68729  -1.07373  -0.74548   0.24788   0.42080
   3500.  1.50  -8.85088  -8.87704  -9.44301  -6.48363  -5.21596  -3.88231  -3.12558  -2.33356  -1.60006  -1.01133  -0.69005   0.29530   0.46688
   3500.  2.00  -8.69500  -8.80501  -9.20488  -6.14457  -4.81282  -3.64280  -2.94048  -2.22004  -1.51833  -0.94836  -0.63213   0.34639   0.51641
   3500.  2.50  -8.57468  -8.73103  -8.94368  -5.88363  -4.51203  -3.46988  -2.80707  -2.13136  -1.44652  -0.88492  -0.57033   0.40152   0.56935
   3500.  3.00  -8.50015  -8.65446  -8.63151  -5.70555  -4.31602  -3.37096  -2.74479  -2.07377  -1.38503  -0.81539  -0.49817   0.46191   0.62572
   3500.  3.50  -8.46373  -8.58618  -8.32197  -5.59411  -4.20163  -3.33169  -2.71843  -2.03553  -1.33241  -0.74949  -0.42776   0.50855   0.66646
   3500.  4.00  -8.47613  -8.54368  -8.12564  -5.56147  -4.17162  -3.35959  -2.73037  -2.03480  -1.31329  -0.71626  -0.38896   0.53088   0.68446
   3500.  4.50  -8.52950  -8.52490  -8.06351  -5.59657  -4.20974  -3.44822  -2.77556  -2.06439  -1.31884  -0.70473  -0.37023   0.54278   0.69377
   3500.  5.00  -8.62519  -8.53601  -8.15678  -5.70716  -4.32415  -3.60589  -2.86050  -2.12420  -1.34927  -0.71199  -0.36893   0.54799   0.69794
   3750.  0.00  -8.98335  -8.87890  -9.60105  -6.97215  -5.83012  -4.25494  -3.32560  -2.25491  -1.45572  -0.84058  -0.51817   0.32862   0.46856
   3750.  0.50  -8.83465  -8.85181  -9.42221  -6.63049  -5.41497  -3.98147  -3.11096  -2.14553  -1.39059  -0.80637  -0.49286   0.33099   0.46870
   3750.  1.00  -8.70040  -8.81728  -9.22918  -6.30037  -5.01675  -3.74216  -2.93416  -2.06110  -1.34013  -0.77814  -0.47021   0.33989   0.47648
   3750.  1.50  -8.57621  -8.77215  -9.01811  -5.99094  -4.65069  -3.53212  -2.78315  -1.98879  -1.29464  -0.74892  -0.44443   0.35831   0.49436
   3750.  2.00  -8.45956  -8.71677  -8.78140  -5.70746  -4.32351  -3.34763  -2.64873  -1.92046  -1.24898  -0.71624  -0.41422   0.38506   0.52084
   3750.  2.50  -8.36059  -8.65529  -8.53632  -5.48131  -4.06973  -3.20219  -2.53804  -1.86028  -1.20468  -0.68055  -0.37949   0.41853   0.55396
   3750.  3.00  -8.28986  -8.58743  -8.26966  -5.32465  -3.90211  -3.10474  -2.46898  -1.81823  -1.16841  -0.64393  -0.34175   0.46071   0.59562
   3750.  3.50  -8.24271  -8.50241  -7.91905  -5.20780  -3.79034  -3.04323  -2.44407  -1.79296  -1.13808  -0.60293  -0.29794   0.51111   0.64458
   3750.  4.00  -8.20946  -8.40654  -7.57788  -5.11071  -3.70434  -3.00524  -2.42609  -1.77037  -1.10862  -0.56394  -0.25620   0.55087   0.68184
   3750.  4.50  -8.21413  -8.33370  -7.37728  -5.07954  -3.68278  -3.02017  -2.43284  -1.77217  -1.09855  -0.54400  -0.23188   0.57329   0.70239
   3750.  5.00  -8.25875  -8.29834  -7.32429  -5.11349  -3.72253  -3.09212  -2.46873  -1.79863  -1.10570  -0.53784  -0.21909   0.58731   0.71519
   4000.  0.00  -8.51600  -8.66322  -8.70964  -6.08580  -4.81798  -3.59386  -2.77437  -1.80350  -1.09915  -0.55840  -0.26704   0.47068   0.58794
   4000.  0.50  -8.36952  -8.61926  -8.36240  -5.73426  -4.42219  -3.34887  -2.58971  -1.70705  -1.04611  -0.53601  -0.25567   0.46041   0.57582
   4000.  1.00  -8.25331  -8.56444  -8.00102  -5.41515  -4.06816  -3.15195  -2.45226  -1.64453  -1.01476  -0.52503  -0.25113   0.45265   0.56709
   4000.  1.50  -8.16626  -8.50092  -7.67022  -5.15196  -3.78157  -3.00291  -2.35331  -1.60715  -0.99788  -0.52026  -0.24881   0.44828   0.56224
   4000.  2.00  -8.10307  -8.43764  -7.42813  -4.95817  -3.57075  -2.89593  -2.28162  -1.58522  -0.98787  -0.51634  -0.24432   0.44901   0.56264
   4000.  2.50  -8.05637  -8.38795  -7.31048  -4.83425  -3.43008  -2.82101  -2.22580  -1.56938  -0.97762  -0.50831  -0.23376   0.45707   0.57033
   4000.  3.00  -8.01783  -8.35108  -7.28466  -4.76501  -3.34460  -2.76615  -2.17784  -1.55299  -0.96238  -0.49236  -0.21416   0.47622   0.58905
   4000.  3.50  -7.98889  -8.29202  -7.19906  -4.72469  -3.30233  -2.73122  -2.15235  -1.54304  -0.94770  -0.47033  -0.18744   0.51052   0.62320
   4000.  4.00  -7.96145  -8.17725  -6.94590  -4.67262  -3.26713  -2.70156  -2.14761  -1.53709  -0.93413  -0.44453  -0.15754   0.55294   0.66541
   4000.  4.50  -7.93124  -8.03157  -6.66436  -4.60899  -3.22425  -2.67237  -2.13806  -1.52663  -0.91728  -0.41830  -0.12802   0.58955   0.70136
   4000.  5.00  -7.92714  -7.91390  -6.49474  -4.59156  -3.22248  -2.68245  -2.14407  -1.53163  -0.91164  -0.40348  -0.10843   0.61289   0.72398
   4250.  0.00  -8.10033  -8.31841  -7.29130  -5.25492  -3.97821  -3.03044  -2.32686  -1.46677  -0.83566  -0.35175  -0.08449   0.57608   0.67598
   4250.  0.50  -7.95539  -8.17944  -6.85124  -4.90967  -3.61654  -2.81292  -2.16645  -1.37781  -0.78748  -0.33338  -0.07849   0.55973   0.65837
   4250.  1.00  -7.83720  -7.98976  -6.39256  -4.58878  -3.29249  -2.63713  -2.04708  -1.31873  -0.75912  -0.32582  -0.07925   0.54641   0.64446
   4250.  1.50  -7.74461  -7.75771  -5.97170  -4.31747  -3.02983  -2.50463  -1.96247  -1.28286  -0.74480  -0.32479  -0.08282   0.53654   0.63437
   4250.  2.00  -7.67464  -7.52285  -5.64787  -4.11358  -2.83675  -2.41209  -1.90457  -1.26376  -0.73937  -0.32686  -0.08629   0.53016   0.62793
   4250.  2.50  -7.62395  -7.33443  -5.45192  -3.98319  -2.70913  -2.35243  -1.86543  -1.25621  -0.73908  -0.32976  -0.08795   0.52739   0.62511
   4250.  3.00  -7.59283  -7.23759  -5.40734  -3.93421  -2.64761  -2.32153  -1.83992  -1.25610  -0.74070  -0.33120  -0.08599   0.52882   0.62638
   4250.  3.50  -7.58145  -7.23766  -5.49583  -3.95478  -2.64328  -2.31523  -1.82594  -1.26165  -0.74265  -0.32957  -0.07903   0.53603   0.63324
   4250.  4.00  -7.57920  -7.25650  -5.59983  -4.00711  -2.68171  -2.32956  -1.83189  -1.27486  -0.74568  -0.32246  -0.06490   0.55690   0.65395
   4250.  4.50  -7.55664  -7.19252  -5.58489  -4.04990  -2.73527  -2.34254  -1.85030  -1.28855  -0.74630  -0.30861  -0.04441   0.59002   0.68711
   4250.  5.00  -7.52390  -7.10594  -5.52365  -4.06673  -2.76665  -2.34474  -1.86026  -1.29633  -0.74257  -0.29224  -0.02206   0.62212   0.71896
   4500.  0.00  -7.66930  -7.68344  -6.10772  -4.53962  -3.30873  -2.53648  -1.94894  -1.20015  -0.63453  -0.19844   0.04792   0.64934   0.73540
   4500.  0.50  -7.52701  -7.44302  -5.69534  -4.22641  -2.99546  -2.36135  -1.82309  -1.12844  -0.59610  -0.18528   0.04993   0.63010   0.71521
   4500.  1.00  -7.39832  -7.14538  -5.26567  -3.93035  -2.71497  -2.21857  -1.72833  -1.07896  -0.57263  -0.18030   0.04676   0.61393   0.69872
   4500.  1.50  -7.28220  -6.81732  -4.87063  -3.67570  -2.48731  -2.11150  -1.66169  -1.04798  -0.56037  -0.18049   0.04138   0.60143   0.68620
   4500.  2.00  -7.16999  -6.49955  -4.55033  -3.47543  -2.31607  -2.03551  -1.61585  -1.03015  -0.55534  -0.18333   0.03584   0.59243   0.67730
   4500.  2.50  -7.06516  -6.24192  -4.33220  -3.33764  -2.19823  -1.98558  -1.58474  -1.02157  -0.55463  -0.18694   0.03175   0.58703   0.67196
   4500.  3.00  -6.97943  -6.07900  -4.23338  -3.27040  -2.13350  -1.95894  -1.56446  -1.01934  -0.55586  -0.18973   0.03047   0.58525   0.67013
   4500.  3.50  -6.92328  -6.01312  -4.24627  -3.26846  -2.11557  -1.95065  -1.55179  -1.02201  -0.55818  -0.19116   0.03242   0.58721   0.67191
   4500.  4.00  -6.90560  -6.03601  -4.35612  -3.31882  -2.13555  -1.95817  -1.54560  -1.02958  -0.56171  -0.19099   0.03798   0.59336   0.67772
   4500.  4.50  -6.90645  -6.09908  -4.51141  -3.40754  -2.19516  -1.98456  -1.55367  -1.04380  -0.56661  -0.18793   0.04809   0.60767   0.69171
   4500.  5.00  -6.87189  -6.10423  -4.60387  -3.49998  -2.28241  -2.01662  -1.57705  -1.06239  -0.57203  -0.18080   0.06246   0.63252   0.71664
   4750.  0.00  -7.10888  -6.90810  -5.23523  -3.90498  -2.72436  -2.06115  -1.59212  -0.96297  -0.46811  -0.08071   0.14322   0.68937   0.76458
   4750.  0.50  -6.96677  -6.63063  -4.85251  -3.62899  -2.45781  -1.93456  -1.50705  -0.91497  -0.44410  -0.07533   0.13999   0.67010   0.74453
   4750.  1.00  -6.81928  -6.29938  -4.45194  -3.36203  -2.21754  -1.82950  -1.44195  -0.88078  -0.42901  -0.07444   0.13428   0.65344   0.72757
   4750.  1.50  -6.65647  -5.94176  -4.07880  -3.12571  -2.02023  -1.75059  -1.39640  -0.85892  -0.42113  -0.07661   0.12753   0.63994   0.71407
   4750.  2.00  -6.46900  -5.60109  -3.76979  -2.93392  -1.86969  -1.69555  -1.36616  -0.84623  -0.41809  -0.08025   0.12106   0.62974   0.70399
   4750.  2.50  -6.27126  -5.32155  -3.54993  -2.79684  -1.76455  -1.66134  -1.34698  -0.83973  -0.41755  -0.08377   0.11624   0.62303   0.69738
   4750.  3.00  -6.10361  -5.13052  -3.42629  -2.71769  -1.70068  -1.64359  -1.33452  -0.83691  -0.41788  -0.08640   0.11362   0.61945   0.69381
   4750.  3.50  -5.99447  -5.03262  -3.39673  -2.69694  -1.67585  -1.63979  -1.32677  -0.83675  -0.41818  -0.08724   0.11423   0.61958   0.69380
   4750.  4.00  -5.95318  -5.02103  -3.45171  -2.72662  -1.68361  -1.64726  -1.32204  -0.83921  -0.41882  -0.08670   0.11776   0.62305   0.69701
   4750.  4.50  -5.96710  -5.07244  -3.57098  -2.79542  -1.71908  -1.66510  -1.32108  -0.84521  -0.42043  -0.08507   0.12409   0.63002   0.70359
   4750.  5.00  -6.01899  -5.16585  -3.73879  -2.90984  -1.79708  -1.69858  -1.33021  -0.85720  -0.42366  -0.08213   0.13361   0.64225   0.71539
   5000.  0.00  -6.54549  -6.16923  -4.49004  -3.33352  -2.22061  -1.61683  -1.25762  -0.74757  -0.32678   0.01093   0.21075   0.69899   0.76537
   5000.  0.50  -6.38136  -5.86516  -4.14100  -3.09298  -1.99329  -1.53423  -1.21114  -0.72400  -0.31843   0.00760   0.20176   0.68141   0.74713
   5000.  1.00  -6.16743  -5.50408  -3.77684  -2.85602  -1.78691  -1.46555  -1.17628  -0.70744  -0.31378   0.00306   0.19277   0.66596   0.73138
   5000.  1.50  -5.88847  -5.11698  -3.43280  -2.63907  -1.61328  -1.41358  -1.15289  -0.69765  -0.31260  -0.00249   0.18402   0.65284   0.71822
   5000.  2.00  -5.56277  -4.74916  -3.13988  -2.45592  -1.47706  -1.37823  -1.13920  -0.69320  -0.31378  -0.00817   0.17627   0.64257   0.70803
   5000.  2.50  -5.25691  -4.45038  -2.92329  -2.31926  -1.37929  -1.35859  -1.13251  -0.69190  -0.31554  -0.01284   0.17047   0.63527   0.70082
   5000.  3.00  -5.02677  -4.24409  -2.78843  -2.23291  -1.31668  -1.35145  -1.13005  -0.69218  -0.31685  -0.01575   0.16730   0.63120   0.69677
   5000.  3.50  -4.89501  -4.13649  -2.73744  -2.20025  -1.28850  -1.35579  -1.13023  -0.69299  -0.31677  -0.01620   0.16748   0.63076   0.69621
   5000.  4.00  -4.85165  -4.11398  -2.75948  -2.21447  -1.28938  -1.36875  -1.13128  -0.69393  -0.31543  -0.01447   0.17074   0.63364   0.69886
   5000.  4.50  -4.86957  -4.15075  -2.83706  -2.26357  -1.31198  -1.38751  -1.13250  -0.69598  -0.31410  -0.01147   0.17646   0.63954   0.70441
   5000.  5.00  -4.93034  -4.22981  -2.96198  -2.34999  -1.36373  -1.41556  -1.13691  -0.70023  -0.31281  -0.00724   0.18470   0.64858   0.71299
   5250.  0.00  -5.93995  -5.43180  -3.84636  -2.85785  -1.83340  -1.24651  -0.97085  -0.56351  -0.21143   0.07964   0.25578   0.68713   0.74667
   5250.  0.50  -5.71005  -5.10981  -3.53180  -2.64273  -1.63271  -1.19418  -0.95134  -0.55840  -0.21532   0.06976   0.24292   0.67189   0.73050
   5250.  1.00  -5.39869  -4.73748  -3.20645  -2.42857  -1.44821  -1.15208  -0.93981  -0.55693  -0.22022   0.06021   0.23102   0.65831   0.71643
   5250.  1.50  -5.01974  -4.34801  -2.89759  -2.22906  -1.29004  -1.12173  -0.93591  -0.55912  -0.22624   0.05094   0.22012   0.64651   0.70446
   5250.  2.00  -4.63299  -3.98689  -2.63031  -2.05665  -1.16277  -1.10341  -0.93824  -0.56400  -0.23270   0.04251   0.21078   0.63689   0.69483
   5250.  2.50  -4.30205  -3.69320  -2.42330  -1.92126  -1.06672  -1.09568  -0.94416  -0.56977  -0.23843   0.03562   0.20343   0.62953   0.68753
   5250.  3.00  -4.06454  -3.48675  -2.28441  -1.82875  -1.00051  -1.09677  -0.95187  -0.57533  -0.24256   0.03110   0.19899   0.62524   0.68327
   5250.  3.50  -3.93319  -3.37601  -2.21869  -1.78416  -0.96463  -1.10623  -0.95970  -0.57936  -0.24398   0.02975   0.19817   0.62439   0.68234
   5250.  4.00  -3.89473  -3.34803  -2.21758  -1.78366  -0.95638  -1.12287  -0.96712  -0.58184  -0.24277   0.03167   0.20119   0.62730   0.68505
   5250.  4.50  -3.92246  -3.38153  -2.26867  -1.81816  -0.96972  -1.14459  -0.97328  -0.58339  -0.24000   0.03581   0.20712   0.63342   0.69087
   5250.  5.00  -3.99149  -3.45527  -2.35980  -1.88224  -1.00364  -1.17158  -0.97912  -0.58477  -0.23624   0.04152   0.21536   0.64211   0.69915
   5500.  0.00  -5.29524  -4.74688  -3.32298  -2.48761  -1.56265  -0.95493  -0.73790  -0.41209  -0.11942   0.12943   0.28308   0.66112   0.71600
   5500.  0.50  -4.99847  -4.42115  -3.03952  -2.29216  -1.38171  -0.92521  -0.73648  -0.41956  -0.13145   0.11579   0.26869   0.64904   0.70226
   5500.  1.00  -4.62309  -4.05245  -2.74423  -2.09171  -1.20901  -0.90083  -0.73985  -0.42879  -0.14351   0.10268   0.25509   0.63764   0.68985
   5500.  1.50  -4.21593  -3.67933  -2.46303  -1.90171  -1.05626  -0.88463  -0.74901  -0.44032  -0.15583   0.09007   0.24234   0.62718   0.67885
   5500.  2.00  -3.83354  -3.34013  -2.21618  -1.73383  -0.92867  -0.87733  -0.76296  -0.45341  -0.16782   0.07842   0.23091   0.61802   0.66948
   5500.  2.50  -3.51654  -3.06088  -2.01583  -1.59552  -0.82698  -0.87729  -0.77940  -0.46662  -0.17862   0.06834   0.22126   0.61042   0.66185
   5500.  3.00  -3.29086  -2.86153  -1.87423  -1.49527  -0.75172  -0.88380  -0.79649  -0.47846  -0.18696   0.06102   0.21460   0.60553   0.65697
   5500.  3.50  -3.16303  -2.74877  -1.79570  -1.43740  -0.70312  -0.89555  -0.81181  -0.48727  -0.19159   0.05737   0.21173   0.60376   0.65517
   5500.  4.00  -3.12183  -2.71237  -1.77539  -1.42100  -0.68110  -0.91265  -0.82527  -0.49312  -0.19241   0.05792   0.21341   0.60625   0.65751
   5500.  4.50  -3.14919  -2.73923  -1.80593  -1.44093  -0.68238  -0.93433  -0.83601  -0.49603  -0.18986   0.06209   0.21909   0.61248   0.66349
   5500.  5.00  -3.21876  -2.80593  -1.87183  -1.48706  -0.70166  -0.95970  -0.84476  -0.49733  -0.18538   0.06853   0.22750   0.62156   0.67224
   5750.  0.00  -4.66923  -4.15202  -2.90881  -2.20258  -1.38055  -0.72097  -0.54724  -0.28710  -0.04591   0.16455   0.29678   0.62468   0.67698
   5750.  0.50  -4.34376  -3.83908  -2.65652  -2.02790  -1.21906  -0.71218  -0.56018  -0.30351  -0.06263   0.14978   0.28328   0.61722   0.66683
   5750.  1.00  -3.95813  -3.48908  -2.38855  -1.84088  -1.05688  -0.70367  -0.57491  -0.32044  -0.07927   0.13504   0.26970   0.60899   0.65670
   5750.  1.50  -3.56412  -3.14035  -2.12949  -1.65808  -0.90668  -0.69950  -0.59348  -0.33896  -0.09629   0.12017   0.25606   0.60040   0.64692
   5750.  2.00  -3.20410  -2.82255  -1.89531  -1.49028  -0.77449  -0.70035  -0.61559  -0.35876  -0.11335   0.10553   0.24276   0.59181   0.63768
   5750.  2.50  -2.90637  -2.55720  -1.69832  -1.34644  -0.66362  -0.70589  -0.63969  -0.37853  -0.12938   0.09194   0.23051   0.58378   0.62939
   5750.  3.00  -2.69029  -2.36211  -1.55038  -1.23480  -0.57461  -0.71549  -0.66394  -0.39673  -0.14301   0.08072   0.22062   0.57758   0.62312
   5750.  3.50  -2.55760  -2.24015  -1.45436  -1.15908  -0.50842  -0.72763  -0.68603  -0.41156  -0.15273   0.07312   0.21428   0.57395   0.61951
   5750.  4.00  -2.50607  -2.19114  -1.41378  -1.12358  -0.46753  -0.74299  -0.70501  -0.42208  -0.15749   0.07049   0.21302   0.57468   0.62019
   5750.  4.50  -2.52352  -2.20592  -1.42384  -1.12590  -0.45157  -0.76177  -0.71986  -0.42787  -0.15710   0.07292   0.21695   0.57997   0.62530
   5750.  5.00  -2.58497  -2.26173  -1.46934  -1.15559  -0.45545  -0.78359  -0.73141  -0.43048  -0.15336   0.07892   0.22475   0.58900   0.63408
   6000.  0.00  -4.10475  -3.65237  -2.58275  -1.97887  -1.25878  -0.52272  -0.38493  -0.18219   0.01204   0.18696   0.29861   0.57904   0.63050
   6000.  0.50  -3.78863  -3.36584  -2.36247  -1.82794  -1.11739  -0.53709  -0.41168  -0.20494  -0.00570   0.17429   0.28905   0.57807   0.62570
   6000.  1.00  -3.42409  -3.04371  -2.12098  -1.65659  -0.96687  -0.54409  -0.43601  -0.22744  -0.02465   0.15973   0.27719   0.57423   0.61885
   6000.  1.50  -3.05822  -2.72137  -1.88116  -1.48211  -0.82029  -0.55172  -0.46267  -0.25140  -0.04473   0.14398   0.26398   0.56860   0.61110
   6000.  2.00  -2.72588  -2.42534  -1.65881  -1.31651  -0.68544  -0.56150  -0.49184  -0.27663  -0.06553   0.12744   0.24988   0.56157   0.60272
   6000.  2.50  -2.44791  -2.17355  -1.46524  -1.16869  -0.56638  -0.57343  -0.52244  -0.30207  -0.08606   0.11098   0.23569   0.55379   0.59423
   6000.  3.00  -2.23573  -1.97734  -1.30836  -1.04504  -0.46434  -0.58657  -0.55293  -0.32642  -0.10513   0.09571   0.22255   0.54633   0.58649
   6000.  3.50  -2.09478  -1.84348  -1.19470  -0.95147  -0.38092  -0.60020  -0.58138  -0.34775  -0.12081   0.08347   0.21225   0.54064   0.58078
   6000.  4.00  -2.02579  -1.77580  -1.13085  -0.89407  -0.31910  -0.61396  -0.60553  -0.36402  -0.13123   0.07601   0.20654   0.53848   0.57864
   6000.  4.50  -2.02197  -1.76866  -1.11465  -0.87298  -0.28090  -0.62860  -0.62463  -0.37449  -0.13553   0.07433   0.20651   0.54097   0.58112
   6000.  5.00  -2.06798  -1.80872  -1.13908  -0.88416  -0.26616  -0.64557  -0.63911  -0.37981  -0.13430   0.07821   0.21220   0.54858   0.58859
   6250.  0.50  -3.33194  -2.98395  -2.13426  -1.67122  -1.05314  -0.38346  -0.28060  -0.11970   0.04008   0.18914   0.28548   0.53135   0.57846
   6250.  1.00  -2.99979  -2.69132  -1.91652  -1.51671  -0.91469  -0.40869  -0.31548  -0.14638   0.02151   0.17739   0.27789   0.53355   0.57647
   6250.  1.50  -2.66732  -2.39633  -1.69503  -1.35286  -0.77397  -0.42833  -0.34921  -0.17432   0.00011   0.16220   0.26650   0.53188   0.57154
   6250.  2.00  -2.36221  -2.12114  -1.48400  -1.19173  -0.63887  -0.44749  -0.38452  -0.20372  -0.02296   0.14503   0.25287   0.52748   0.56483
   6250.  2.50  -2.10150  -1.88080  -1.29340  -1.04190  -0.51416  -0.46666  -0.42125  -0.23410  -0.04702   0.12657   0.23769   0.52093   0.55690
   6250.  3.00  -1.89330  -1.68420  -1.13032  -0.90980  -0.40251  -0.48527  -0.45794  -0.26403  -0.07065   0.10817   0.22229   0.51325   0.54852
   6250.  3.50  -1.74499  -1.54013  -1.00265  -0.80206  -0.30559  -0.50251  -0.49267  -0.29158  -0.09191   0.09166   0.20850   0.50608   0.54113
   6250.  4.00  -1.65686  -1.45148  -0.91574  -0.72382  -0.22572  -0.51709  -0.52275  -0.31433  -0.10868   0.07887   0.19796   0.50093   0.53605
   6250.  4.50  -1.62858  -1.41909  -0.87290  -0.67908  -0.16621  -0.52987  -0.54733  -0.33105  -0.11928   0.07180   0.19299   0.50006   0.53527
   6250.  5.00  -1.65100  -1.43597  -0.87204  -0.66773  -0.12986  -0.54227  -0.56526  -0.34076  -0.12281   0.07129   0.19436   0.50439   0.53964
   6500.  0.50  -2.95656  -2.67219  -1.95207  -1.54188  -1.00964  -0.24152  -0.16087  -0.04541   0.07457   0.19331   0.27121   0.47674   0.52430
   6500.  1.00  -2.66121  -2.41026  -1.75711  -1.40592  -0.88414  -0.28621  -0.20583  -0.07485   0.05888   0.18697   0.27059   0.48615   0.52852
   6500.  1.50  -2.35991  -2.13987  -1.55183  -1.25385  -0.75057  -0.32094  -0.24813  -0.10577   0.03858   0.17489   0.26357   0.49010   0.52803
   6500.  2.00  -2.08043  -1.88422  -1.35175  -1.09916  -0.61787  -0.34961  -0.28916  -0.13842   0.01448   0.15826   0.25159   0.48931   0.52388
   6500.  2.50  -1.83497  -1.65448  -1.16502  -0.95003  -0.49085  -0.37654  -0.33127  -0.17260  -0.01173   0.13905   0.23665   0.48503   0.51729
   6500.  3.00  -1.63205  -1.45971  -0.99905  -0.81329  -0.37292  -0.40174  -0.37367  -0.20717  -0.03871   0.11862   0.22013   0.47832   0.50924
   6500.  3.50  -1.47822  -1.30763  -0.86063  -0.69497  -0.26603  -0.42413  -0.41462  -0.24033  -0.06464   0.09871   0.20373   0.47064   0.50098
   6500.  4.00  -1.37304  -1.20010  -0.75459  -0.60003  -0.17294  -0.44230  -0.45136  -0.26968  -0.08741   0.08110   0.18911   0.46339   0.49367
   6500.  4.50  -1.32147  -1.14350  -0.68783  -0.53440  -0.09597  -0.45628  -0.48235  -0.29320  -0.10463   0.06841   0.17902   0.45925   0.48969
   6500.  5.00  -1.31882  -1.13490  -0.66119  -0.50043  -0.03931  -0.46675  -0.50561  -0.30908  -0.11453   0.06222   0.17504   0.45966   0.49031
   6750.  0.50  -2.61227  -2.38562  -1.78438  -1.42176  -0.96690  -0.13317  -0.07182   0.01243   0.10198   0.19514   0.25628   0.42262   0.47099
   6750.  1.00  -2.38562  -2.18081  -1.62751  -1.31232  -0.86350  -0.17022  -0.10363  -0.01172   0.08666   0.18715   0.25373   0.43180   0.47444
   6750.  1.50  -2.11379  -1.93392  -1.43818  -1.17365  -0.73873  -0.22093  -0.15449  -0.04475   0.06939   0.18035   0.25341   0.44236   0.47958
   6750.  2.00  -1.85576  -1.69481  -1.24813  -1.02679  -0.61042  -0.26263  -0.20316  -0.08000   0.04654   0.16678   0.24564   0.44677   0.47946
   6750.  2.50  -1.62531  -1.47622  -1.06693  -0.88112  -0.48420  -0.29797  -0.25011  -0.11686   0.01967   0.14823   0.23236   0.44587   0.47520
   6750.  3.00  -1.42871  -1.28494  -0.90038  -0.74271  -0.36306  -0.32994  -0.29742  -0.15497  -0.00941   0.12696   0.21591   0.44128   0.46844
   6750.  3.50  -1.27020  -1.12641  -0.75434  -0.61739  -0.25011  -0.35823  -0.34389  -0.19279  -0.03889   0.10464   0.19793   0.43412   0.46016
   6750.  4.00  -1.15248  -1.00507  -0.63472  -0.51066  -0.14780  -0.38174  -0.38712  -0.22800  -0.06657   0.08331   0.18039   0.42602   0.45170
   6750.  4.50  -1.08166  -0.92829  -0.54852  -0.42842  -0.05786  -0.39932  -0.42498  -0.25825  -0.08992   0.06556   0.16590   0.41942   0.44521
   6750.  5.00  -1.05511  -0.89468  -0.49785  -0.37399   0.01524  -0.41095  -0.45508  -0.28127  -0.10678   0.05332   0.15636   0.41613   0.44229
   7000.  0.50  -2.27605  -2.10132  -1.61180  -1.29639  -0.91279  -0.05185  -0.00968   0.05336   0.12035   0.19326   0.24009   0.37098   0.41979
   7000.  1.00  -2.12508  -1.96097  -1.49898  -1.21790  -0.83575  -0.08169  -0.02949   0.03581   0.10748   0.18512   0.23643   0.37872   0.42192
   7000.  1.50  -1.91078  -1.76254  -1.34162  -1.10268  -0.72929  -0.12505  -0.06651   0.00900   0.09144   0.17709   0.23436   0.38854   0.42569
   7000.  2.00  -1.67228  -1.53955  -1.16308  -0.96608  -0.60782  -0.18092  -0.12250  -0.02755   0.07209   0.16897   0.23328   0.39908   0.43072
   7000.  2.50  -1.45480  -1.33101  -0.98802  -0.82558  -0.48473  -0.22720  -0.17624  -0.06671   0.04644   0.15333   0.22400   0.40315   0.43035
   7000.  3.00  -1.26447  -1.14408  -0.82346  -0.68864  -0.36422  -0.26645  -0.22782  -0.10732   0.01669   0.13249   0.20892   0.40154   0.42561
   7000.  3.50  -1.10344  -0.98208  -0.67366  -0.56007  -0.24879  -0.30111  -0.27881  -0.14855  -0.01496   0.10908   0.19067   0.39601   0.41820
   7000.  4.00  -0.97774  -0.85187  -0.54506  -0.44562  -0.14039  -0.33045  -0.32786  -0.18863  -0.04636   0.08521   0.17141   0.38829   0.40965
   7000.  4.50  -0.89156  -0.75872  -0.44349  -0.35066  -0.04151  -0.35315  -0.37259  -0.22514  -0.07504   0.06324   0.15349   0.38031   0.40165
   7000.  5.00  -0.84463  -0.70370  -0.37283  -0.27956   0.04383  -0.36843  -0.41002  -0.25520  -0.09834   0.04557   0.13913   0.37418   0.39588
   7250.  0.50  -1.92461  -1.79603  -1.41389  -1.15082  -0.83385  -0.00001   0.02327   0.07520   0.12822   0.18702   0.22282   0.32367   0.37170
   7250.  1.00  -1.86518  -1.73666  -1.35957  -1.11368  -0.79340  -0.01562   0.02084   0.06763   0.11927   0.17890   0.21733   0.32746   0.37084
   7250.  1.50  -1.70991  -1.58961  -1.23804  -1.02488  -0.70850  -0.05305  -0.00475   0.04770   0.10649   0.17158   0.21494   0.33624   0.37345
   7250.  2.00  -1.51768  -1.40730  -1.08759  -0.90976  -0.60342  -0.10180  -0.04692   0.01772   0.08886   0.16253   0.21227   0.34587   0.37701
   7250.  2.50  -1.31118  -1.20864  -0.92119  -0.77742  -0.48679  -0.16021  -0.10690  -0.02213   0.06700   0.15237   0.20959   0.35563   0.38139
   7250.  3.00  -1.12615  -1.02606  -0.76036  -0.64419  -0.36966  -0.20900  -0.16418  -0.06448   0.03862   0.13435   0.19827   0.35852   0.38010
   7250.  3.50  -0.96657  -0.86464  -0.61050  -0.51576  -0.25450  -0.25053  -0.21934  -0.10814   0.00631   0.11132   0.18130   0.35589   0.37468
   7250.  4.00  -0.83572  -0.72868  -0.47647  -0.39704  -0.14367  -0.28600  -0.27315  -0.15189  -0.02748   0.08606   0.16146   0.34951   0.36691
   7250.  4.50  -0.73782  -0.62311  -0.36372  -0.29314  -0.03941  -0.31448  -0.32386  -0.19355  -0.06028   0.06105   0.14128   0.34130   0.35832
   7250.  5.00  -0.67478  -0.55125  -0.27770  -0.20941   0.05455  -0.33477  -0.36838  -0.23008  -0.08916   0.03889   0.12315   0.33344   0.35075
   7500.  0.50  -1.51511  -1.42829  -1.15531  -0.95757  -0.70562   0.00298   0.00644   0.06477   0.11968   0.17589   0.20768   0.28730   0.33184
   7500.  1.00  -1.59831  -1.50023  -1.20157  -0.99307  -0.73077   0.03051   0.04871   0.08308   0.12018   0.16634   0.19437   0.27755   0.32042
   7500.  1.50  -1.50550  -1.40942  -1.12205  -0.93557  -0.67271   0.00095   0.03518   0.07114   0.11191   0.16090   0.19258   0.28479   0.32197
   7500.  2.00  -1.35984  -1.26888  -1.00190  -0.84385  -0.58630  -0.04230   0.00436   0.04828   0.09798   0.15295   0.18995   0.29356   0.32440
   7500.  2.50  -1.18859  -1.10318  -0.86029  -0.73145  -0.48480  -0.09540  -0.04233   0.01543   0.07884   0.14281   0.18658   0.30276   0.32760
   7500.  3.00  -1.00769  -0.92519  -0.70578  -0.60460  -0.37400  -0.15519  -0.10521  -0.02705   0.05475   0.13062   0.18209   0.31131   0.33099
   7500.  3.50  -0.84975  -0.76513  -0.55800  -0.47866  -0.26234  -0.20463  -0.16519  -0.07223   0.02366   0.11013   0.16858   0.31288   0.32890
   7500.  4.00  -0.71672  -0.62652  -0.42199  -0.35890  -0.15222  -0.24646  -0.22306  -0.11845  -0.01100   0.08498   0.14969   0.30898   0.32281
   7500.  4.50  -0.61149  -0.51319  -0.30255  -0.24993  -0.04558  -0.28112  -0.27868  -0.16391  -0.04634   0.05833   0.12861   0.30184   0.31478
   7500.  5.00  -0.53558  -0.42822  -0.20508  -0.15708   0.05354  -0.30711  -0.32935  -0.20584  -0.07964   0.03273   0.10778   0.29326   0.30630
   7750.  1.00  -1.31688  -1.24434  -1.01818  -0.85095  -0.64315   0.04978   0.04804   0.07768   0.10753   0.14606   0.16729   0.22989   0.27092
   7750.  1.50  -1.29638  -1.22078  -0.99178  -0.83330  -0.62052   0.03812   0.05527   0.07909   0.10598   0.14262   0.16478   0.23275   0.26937
   7750.  2.00  -1.19513  -1.12115  -0.90361  -0.76653  -0.55512   0.00005   0.03467   0.06380   0.09728   0.13775   0.16418   0.24129   0.27169
   7750.  2.50  -1.06115  -0.99032  -0.78884  -0.67558  -0.47039  -0.04775  -0.00024   0.03859   0.08241   0.12913   0.16117   0.24987   0.27394
   7750.  3.00  -0.90783  -0.83947  -0.65625  -0.56690  -0.37345  -0.10336  -0.05107   0.00303   0.06174   0.11793   0.15706   0.25866   0.27709
   7750.  3.50  -0.74797  -0.67897  -0.51232  -0.44549  -0.26858  -0.16230  -0.11580  -0.04157   0.03547   0.10361   0.15058   0.26583   0.27959
   7750.  4.00  -0.61333  -0.53886  -0.37666  -0.32699  -0.16198  -0.21140  -0.17765  -0.08896   0.00209   0.08086   0.13493   0.26588   0.27655
   7750.  4.50  -0.50396  -0.42110  -0.25388  -0.21597  -0.05599  -0.25201  -0.23724  -0.13696  -0.03434   0.05405   0.11450   0.26095   0.27009
   7750.  5.00  -0.41904  -0.32690  -0.14876  -0.11735   0.04525  -0.28384  -0.29318  -0.18312  -0.07069   0.02627   0.09223   0.25282   0.26179
   8000.  1.00  -1.02022  -0.96795  -0.80717  -0.68446  -0.52905   0.03614   0.01227   0.04563   0.07709   0.11560   0.13533   0.18626   0.22339
   8000.  1.50  -1.08383  -1.02544  -0.84904  -0.71976  -0.55373   0.05541   0.05355   0.06985   0.08751   0.11592   0.13120   0.18048   0.21572
   8000.  2.00  -1.02912  -0.96981  -0.79693  -0.68109  -0.51283   0.02781   0.04677   0.06422   0.08460   0.11380   0.13155   0.18698   0.21673
   8000.  2.50  -0.92859  -0.87042  -0.70786  -0.61085  -0.44555  -0.01517   0.02113   0.04619   0.07499   0.10855   0.13095   0.19581   0.21927
   8000.  3.00  -0.80517  -0.74876  -0.59896  -0.52172  -0.36355  -0.06575  -0.01737   0.01877   0.05908   0.09917   0.12746   0.20417   0.22158
   8000.  3.50  -0.66415  -0.60813  -0.47299  -0.41575  -0.27070  -0.12320  -0.07194  -0.01884   0.03773   0.08773   0.12341   0.21293   0.22504
   8000.  4.00  -0.52295  -0.46311  -0.33791  -0.29902  -0.17012  -0.17982  -0.13734  -0.06477   0.00978   0.07166   0.11522   0.21904   0.22705
   8000.  4.50  -0.41040  -0.34208  -0.21370  -0.18780  -0.06727  -0.22635  -0.20011  -0.11372  -0.02554   0.04695   0.09766   0.21782   0.22362
   8000.  5.00  -0.31955  -0.24177  -0.10406  -0.08623   0.03337  -0.26394  -0.26012  -0.16263  -0.06329   0.01865   0.07561   0.21144   0.21651
   8250.  1.00  -0.72209  -0.68141  -0.57080  -0.49264  -0.38731  -0.00601  -0.05621  -0.01509   0.02383   0.06922   0.09282   0.14421   0.17414
   8250.  1.50  -0.87338  -0.82961  -0.70021  -0.60002  -0.47780   0.05280   0.03072   0.04387   0.05690   0.08112   0.09229   0.12841   0.16145
   8250.  2.00  -0.86338  -0.81686  -0.68457  -0.59019  -0.46276   0.03951   0.04036   0.04959   0.06045   0.08174   0.09297   0.13150   0.16012
   8250.  2.50  -0.79500  -0.74773  -0.62049  -0.54018  -0.41273   0.00243   0.02447   0.03886   0.05584   0.07944   0.09416   0.13969   0.16225
   8250.  3.00  -0.69710  -0.65047  -0.53222  -0.46820  -0.34492  -0.04472  -0.00553   0.01836   0.04537   0.07373   0.09346   0.14870   0.16503
   8250.  3.50  -0.58206  -0.53649  -0.42883  -0.38111  -0.26566  -0.09683  -0.04687  -0.01065   0.02889   0.06387   0.08967   0.15684   0.16757
   8250.  4.00  -0.45017  -0.40302  -0.30700  -0.27615  -0.17560  -0.15280  -0.10409  -0.04948   0.00740   0.05279   0.08614   0.16600   0.17212
   8250.  4.50  -0.32806  -0.27374  -0.18016  -0.16394  -0.07768  -0.20433  -0.16828  -0.09579  -0.02201   0.03498   0.07612   0.17106   0.17395
   8250.  5.00  -0.23261  -0.16872  -0.06773  -0.06099   0.02048  -0.24737  -0.23090  -0.14540  -0.05865   0.00861   0.05672   0.16818   0.16965
   8500.  1.50  -0.67044  -0.63705  -0.54578  -0.47391  -0.39151   0.03223  -0.01028   0.00293   0.01511   0.03874   0.04856   0.07714   0.10677
   8500.  2.00  -0.70173  -0.66584  -0.56915  -0.49606  -0.40649   0.03562   0.01803   0.02207   0.02666   0.04296   0.04976   0.07579   0.10260
   8500.  2.50  -0.66316  -0.62592  -0.53102  -0.46725  -0.37538   0.00656   0.01291   0.01913   0.02690   0.04304   0.05175   0.08198   0.10328
   8500.  3.00  -0.59002  -0.55247  -0.46333  -0.41233  -0.32218  -0.03572  -0.00896   0.00490   0.02090   0.04006   0.05278   0.09059   0.10588
   8500.  3.50  -0.49565  -0.45864  -0.37753  -0.34019  -0.25525  -0.08431  -0.04216  -0.01757   0.00950   0.03361   0.05154   0.09933   0.10888
   8500.  4.00  -0.38636  -0.34956  -0.27734  -0.25360  -0.17755  -0.13619  -0.08648  -0.04823  -0.00752   0.02363   0.04786   0.10765   0.11227
   8500.  4.50  -0.26171  -0.22034  -0.15569  -0.14660  -0.08719  -0.18835  -0.14476  -0.08710  -0.02824   0.01381   0.04572   0.11812   0.11869
   8500.  5.00  -0.15671  -0.10632  -0.03845  -0.04057   0.00797  -0.23452  -0.20718  -0.13340  -0.05898  -0.00590   0.03355   0.12159   0.11988
   8750.  1.50  -0.48621  -0.45903  -0.39511  -0.34814  -0.29950   0.00160  -0.06252  -0.04840  -0.03558  -0.01071  -0.00067   0.02523   0.05064
   8750.  2.00  -0.54963  -0.52219  -0.45530  -0.40194  -0.34635   0.02077  -0.01622  -0.01535  -0.01475  -0.00128   0.00267   0.02007   0.04481
   8750.  2.50  -0.53681  -0.50827  -0.44204  -0.39384  -0.33506   0.00119  -0.01055  -0.01058  -0.00993   0.00094   0.00506   0.02359   0.04366
   8750.  3.00  -0.48548  -0.45618  -0.39363  -0.35523  -0.29651  -0.03624  -0.02467  -0.01904  -0.01210   0.00010   0.00717   0.03104   0.04526
   8750.  3.50  -0.40999  -0.38077  -0.32437  -0.29735  -0.24185  -0.08231  -0.05106  -0.03598  -0.01921  -0.00360   0.00788   0.03970   0.04801
   8750.  4.00  -0.31742  -0.28868  -0.23970  -0.22427  -0.17492  -0.13210  -0.08752  -0.06033  -0.03131  -0.01053   0.00642   0.04847   0.05154
   8750.  4.50  -0.21042  -0.18064  -0.13914  -0.13547  -0.09668  -0.18293  -0.13509  -0.09225  -0.04797  -0.01948   0.00408   0.05793   0.05677
   8750.  5.00  -0.09409  -0.05674  -0.01787  -0.02671  -0.00500  -0.22770  -0.19186  -0.13003  -0.06801  -0.02850   0.00261   0.06927   0.06502
   9000.  1.50  -0.32831  -0.30502  -0.25932  -0.23254  -0.21003  -0.03381  -0.11845  -0.10399  -0.09077  -0.06469  -0.05418  -0.02930  -0.00856
   9000.  2.00  -0.40915  -0.38821  -0.34538  -0.31005  -0.28417  -0.00335  -0.05878  -0.05964  -0.06130  -0.04920  -0.04691  -0.03551  -0.01340
   9000.  2.50  -0.41691  -0.39507  -0.35291  -0.31964  -0.29084  -0.01434  -0.04411  -0.04832  -0.05255  -0.04505  -0.04411  -0.03433  -0.01590
   9000.  3.00  -0.38506  -0.36255  -0.32309  -0.29692  -0.26718  -0.04636  -0.05089  -0.05161  -0.05170  -0.04460  -0.04185  -0.02882  -0.01591
   9000.  3.50  -0.32629  -0.30425  -0.27050  -0.25349  -0.22569  -0.08895  -0.07042  -0.06319  -0.05497  -0.04603  -0.03983  -0.02105  -0.01403
   9000.  4.00  -0.24913  -0.22751  -0.20008  -0.19298  -0.16965  -0.13724  -0.10087  -0.08254  -0.06305  -0.05037  -0.03940  -0.01219  -0.01054
   9000.  4.50  -0.15813  -0.13654  -0.11549  -0.11815  -0.10186  -0.18604  -0.14075  -0.10889  -0.07595  -0.05761  -0.04091  -0.00306  -0.00571
   9000.  5.00  -0.05201  -0.02602  -0.00919  -0.02253  -0.01958  -0.23064  -0.18979  -0.14053  -0.09097  -0.06374  -0.04010   0.00932   0.00327
   9250.  2.00  -0.28559  -0.26980  -0.24552  -0.22559  -0.22429  -0.03304  -0.10588  -0.10804  -0.11132  -0.10003  -0.09881  -0.09167  -0.07252
   9250.  2.50  -0.30725  -0.29148  -0.26994  -0.25007  -0.24747  -0.03676  -0.08358  -0.09098  -0.09895  -0.09394  -0.09541  -0.09256  -0.07603
   9250.  3.00  -0.28932  -0.27298  -0.25429  -0.23952  -0.23630  -0.06325  -0.08420  -0.08972  -0.09526  -0.09195  -0.09262  -0.08844  -0.07691
   9250.  3.50  -0.24601  -0.22948  -0.21496  -0.20759  -0.20558  -0.10209  -0.09868  -0.09766  -0.09626  -0.09214  -0.09004  -0.08142  -0.07552
   9250.  4.00  -0.18335  -0.16714  -0.15816  -0.15912  -0.16056  -0.14735  -0.12329  -0.11250  -0.10111  -0.09446  -0.08833  -0.07300  -0.07248
   9250.  4.50  -0.10543  -0.09018  -0.08782  -0.09713  -0.10394  -0.19491  -0.15669  -0.13374  -0.11016  -0.09958  -0.08852  -0.06444  -0.06850
   9250.  5.00  -0.01418   0.00179  -0.00134  -0.01910  -0.03418  -0.24130  -0.19934  -0.16133  -0.12302  -0.10621  -0.08916  -0.05438  -0.06199
   9500.  2.00  -0.17900  -0.16734  -0.15730  -0.15016  -0.16883  -0.06550  -0.15492  -0.15835  -0.16308  -0.15248  -0.15212  -0.14821  -0.13207
   9500.  2.50  -0.20953  -0.19881  -0.19407  -0.18592  -0.20569  -0.06390  -0.12735  -0.13726  -0.14815  -0.14492  -0.14821  -0.15054  -0.13598
   9500.  3.00  -0.20314  -0.19205  -0.19081  -0.18618  -0.20623  -0.08496  -0.12291  -0.13249  -0.14261  -0.14218  -0.14558  -0.14818  -0.13789
   9500.  3.50  -0.17175  -0.16048  -0.16327  -0.16454  -0.18576  -0.11945  -0.13233  -0.13686  -0.14155  -0.14135  -0.14278  -0.14245  -0.13749
   9500.  4.00  -0.12082  -0.10991  -0.11796  -0.12635  -0.15057  -0.16223  -0.15199  -0.14788  -0.14368  -0.14202  -0.14008  -0.13462  -0.13513
   9500.  4.50  -0.05370  -0.04363  -0.05795  -0.07382  -0.10292  -0.20909  -0.18064  -0.16501  -0.14924  -0.14472  -0.13836  -0.12579  -0.13116
   9500.  5.00   0.02678   0.03627   0.01584  -0.00739  -0.04301  -0.25630  -0.21854  -0.18869  -0.15897  -0.14977  -0.13804  -0.11624  -0.12540
   9750.  2.00  -0.08796  -0.07998  -0.08150  -0.08502  -0.12048  -0.09961  -0.20432  -0.20904  -0.21523  -0.20545  -0.20593  -0.20503  -0.19184
   9750.  2.50  -0.12350  -0.11715  -0.12632  -0.12840  -0.16732  -0.09478  -0.17365  -0.18559  -0.19882  -0.19701  -0.20174  -0.20832  -0.19592
   9750.  3.00  -0.12513  -0.11872  -0.13262  -0.13713  -0.17772  -0.11159  -0.16556  -0.17831  -0.19203  -0.19380  -0.19936  -0.20757  -0.19872
   9750.  3.50  -0.10301  -0.09645  -0.11464  -0.12393  -0.16621  -0.14225  -0.17097  -0.17994  -0.18953  -0.19235  -0.19662  -0.20314  -0.19931
   9750.  4.00  -0.06204  -0.05582  -0.07910  -0.09445  -0.13959  -0.18211  -0.18636  -0.18784  -0.18969  -0.19196  -0.19346  -0.19617  -0.19773
   9750.  4.50  -0.00483   0.00048  -0.02890  -0.05087  -0.10046  -0.22745  -0.21044  -0.20131  -0.19247  -0.19289  -0.19054  -0.18758  -0.19414
   9750.  5.00   0.06609   0.07031   0.03441   0.00588  -0.04964  -0.27421  -0.24358  -0.22103  -0.19899  -0.19598  -0.18885  -0.17822  -0.18872
  10000.  2.00  -0.00988  -0.00522  -0.01669  -0.02925  -0.07951  -0.13454  -0.25350  -0.25956  -0.26725  -0.25842  -0.25978  -0.26183  -0.25142
  10000.  2.50  -0.04858  -0.04628  -0.06738  -0.07834  -0.13391  -0.12811  -0.22103  -0.23476  -0.25004  -0.24953  -0.25552  -0.26594  -0.25578
  10000.  3.00  -0.05583  -0.05379  -0.08086  -0.09356  -0.15223  -0.14201  -0.21063  -0.22594  -0.24261  -0.24621  -0.25356  -0.26656  -0.25933
  10000.  3.50  -0.04077  -0.03863  -0.07055  -0.08716  -0.14829  -0.16935  -0.21307  -0.22563  -0.23925  -0.24454  -0.25116  -0.26351  -0.26086
  10000.  4.00  -0.00785  -0.00600  -0.04303  -0.06480  -0.12893  -0.20615  -0.22498  -0.23111  -0.23805  -0.24350  -0.24791  -0.25748  -0.26000
  10000.  4.50   0.04063   0.04166  -0.00122  -0.02880  -0.09719  -0.24891  -0.24497  -0.24155  -0.23881  -0.24322  -0.24429  -0.24932  -0.25676
  10000.  5.00   0.10283   0.10267   0.05331   0.01982  -0.05422  -0.29427  -0.27358  -0.25768  -0.24257  -0.24457  -0.24137  -0.24004  -0.25157
  10250.  2.00   0.05768   0.05939   0.03895   0.01851  -0.04548  -0.16987  -0.30230  -0.30975  -0.31897  -0.31118  -0.31348  -0.31842  -0.31060
  10250.  2.50   0.01648   0.01506  -0.01646  -0.03515  -0.10556  -0.16272  -0.26882  -0.28422  -0.30140  -0.30214  -0.30931  -0.32322  -0.31526
  10250.  3.00   0.00482   0.00284  -0.03578  -0.05574  -0.13050  -0.17482  -0.25715  -0.27468  -0.29387  -0.29906  -0.30793  -0.32510  -0.31953
  10250.  3.50   0.01428   0.01234  -0.03176  -0.05494  -0.13299  -0.19929  -0.25758  -0.27317  -0.29019  -0.29752  -0.30612  -0.32337  -0.32186
  10250.  4.00   0.04043   0.03835  -0.01086  -0.03840  -0.11969  -0.23261  -0.26660  -0.27682  -0.28825  -0.29626  -0.30316  -0.31839  -0.32168
  10250.  4.50   0.08157   0.07887   0.02406  -0.00858  -0.09404  -0.27239  -0.28302  -0.28477  -0.28759  -0.29518  -0.29922  -0.31086  -0.31896
  10250.  5.00   0.13665   0.13279   0.07160   0.03354  -0.05754  -0.31613  -0.30736  -0.29761  -0.28893  -0.29496  -0.29519  -0.30165  -0.31407
  10500.  2.00   0.11669   0.11578   0.08701   0.05953  -0.01773  -0.20539  -0.35064  -0.35952  -0.37030  -0.36363  -0.36689  -0.37470  -0.36928
  10500.  2.50   0.07328   0.06842   0.02752   0.00198  -0.08205  -0.19802  -0.31649  -0.33349  -0.35248  -0.35448  -0.36279  -0.38002  -0.37420
  10500.  3.00   0.05813   0.05231   0.00332  -0.02317  -0.11252  -0.20920  -0.30416  -0.32366  -0.34509  -0.35177  -0.36203  -0.38303  -0.37919
  10500.  3.50   0.06302   0.05711   0.00193  -0.02722  -0.12075  -0.23168  -0.30336  -0.32155  -0.34149  -0.35062  -0.36096  -0.38259  -0.38231
  10500.  4.00   0.08390   0.07792   0.01733  -0.01558  -0.11283  -0.26244  -0.31046  -0.32407  -0.33928  -0.34948  -0.35851  -0.37877  -0.38294
  10500.  4.50   0.11929   0.11284   0.04673   0.00931  -0.09220  -0.29950  -0.32409  -0.33018  -0.33769  -0.34795  -0.35455  -0.37198  -0.38084
  10500.  5.00   0.16833   0.16085   0.08849   0.04613  -0.06088  -0.34143  -0.34492  -0.34036  -0.33717  -0.34656  -0.34974  -0.36301  -0.37628
  10750.  2.00   0.16862   0.16549   0.12865   0.09480   0.00434  -0.24118  -0.39872  -0.40902  -0.42136  -0.41585  -0.42008  -0.43069  -0.42745
  10750.  2.50   0.12302   0.11511   0.06557   0.03390  -0.06295  -0.23377  -0.36406  -0.38262  -0.40336  -0.40661  -0.41600  -0.43636  -0.43255
  10750.  3.00   0.10492   0.09560   0.03723   0.00491  -0.09782  -0.24450  -0.35140  -0.37273  -0.39621  -0.40428  -0.41581  -0.44030  -0.43817
  10750.  3.50   0.10604   0.09642   0.03117  -0.00342  -0.11115  -0.26572  -0.34992  -0.37038  -0.39289  -0.40362  -0.41549  -0.44107  -0.44210
  10750.  4.00   0.12248   0.11275   0.04165   0.00377  -0.10830  -0.29441  -0.35564  -0.37222  -0.39071  -0.40282  -0.41372  -0.43847  -0.44358
  10750.  4.50   0.15275   0.14272   0.06609   0.02423  -0.09225  -0.32901  -0.36719  -0.37707  -0.38870  -0.40124  -0.41008  -0.43260  -0.44221
  10750.  5.00   0.19637   0.18547   0.10283   0.05652  -0.06529  -0.36856  -0.38503  -0.38518  -0.38699  -0.39918  -0.40498  -0.42408  -0.43802
  11000.  2.00   0.21455   0.20946   0.16461   0.12489   0.02106  -0.27707  -0.44632  -0.45807  -0.47202  -0.46771  -0.47296  -0.48637  -0.48515
  11000.  2.50   0.16677   0.15606   0.09834   0.06108  -0.04821  -0.26971  -0.41121  -0.43132  -0.45380  -0.45832  -0.46881  -0.49221  -0.49031
  11000.  3.00   0.14614   0.13353   0.06651   0.02887  -0.08639  -0.28033  -0.39845  -0.42151  -0.44694  -0.45636  -0.46909  -0.49691  -0.49647
  11000.  3.50   0.14414   0.13097   0.05647   0.01688  -0.10401  -0.30081  -0.39664  -0.41914  -0.44397  -0.45621  -0.46948  -0.49876  -0.50115
  11000.  4.00   0.15687   0.14348   0.06261   0.02012  -0.10575  -0.32807  -0.40151  -0.42067  -0.44204  -0.45588  -0.46844  -0.49731  -0.50345
  11000.  4.50   0.18276   0.16910   0.08247   0.03644  -0.09417  -0.36075  -0.41165  -0.42477  -0.43996  -0.45453  -0.46535  -0.49250  -0.50286
  11000.  5.00   0.22150   0.20717   0.11465   0.06464  -0.07121  -0.39805  -0.42723  -0.43145  -0.43765  -0.45226  -0.46038  -0.48467  -0.49920
  11250.  2.00   0.25536   0.24862   0.19569   0.15055   0.03315  -0.31318  -0.49364  -0.50681  -0.52234  -0.51926  -0.52551  -0.54168  -0.54233
  11250.  2.50   0.20541   0.19221   0.12664   0.08424  -0.03728  -0.30581  -0.45810  -0.47974  -0.50390  -0.50968  -0.52122  -0.54755  -0.54745
  11250.  3.00   0.18237   0.16679   0.09169   0.04922  -0.07794  -0.31644  -0.44533  -0.47004  -0.49731  -0.50803  -0.52190  -0.55285  -0.55403
  11250.  3.50   0.17776   0.16131   0.07829   0.03415  -0.09896  -0.33646  -0.44336  -0.46775  -0.49470  -0.50835  -0.52290  -0.55560  -0.55935
  11250.  4.00   0.18727   0.17044   0.08058   0.03386  -0.10480  -0.36267  -0.44770  -0.46917  -0.49311  -0.50852  -0.52260  -0.55524  -0.56242
  11250.  4.50   0.20927   0.19216   0.09622   0.04633  -0.09749  -0.39375  -0.45681  -0.47282  -0.49121  -0.50759  -0.52020  -0.55152  -0.56266
  11250.  5.00   0.24362   0.22593   0.12411   0.07063  -0.07847  -0.42901  -0.47063  -0.47854  -0.48870  -0.50542  -0.51564  -0.54458  -0.55968
  11500.  2.00   0.29173   0.28353   0.22241   0.17224   0.04108  -0.34939  -0.54052  -0.55513  -0.57223  -0.57039  -0.57767  -0.59659  -0.59897
  11500.  2.50   0.23962   0.22417   0.15083   0.10365  -0.03012  -0.34198  -0.50457  -0.52771  -0.55356  -0.56062  -0.57323  -0.60244  -0.60399
  11500.  3.00   0.21434   0.19601   0.11320   0.06624  -0.07247  -0.35265  -0.49181  -0.51812  -0.54720  -0.55920  -0.57420  -0.60816  -0.61088
  11500.  3.50   0.20743   0.18792   0.09695   0.04860  -0.09608  -0.37243  -0.48983  -0.51599  -0.54492  -0.55992  -0.57570  -0.61163  -0.61671
  11500.  4.00   0.21430   0.19421   0.09600   0.04535  -0.10529  -0.39791  -0.49389  -0.51742  -0.54369  -0.56058  -0.57603  -0.61219  -0.62046
  11500.  4.50   0.23300   0.21254   0.10791   0.05439  -0.10184  -0.42772  -0.50232  -0.52089  -0.54211  -0.56012  -0.57433  -0.60952  -0.62145
  11500.  5.00   0.26341   0.24245   0.13182   0.07505  -0.08665  -0.46131  -0.51488  -0.52599  -0.53967  -0.55825  -0.57035  -0.60354  -0.61924
  11750.  2.00   0.32418   0.31468   0.24526   0.19042   0.04544  -0.38562  -0.58696  -0.60298  -0.62164  -0.62106  -0.62937  -0.65104  -0.65502
  11750.  2.50   0.26990   0.25245   0.17134   0.11975  -0.02631  -0.37820  -0.55064  -0.57528  -0.60281  -0.61114  -0.62482  -0.65684  -0.65995
  11750.  3.00   0.24245   0.22162   0.13132   0.08023  -0.06982  -0.38895  -0.53799  -0.56586  -0.59668  -0.60996  -0.62605  -0.66289  -0.66707
  11750.  3.50   0.23344   0.21112   0.11264   0.06041  -0.09530  -0.40854  -0.53606  -0.56390  -0.59472  -0.61102  -0.62795  -0.66690  -0.67329
  11750.  4.00   0.23806   0.21496   0.10897   0.05468  -0.10720  -0.43344  -0.53994  -0.56539  -0.59382  -0.61208  -0.62881  -0.66825  -0.67759
  11750.  4.50   0.25397   0.23037   0.11765   0.06076  -0.10709  -0.46216  -0.54785  -0.56875  -0.59256  -0.61209  -0.62778  -0.66652  -0.67926
  11750.  5.00   0.28094   0.25682   0.13789   0.07804  -0.09555  -0.49425  -0.55941  -0.57345  -0.59032  -0.61061  -0.62442  -0.66150  -0.67780
  12000.  2.50   0.29675   0.27747   0.18863   0.13290  -0.02549  -0.41440  -0.59626  -0.62238  -0.65155  -0.66116  -0.67591  -0.71070  -0.71528
  12000.  3.00   0.26721   0.24410   0.14653   0.09155  -0.06974  -0.42523  -0.58374  -0.61312  -0.64563  -0.66017  -0.67734  -0.71698  -0.72255
  12000.  3.50   0.25630   0.23137   0.12574   0.06987  -0.09656  -0.44470  -0.58189  -0.61133  -0.64395  -0.66150  -0.67956  -0.72142  -0.72907
  12000.  4.00   0.25900   0.23306   0.11977   0.06208  -0.11050  -0.46917  -0.58568  -0.61292  -0.64335  -0.66291  -0.68087  -0.72339  -0.73382
  12000.  4.50   0.27261   0.24603   0.12571   0.06566  -0.11317  -0.49708  -0.59325  -0.61624  -0.64239  -0.66334  -0.68039  -0.72248  -0.73609
  12000.  5.00   0.29667   0.26950   0.14274   0.07996  -0.10492  -0.52800  -0.60409  -0.62072  -0.64043  -0.66229  -0.67767  -0.71840  -0.73535
  12250.  2.50   0.32064   0.29967   0.20301   0.14340  -0.02737  -0.45050  -0.64135  -0.66895  -0.69977  -0.71068  -0.72651  -0.76406  -0.77000
  12250.  3.00   0.28896   0.26376   0.15893   0.10032  -0.07215  -0.46147  -0.62904  -0.65993  -0.69413  -0.70992  -0.72816  -0.77054  -0.77740
  12250.  3.50   0.27627   0.24892   0.13629   0.07704  -0.09987  -0.48084  -0.62732  -0.65833  -0.69270  -0.71149  -0.73064  -0.77529  -0.78413
  12250.  4.00   0.27725   0.24868   0.12842   0.06756  -0.11528  -0.50490  -0.63106  -0.66001  -0.69236  -0.71319  -0.73228  -0.77774  -0.78921
  12250.  4.50   0.28893   0.25955   0.13209   0.06908  -0.12015  -0.53215  -0.63840  -0.66335  -0.69169  -0.71397  -0.73228  -0.77750  -0.79197
  12250.  5.00   0.31045   0.28041   0.14631   0.08079  -0.11473  -0.56194  -0.64867  -0.66769  -0.69001  -0.71331  -0.73013  -0.77424  -0.79185
  12500.  2.50   0.34175   0.31921   0.21478   0.15158  -0.03146  -0.48649  -0.68598  -0.71502  -0.74746  -0.75965  -0.77654  -0.81680  -0.82404
  12500.  3.00   0.30807   0.28092   0.16891   0.10689  -0.07673  -0.49758  -0.67385  -0.70621  -0.74208  -0.75912  -0.77841  -0.82347  -0.83157
  12500.  3.50   0.29367   0.26406   0.14463   0.08218  -0.10506  -0.51690  -0.67229  -0.70481  -0.74089  -0.76091  -0.78111  -0.82848  -0.83847
  12500.  4.00   0.29313   0.26207   0.13514   0.07130  -0.12148  -0.54061  -0.67601  -0.70658  -0.74075  -0.76280  -0.78301  -0.83128  -0.84377
  12500.  4.50   0.30316   0.27114   0.13693   0.07112  -0.12804  -0.56735  -0.68320  -0.70996  -0.74031  -0.76387  -0.78338  -0.83159  -0.84694
  12500.  5.00   0.32262   0.28984   0.14878   0.08067  -0.12497  -0.59621  -0.69304  -0.71420  -0.73890  -0.76356  -0.78172  -0.82904  -0.84734
  12750.  2.50   0.36046   0.33645   0.22433   0.15777  -0.03740  -0.52228  -0.73007  -0.76050  -0.79453  -0.80799  -0.82592  -0.86887  -0.87733
  12750.  3.00   0.32486   0.29592   0.17675   0.11152  -0.08319  -0.53357  -0.71819  -0.75198  -0.78946  -0.80775  -0.82808  -0.87578  -0.88504
  12750.  3.50   0.30877   0.27710   0.15096   0.08552  -0.11196  -0.55286  -0.71682  -0.75080  -0.78855  -0.80977  -0.83101  -0.88101  -0.89209
  12750.  4.00   0.30677   0.27343   0.14005   0.07341  -0.12907  -0.57626  -0.72058  -0.75270  -0.78861  -0.81185  -0.83312  -0.88408  -0.89756
  12750.  4.50   0.31537   0.28090   0.14025   0.07182  -0.13686  -0.60248  -0.72764  -0.75610  -0.78837  -0.81314  -0.83379  -0.88481  -0.90102
  12750.  5.00   0.33303   0.29769   0.15007   0.07951  -0.13573  -0.63054  -0.73714  -0.76028  -0.78719  -0.81314  -0.83255  -0.88287  -0.90186
  13000.  2.50   0.37704   0.35162   0.23186   0.16218  -0.04494  -0.55772  -0.77349  -0.80532  -0.84093  -0.85567  -0.87465  -0.92028  -0.92989
  13000.  3.00   0.33950   0.30883   0.18248   0.11425  -0.09152  -0.56938  -0.76197  -0.79720  -0.83630  -0.85583  -0.87721  -0.92752  -0.93788
  13000.  3.50   0.32181   0.28817   0.15535   0.08708  -0.12056  -0.58868  -0.76084  -0.79628  -0.83566  -0.85807  -0.88035  -0.93293  -0.94503
  13000.  4.00   0.31844   0.28293   0.14322   0.07393  -0.13808  -0.61180  -0.76465  -0.79828  -0.83589  -0.86031  -0.88262  -0.93618  -0.95061
  13000.  4.50   0.32579   0.28899   0.14213   0.07122  -0.14671  -0.63754  -0.77161  -0.80170  -0.83580  -0.86175  -0.88348  -0.93723  -0.95428
  13000.  5.00   0.34199   0.30418   0.15029   0.07742  -0.14706  -0.66491  -0.78083  -0.80583  -0.83480  -0.86198  -0.88256  -0.93576  -0.95548
  14000.  2.00   0.49532   0.47741   0.34123   0.25765   0.00318  -0.70068  -0.98135  -1.00799  -1.03880  -1.04809  -1.06462  -1.10865  -1.12375
  14000.  2.50   0.42539   0.39484   0.24665   0.16642  -0.08509  -0.69578  -0.94116  -0.97822  -1.01980  -1.03934  -1.06233  -1.11821  -1.13197
  14000.  3.00   0.38070   0.34393   0.18998   0.11148  -0.13649  -0.70969  -0.93145  -0.97209  -1.01735  -1.04169  -1.06712  -1.12752  -1.14183
  14000.  3.50   0.35698   0.31653   0.15778   0.07972  -0.16734  -0.72958  -0.93166  -0.97261  -1.01822  -1.04527  -1.07153  -1.13395  -1.14976
  14000.  4.00   0.34879   0.30582   0.14174   0.06322  -0.18565  -0.75201  -0.93599  -0.97528  -1.01926  -1.04815  -1.07442  -1.13777  -1.15564
  14000.  4.50   0.35197   0.30714   0.13699   0.05743  -0.19548  -0.77607  -0.94277  -0.97883  -1.01963  -1.04999  -1.07575  -1.13942  -1.15958
  14000.  5.00   0.36386   0.31755   0.14086   0.05987  -0.19863  -0.80131  -0.95136  -0.98285  -1.01908  -1.05070  -1.07552  -1.13902  -1.16151
  15000.  2.50   0.45265   0.41776   0.24503   0.15672  -0.13342  -0.82625  -1.09873  -1.14043  -1.18738  -1.21127  -1.23795  -1.30324  -1.32058
  15000.  3.00   0.40133   0.35927   0.18040   0.09389  -0.19207  -0.84347  -1.09118  -1.13680  -1.18776  -1.21660  -1.24584  -1.31570  -1.33336
  15000.  3.50   0.37187   0.32560   0.14269   0.05688  -0.22651  -0.86509  -1.09340  -1.13942  -1.19081  -1.22227  -1.25229  -1.32394  -1.34288
  15000.  4.00   0.35931   0.31012   0.12304   0.03713  -0.24618  -0.88767  -1.09879  -1.14323  -1.19308  -1.22623  -1.25623  -1.32861  -1.34938
  15000.  4.50   0.35904   0.30759   0.11569   0.02912  -0.25635  -0.91071  -1.10580  -1.14720  -1.19403  -1.22850  -1.25798  -1.33060  -1.35347
  15000.  5.00   0.36797   0.31468   0.11723   0.02962  -0.25990  -0.93423  -1.11411  -1.15120  -1.19374  -1.22938  -1.25795  -1.33050  -1.35548
  16000.  2.50   0.46582   0.42746   0.23419   0.13959  -0.18339  -0.94829  -1.24641  -1.29222  -1.34393  -1.37166  -1.40161  -1.47537  -1.49586
  16000.  3.00   0.40826   0.36166   0.16103   0.06816  -0.25134  -0.96958  -1.24110  -1.29127  -1.34746  -1.38045  -1.41321  -1.49180  -1.51242
  16000.  3.50   0.37326   0.32194   0.11717   0.02512  -0.29126  -0.99393  -1.24578  -1.29649  -1.35325  -1.38885  -1.42243  -1.50269  -1.52438
  16000.  4.00   0.35640   0.30183   0.09343   0.00150  -0.31361  -1.01752  -1.25277  -1.30198  -1.35729  -1.39447  -1.42800  -1.50882  -1.53212
  16000.  4.50   0.35291   0.29580   0.08341  -0.00892  -0.32484  -1.04025  -1.26047  -1.30677  -1.35918  -1.39756  -1.43053  -1.51147  -1.53664
  16000.  5.00   0.35922   0.30000   0.08305  -0.01004  -0.32857  -1.06252  -1.26884  -1.31100  -1.35928  -1.39870  -1.43079  -1.51158  -1.53868
  17000.  2.50   0.46960   0.42848   0.21801   0.11842  -0.23245  -1.06208  -1.38487  -1.43422  -1.49005  -1.52112  -1.55396  -1.63529  -1.65858
  17000.  3.00   0.40615   0.35574   0.13643   0.03843  -0.31019  -1.08751  -1.38146  -1.43577  -1.49673  -1.53347  -1.56947  -1.65605  -1.67930
  17000.  3.50   0.36558   0.30992   0.08604  -0.01110  -0.35672  -1.11526  -1.38891  -1.44393  -1.50564  -1.54503  -1.58190  -1.67015  -1.69428
  17000.  4.00   0.34444   0.28520   0.05770  -0.03921  -0.38322  -1.14074  -1.39794  -1.45154  -1.51188  -1.55282  -1.58963  -1.67835  -1.70389
  17000.  4.50   0.33778   0.27577   0.04462  -0.05250  -0.39645  -1.16389  -1.40677  -1.45756  -1.51513  -1.55718  -1.59343  -1.68215  -1.70935
  17000.  5.00   0.34162   0.27728   0.04216  -0.05552  -0.40112  -1.18560  -1.41561  -1.46238  -1.51595  -1.55896  -1.59432  -1.68279  -1.71176
  18000.  2.50   0.46679   0.42328   0.19817   0.09457  -0.28003  -1.16845  -1.51496  -1.56728  -1.62661  -1.66049  -1.69582  -1.78383  -1.80965
  18000.  3.00   0.39788   0.34418   0.10869   0.00652  -0.36746  -1.19774  -1.51305  -1.57108  -1.63636  -1.67648  -1.71542  -1.80928  -1.83491
  18000.  3.50   0.35185   0.29240   0.05185  -0.04946  -0.42073  -1.22908  -1.52332  -1.58227  -1.64853  -1.69139  -1.73128  -1.82683  -1.85317
  18000.  4.00   0.32635   0.26304   0.01870  -0.08232  -0.45198  -1.25693  -1.53459  -1.59223  -1.65722  -1.70162  -1.74148  -1.83748  -1.86505
  18000.  4.50   0.31654   0.25022   0.00227  -0.09889  -0.46834  -1.28117  -1.54483  -1.59977  -1.66210  -1.70757  -1.74688  -1.84283  -1.87189
  18000.  5.00   0.31800   0.24917  -0.00254  -0.10412  -0.47466  -1.30293  -1.55442  -1.60546  -1.66393  -1.71029  -1.74873  -1.84440  -1.87504
  19000.  2.50   0.45921   0.41333   0.17558   0.06874  -0.32579  -1.26797  -1.63734  -1.69206  -1.75423  -1.79033  -1.82771  -1.92133  -1.94942
  19000.  3.00   0.38568   0.32887   0.07896  -0.02668  -0.42315  -1.30100  -1.63644  -1.69782  -1.76700  -1.81021  -1.85187  -1.95251  -1.98027
  19000.  3.50   0.33427   0.27140   0.01607  -0.08871  -0.48269  -1.33583  -1.64953  -1.71211  -1.78255  -1.82860  -1.87128  -1.97359  -2.00192
  19000.  4.00   0.30434   0.23738  -0.02187  -0.12632  -0.51869  -1.36620  -1.66317  -1.72456  -1.79387  -1.84144  -1.88413  -1.98681  -2.01622
  19000.  4.50   0.29122   0.22106  -0.04186  -0.14639  -0.53856  -1.39194  -1.67506  -1.73384  -1.80059  -1.84921  -1.89138  -1.99403  -2.02478
  19000.  5.00   0.29036   0.21752  -0.04916  -0.15403  -0.54719  -1.41422  -1.68563  -1.74062  -1.80363  -1.85310  -1.89442  -1.99677  -2.02895
  20000.  3.00   0.37067   0.31080   0.04782  -0.06076  -0.47726  -1.39796  -1.75226  -1.81665  -1.88934  -1.93533  -1.97946  -2.08637  -2.11607
  20000.  3.50   0.31424   0.24807  -0.02076  -0.12852  -0.54300  -1.43636  -1.76823  -1.83416  -1.90846  -1.95748  -2.00280  -2.11147  -2.14161
  20000.  4.00   0.27987   0.20948  -0.06324  -0.17061  -0.58336  -1.46915  -1.78426  -1.84916  -1.92249  -1.97301  -2.01834  -2.12727  -2.15834
  20000.  4.50   0.26342   0.18973  -0.08661  -0.19402  -0.60650  -1.49640  -1.79785  -1.86024  -1.93113  -1.98266  -2.02750  -2.13633  -2.16860
  20000.  5.00   0.26014   0.18364  -0.09648  -0.20417  -0.61764  -1.51939  -1.80943  -1.86817  -1.93549  -1.98785  -2.03187  -2.14043  -2.17402
  21000.  3.00   0.35384   0.29089   0.01608  -0.09502  -0.52921  -1.48878  -1.86098  -1.92804  -2.00385  -2.05230  -2.09864  -2.21116  -2.24263
  21000.  3.50   0.29262   0.22320  -0.05809  -0.16840  -0.60156  -1.53114  -1.87994  -1.94894  -2.02681  -2.07858  -2.12635  -2.24102  -2.27283
  21000.  4.00   0.25400   0.18029  -0.10485  -0.21475  -0.64609  -1.56639  -1.89841  -1.96658  -2.04368  -2.09697  -2.14479  -2.25965  -2.29224
  21000.  4.50   0.23416   0.15710  -0.13152  -0.24138  -0.67223  -1.59510  -1.91374  -1.97952  -2.05430  -2.10857  -2.15591  -2.27053  -2.30420
  21000.  5.00   0.22843   0.14851  -0.14378  -0.25389  -0.68565  -1.61883  -1.92643  -1.98867  -2.06001  -2.11508  -2.16163  -2.27596  -2.31083
  22000.  3.00   0.33631   0.27000  -0.01584  -0.12910  -0.57890  -1.57378  -1.96304  -2.03254  -2.11120  -2.16182  -2.21012  -2.32750  -2.36055
  22000.  3.50   0.27007   0.19735  -0.09548  -0.20804  -0.65815  -1.62051  -1.98517  -2.05700  -2.13817  -2.19246  -2.24250  -2.36276  -2.39610
  22000.  4.00   0.22746   0.15042  -0.14638  -0.25850  -0.70707  -1.65848  -2.00615  -2.07738  -2.15799  -2.21390  -2.26409  -2.38462  -2.41864
  22000.  4.50   0.20427   0.12391  -0.17620  -0.28824  -0.73610  -1.68869  -2.02324  -2.09224  -2.17071  -2.22756  -2.27728  -2.39751  -2.43248
  22000.  5.00   0.19602   0.11279  -0.19081  -0.30304  -0.75160  -1.71314  -2.03708  -2.10268  -2.17784  -2.23545  -2.28440  -2.40421  -2.44027
  23000.  3.00   0.31929   0.24926  -0.04717  -0.16236  -0.62638  -1.65312  -2.05849  -2.13036  -2.21173  -2.26439  -2.31453  -2.43635  -2.47081
  23000.  3.50   0.24739   0.17126  -0.13243  -0.24694  -0.71238  -1.70456  -2.08425  -2.15871  -2.24292  -2.29952  -2.35166  -2.47698  -2.51171
  23000.  4.00   0.20077   0.12043  -0.18727  -0.30138  -0.76577  -1.74548  -2.10777  -2.18188  -2.26579  -2.32416  -2.37655  -2.50244  -2.53779
  23000.  4.50   0.17439   0.09073  -0.22024  -0.33422  -0.79790  -1.77746  -2.12672  -2.19878  -2.28072  -2.34005  -2.39204  -2.51765  -2.55385
  23000.  5.00   0.16374   0.07723  -0.23703  -0.35115  -0.81532  -1.80261  -2.14167  -2.21048  -2.28926  -2.34934  -2.40057  -2.52571  -2.56288
  24000.  3.00   0.30464   0.23060  -0.07583  -0.19282  -0.67003  -1.72581  -2.14633  -2.22055  -2.30466  -2.35938  -2.41138  -2.53774  -2.57352
  24000.  3.50   0.22525   0.14548  -0.16866  -0.28491  -0.76447  -1.78365  -2.17750  -2.25449  -2.34160  -2.40038  -2.45449  -2.58451  -2.62051
  24000.  4.00   0.17443   0.09076  -0.22727  -0.34311  -0.82203  -1.82756  -2.20369  -2.28048  -2.36747  -2.42812  -2.48260  -2.61349  -2.65009
  24000.  4.50   0.14500   0.05809  -0.26313  -0.37884  -0.85723  -1.86143  -2.22448  -2.29942  -2.38462  -2.44632  -2.50045  -2.63119  -2.66856
  24000.  5.00   0.13199   0.04226  -0.28215  -0.39795  -0.87675  -1.88753  -2.24062  -2.31247  -2.39471  -2.45715  -2.51057  -2.64086  -2.67910
  25000.  3.00   0.29335   0.21573  -0.09870  -0.21729  -0.70541  -1.78941  -2.22486  -2.30108  -2.38760  -2.44416  -2.49790  -2.62885  -2.66594
  25000.  3.50   0.20468   0.12100  -0.20338  -0.32124  -0.81423  -1.85775  -2.26480  -2.34430  -2.43431  -2.49527  -2.55134  -2.68597  -2.72314
  25000.  4.00   0.14900   0.06182  -0.26613  -0.38354  -0.87594  -1.90501  -2.29420  -2.37355  -2.46349  -2.52630  -2.58275  -2.71831  -2.75602
  25000.  4.50   0.11654   0.02635  -0.30460  -0.42186  -0.91390  -1.94067  -2.31676  -2.39442  -2.48273  -2.54665  -2.60282  -2.73841  -2.77687
  25000.  5.00   0.10123   0.00831  -0.32568  -0.44302  -0.93549  -1.96785  -2.33408  -2.40884  -2.49435  -2.55905  -2.61457  -2.74980  -2.78907
  26000.  3.00   0.28208   0.20206  -0.11617  -0.23582  -0.72924  -1.84282  -2.29425  -2.37139  -2.45926  -2.51651  -2.57122  -2.70458  -2.74282
  26000.  3.50   0.18701   0.09938  -0.23477  -0.35415  -0.85997  -1.92586  -2.34526  -2.42733  -2.52028  -2.58348  -2.64156  -2.78096  -2.81925
  26000.  4.00   0.12530   0.03447  -0.30315  -0.42199  -0.92717  -1.97773  -2.37920  -2.46106  -2.55388  -2.61881  -2.67720  -2.81728  -2.85604
  26000.  4.50   0.08947  -0.00402  -0.34424  -0.46291  -0.96766  -2.01523  -2.40369  -2.48395  -2.57523  -2.64125  -2.69938  -2.83956  -2.87902
  26000.  5.00   0.07188  -0.02419  -0.36728  -0.48600  -0.99122  -2.04348  -2.42218  -2.49971  -2.58837  -2.65520  -2.71273  -2.85265  -2.89289
  27000.  3.50   0.17275   0.08163  -0.26087  -0.38167  -0.89903  -1.98637  -2.41780  -2.50230  -2.59811  -2.66349  -2.72353  -2.86773  -2.90713
  27000.  4.00   0.10415   0.00964  -0.33732  -0.45751  -0.97499  -2.04533  -2.45834  -2.54271  -2.63842  -2.70551  -2.76583  -2.91045  -2.95021
  27000.  4.50   0.06443  -0.03243  -0.38164  -0.50160  -1.01838  -2.08513  -2.48534  -2.56812  -2.66227  -2.73035  -2.79037  -2.93496  -2.97536
  27000.  5.00   0.04441  -0.05477  -0.40651  -0.52649  -1.04362  -2.11433  -2.50499  -2.58518  -2.67683  -2.74570  -2.80515  -2.94955  -2.99068
  28000.  3.50   0.15980   0.06622  -0.28196  -0.40396  -0.93005  -2.03880  -2.48245  -2.56897  -2.66729  -2.73439  -2.79616  -2.94418  -2.98460
  28000.  4.00   0.08612  -0.01183  -0.36734  -0.48883  -1.01791  -2.10686  -2.53090  -2.61778  -2.71638  -2.78563  -2.84791  -2.99709  -3.03782
  28000.  4.50   0.04187  -0.05835  -0.41618  -0.53735  -1.06565  -2.15018  -2.56150  -2.64679  -2.74381  -2.81393  -2.87583  -3.02477  -3.06605
  28000.  5.00   0.01920  -0.08307  -0.44306  -0.56421  -1.09262  -2.18048  -2.58255  -2.66533  -2.75988  -2.83072  -2.89204  -3.04072  -3.08268
  29000.  3.50   0.14203   0.04728  -0.30349  -0.42637  -0.95752  -2.08701  -2.54279  -2.63067  -2.73080  -2.79884  -2.86182  -3.01198  -3.05322
  29000.  4.00   0.07047  -0.03024  -0.39272  -0.51540  -1.05468  -2.16165  -2.59656  -2.68582  -2.78716  -2.85839  -2.92250  -3.07600  -3.11766
  29000.  4.50   0.02203  -0.08128  -0.44702  -0.56934  -1.10851  -2.20980  -2.63179  -2.71956  -2.81940  -2.89154  -2.95530  -3.10850  -3.15063
  29000.  5.00  -0.00357  -0.10879  -0.47654  -0.59877  -1.13783  -2.24175  -2.65477  -2.74008  -2.83750  -2.91026  -2.97337  -3.12619  -3.16893
  30000.  3.50   0.11248   0.01778  -0.33299  -0.45639  -0.98933  -2.13750  -2.60428  -2.69285  -2.79414  -2.86236  -2.92607  -3.07663  -3.11843
  30000.  4.00   0.05434  -0.04811  -0.41534  -0.53905  -1.08634  -2.21078  -2.65646  -2.74779  -2.85169  -2.92455  -2.99038  -3.14714  -3.18961
  30000.  4.50   0.00425  -0.10156  -0.47393  -0.59733  -1.14633  -2.26363  -2.69603  -2.78620  -2.88877  -2.96280  -3.02832  -3.18556  -3.22849
  30000.  5.00  -0.02405  -0.13191  -0.50664  -0.62991  -1.17894  -2.29798  -2.72155  -2.80935  -2.90955  -2.98417  -3.04906  -3.20583  -3.24930
  31000.  3.50   0.06858  -0.02537  -0.37465  -0.49828  -1.03071  -2.19465  -2.67074  -2.75938  -2.86121  -2.92903  -2.99306  -3.14278  -3.18496
  31000.  4.00   0.03283  -0.07020  -0.43985  -0.56438  -1.11728  -2.25808  -2.71396  -2.80694  -2.91297  -2.98696  -3.05416  -3.21313  -3.25624
  31000.  4.50  -0.01382  -0.12130  -0.49856  -0.62293  -1.18019  -2.31276  -2.75532  -2.84768  -2.95282  -3.02849  -3.09566  -3.25631  -3.29993
  31000.  5.00  -0.04361  -0.15352  -0.53402  -0.65825  -1.21621  -2.34955  -2.78334  -2.87350  -2.97639  -3.05273  -3.11927  -3.27972  -3.32385
  32000.  4.00   0.00302  -0.09945  -0.46928  -0.59440  -1.15041  -2.30617  -2.77125  -2.86538  -2.97314  -3.04781  -3.11617  -3.27629  -3.31992
  32000.  4.50  -0.03570  -0.14381  -0.52402  -0.64922  -1.21288  -2.35976  -2.81191  -2.90617  -3.01370  -3.09066  -3.15936  -3.32239  -3.36661
  32000.  5.00  -0.06433  -0.17554  -0.56029  -0.68538  -1.25092  -2.39768  -2.84126  -2.93363  -3.03902  -3.11684  -3.18490  -3.34851  -3.39321
  33000.  4.00  -0.03770  -0.13921  -0.50834  -0.63385  -1.19132  -2.35992  -2.83272  -2.92756  -3.03667  -3.11156  -3.18086  -3.34104  -3.38506
  33000.  4.50  -0.06294  -0.17061  -0.55173  -0.67760  -1.24570  -2.40585  -2.86681  -2.96262  -3.07225  -3.15020  -3.22026  -3.38500  -3.42970
  33000.  5.00  -0.08863  -0.20018  -0.58745  -0.71328  -1.28489  -2.44409  -2.89682  -2.99116  -3.09900  -3.17805  -3.24763  -3.41344  -3.45862
  34000.  4.00  -0.08846  -0.18901  -0.55723  -0.68294  -1.24074  -2.42004  -2.89924  -2.99442  -3.10448  -3.17920  -3.24910  -3.40838  -3.45266
  34000.  4.50  -0.09954  -0.20620  -0.58707  -0.71343  -1.28427  -2.45610  -2.92458  -3.02154  -3.13293  -3.21147  -3.28271  -3.44822  -3.49331
  34000.  5.00  -0.11786  -0.22887  -0.61704  -0.74351  -1.31963  -2.49030  -2.95129  -3.04733  -3.15736  -3.23739  -3.30833  -3.47583  -3.52140
  35000.  4.00  -0.14710  -0.24691  -0.61447  -0.74027  -1.29804  -2.48591  -2.97044  -3.06578  -3.17651  -3.25081  -3.32105  -3.47874  -3.52311
  35000.  4.50  -0.14503  -0.25046  -0.63048  -0.75716  -1.32937  -2.51129  -2.98611  -3.08382  -3.19664  -3.27538  -3.34760  -3.51291  -3.55830
  35000.  5.00  -0.15574  -0.26566  -0.65362  -0.78057  -1.35965  -2.54043  -3.00852  -3.10586  -3.21777  -3.29844  -3.37058  -3.53891  -3.58483
  36000.  4.00  -0.21169  -0.31115  -0.67861  -0.80447  -1.36245  -2.55702  -3.04589  -3.14142  -3.25272  -3.32665  -3.39711  -3.55315  -3.59753
  36000.  4.50  -0.19784  -0.30211  -0.68121  -0.80808  -1.38083  -2.57124  -3.05141  -3.14957  -3.26352  -3.34216  -3.41512  -3.57936  -3.62495
  36000.  5.00  -0.20104  -0.30960  -0.69669  -0.82399  -1.40475  -2.59439  -3.06849  -3.16680  -3.28030  -3.36129  -3.43449  -3.60283  -3.64901
  37000.  4.00  -0.28010  -0.37963  -0.74763  -0.87358  -1.43245  -2.63212  -3.12443  -3.22025  -3.33212  -3.40590  -3.47660  -3.63157  -3.67594
  37000.  4.50  -0.25677  -0.36015  -0.73864  -0.86563  -1.43877  -2.63612  -3.12067  -3.21917  -3.33407  -3.41246  -3.48596  -3.64869  -3.69438
  37000.  5.00  -0.25291  -0.36010  -0.74611  -0.87363  -1.45522  -2.65245  -3.13162  -3.23061  -3.34546  -3.42648  -3.50054  -3.66810  -3.71450
  38000.  4.00  -0.35028  -0.45022  -0.81922  -0.94528  -1.50548  -2.70924  -3.20438  -3.30059  -3.41305  -3.48692  -3.55792  -3.71251  -3.75693
  38000.  4.50  -0.32016  -0.42303  -0.80148  -0.92859  -1.50244  -2.70531  -3.19343  -3.29229  -3.40803  -3.48623  -3.56021  -3.72149  -3.76721
  38000.  5.00  -0.31034  -0.41634  -0.80145  -0.92911  -1.51124  -2.71482  -3.19818  -3.29765  -3.41368  -3.49457  -3.56938  -3.73561  -3.78214
  39000.  4.00  -0.42075  -0.52134  -0.89157  -1.01777  -1.57950  -2.78669  -3.28429  -3.38093  -3.49397  -3.56807  -3.63941  -3.79418  -3.83870
  39000.  4.50  -0.38633  -0.48906  -0.86805  -0.99525  -1.57017  -2.77757  -3.26862  -3.36790  -3.48447  -3.56265  -3.63710  -3.79739  -3.84315
  39000.  5.00  -0.37202  -0.47714  -0.86179  -0.98959  -1.57236  -2.78114  -3.26794  -3.36784  -3.48493  -3.56567  -3.64114  -3.80593  -3.85255
  40000.  4.50  -0.45372  -0.55665  -0.93657  -1.06393  -1.64040  -2.85147  -3.34493  -3.44469  -3.56205  -3.64039  -3.71530  -3.87517  -3.92102
  40000.  5.00  -0.43649  -0.54115  -0.92587  -1.05378  -1.63752  -2.85062  -3.34023  -3.44057  -3.55863  -3.63934  -3.71540  -3.87901  -3.92570
  41000.  4.50  -0.52116  -0.62453  -1.00569  -1.13319  -1.71142  -2.92564  -3.42121  -3.52148  -3.63961  -3.71822  -3.79359  -3.95349  -3.99944
  41000.  5.00  -0.50249  -0.60699  -0.99225  -1.12027  -1.70518  -2.92194  -3.41398  -3.51480  -3.63377  -3.71456  -3.79118  -3.95406  -4.00084
  42000.  4.50  -0.58802  -0.69198  -1.07447  -1.20212  -1.78217  -2.99918  -3.49668  -3.59748  -3.71631  -3.79527  -3.87108  -4.03131  -4.07738
  42000.  5.00  -0.56896  -0.67357  -1.05968  -1.18785  -1.77436  -2.99418  -3.48823  -3.58957  -3.70938  -3.79039  -3.86753  -4.03006  -4.07695
  43000.  4.50  -0.65383  -0.75850  -1.14242  -1.27021  -1.85205  -3.07158  -3.57088  -3.67220  -3.79168  -3.87102  -3.94724  -4.10800  -4.15420
  43000.  5.00  -0.63516  -0.74010  -1.12731  -1.25562  -1.84383  -3.06635  -3.56219  -3.66405  -3.78466  -3.86594  -3.94359  -4.10612  -4.15312
  44000.  4.50  -0.71844  -0.82392  -1.20932  -1.33725  -1.92078  -3.14259  -3.64365  -3.74546  -3.86551  -3.94522  -4.02180  -4.18321  -4.22953
  44000.  5.00  -0.70061  -0.80602  -1.19444  -1.32290  -1.91285  -3.13781  -3.63532  -3.73771  -3.85904  -3.94066  -4.01877  -4.18156  -4.22868
  45000.  4.50  -0.78183  -0.88816  -1.27503  -1.40307  -1.98822  -3.21211  -3.71488  -3.81715  -3.93771  -4.01779  -4.09468  -4.25680  -4.30325
  45000.  5.00  -0.76502  -0.87101  -1.26074  -1.38933  -1.98102  -3.20819  -3.70725  -3.81016  -3.93217  -4.01415  -4.09269  -4.25591  -4.30315
  46000.  4.50  -0.84401  -0.95122  -1.33954  -1.46770  -2.05434  -3.28017  -3.78459  -3.88731  -4.00832  -4.08876  -4.16592  -4.32877  -4.37533
  46000.  5.00  -0.82828  -0.93491  -1.32598  -1.45470  -2.04807  -3.27729  -3.77785  -3.88126  -4.00388  -4.08624  -4.16518  -4.32892  -4.37630
  47000.  4.50  -0.90499  -1.01312  -1.40286  -1.53113  -2.11921  -3.34679  -3.85285  -3.95597  -4.07739  -4.15816  -4.23555  -4.39917  -4.44582
  47000.  5.00  -0.89027  -0.99763  -1.39007  -1.51891  -2.11390  -3.34501  -3.84702  -3.95091  -4.07409  -4.15681  -4.23610  -4.40045  -4.44795
  48000.  4.50  -0.96485  -1.07388  -1.46501  -1.59338  -2.18283  -3.41206  -3.91970  -4.02323  -4.14500  -4.22608  -4.30367  -4.46807  -4.51481
  48000.  5.00  -0.95103  -1.05914  -1.45296  -1.58191  -2.17842  -3.41130  -3.91475  -4.01909  -4.14278  -4.22586  -4.30547  -4.47046  -4.51808
  49000.  4.50  -1.02361  -1.13354  -1.52606  -1.65453  -2.24528  -3.47601  -3.98519  -4.08911  -4.21121  -4.29260  -4.37036  -4.53555  -4.58237
  49000.  5.00  -1.01059  -1.11948  -1.51466  -1.64373  -2.24172  -3.47621  -3.98107  -4.08585  -4.21000  -4.29342  -4.37331  -4.53898  -4.58670
  50000.  5.00  -1.06898  -1.17868  -1.57523  -1.70439  -2.30381  -3.53979  -4.04604  -4.15125  -4.27582  -4.35955  -4.43967  -4.60608  -4.65388
