   3500.  0.00 -10.33613  -9.75499 -10.79539  -8.82748  -7.97660  -6.08220  -5.06498  -3.84759  -2.87812  -2.11224  -1.74249  -0.54921  -0.32086
   3500.  0.50 -10.17180  -9.70772 -10.67834  -8.45106  -7.46572  -5.71128  -4.76464  -3.67793  -2.77077  -2.04556  -1.68633  -0.51261  -0.28666
   3500.  1.00 -10.00851  -9.65426 -10.54171  -8.06374  -6.95346  -5.37731  -4.50661  -3.53316  -2.67738  -1.98394  -1.63306  -0.47041  -0.24612
   3500.  1.50  -9.85422  -9.59496 -10.37885  -7.69559  -6.48435  -5.09002  -4.28800  -3.40768  -2.59220  -1.92295  -1.57823  -0.42289  -0.20008
   3500.  2.00  -9.71459  -9.53156 -10.18555  -7.36697  -6.08146  -4.85202  -4.10379  -3.29624  -2.51204  -1.86102  -1.52074  -0.37173  -0.15062
   3500.  2.50  -9.60418  -9.46606  -9.96804  -7.11237  -5.78075  -4.68011  -3.97098  -3.20890  -2.44095  -1.79797  -1.45913  -0.31664  -0.09788
   3500.  3.00  -9.53284  -9.39848  -9.70191  -6.93786  -5.58472  -4.58181  -3.90916  -3.15151  -2.37893  -1.72792  -1.38676  -0.25657  -0.04208
   3500.  3.50  -9.49648  -9.34224  -9.43233  -6.82848  -5.47026  -4.54287  -3.88283  -3.11299  -2.32540  -1.66115  -1.31604  -0.21058  -0.00227
   3500.  4.00  -9.50525  -9.31041  -9.25879  -6.79660  -5.44012  -4.57085  -3.89429  -3.11182  -2.30533  -1.62687  -1.27689  -0.18880   0.01500
   3500.  4.50  -9.55015  -9.29647  -9.20367  -6.83120  -5.47804  -4.65930  -3.93852  -3.14074  -2.30975  -1.61397  -1.25768  -0.17727   0.02386
   3500.  5.00  -9.63105  -9.30301  -9.28719  -6.93965  -5.59215  -4.81655  -4.02202  -3.19951  -2.33885  -1.61938  -1.25555  -0.17230   0.02783
   3750.  0.00  -9.96381  -9.60003 -10.49473  -8.15855  -7.09689  -5.45802  -4.48520  -3.32331  -2.44541  -1.75175  -1.40624  -0.39296  -0.20338
   3750.  0.50  -9.83870  -9.58215 -10.36199  -7.83402  -6.68260  -5.18646  -4.27145  -3.21663  -2.38282  -1.71940  -1.38175  -0.39066  -0.20342
   3750.  1.00  -9.72301  -9.55699 -10.21198  -7.51686  -6.28490  -4.94914  -4.09557  -3.13459  -2.33422  -1.69238  -1.35967  -0.38174  -0.19569
   3750.  1.50  -9.61346  -9.52160 -10.04065  -7.21690  -5.91910  -4.74088  -3.94544  -3.06437  -2.29008  -1.66397  -1.33430  -0.36323  -0.17776
   3750.  2.00  -9.50850  -9.47667  -9.84155  -6.94024  -5.59203  -4.55784  -3.81178  -2.99785  -2.24550  -1.63190  -1.30441  -0.33635  -0.15121
   3750.  2.50  -9.41772  -9.42557  -9.62914  -6.71844  -5.33827  -4.41340  -3.70164  -2.93908  -2.20190  -1.59655  -1.26990  -0.30276  -0.11801
   3750.  3.00  -9.35092  -9.36794  -9.39248  -6.56423  -5.17065  -4.31649  -3.63301  -2.89778  -2.16568  -1.55975  -1.23210  -0.26050  -0.07635
   3750.  3.50  -9.30455  -9.29751  -9.07498  -6.44896  -5.05887  -4.25530  -3.60864  -2.87246  -2.13464  -1.51807  -1.18792  -0.21019  -0.02760
   3750.  4.00  -9.27179  -9.22403  -8.76027  -6.35323  -4.97283  -4.21756  -3.59088  -2.84975  -2.10456  -1.47845  -1.14588  -0.17069   0.00924
   3750.  4.50  -9.27450  -9.17078  -8.57319  -6.32261  -4.95121  -4.23256  -3.59733  -2.85130  -2.09382  -1.45771  -1.12130  -0.14850   0.02948
   3750.  5.00  -9.31312  -9.14453  -8.52399  -6.35626  -4.99084  -4.30433  -3.63240  -2.87725  -2.10004  -1.45040  -1.10813  -0.13465   0.04207
   4000.  0.00  -9.54767  -9.42041  -9.77117  -7.30504  -6.08574  -4.79956  -3.93594  -2.87516  -2.09452  -1.47529  -1.15729  -0.25238  -0.08698
   4000.  0.50  -9.42064  -9.39555  -9.47521  -6.96367  -5.69025  -4.55644  -3.75220  -2.78126  -2.04410  -1.45488  -1.14668  -0.26276  -0.09927
   4000.  1.00  -9.31870  -9.36261  -9.15401  -6.65190  -5.33632  -4.36138  -3.61560  -2.72093  -2.01455  -1.44509  -1.14260  -0.27055  -0.10807
   4000.  1.50  -9.24170  -9.32245  -8.85081  -6.39359  -5.04974  -4.21394  -3.51733  -2.68534  -1.99875  -1.44086  -1.14057  -0.27493  -0.11294
   4000.  2.00  -9.18528  -9.28032  -8.62461  -6.20282  -4.83889  -4.10814  -3.44608  -2.66484  -1.98930  -1.43703  -1.13624  -0.27419  -0.11253
   4000.  2.50  -9.14285  -9.24464  -8.51353  -6.08057  -4.69823  -4.03399  -3.39049  -2.65010  -1.97924  -1.42879  -1.12577  -0.26612  -0.10485
   4000.  3.00  -9.10661  -9.21408  -8.48869  -6.01212  -4.61281  -3.97950  -3.34261  -2.63453  -1.96393  -1.41246  -1.10620  -0.24694  -0.08612
   4000.  3.50  -9.07796  -9.16422  -8.40690  -5.97208  -4.57058  -3.94461  -3.31727  -2.62491  -1.94870  -1.38972  -1.07927  -0.21256  -0.05193
   4000.  4.00  -9.05057  -9.07405  -8.16508  -5.92048  -4.53540  -3.91495  -3.31292  -2.61883  -1.93425  -1.36308  -1.04898  -0.17010  -0.00974
   4000.  4.50  -9.02164  -8.96279  -7.89445  -5.85754  -4.49255  -3.88589  -3.30362  -2.60826  -1.91672  -1.33620  -1.01917  -0.13351   0.02613
   4000.  5.00  -9.01804  -8.87366  -7.73110  -5.84050  -4.49079  -3.89597  -3.30943  -2.61308  -1.91039  -1.32060  -0.99935  -0.11021   0.04865
   4250.  0.00  -9.17115  -9.16628  -8.49141  -6.49249  -5.24632  -4.23922  -3.49039  -2.54181  -1.83537  -1.27298  -0.97645  -0.14793  -0.00106
   4250.  0.50  -9.04247  -9.07544  -8.07284  -6.15305  -4.88469  -4.02345  -3.33088  -2.45510  -1.78970  -1.25668  -0.97117  -0.16439  -0.01883
   4250.  1.00  -8.93718  -8.94323  -7.62947  -5.83648  -4.56058  -3.84935  -3.21233  -2.39796  -1.76316  -1.25048  -0.97240  -0.17775  -0.03279
   4250.  1.50  -8.85494  -8.77129  -7.21865  -5.56820  -4.29779  -3.71826  -3.12840  -2.36368  -1.75005  -1.25022  -0.97623  -0.18762  -0.04288
   4250.  2.00  -8.79339  -8.58790  -6.90114  -5.36633  -4.10458  -3.62677  -3.07095  -2.34585  -1.74533  -1.25259  -0.97985  -0.19399  -0.04929
   4250.  2.50  -8.74943  -8.43513  -6.70906  -5.23722  -3.97688  -3.56777  -3.03207  -2.33930  -1.74537  -1.25543  -0.98159  -0.19675  -0.05208
   4250.  3.00  -8.72300  -8.35537  -6.66645  -5.18885  -3.91534  -3.53715  -3.00660  -2.33997  -1.74701  -1.25653  -0.97966  -0.19531  -0.05080
   4250.  3.50  -8.71380  -8.35615  -6.75522  -5.20945  -3.91106  -3.53077  -2.99247  -2.34604  -1.74866  -1.25428  -0.97266  -0.18811  -0.04395
   4250.  4.00  -8.71316  -8.37130  -6.85879  -5.26150  -3.94954  -3.54477  -2.99828  -2.35933  -1.75090  -1.24617  -0.95829  -0.16720  -0.02323
   4250.  4.50  -8.69681  -8.31660  -6.84463  -5.30415  -4.00322  -3.55750  -3.01673  -2.37270  -1.75042  -1.23120  -0.93739  -0.13403   0.00994
   4250.  5.00  -8.67143  -8.24236  -6.78454  -5.32104  -4.03473  -3.55957  -3.02674  -2.38026  -1.74570  -1.21384  -0.91471  -0.10191   0.04177
   4500.  0.00  -8.78730  -8.70058  -7.35180  -5.78706  -4.57701  -3.74800  -3.11437  -2.27875  -1.63798  -1.12326  -0.84540  -0.07531   0.05679
   4500.  0.50  -8.66168  -8.51585  -6.94704  -5.47725  -4.26368  -3.57449  -2.98928  -2.20888  -1.60164  -1.11192  -0.84403  -0.09466   0.03644
   4500.  1.00  -8.54950  -8.27335  -6.52320  -5.18390  -3.98306  -3.43324  -2.89521  -2.16097  -1.57975  -1.10822  -0.84762  -0.11089   0.01988
   4500.  1.50  -8.45026  -7.99241  -6.13253  -4.93133  -3.75524  -3.32740  -2.82912  -2.13122  -1.56859  -1.10922  -0.85327  -0.12342   0.00735
   4500.  2.00  -8.35683  -7.71036  -5.81560  -4.73267  -3.58384  -3.25235  -2.78368  -2.11438  -1.56428  -1.11251  -0.85897  -0.13240  -0.00153
   4500.  2.50  -8.27110  -7.47658  -5.60006  -4.59608  -3.46587  -3.20301  -2.75282  -2.10659  -1.56399  -1.11625  -0.86313  -0.13779  -0.00684
   4500.  3.00  -8.20197  -7.32773  -5.50314  -4.52962  -3.40107  -3.17664  -2.73261  -2.10498  -1.56540  -1.11893  -0.86446  -0.13956  -0.00865
   4500.  3.50  -8.15733  -7.26884  -5.51743  -4.52807  -3.38313  -3.16832  -2.71987  -2.10815  -1.56767  -1.12001  -0.86251  -0.13761  -0.00687
   4500.  4.00  -8.14412  -7.29278  -5.62818  -4.57844  -3.40313  -3.17549  -2.71349  -2.11612  -1.57091  -1.11923  -0.85691  -0.13147  -0.00108
   4500.  4.50  -8.14755  -7.35429  -5.78401  -4.66693  -3.46281  -3.20139  -2.72129  -2.13046  -1.57519  -1.11527  -0.84664  -0.11716   0.01290
   4500.  5.00  -8.12374  -7.36269  -5.87706  -4.75932  -3.55023  -3.23308  -2.74448  -2.14875  -1.57964  -1.10705  -0.83193  -0.09227   0.03785
   4750.  0.00  -8.30456  -8.07874  -6.49397  -5.15820  -3.99266  -3.27482  -2.75960  -2.04569  -1.47544  -1.00923  -0.75146  -0.03583   0.08472
   4750.  0.50  -8.18115  -7.83767  -6.11458  -4.88439  -3.72602  -3.14980  -2.67513  -1.99905  -1.45296  -1.00519  -0.75516  -0.05519   0.06451
   4750.  1.00  -8.05479  -7.53900  -5.71700  -4.61936  -3.48561  -3.04618  -2.61055  -1.96601  -1.43908  -1.00531  -0.76120  -0.07190   0.04748
   4750.  1.50  -7.91751  -7.20788  -5.34655  -4.38472  -3.28814  -2.96845  -2.56542  -1.94502  -1.43206  -1.00817  -0.76817  -0.08543   0.03395
   4750.  2.00  -7.76081  -6.88750  -5.03991  -4.19440  -3.13744  -2.91430  -2.53547  -1.93298  -1.42961  -1.01223  -0.77478  -0.09564   0.02388
   4750.  2.50  -7.59499  -6.62289  -4.82204  -4.05854  -3.03218  -2.88067  -2.51645  -1.92696  -1.42944  -1.01598  -0.77967  -0.10235   0.01727
   4750.  3.00  -7.45279  -6.44204  -4.69997  -3.98030  -2.96822  -2.86321  -2.50402  -1.92450  -1.42999  -1.01865  -0.78234  -0.10594   0.01370
   4750.  3.50  -7.35947  -6.35043  -4.67167  -3.96012  -2.94334  -2.85944  -2.49620  -1.92462  -1.43036  -1.01937  -0.78175  -0.10582   0.01369
   4750.  4.00  -7.32443  -6.34185  -4.72763  -3.99002  -2.95109  -2.86666  -2.49132  -1.92734  -1.43093  -1.01852  -0.77822  -0.10235   0.01689
   4750.  4.50  -7.33736  -6.39376  -4.84779  -4.05880  -2.98656  -2.88401  -2.49013  -1.93356  -1.43230  -1.01638  -0.77185  -0.09540   0.02343
   4750.  5.00  -7.38403  -6.48596  -5.01649  -4.17310  -3.06468  -2.91697  -2.49890  -1.94561  -1.43504  -1.01266  -0.76222  -0.08318   0.03520
   5000.  0.00  -7.80651  -7.42839  -5.75576  -4.59027  -3.48875  -2.83206  -2.42714  -1.83472  -1.33802  -0.92142  -0.68535  -0.02679   0.08437
   5000.  0.50  -7.66704  -7.14692  -5.40860  -4.35143  -3.26135  -2.75098  -2.38110  -1.81207  -1.33066  -0.92559  -0.69460  -0.04441   0.06601
   5000.  1.00  -7.48592  -6.80681  -5.04648  -4.11617  -3.05485  -2.68371  -2.34660  -1.79623  -1.32679  -0.93077  -0.70378  -0.05988   0.05020
   5000.  1.50  -7.24745  -6.43834  -4.70454  -3.90090  -2.88109  -2.63293  -2.32351  -1.78697  -1.32619  -0.93679  -0.71268  -0.07302   0.03701
   5000.  2.00  -6.96312  -6.08643  -4.41362  -3.71936  -2.74475  -2.59852  -2.31000  -1.78288  -1.32776  -0.94275  -0.72051  -0.08329   0.02682
   5000.  2.50  -6.68960  -5.79993  -4.19873  -3.58409  -2.64688  -2.57954  -2.30339  -1.78178  -1.32978  -0.94759  -0.72637  -0.09059   0.01961
   5000.  3.00  -6.47993  -5.60204  -4.06517  -3.49879  -2.58419  -2.57278  -2.30091  -1.78218  -1.33124  -0.95057  -0.72958  -0.09466   0.01556
   5000.  3.50  -6.35878  -5.49939  -4.01514  -3.46679  -2.55597  -2.57724  -2.30098  -1.78302  -1.33121  -0.95098  -0.72941  -0.09512   0.01499
   5000.  4.00  -6.31919  -5.47926  -4.03790  -3.48130  -2.55682  -2.59007  -2.30185  -1.78396  -1.32985  -0.94911  -0.72615  -0.09225   0.01761
   5000.  4.50  -6.33657  -5.51678  -4.11610  -3.53044  -2.57940  -2.60846  -2.30285  -1.78606  -1.32841  -0.94582  -0.72042  -0.08637   0.02313
   5000.  5.00  -6.39387  -5.59556  -4.24175  -3.61681  -2.63118  -2.63601  -2.30695  -1.79029  -1.32690  -0.94116  -0.71213  -0.07735   0.03167
   5250.  0.00  -7.26823  -6.74603  -5.11691  -4.11720  -3.10126  -2.46275  -2.14210  -1.65481  -1.22627  -0.85637  -0.64168  -0.03923   0.06469
   5250.  0.50  -7.07166  -6.43963  -4.80368  -3.90367  -2.90049  -2.41176  -2.12293  -1.65029  -1.23071  -0.86664  -0.65464  -0.05446   0.04840
   5250.  1.00  -6.80045  -6.08309  -4.47996  -3.69124  -2.71591  -2.37099  -2.11166  -1.64923  -1.23603  -0.87651  -0.66660  -0.06803   0.03428
   5250.  1.50  -6.46151  -5.70878  -4.17287  -3.49356  -2.55766  -2.34185  -2.10794  -1.65166  -1.24235  -0.88598  -0.67755  -0.07981   0.02229
   5250.  2.00  -6.10611  -5.36065  -3.90728  -3.32291  -2.43032  -2.32455  -2.11037  -1.65663  -1.24899  -0.89452  -0.68692  -0.08942   0.01265
   5250.  2.50  -5.79567  -5.07689  -3.70170  -3.18906  -2.33419  -2.31762  -2.11632  -1.66240  -1.25483  -0.90147  -0.69427  -0.09678   0.00535
   5250.  3.00  -5.56988  -4.87706  -3.56389  -3.09772  -2.26793  -2.31927  -2.12396  -1.66786  -1.25901  -0.90599  -0.69872  -0.10106   0.00109
   5250.  3.50  -5.44419  -4.77003  -3.49887  -3.05385  -2.23202  -2.32903  -2.13166  -1.67174  -1.26043  -0.90728  -0.69954  -0.10191   0.00014
   5250.  4.00  -5.40742  -4.74348  -3.49820  -3.05365  -2.22375  -2.34572  -2.13889  -1.67404  -1.25916  -0.90525  -0.69651  -0.09901   0.00283
   5250.  4.50  -5.43441  -4.77703  -3.54959  -3.08815  -2.23707  -2.36724  -2.14482  -1.67540  -1.25630  -0.90093  -0.69057  -0.09291   0.00861
   5250.  5.00  -5.50117  -4.85011  -3.64104  -3.15209  -2.27100  -2.39385  -2.15038  -1.67662  -1.25239  -0.89495  -0.68229  -0.08424   0.01685
   5500.  0.00  -6.68860  -6.09686  -4.59753  -3.74931  -2.83026  -2.17187  -1.91055  -1.50693  -1.13749  -0.80994  -0.61564  -0.06580   0.03326
   5500.  0.50  -6.42612  -5.78366  -4.31520  -3.55554  -2.64922  -2.14325  -1.90938  -1.51476  -1.14971  -0.82364  -0.63000  -0.07783   0.01937
   5500.  1.00  -6.08566  -5.42827  -4.02132  -3.35694  -2.47646  -2.12003  -1.91295  -1.52421  -1.16191  -0.83677  -0.64357  -0.08918   0.00686
   5500.  1.50  -5.70693  -5.06760  -3.74164  -3.16888  -2.32363  -2.10495  -1.92223  -1.53582  -1.17430  -0.84937  -0.65628  -0.09960  -0.00420
   5500.  2.00  -5.34407  -4.73875  -3.49622  -3.00287  -2.19600  -2.09869  -1.93623  -1.54884  -1.18629  -0.86097  -0.66767  -0.10873  -0.01359
   5500.  2.50  -5.03907  -4.46719  -3.29706  -2.86621  -2.09426  -2.09956  -1.95266  -1.56190  -1.19706  -0.87097  -0.67727  -0.11630  -0.02122
   5500.  3.00  -4.82006  -4.27287  -3.15632  -2.76720  -2.01898  -2.10683  -1.96967  -1.57350  -1.20534  -0.87819  -0.68390  -0.12117  -0.02609
   5500.  3.50  -4.69546  -4.16287  -3.07827  -2.71005  -1.97037  -2.11910  -1.98484  -1.58204  -1.20989  -0.88173  -0.68674  -0.12293  -0.02789
   5500.  4.00  -4.65512  -4.12738  -3.05819  -2.69395  -1.94835  -2.13649  -1.99812  -1.58757  -1.21060  -0.88105  -0.68504  -0.12044  -0.02557
   5500.  4.50  -4.68185  -4.15393  -3.08878  -2.71382  -1.94964  -2.15820  -2.00862  -1.59016  -1.20792  -0.87671  -0.67933  -0.11422  -0.01962
   5500.  5.00  -4.74984  -4.21964  -3.15470  -2.75970  -1.96893  -2.18339  -2.01711  -1.59116  -1.20329  -0.87005  -0.67088  -0.10516  -0.01090
   5750.  0.00  -6.11246  -5.52646  -4.18692  -3.46666  -2.64795  -1.93845  -1.72104  -1.38496  -1.06686  -0.77793  -0.60312  -0.10274  -0.00628
   5750.  0.50  -5.81524  -5.22423  -3.93566  -3.29375  -2.48637  -1.93052  -1.73413  -1.40148  -1.08350  -0.79247  -0.61649  -0.11014  -0.01668
   5750.  1.00  -5.45495  -4.88548  -3.66894  -3.10872  -2.32412  -1.92297  -1.74898  -1.41846  -1.10005  -0.80701  -0.62996  -0.11831  -0.02699
   5750.  1.50  -5.07976  -4.54692  -3.41119  -2.92797  -2.17385  -1.91978  -1.76762  -1.43693  -1.11694  -0.82166  -0.64348  -0.12684  -0.03688
   5750.  2.00  -4.73214  -4.23735  -3.17823  -2.76212  -2.04160  -1.92161  -1.78976  -1.45658  -1.13384  -0.83609  -0.65668  -0.13536  -0.04616
   5750.  2.50  -4.44196  -3.97800  -2.98224  -2.61996  -1.93070  -1.92808  -1.81383  -1.47614  -1.14972  -0.84946  -0.66884  -0.14334  -0.05447
   5750.  3.00  -4.23014  -3.78679  -2.83497  -2.50958  -1.84167  -1.93854  -1.83799  -1.49405  -1.16317  -0.86049  -0.67865  -0.14951  -0.06075
   5750.  3.50  -4.09961  -3.66693  -2.73927  -2.43461  -1.77549  -1.95139  -1.85995  -1.50854  -1.17273  -0.86790  -0.68492  -0.15311  -0.06434
   5750.  4.00  -4.04878  -3.61861  -2.69875  -2.39938  -1.73462  -1.96728  -1.87875  -1.51869  -1.17733  -0.87036  -0.68612  -0.15236  -0.06367
   5750.  4.50  -4.06594  -3.63303  -2.70867  -2.40157  -1.71868  -1.98634  -1.89339  -1.52409  -1.17677  -0.86775  -0.68216  -0.14707  -0.05857
   5750.  5.00  -4.12640  -3.68785  -2.75397  -2.43092  -1.72259  -2.00821  -1.90470  -1.52632  -1.17285  -0.86153  -0.67431  -0.13804  -0.04982
   6000.  0.00  -5.58122  -5.04469  -3.86398  -3.24530  -2.52603  -1.74065  -1.55978  -1.28281  -1.01156  -0.75842  -0.60239  -0.14887  -0.05307
   6000.  0.50  -5.28602  -4.76722  -3.64464  -3.09626  -2.38456  -1.75563  -1.58649  -1.30530  -1.02895  -0.77062  -0.61174  -0.14977  -0.05825
   6000.  1.00  -4.93921  -4.45446  -3.40427  -2.92698  -2.23397  -1.76338  -1.61086  -1.32766  -1.04761  -0.78477  -0.62343  -0.15353  -0.06537
   6000.  1.50  -4.58622  -4.14044  -3.16559  -2.75462  -2.08732  -1.77185  -1.63752  -1.35143  -1.06741  -0.80014  -0.63647  -0.15907  -0.07331
   6000.  2.00  -4.26229  -3.85099  -2.94429  -2.59101  -1.95241  -1.78252  -1.66668  -1.37643  -1.08791  -0.81631  -0.65040  -0.16603  -0.08181
   6000.  2.50  -3.98949  -3.60393  -2.75157  -2.44490  -1.83332  -1.79536  -1.69723  -1.40159  -1.10815  -0.83243  -0.66444  -0.17373  -0.09036
   6000.  3.00  -3.78033  -3.41075  -2.59526  -2.32254  -1.73124  -1.80938  -1.72764  -1.42563  -1.12695  -0.84739  -0.67746  -0.18113  -0.09811
   6000.  3.50  -3.64096  -3.27848  -2.48185  -2.22975  -1.64782  -1.82383  -1.75598  -1.44661  -1.14238  -0.85934  -0.68764  -0.18676  -0.10381
   6000.  4.00  -3.57267  -3.21136  -2.41796  -2.17263  -1.58601  -1.83829  -1.77999  -1.46251  -1.15258  -0.86656  -0.69328  -0.18890  -0.10594
   6000.  4.50  -3.56886  -3.20394  -2.40149  -2.15137  -1.54784  -1.85346  -1.79891  -1.47259  -1.15667  -0.86803  -0.69324  -0.18640  -0.10347
   6000.  5.00  -3.61437  -3.24314  -2.42557  -2.16212  -1.53313  -1.87071  -1.81318  -1.47751  -1.15524  -0.86393  -0.68749  -0.17878  -0.09600
   6250.  0.50  -4.84452  -4.39742  -3.41903  -2.94184  -2.32021  -1.60213  -1.45623  -1.22235  -0.98544  -0.75832  -0.61630  -0.19693  -0.10574
   6250.  1.00  -4.52517  -4.11252  -3.20229  -2.78950  -2.18169  -1.62793  -1.49098  -1.24857  -1.00351  -0.76947  -0.62366  -0.19465  -0.10814
   6250.  1.50  -4.20193  -3.82431  -2.98180  -2.62780  -2.04090  -1.64828  -1.52465  -1.27616  -1.02448  -0.78413  -0.63482  -0.19623  -0.11337
   6250.  2.00  -3.90296  -3.55443  -2.77169  -2.46869  -1.90575  -1.66823  -1.55989  -1.30521  -1.04712  -0.80079  -0.64824  -0.20053  -0.12028
   6250.  2.50  -3.64608  -3.31786  -2.58183  -2.32058  -1.78098  -1.68824  -1.59655  -1.33525  -1.07079  -0.81877  -0.66323  -0.20698  -0.12834
   6250.  3.00  -3.44016  -3.12363  -2.41925  -2.18982  -1.66930  -1.70773  -1.63315  -1.36481  -1.09404  -0.83674  -0.67846  -0.21458  -0.13676
   6250.  3.50  -3.29309  -2.98077  -2.29180  -2.08291  -1.57235  -1.72585  -1.66778  -1.39199  -1.11495  -0.85286  -0.69210  -0.22168  -0.14416
   6250.  4.00  -3.20559  -2.89250  -2.20483  -2.00501  -1.49249  -1.74125  -1.69773  -1.41439  -1.13143  -0.86534  -0.70250  -0.22678  -0.14923
   6250.  4.50  -3.17747  -2.85982  -2.16170  -1.96014  -1.43300  -1.75474  -1.72217  -1.43073  -1.14176  -0.87212  -0.70739  -0.22762  -0.14998
   6250.  5.00  -3.19973  -2.87602  -2.16040  -1.94833  -1.39668  -1.76764  -1.73993  -1.44005  -1.14506  -0.87239  -0.70594  -0.22327  -0.14561
   6500.  0.50  -4.47846  -4.09499  -3.23904  -2.81456  -2.27662  -1.46034  -1.33732  -1.15042  -0.95320  -0.75660  -0.63150  -0.25195  -0.16005
   6500.  1.00  -4.19263  -3.83935  -3.04497  -2.68084  -2.15107  -1.50538  -1.38198  -1.17899  -0.96815  -0.76220  -0.63186  -0.24248  -0.15633
   6500.  1.50  -3.89839  -3.57451  -2.84059  -2.53098  -2.01743  -1.54066  -1.42409  -1.20927  -0.98783  -0.77359  -0.63863  -0.23843  -0.15724
   6500.  2.00  -3.62364  -3.32317  -2.64131  -2.37831  -1.88467  -1.57001  -1.46498  -1.24144  -1.01139  -0.78957  -0.65035  -0.23911  -0.16171
   6500.  2.50  -3.38122  -3.09647  -2.45525  -2.23093  -1.75760  -1.59773  -1.50698  -1.27518  -1.03710  -0.80818  -0.66505  -0.24327  -0.16850
   6500.  3.00  -3.18013  -2.90358  -2.28973  -2.09558  -1.63964  -1.62379  -1.54927  -1.30932  -1.06360  -0.82806  -0.68135  -0.24987  -0.17667
   6500.  3.50  -3.02733  -2.75240  -2.15153  -1.97816  -1.53271  -1.64708  -1.59010  -1.34207  -1.08910  -0.84749  -0.69756  -0.25747  -0.18496
   6500.  4.00  -2.92268  -2.64507  -2.04546  -1.88367  -1.43961  -1.66615  -1.62673  -1.37103  -1.11149  -0.86468  -0.71201  -0.26464  -0.19226
   6500.  4.50  -2.87133  -2.58815  -1.97843  -1.81801  -1.36264  -1.68097  -1.65760  -1.39418  -1.12838  -0.87701  -0.72196  -0.26873  -0.19622
   6500.  5.00  -2.86869  -2.57893  -1.95135  -1.78359  -1.30600  -1.69214  -1.68073  -1.40970  -1.13800  -0.88290  -0.72584  -0.26828  -0.19556
   6750.  0.50  -4.14166  -3.81667  -3.07331  -2.69663  -2.23382  -1.35222  -1.24882  -1.09426  -0.92762  -0.75698  -0.64730  -0.30647  -0.21346
   6750.  1.00  -3.92085  -3.61601  -2.91711  -2.58908  -2.13037  -1.38935  -1.28046  -1.11794  -0.94241  -0.76426  -0.64958  -0.29721  -0.21055
   6750.  1.50  -3.65467  -3.37370  -2.72859  -2.45269  -2.00554  -1.44046  -1.33098  -1.14997  -0.95884  -0.77023  -0.64963  -0.28657  -0.20594
   6750.  2.00  -3.40053  -3.13816  -2.53928  -2.30790  -1.87717  -1.48272  -1.37939  -1.18446  -0.98098  -0.78303  -0.65712  -0.28206  -0.20649
   6750.  2.50  -3.17260  -2.92205  -2.35867  -2.16399  -1.75090  -1.51876  -1.42617  -1.22074  -1.00724  -0.80086  -0.67012  -0.28283  -0.21106
   6750.  3.00  -2.97755  -2.73226  -2.19255  -2.02700  -1.62971  -1.55154  -1.47334  -1.25835  -1.03575  -0.82147  -0.68631  -0.28729  -0.21801
   6750.  3.50  -2.81992  -2.57440  -2.04673  -1.90267  -1.51672  -1.58074  -1.51968  -1.29569  -1.06471  -0.84319  -0.70406  -0.29434  -0.22639
   6750.  4.00  -2.70268  -2.45316  -1.92714  -1.79652  -1.41439  -1.60519  -1.56279  -1.33048  -1.09193  -0.86399  -0.72138  -0.30234  -0.23487
   6750.  4.50  -2.63208  -2.37599  -1.84073  -1.71434  -1.32444  -1.62371  -1.60053  -1.36033  -1.11488  -0.88130  -0.73569  -0.30886  -0.24133
   6750.  5.00  -2.60558  -2.34172  -1.78966  -1.65958  -1.25134  -1.63620  -1.63052  -1.38299  -1.13140  -0.89317  -0.74509  -0.31209  -0.24421
   7000.  0.50  -3.81179  -3.53981  -2.90258  -2.57373  -2.17963  -1.27125  -1.18708  -1.05450  -0.91064  -0.76073  -0.66424  -0.35848  -0.26479
   7000.  1.00  -3.66380  -3.40168  -2.79015  -2.49663  -2.10256  -1.30095  -1.20678  -1.07187  -0.92320  -0.76827  -0.66766  -0.35066  -0.26318
   7000.  1.50  -3.45320  -3.20633  -2.63340  -2.38333  -1.99606  -1.34442  -1.24356  -1.09806  -0.93864  -0.77554  -0.66947  -0.34076  -0.25998
   7000.  2.00  -3.21808  -2.98639  -2.45554  -2.24886  -1.87453  -1.40071  -1.29916  -1.13352  -0.95708  -0.78277  -0.67027  -0.33013  -0.25550
   7000.  2.50  -3.00280  -2.77993  -2.28105  -2.11017  -1.75139  -1.44761  -1.35263  -1.17185  -0.98197  -0.79758  -0.67924  -0.32594  -0.25629
   7000.  3.00  -2.81385  -2.59424  -2.11689  -1.97470  -1.63083  -1.48761  -1.40401  -1.21183  -1.01106  -0.81765  -0.69404  -0.32741  -0.26131
   7000.  3.50  -2.65363  -2.43279  -1.96735  -1.84723  -1.51535  -1.52313  -1.45484  -1.25252  -1.04211  -0.84036  -0.71201  -0.33280  -0.26890
   7000.  4.00  -2.52837  -2.30257  -1.83881  -1.73344  -1.40693  -1.55342  -1.50375  -1.29212  -1.07296  -0.86361  -0.73102  -0.34039  -0.27751
   7000.  4.50  -2.44238  -2.20897  -1.73708  -1.63868  -1.30803  -1.57713  -1.54836  -1.32819  -1.10115  -0.88502  -0.74872  -0.34827  -0.28551
   7000.  5.00  -2.39550  -2.15323  -1.66609  -1.56738  -1.22268  -1.59340  -1.58567  -1.35786  -1.12405  -0.90224  -0.76290  -0.35432  -0.29122
   7250.  0.50  -3.46592  -3.24134  -2.70647  -2.43111  -2.10061  -1.21986  -1.15435  -1.03328  -0.90371  -0.76840  -0.68211  -0.40611  -0.31312
   7250.  1.00  -3.40717  -3.18238  -2.65222  -2.39458  -2.06015  -1.23514  -1.15680  -1.04108  -0.91265  -0.77615  -0.68744  -0.40227  -0.31440
   7250.  1.50  -3.25405  -3.03711  -2.53109  -2.30727  -1.97521  -1.27246  -1.18219  -1.06065  -0.92503  -0.78283  -0.68960  -0.39341  -0.31237
   7250.  2.00  -3.06416  -2.85689  -2.38115  -2.19395  -1.87008  -1.32136  -1.22406  -1.08990  -0.94199  -0.79108  -0.69200  -0.38368  -0.30940
   7250.  2.50  -2.85973  -2.66015  -2.21530  -2.06350  -1.75341  -1.38026  -1.28363  -1.12860  -0.96291  -0.80031  -0.69440  -0.37381  -0.30555
   7250.  3.00  -2.67601  -2.47868  -2.05488  -1.93182  -1.63623  -1.42973  -1.34063  -1.17011  -0.99051  -0.81747  -0.70540  -0.37079  -0.30724
   7250.  3.50  -2.51719  -2.31770  -1.90530  -1.80456  -1.52102  -1.47207  -1.39557  -1.21312  -1.02213  -0.83970  -0.72207  -0.37327  -0.31291
   7250.  4.00  -2.38675  -2.18166  -1.77135  -1.68660  -1.41016  -1.50848  -1.44922  -1.25630  -1.05530  -0.86423  -0.74163  -0.37951  -0.32082
   7250.  4.50  -2.28902  -2.07559  -1.65852  -1.58303  -1.30588  -1.53799  -1.49979  -1.29747  -1.08753  -0.88859  -0.76155  -0.38759  -0.32943
   7250.  5.00  -2.22601  -2.00298  -1.57223  -1.49923  -1.21190  -1.55936  -1.54420  -1.33357  -1.11593  -0.91021  -0.77946  -0.39535  -0.33694
   7500.  0.50  -3.06170  -2.88013  -2.44977  -2.24179  -1.97229  -1.21759  -1.17112  -1.04336  -0.91228  -0.78011  -0.69757  -0.44273  -0.35350
   7500.  1.00  -3.14327  -2.95040  -2.49561  -2.27639  -1.99745  -1.18942  -1.12917  -1.02634  -0.91265  -0.79002  -0.71094  -0.45247  -0.36502
   7500.  1.50  -3.05141  -2.86031  -2.41627  -2.21985  -1.93937  -1.21868  -1.14256  -1.03815  -0.92072  -0.79500  -0.71257  -0.44518  -0.36399
   7500.  2.00  -2.90722  -2.72102  -2.29647  -2.12957  -1.85292  -1.26186  -1.17312  -1.06051  -0.93419  -0.80228  -0.71497  -0.43631  -0.36217
   7500.  2.50  -2.73751  -2.55672  -2.15529  -2.01879  -1.75138  -1.31518  -1.21947  -1.09254  -0.95261  -0.81158  -0.71808  -0.42701  -0.35955
   7500.  3.00  -2.55795  -2.37992  -2.00122  -1.89358  -1.64054  -1.37554  -1.28193  -1.13385  -0.97574  -0.82283  -0.72228  -0.41834  -0.35667
   7500.  3.50  -2.40077  -2.22028  -1.85374  -1.76890  -1.52884  -1.42573  -1.34162  -1.17817  -1.00602  -0.84243  -0.73547  -0.41662  -0.35912
   7500.  4.00  -2.26813  -2.08155  -1.71786  -1.65001  -1.41867  -1.46845  -1.39928  -1.22373  -1.03997  -0.86676  -0.75405  -0.42037  -0.36542
   7500.  4.50  -2.16305  -1.96768  -1.59838  -1.54148  -1.31201  -1.50415  -1.45473  -1.26862  -1.07469  -0.89267  -0.77484  -0.42736  -0.37354
   7500.  5.00  -2.08718  -1.88196  -1.50071  -1.44870  -1.21286  -1.53125  -1.50528  -1.31007  -1.10743  -0.91763  -0.79542  -0.43581  -0.38199
   7750.  1.00  -2.86460  -2.69848  -2.31355  -2.13701  -1.90976  -1.17073  -1.12995  -1.03203  -0.92579  -0.81118  -0.73839  -0.50035  -0.41483
   7750.  1.50  -2.84400  -2.67469  -2.28711  -2.11961  -1.88712  -1.18190  -1.12271  -1.03091  -0.92749  -0.81446  -0.74084  -0.49747  -0.41677
   7750.  2.00  -2.74356  -2.57569  -2.19915  -2.05390  -1.82170  -1.21970  -1.14308  -1.04584  -0.93589  -0.81881  -0.74129  -0.48888  -0.41505
   7750.  2.50  -2.61061  -2.44576  -2.08467  -1.96425  -1.73693  -1.26749  -1.17768  -1.07044  -0.95025  -0.82674  -0.74408  -0.48019  -0.41340
   7750.  3.00  -2.45835  -2.29582  -1.95242  -1.85699  -1.63996  -1.32340  -1.22812  -1.10509  -0.97015  -0.83707  -0.74793  -0.47128  -0.41082
   7750.  3.50  -2.29937  -2.13599  -1.80886  -1.73700  -1.53504  -1.38301  -1.29245  -1.14853  -0.99545  -0.85044  -0.75412  -0.46399  -0.40879
   7750.  4.00  -2.16515  -1.99579  -1.67339  -1.61947  -1.42840  -1.43294  -1.35402  -1.19509  -1.02803  -0.87230  -0.76945  -0.46378  -0.41214
   7750.  4.50  -2.05591  -1.87748  -1.55061  -1.50900  -1.32238  -1.47455  -1.41340  -1.24243  -1.06375  -0.89827  -0.78957  -0.46856  -0.41875
   7750.  5.00  -1.97102  -1.78252  -1.44535  -1.41057  -1.22112  -1.50750  -1.46919  -1.28804  -1.09947  -0.92533  -0.81156  -0.47654  -0.42706
   8000.  1.00  -2.57041  -2.42551  -2.10379  -1.97355  -1.79558  -1.18515  -1.16571  -1.06387  -0.95617  -0.84188  -0.77048  -0.54412  -0.46288
   8000.  1.50  -2.63308  -2.48203  -2.14538  -2.00820  -1.82028  -1.16510  -1.12460  -1.04060  -0.94653  -0.84203  -0.77478  -0.54995  -0.47068
   8000.  2.00  -2.57863  -2.42652  -2.09333  -1.97014  -1.77936  -1.19228  -1.13121  -1.04610  -0.94935  -0.84384  -0.77435  -0.54342  -0.47018
   8000.  2.50  -2.47873  -2.32763  -2.00447  -1.90092  -1.71206  -1.23507  -1.15656  -1.06364  -0.95858  -0.84851  -0.77479  -0.53451  -0.46824
   8000.  3.00  -2.35607  -2.20662  -1.89581  -1.81295  -1.63003  -1.28571  -1.19471  -1.09038  -0.97395  -0.85718  -0.77808  -0.52605  -0.46653
   8000.  3.50  -2.21581  -2.06661  -1.77016  -1.70826  -1.53714  -1.34357  -1.24885  -1.12697  -0.99447  -0.86774  -0.78188  -0.51716  -0.46362
   8000.  4.00  -2.07516  -1.92179  -1.63536  -1.59270  -1.43652  -1.40097  -1.31386  -1.17177  -1.02146  -0.88286  -0.78979  -0.51093  -0.46203
   8000.  4.50  -1.96276  -1.80023  -1.51122  -1.48215  -1.33363  -1.44845  -1.37637  -1.21992  -1.05598  -0.90667  -0.80702  -0.51199  -0.46570
   8000.  5.00  -1.87192  -1.69915  -1.40150  -1.38089  -1.23296  -1.48713  -1.43620  -1.26820  -1.09304  -0.93416  -0.82876  -0.51821  -0.47287
   8250.  1.00  -2.27422  -2.14132  -1.86851  -1.78474  -1.65376  -1.22829  -1.23413  -1.12414  -1.00891  -0.88781  -0.81283  -0.58624  -0.51296
   8250.  1.50  -2.42416  -2.28857  -1.99746  -1.89062  -1.74428  -1.16833  -1.14753  -1.06676  -0.97742  -0.87735  -0.81389  -0.60216  -0.52528
   8250.  2.00  -2.41396  -2.27555  -1.98177  -1.88096  -1.72924  -1.18103  -1.13781  -1.06122  -0.97406  -0.87671  -0.81324  -0.59908  -0.52700
   8250.  2.50  -2.34589  -2.20658  -1.91781  -1.83169  -1.67920  -1.21777  -1.15344  -1.07161  -0.97844  -0.87859  -0.81197  -0.59085  -0.52546
   8250.  3.00  -2.24850  -2.10972  -1.82973  -1.76065  -1.61137  -1.26481  -1.18309  -1.09149  -0.98847  -0.88370  -0.81252  -0.58175  -0.52330
   8250.  3.50  -2.13403  -1.99623  -1.72655  -1.67458  -1.53208  -1.31709  -1.22402  -1.11974  -1.00438  -0.89281  -0.81611  -0.57348  -0.52131
   8250.  4.00  -2.00269  -1.86313  -1.60502  -1.57076  -1.44198  -1.37362  -1.28080  -1.15748  -1.02499  -0.90301  -0.81941  -0.56422  -0.51726
   8250.  4.50  -1.88084  -1.73356  -1.47836  -1.45946  -1.34401  -1.42604  -1.34464  -1.20275  -1.05347  -0.91988  -0.82913  -0.55903  -0.51578
   8250.  5.00  -1.78540  -1.62780  -1.36592  -1.35694  -1.24582  -1.47013  -1.40702  -1.25160  -1.08934  -0.94537  -0.84822  -0.56176  -0.52023
   8500.  1.50  -2.22251  -2.09784  -1.84382  -1.76659  -1.65794  -1.18958  -1.18856  -1.10771  -1.01924  -0.91992  -0.85770  -0.65353  -0.58039
   8500.  2.00  -2.25333  -2.12624  -1.86708  -1.78852  -1.67292  -1.18545  -1.16027  -1.08907  -1.00820  -0.91604  -0.85666  -0.65493  -0.58480
   8500.  2.50  -2.21481  -2.08631  -1.82901  -1.76018  -1.64180  -1.21403  -1.16518  -1.09183  -1.00790  -0.91573  -0.85466  -0.64872  -0.58465
   8500.  3.00  -2.14197  -2.01305  -1.76144  -1.70600  -1.58859  -1.25607  -1.18672  -1.10556  -1.01359  -0.91823  -0.85354  -0.64004  -0.58263
   8500.  3.50  -2.04802  -1.91957  -1.67581  -1.63471  -1.52164  -1.30466  -1.21952  -1.12734  -1.02453  -0.92406  -0.85464  -0.63120  -0.58021
   8500.  4.00  -1.93917  -1.81085  -1.57581  -1.54903  -1.44390  -1.35686  -1.26340  -1.15715  -1.04093  -0.93330  -0.85814  -0.62278  -0.57735
   8500.  4.50  -1.81486  -1.68164  -1.45442  -1.44305  -1.35351  -1.40975  -1.32125  -1.19486  -1.06071  -0.94222  -0.86006  -0.61221  -0.57137
   8500.  5.00  -1.70992  -1.56701  -1.33727  -1.33765  -1.25831  -1.45690  -1.38335  -1.24022  -1.09058  -0.96102  -0.87194  -0.60860  -0.57045
   8750.  1.50  -2.03927  -1.92107  -1.69378  -1.64262  -1.56586  -1.22098  -1.24082  -1.15900  -1.06985  -0.96936  -0.90691  -0.70547  -0.63703
   8750.  2.00  -2.10212  -1.98401  -1.75385  -1.69599  -1.61273  -1.20089  -1.19461  -1.12669  -1.04982  -0.96063  -0.90388  -0.71074  -0.64288
   8750.  2.50  -2.08920  -1.97001  -1.74061  -1.68813  -1.60144  -1.21988  -1.18880  -1.12192  -1.04512  -0.95839  -0.90155  -0.70723  -0.64447
   8750.  3.00  -2.03800  -1.91800  -1.69228  -1.65008  -1.56288  -1.25695  -1.20262  -1.13000  -1.04709  -0.95889  -0.89941  -0.69974  -0.64344
   8750.  3.50  -1.96279  -1.84283  -1.62316  -1.59291  -1.50820  -1.30287  -1.22863  -1.14632  -1.05384  -0.96206  -0.89861  -0.69101  -0.64128
   8750.  4.00  -1.87057  -1.75104  -1.53864  -1.52061  -1.44124  -1.35280  -1.26463  -1.16991  -1.06544  -0.96835  -0.89994  -0.68214  -0.63830
   8750.  4.50  -1.76391  -1.64321  -1.43827  -1.43266  -1.36297  -1.40412  -1.31172  -1.20086  -1.08141  -0.97653  -0.90212  -0.67259  -0.63355
   8750.  5.00  -1.64772  -1.51895  -1.31722  -1.32474  -1.27126  -1.44979  -1.36811  -1.23751  -1.10050  -0.98468  -0.90337  -0.66115  -0.62567
   9000.  1.50  -1.88213  -1.76788  -1.55843  -1.52841  -1.47633  -1.25714  -1.29678  -1.21457  -1.12497  -1.02328  -0.96038  -0.76004  -0.69677
   9000.  2.00  -1.96241  -1.85117  -1.64445  -1.60551  -1.55050  -1.22562  -1.23724  -1.17109  -1.09648  -1.00876  -0.95352  -0.76640  -0.70144
   9000.  2.50  -1.96994  -1.85793  -1.65198  -1.61521  -1.55718  -1.23594  -1.22247  -1.15993  -1.08799  -1.00476  -0.95085  -0.76524  -0.70427
   9000.  3.00  -1.93811  -1.82543  -1.62223  -1.59289  -1.53351  -1.26749  -1.22900  -1.16296  -1.08708  -1.00410  -0.94861  -0.75972  -0.70481
   9000.  3.50  -1.87954  -1.76736  -1.56974  -1.55006  -1.49200  -1.30981  -1.24816  -1.17401  -1.09008  -1.00514  -0.94657  -0.75190  -0.70352
   9000.  4.00  -1.80264  -1.69085  -1.49947  -1.49024  -1.43595  -1.35809  -1.27815  -1.19264  -1.09774  -1.00893  -0.94606  -0.74296  -0.70060
   9000.  4.50  -1.71192  -1.60011  -1.41502  -1.41610  -1.36813  -1.40721  -1.31754  -1.21813  -1.11010  -1.01551  -0.94745  -0.73373  -0.69624
   9000.  5.00  -1.60597  -1.48947  -1.30892  -1.32125  -1.28582  -1.45254  -1.36612  -1.24870  -1.12432  -1.02084  -0.94648  -0.72128  -0.68768
   9250.  2.00  -1.83950  -1.73365  -1.54500  -1.52224  -1.49057  -1.25592  -1.28438  -1.21957  -1.14657  -1.05973  -1.00546  -0.82261  -0.76093
   9250.  2.50  -1.86089  -1.75532  -1.56945  -1.54678  -1.51377  -1.25890  -1.26204  -1.20279  -1.13459  -1.05395  -1.00225  -0.82355  -0.76466
   9250.  3.00  -1.84288  -1.73682  -1.55386  -1.53656  -1.50259  -1.28484  -1.26244  -1.20137  -1.13092  -1.05187  -0.99952  -0.81943  -0.76602
   9250.  3.50  -1.79966  -1.69344  -1.51462  -1.50512  -1.47186  -1.32332  -1.27658  -1.20887  -1.13174  -1.05175  -0.99695  -0.81238  -0.76519
   9250.  4.00  -1.73717  -1.63130  -1.45794  -1.45723  -1.42682  -1.36846  -1.30076  -1.22306  -1.13626  -1.05362  -0.99522  -0.80390  -0.76271
   9250.  4.50  -1.65951  -1.55462  -1.38774  -1.39586  -1.37019  -1.41619  -1.33366  -1.24351  -1.14486  -1.05817  -0.99534  -0.79526  -0.75925
   9250.  5.00  -1.56848  -1.46278  -1.30139  -1.31848  -1.30040  -1.46311  -1.37579  -1.27014  -1.15710  -1.06411  -0.99587  -0.78511  -0.75316
   9500.  2.00  -1.73345  -1.63190  -1.45709  -1.44778  -1.43507  -1.28896  -1.33347  -1.26996  -1.19840  -1.11229  -1.05880  -0.87918  -0.82083
   9500.  2.50  -1.76368  -1.66345  -1.49394  -1.48362  -1.47194  -1.28657  -1.30588  -1.24923  -1.18393  -1.10515  -1.05512  -0.88158  -0.82487
   9500.  3.00  -1.75716  -1.65672  -1.49076  -1.48415  -1.47248  -1.30705  -1.30126  -1.24440  -1.17850  -1.10242  -1.05259  -0.87924  -0.82718
   9500.  3.50  -1.72579  -1.62523  -1.46330  -1.46293  -1.45201  -1.34113  -1.31038  -1.24841  -1.17734  -1.10138  -1.04983  -0.87348  -0.82732
   9500.  4.00  -1.67498  -1.57484  -1.41810  -1.42526  -1.41681  -1.38368  -1.32962  -1.25885  -1.17921  -1.10168  -1.04713  -0.86562  -0.82552
   9500.  4.50  -1.60805  -1.50880  -1.35822  -1.37331  -1.36914  -1.43057  -1.35778  -1.27523  -1.18439  -1.10388  -1.04539  -0.85673  -0.82210
   9500.  5.00  -1.52779  -1.42914  -1.28456  -1.30746  -1.30922  -1.47816  -1.39512  -1.29799  -1.19358  -1.10833  -1.04502  -0.84711  -0.81680
   9750.  2.00  -1.64286  -1.54514  -1.38155  -1.38346  -1.38669  -1.32362  -1.38290  -1.32074  -1.25062  -1.16536  -1.11264  -0.93605  -0.88096
   9750.  2.50  -1.67810  -1.58249  -1.42649  -1.42696  -1.43354  -1.31798  -1.35224  -1.29769  -1.23473  -1.15741  -1.10871  -0.93941  -0.88509
   9750.  3.00  -1.67956  -1.58412  -1.43288  -1.43595  -1.44394  -1.33417  -1.34401  -1.29042  -1.22811  -1.15430  -1.10645  -0.93868  -0.88821
   9750.  3.50  -1.65740  -1.56191  -1.41499  -1.42313  -1.43243  -1.36436  -1.34916  -1.29177  -1.22556  -1.15272  -1.10377  -0.93425  -0.88929
   9750.  4.00  -1.61650  -1.52145  -1.37956  -1.39412  -1.40580  -1.40392  -1.36416  -1.29916  -1.22552  -1.15203  -1.10065  -0.92725  -0.88828
   9750.  4.50  -1.55944  -1.46538  -1.32948  -1.35106  -1.36666  -1.44920  -1.38774  -1.31192  -1.22798  -1.15254  -1.09775  -0.91862  -0.88525
   9750.  5.00  -1.48872  -1.39581  -1.26630  -1.29486  -1.31581  -1.49620  -1.42033  -1.33077  -1.23405  -1.15510  -1.09605  -0.90921  -0.88031
  10000.  2.00  -1.56516  -1.47091  -1.31694  -1.32838  -1.34568  -1.35906  -1.43211  -1.37135  -1.30271  -1.21843  -1.16653  -0.99289  -0.94088
  10000.  2.50  -1.60358  -1.51225  -1.36779  -1.37763  -1.40010  -1.35178  -1.39967  -1.34697  -1.28605  -1.21009  -1.16253  -0.99708  -0.94523
  10000.  3.00  -1.61065  -1.51984  -1.38139  -1.39313  -1.41842  -1.36506  -1.38915  -1.33823  -1.27884  -1.20693  -1.16071  -0.99773  -0.94904
  10000.  3.50  -1.59550  -1.50475  -1.37119  -1.38708  -1.41448  -1.39191  -1.39135  -1.33770  -1.27548  -1.20519  -1.15839  -0.99467  -0.95102
  10000.  4.00  -1.56261  -1.47227  -1.34378  -1.36515  -1.39511  -1.42836  -1.40290  -1.34273  -1.27414  -1.20391  -1.15520  -0.98862  -0.95070
  10000.  4.50  -1.51424  -1.42481  -1.30209  -1.32964  -1.36336  -1.47098  -1.42243  -1.35253  -1.27464  -1.20327  -1.15163  -0.98044  -0.94800
  10000.  5.00  -1.45219  -1.36407  -1.24768  -1.28153  -1.32038  -1.51648  -1.45049  -1.36782  -1.27802  -1.20415  -1.14873  -0.97112  -0.94331
  10250.  2.00  -1.49791  -1.40676  -1.26148  -1.28123  -1.31163  -1.39488  -1.48095  -1.42162  -1.35452  -1.27131  -1.22026  -1.04953  -1.00038
  10250.  2.50  -1.53887  -1.45145  -1.31708  -1.33509  -1.37172  -1.38685  -1.44749  -1.39654  -1.33751  -1.26284  -1.21637  -1.05441  -1.00498
  10250.  3.00  -1.55033  -1.46380  -1.33655  -1.35598  -1.39666  -1.39833  -1.43573  -1.38710  -1.33022  -1.25996  -1.21514  -1.05631  -1.00946
  10250.  3.50  -1.54076  -1.45438  -1.33266  -1.35551  -1.39915  -1.42230  -1.43596  -1.38543  -1.32660  -1.25840  -1.21342  -1.05458  -1.01218
  10250.  4.00  -1.51460  -1.42848  -1.31187  -1.33937  -1.38585  -1.45525  -1.44465  -1.38870  -1.32456  -1.25697  -1.21054  -1.04959  -1.01249
  10250.  4.50  -1.47351  -1.38815  -1.27706  -1.31000  -1.36019  -1.49482  -1.46064  -1.39608  -1.32369  -1.25558  -1.20665  -1.04203  -1.01031
  10250.  5.00  -1.41856  -1.33448  -1.22965  -1.26838  -1.32367  -1.53860  -1.48444  -1.40815  -1.32470  -1.25496  -1.20267  -1.03280  -1.00594
  10500.  2.00  -1.43916  -1.35080  -1.21361  -1.24077  -1.28385  -1.43086  -1.52932  -1.47148  -1.40594  -1.32388  -1.27371  -1.10586  -1.05934
  10500.  2.50  -1.48238  -1.39861  -1.27329  -1.29853  -1.34817  -1.42260  -1.49521  -1.44592  -1.38869  -1.31533  -1.26989  -1.11125  -1.06418
  10500.  3.00  -1.49734  -1.41489  -1.29766  -1.32399  -1.37865  -1.43314  -1.48279  -1.43621  -1.38157  -1.31284  -1.26929  -1.11429  -1.06934
  10500.  3.50  -1.49232  -1.41018  -1.29919  -1.32839  -1.38689  -1.45511  -1.48181  -1.43398  -1.37804  -1.31171  -1.26832  -1.11385  -1.07280
  10500.  4.00  -1.47139  -1.38947  -1.28391  -1.31714  -1.37897  -1.48548  -1.48862  -1.43618  -1.37577  -1.31043  -1.26595  -1.11002  -1.07388
  10500.  4.50  -1.43604  -1.35470  -1.25463  -1.29267  -1.35832  -1.52230  -1.50185  -1.44177  -1.37401  -1.30865  -1.26206  -1.10321  -1.07231
  10500.  5.00  -1.38708  -1.30692  -1.21299  -1.25631  -1.32700  -1.56420  -1.52215  -1.45122  -1.37321  -1.30690  -1.25733  -1.09422  -1.06827
  10750.  2.00  -1.38745  -1.30146  -1.17214  -1.20604  -1.26176  -1.46709  -1.57743  -1.52106  -1.45709  -1.37621  -1.32695  -1.16188  -1.11778
  10750.  2.50  -1.43290  -1.35238  -1.23541  -1.26715  -1.32906  -1.45876  -1.54281  -1.49514  -1.43967  -1.36758  -1.32315  -1.16763  -1.12279
  10750.  3.00  -1.45082  -1.37210  -1.26393  -1.29644  -1.36393  -1.46884  -1.53008  -1.48539  -1.43280  -1.36550  -1.32312  -1.17160  -1.12855
  10750.  3.50  -1.44957  -1.37140  -1.27015  -1.30513  -1.37726  -1.48955  -1.52843  -1.48295  -1.42957  -1.36489  -1.32291  -1.17238  -1.13278
  10750.  4.00  -1.43306  -1.35518  -1.25979  -1.29831  -1.37440  -1.51784  -1.53389  -1.48452  -1.42737  -1.36400  -1.32123  -1.16976  -1.13467
  10750.  4.50  -1.40278  -1.32534  -1.23549  -1.27827  -1.35835  -1.55218  -1.54507  -1.48890  -1.42522  -1.36221  -1.31766  -1.16388  -1.13378
  10750.  5.00  -1.35923  -1.28278  -1.19888  -1.24643  -1.33138  -1.59166  -1.56241  -1.49635  -1.42327  -1.35983  -1.31266  -1.15535  -1.13012
  11000.  2.00  -1.34167  -1.25782  -1.13636  -1.17648  -1.24501  -1.50340  -1.62506  -1.57020  -1.50783  -1.42820  -1.37986  -1.21760  -1.17572
  11000.  2.50  -1.38937  -1.31185  -1.20281  -1.24047  -1.31430  -1.49508  -1.58999  -1.54395  -1.49020  -1.41943  -1.37600  -1.22354  -1.18079
  11000.  3.00  -1.40986  -1.33464  -1.23483  -1.27297  -1.35247  -1.50505  -1.57717  -1.53428  -1.48363  -1.41772  -1.37645  -1.22826  -1.18706
  11000.  3.50  -1.41172  -1.33735  -1.24503  -1.28532  -1.37009  -1.52502  -1.57520  -1.53185  -1.48078  -1.41765  -1.37695  -1.23011  -1.19200
  11000.  4.00  -1.39891  -1.32494  -1.23904  -1.28247  -1.37184  -1.55188  -1.57983  -1.53313  -1.47884  -1.41725  -1.37600  -1.22865  -1.19468
  11000.  4.50  -1.37299  -1.29944  -1.21930  -1.26654  -1.36026  -1.58428  -1.58963  -1.53681  -1.47665  -1.41573  -1.37300  -1.22382  -1.19456
  11000.  5.00  -1.33429  -1.26155  -1.18726  -1.23878  -1.33728  -1.62147  -1.60474  -1.54288  -1.47414  -1.41318  -1.36812  -1.21598  -1.19139
  11250.  2.00  -1.30099  -1.21898  -1.10546  -1.15134  -1.23290  -1.53989  -1.67240  -1.61903  -1.55824  -1.47986  -1.43246  -1.27294  -1.23313
  11250.  2.50  -1.35092  -1.27607  -1.17467  -1.21778  -1.30334  -1.53156  -1.63692  -1.59245  -1.54041  -1.47091  -1.42846  -1.27892  -1.23815
  11250.  3.00  -1.37385  -1.30181  -1.20980  -1.25309  -1.34400  -1.54153  -1.62409  -1.58291  -1.53410  -1.46953  -1.42931  -1.28424  -1.24483
  11250.  3.50  -1.37833  -1.30746  -1.22336  -1.26851  -1.36503  -1.56104  -1.62197  -1.58058  -1.53162  -1.46994  -1.43042  -1.28699  -1.25038
  11250.  4.00  -1.36872  -1.29845  -1.22123  -1.26919  -1.37086  -1.58684  -1.62609  -1.58178  -1.53004  -1.47007  -1.43021  -1.28661  -1.25379
  11250.  4.50  -1.34668  -1.27686  -1.20573  -1.25711  -1.36356  -1.61763  -1.63488  -1.58506  -1.52806  -1.46899  -1.42790  -1.28289  -1.25446
  11250.  5.00  -1.31234  -1.24325  -1.17798  -1.23323  -1.34452  -1.65276  -1.64826  -1.59020  -1.52538  -1.46658  -1.42345  -1.27593  -1.25195
  11500.  2.00  -1.26472  -1.18435  -1.07893  -1.13016  -1.22495  -1.57647  -1.71931  -1.66743  -1.60823  -1.53112  -1.48466  -1.32790  -1.28999
  11500.  2.50  -1.31687  -1.24446  -1.15065  -1.19883  -1.29617  -1.56809  -1.68342  -1.64052  -1.59016  -1.52197  -1.48051  -1.33383  -1.29490
  11500.  3.00  -1.34206  -1.27298  -1.18844  -1.23650  -1.33852  -1.57809  -1.67062  -1.63110  -1.58409  -1.52084  -1.48165  -1.33959  -1.30188
  11500.  3.50  -1.34886  -1.28128  -1.20486  -1.25449  -1.36213  -1.59735  -1.66849  -1.62893  -1.58195  -1.52166  -1.48327  -1.34306  -1.30792
  11500.  4.00  -1.34191  -1.27513  -1.20596  -1.25812  -1.37133  -1.62243  -1.67234  -1.63017  -1.58075  -1.52229  -1.48370  -1.34361  -1.31198
  11500.  4.50  -1.32315  -1.25693  -1.19421  -1.24948  -1.36789  -1.65194  -1.68047  -1.63329  -1.57910  -1.52172  -1.48209  -1.34092  -1.31337
  11500.  5.00  -1.29274  -1.22717  -1.17044  -1.22922  -1.35268  -1.68538  -1.69260  -1.63787  -1.57651  -1.51963  -1.47821  -1.33493  -1.31160
  11750.  2.00  -1.23233  -1.15347  -1.05628  -1.11248  -1.22057  -1.61306  -1.76578  -1.71537  -1.65774  -1.58191  -1.53640  -1.38238  -1.34623
  11750.  2.50  -1.28672  -1.21651  -1.13030  -1.18319  -1.29234  -1.60464  -1.72952  -1.68819  -1.63950  -1.57262  -1.53215  -1.38827  -1.35106
  11750.  3.00  -1.31413  -1.24773  -1.17046  -1.22293  -1.33585  -1.61472  -1.71683  -1.67894  -1.63367  -1.57173  -1.53354  -1.39436  -1.35825
  11750.  3.50  -1.32304  -1.25846  -1.18931  -1.24308  -1.36133  -1.63380  -1.71477  -1.67695  -1.63185  -1.57289  -1.53556  -1.39837  -1.36467
  11750.  4.00  -1.31834  -1.25480  -1.19315  -1.24919  -1.37323  -1.65829  -1.71844  -1.67826  -1.63098  -1.57394  -1.53653  -1.39970  -1.36926
  11750.  4.50  -1.30237  -1.23953  -1.18464  -1.24351  -1.37312  -1.68671  -1.72607  -1.68130  -1.62968  -1.57386  -1.53559  -1.39796  -1.37128
  11750.  5.00  -1.27538  -1.21322  -1.16454  -1.22662  -1.36157  -1.71864  -1.73724  -1.68552  -1.62731  -1.57219  -1.53233  -1.39293  -1.37025
  12000.  2.50  -1.25998  -1.19180  -1.11319  -1.17049  -1.29149  -1.64117  -1.77517  -1.73537  -1.68834  -1.62277  -1.58328  -1.44217  -1.40657
  12000.  3.00  -1.28951  -1.22559  -1.15541  -1.21202  -1.33574  -1.65132  -1.76261  -1.72630  -1.68272  -1.62207  -1.58488  -1.44849  -1.41391
  12000.  3.50  -1.30034  -1.23858  -1.17636  -1.23400  -1.36257  -1.67028  -1.76064  -1.72448  -1.68118  -1.62352  -1.58722  -1.45293  -1.42062
  12000.  4.00  -1.29756  -1.23708  -1.18248  -1.24216  -1.37651  -1.69434  -1.76423  -1.72590  -1.68062  -1.62493  -1.58862  -1.45489  -1.42563
  12000.  4.50  -1.28390  -1.22427  -1.17670  -1.23897  -1.37918  -1.72196  -1.77153  -1.72893  -1.67963  -1.62527  -1.58824  -1.45396  -1.42824
  12000.  5.00  -1.25982  -1.20095  -1.15983  -1.22506  -1.37092  -1.75270  -1.78200  -1.73296  -1.67756  -1.62405  -1.58562  -1.44987  -1.42790
  12250.  2.50  -1.23618  -1.16990  -1.09898  -1.16043  -1.29335  -1.67758  -1.82029  -1.78203  -1.73666  -1.67242  -1.63392  -1.49556  -1.46146
  12250.  3.00  -1.26787  -1.20626  -1.14316  -1.20366  -1.33814  -1.68786  -1.80794  -1.77319  -1.73131  -1.67194  -1.63574  -1.50208  -1.46893
  12250.  3.50  -1.28051  -1.22138  -1.16594  -1.22721  -1.36586  -1.70673  -1.80610  -1.77158  -1.73003  -1.67363  -1.63834  -1.50683  -1.47584
  12250.  4.00  -1.27946  -1.22182  -1.17397  -1.23704  -1.38128  -1.73039  -1.80965  -1.77311  -1.72973  -1.67533  -1.64008  -1.50927  -1.48117
  12250.  4.50  -1.26774  -1.21113  -1.17046  -1.23591  -1.38614  -1.75734  -1.81673  -1.77617  -1.72903  -1.67604  -1.64017  -1.50902  -1.48425
  12250.  5.00  -1.24619  -1.19042  -1.15640  -1.22458  -1.38071  -1.78695  -1.82666  -1.78008  -1.72727  -1.67524  -1.63812  -1.50574  -1.48449
  12500.  2.50  -1.21514  -1.15063  -1.08738  -1.15269  -1.29743  -1.71386  -1.86494  -1.82819  -1.78445  -1.72151  -1.68400  -1.54832  -1.51566
  12500.  3.00  -1.24887  -1.18940  -1.13332  -1.19748  -1.34270  -1.72427  -1.85278  -1.81958  -1.77935  -1.72127  -1.68604  -1.55504  -1.52325
  12500.  3.50  -1.26324  -1.20655  -1.15773  -1.22243  -1.37104  -1.74309  -1.85110  -1.81816  -1.77831  -1.72318  -1.68885  -1.56006  -1.53033
  12500.  4.00  -1.26374  -1.20878  -1.16737  -1.23364  -1.38745  -1.76640  -1.85465  -1.81978  -1.77821  -1.72508  -1.69085  -1.56285  -1.53587
  12500.  4.50  -1.25365  -1.19989  -1.16574  -1.23420  -1.39401  -1.79284  -1.86158  -1.82288  -1.77777  -1.72609  -1.69132  -1.56315  -1.53934
  12500.  5.00  -1.23416  -1.18136  -1.15406  -1.22504  -1.39094  -1.82152  -1.87109  -1.82673  -1.77628  -1.72565  -1.68976  -1.56058  -1.54008
  12750.  2.50  -1.19650  -1.13366  -1.07800  -1.14693  -1.30336  -1.74992  -1.90906  -1.87376  -1.83161  -1.76997  -1.73343  -1.60043  -1.56910
  12750.  3.00  -1.23217  -1.17469  -1.12565  -1.19324  -1.34916  -1.76053  -1.89715  -1.86543  -1.82683  -1.77001  -1.73575  -1.60738  -1.57687
  12750.  3.50  -1.24826  -1.19383  -1.15154  -1.21945  -1.37792  -1.77932  -1.89567  -1.86425  -1.82605  -1.77215  -1.73880  -1.61262  -1.58408
  12750.  4.00  -1.25022  -1.19774  -1.16260  -1.23187  -1.39503  -1.80233  -1.89925  -1.86599  -1.82617  -1.77425  -1.74101  -1.61568  -1.58979
  12750.  4.50  -1.24158  -1.19046  -1.16255  -1.23381  -1.40282  -1.82826  -1.90607  -1.86914  -1.82592  -1.77549  -1.74177  -1.61640  -1.59354
  12750.  5.00  -1.22389  -1.17385  -1.15290  -1.22651  -1.40168  -1.85613  -1.91525  -1.87294  -1.82468  -1.77537  -1.74063  -1.61444  -1.59471
  13000.  2.50  -1.17997  -1.11875  -1.07064  -1.14296  -1.31088  -1.78562  -1.95251  -1.91867  -1.87811  -1.81778  -1.78220  -1.65186  -1.62181
  13000.  3.00  -1.21761  -1.16205  -1.12007  -1.19091  -1.35747  -1.79662  -1.94096  -1.91074  -1.87376  -1.81822  -1.78493  -1.65915  -1.62986
  13000.  3.50  -1.23531  -1.18305  -1.14729  -1.21824  -1.38651  -1.81541  -1.93972  -1.90981  -1.87326  -1.82058  -1.78817  -1.66457  -1.63717
  13000.  4.00  -1.23866  -1.18854  -1.15955  -1.23167  -1.40403  -1.83815  -1.94336  -1.91168  -1.87354  -1.82283  -1.79054  -1.66782  -1.64297
  13000.  4.50  -1.23128  -1.18269  -1.16079  -1.23472  -1.41265  -1.86360  -1.95008  -1.91484  -1.87344  -1.82422  -1.79150  -1.66885  -1.64692
  13000.  5.00  -1.21506  -1.16769  -1.15279  -1.22890  -1.41300  -1.89079  -1.95900  -1.91861  -1.87239  -1.82435  -1.79069  -1.66737  -1.64843
  14000.  2.00  -1.06146  -0.99272  -0.96189  -1.04913  -1.26268  -1.93076  -2.16037  -2.12104  -2.07561  -2.00993  -1.97203  -1.84026  -1.81635
  14000.  2.50  -1.13179  -1.07649  -1.05650  -1.14026  -1.35097  -1.92465  -2.12029  -2.09190  -2.05732  -2.00193  -1.97006  -1.84992  -1.82442
  14000.  3.00  -1.17665  -1.12798  -1.11317  -1.19514  -1.40237  -1.93787  -2.11055  -2.08597  -2.05517  -2.00455  -1.97500  -1.85926  -1.83431
  14000.  3.50  -1.20045  -1.15574  -1.14541  -1.22696  -1.43324  -1.95728  -2.11066  -2.08649  -2.05617  -2.00824  -1.97952  -1.86571  -1.84238
  14000.  4.00  -1.20867  -1.16673  -1.16153  -1.24362  -1.45155  -1.97935  -2.11484  -2.08904  -2.05725  -2.01114  -1.98250  -1.86953  -1.84846
  14000.  4.50  -1.20549  -1.16565  -1.16638  -1.24967  -1.46137  -2.00315  -2.12140  -2.09236  -2.05762  -2.01292  -1.98392  -1.87116  -1.85265
  14000.  5.00  -1.19360  -1.15546  -1.16265  -1.24754  -1.46452  -2.02821  -2.12971  -2.09606  -2.05703  -2.01356  -1.98379  -1.87076  -1.85485
  15000.  2.50  -1.10467  -1.05441  -1.05867  -1.15128  -1.39924  -2.05599  -2.27795  -2.25440  -2.22522  -2.17429  -2.14583  -2.03506  -2.01349
  15000.  3.00  -1.15620  -1.11355  -1.12329  -1.21403  -1.45790  -2.07247  -2.27038  -2.25100  -2.22591  -2.17992  -2.15389  -2.04755  -2.02628
  15000.  3.50  -1.18577  -1.14760  -1.16101  -1.25103  -1.49236  -2.09362  -2.27251  -2.25363  -2.22909  -2.18568  -2.16044  -2.05579  -2.03592
  15000.  4.00  -1.19840  -1.16338  -1.18070  -1.27087  -1.51203  -2.11586  -2.27776  -2.25732  -2.23140  -2.18966  -2.16446  -2.06047  -2.04260
  15000.  4.50  -1.19870  -1.16616  -1.18813  -1.27906  -1.52219  -2.13866  -2.28456  -2.26107  -2.23235  -2.19188  -2.16629  -2.06246  -2.04693
  15000.  5.00  -1.18980  -1.15931  -1.18669  -1.27880  -1.52575  -2.16203  -2.29262  -2.26478  -2.23201  -2.19267  -2.16635  -2.06235  -2.04919
  16000.  2.50  -1.09159  -1.04537  -1.06999  -1.16953  -1.44917  -2.17883  -2.42571  -2.40645  -2.38204  -2.33506  -2.30964  -2.20729  -2.18917
  16000.  3.00  -1.14942  -1.11193  -1.14315  -1.24089  -1.51713  -2.19932  -2.42041  -2.40576  -2.38591  -2.34417  -2.32141  -2.22375  -2.20572
  16000.  3.50  -1.18455  -1.15210  -1.18701  -1.28391  -1.55706  -2.22318  -2.42500  -2.41099  -2.39183  -2.35267  -2.33072  -2.23464  -2.21778
  16000.  4.00  -1.20149  -1.17250  -1.21077  -1.30757  -1.57941  -2.24644  -2.43185  -2.41638  -2.39591  -2.35830  -2.33637  -2.24078  -2.22568
  16000.  4.50  -1.20505  -1.17879  -1.22083  -1.31810  -1.59064  -2.26895  -2.43936  -2.42096  -2.39780  -2.36134  -2.33898  -2.24342  -2.23042
  16000.  5.00  -1.19877  -1.17482  -1.22127  -1.31940  -1.59438  -2.29110  -2.44749  -2.42490  -2.39785  -2.36240  -2.33931  -2.24353  -2.23269
  17000.  2.50  -1.08787  -1.04488  -1.08657  -1.19163  -1.49820  -2.29340  -2.56425  -2.54867  -2.52841  -2.48486  -2.46212  -2.36729  -2.35227
  17000.  3.00  -1.15164  -1.11852  -1.16816  -1.27160  -1.57595  -2.31794  -2.56085  -2.55051  -2.53546  -2.49757  -2.47780  -2.38808  -2.37296
  17000.  3.50  -1.19237  -1.16482  -1.21856  -1.32110  -1.62248  -2.34517  -2.56823  -2.55870  -2.54451  -2.50924  -2.49033  -2.40219  -2.38802
  17000.  4.00  -1.21360  -1.18987  -1.24691  -1.34923  -1.64899  -2.37032  -2.57713  -2.56621  -2.55078  -2.51702  -2.49813  -2.41039  -2.39776
  17000.  4.50  -1.22033  -1.19957  -1.26002  -1.36261  -1.66222  -2.39326  -2.58578  -2.57204  -2.55402  -2.52134  -2.50201  -2.41418  -2.40342
  17000.  5.00  -1.21654  -1.19829  -1.26253  -1.36576  -1.66689  -2.41488  -2.59438  -2.57659  -2.55480  -2.52303  -2.50297  -2.41483  -2.40603
  18000.  2.50  -1.09072  -1.05053  -1.10675  -1.21629  -1.54575  -2.40050  -2.69441  -2.68192  -2.66518  -2.62452  -2.60410  -2.51592  -2.50366
  18000.  3.00  -1.15999  -1.13064  -1.19626  -1.30436  -1.63319  -2.42883  -2.69252  -2.68607  -2.67533  -2.64092  -2.62388  -2.54140  -2.52889
  18000.  3.50  -1.20621  -1.18295  -1.25309  -1.36031  -1.68647  -2.45961  -2.70272  -2.69731  -2.68765  -2.65594  -2.63984  -2.55896  -2.54721
  18000.  4.00  -1.23181  -1.21267  -1.28627  -1.39319  -1.71771  -2.48712  -2.71387  -2.70717  -2.69638  -2.66618  -2.65011  -2.56960  -2.55920
  18000.  4.50  -1.24171  -1.22578  -1.30272  -1.40982  -1.73408  -2.51115  -2.72393  -2.71452  -2.70125  -2.67207  -2.65558  -2.57495  -2.56622
  18000.  5.00  -1.24030  -1.22707  -1.30758  -1.41516  -1.74039  -2.53281  -2.73331  -2.71995  -2.70304  -2.67471  -2.65750  -2.57651  -2.56956
  19000.  2.50  -1.09836  -1.06090  -1.12965  -1.24281  -1.59149  -2.50072  -2.81686  -2.80685  -2.79295  -2.75461  -2.73608  -2.65350  -2.64373
  19000.  3.00  -1.17228  -1.14645  -1.22632  -1.33831  -1.68884  -2.53270  -2.81599  -2.81302  -2.80621  -2.77497  -2.76045  -2.68472  -2.67454
  19000.  3.50  -1.22388  -1.20449  -1.28920  -1.40031  -1.74839  -2.56695  -2.82902  -2.82738  -2.82191  -2.79348  -2.77996  -2.70579  -2.69623
  19000.  4.00  -1.25393  -1.23890  -1.32715  -1.43793  -1.78439  -2.59695  -2.84253  -2.83974  -2.83327  -2.80632  -2.79287  -2.71900  -2.71063
  19000.  4.50  -1.26714  -1.25552  -1.34717  -1.45806  -1.80427  -2.62249  -2.85426  -2.84884  -2.83999  -2.81404  -2.80019  -2.72622  -2.71934
  19000.  5.00  -1.26807  -1.25932  -1.35451  -1.46580  -1.81290  -2.64465  -2.86462  -2.85536  -2.84298  -2.81785  -2.80329  -2.72896  -2.72369
  20000.  3.00  -1.18737  -1.16500  -1.25774  -1.37304  -1.74294  -2.63022  -2.93188  -2.93204  -2.92874  -2.90038  -2.88815  -2.81865  -2.81060
  20000.  3.50  -1.24401  -1.22834  -1.32633  -1.44078  -1.80868  -2.66801  -2.94779  -2.94964  -2.94804  -2.92265  -2.91158  -2.84375  -2.83617
  20000.  4.00  -1.27850  -1.26732  -1.36881  -1.48288  -1.84904  -2.70043  -2.96371  -2.96456  -2.96211  -2.93819  -2.92719  -2.85954  -2.85298
  20000.  4.50  -1.29504  -1.28737  -1.39221  -1.50633  -1.87218  -2.72747  -2.97714  -2.97547  -2.97075  -2.94780  -2.93641  -2.86858  -2.86337
  20000.  5.00  -1.29840  -1.29374  -1.40211  -1.51658  -1.88332  -2.75035  -2.98852  -2.98315  -2.97506  -2.95292  -2.94085  -2.87268  -2.86896
  21000.  3.00  -1.20429  -1.18538  -1.28974  -1.40789  -1.79486  -2.72157  -3.04067  -3.04360  -3.04343  -3.01760  -3.00742  -2.94351  -2.93740
  21000.  3.50  -1.26571  -1.25370  -1.36391  -1.48127  -1.86721  -2.76329  -3.05957  -3.06462  -3.06659  -3.04403  -3.03524  -2.97337  -2.96762
  21000.  4.00  -1.30447  -1.29701  -1.41067  -1.52761  -1.91174  -2.79816  -3.07794  -3.08220  -3.08351  -3.06243  -3.05373  -2.99199  -2.98711
  21000.  4.50  -1.32441  -1.32050  -1.43737  -1.55429  -1.93789  -2.82665  -3.09311  -3.09497  -3.09413  -3.07399  -3.06491  -3.00286  -2.99918
  21000.  5.00  -1.33021  -1.32936  -1.44967  -1.56688  -1.95131  -2.85027  -3.10561  -3.10389  -3.09979  -3.08043  -3.07070  -3.00828  -3.00595
  22000.  3.00  -1.22193  -1.20675  -1.32188  -1.44249  -1.84452  -2.80706  -3.14278  -3.14826  -3.15094  -3.12734  -3.11898  -3.05990  -3.05553
  22000.  3.50  -1.28837  -1.28002  -1.40156  -1.52146  -1.92378  -2.85312  -3.16488  -3.17286  -3.17813  -3.15817  -3.15149  -3.09517  -3.09110
  22000.  4.00  -1.33112  -1.32735  -1.45245  -1.57192  -1.97270  -2.89070  -3.18575  -3.19320  -3.19802  -3.17964  -3.17313  -3.11702  -3.11370
  22000.  4.50  -1.35440  -1.35417  -1.48229  -1.60169  -2.00173  -2.92068  -3.20269  -3.20790  -3.21073  -3.19325  -3.18638  -3.12991  -3.12765
  22000.  5.00  -1.36272  -1.36556  -1.49693  -1.61657  -2.01723  -2.94503  -3.21636  -3.21811  -3.21781  -3.20107  -3.19356  -3.13659  -3.13557
  23000.  3.00  -1.23907  -1.22800  -1.35340  -1.47621  -1.89199  -2.88687  -3.23829  -3.24623  -3.25163  -3.23012  -3.22348  -3.16879  -3.16599
  23000.  3.50  -1.31116  -1.30659  -1.43872  -1.56086  -1.97799  -2.93759  -3.26402  -3.27475  -3.28306  -3.26547  -3.26073  -3.20945  -3.20691
  23000.  4.00  -1.35791  -1.35780  -1.49357  -1.61530  -2.03138  -2.97811  -3.28745  -3.29788  -3.30599  -3.29014  -3.28569  -3.23490  -3.23305
  23000.  4.50  -1.38437  -1.38781  -1.52654  -1.64817  -2.06352  -3.00986  -3.30626  -3.31464  -3.32093  -3.30600  -3.30124  -3.25011  -3.24920
  23000.  5.00  -1.39510  -1.40157  -1.54335  -1.66515  -2.08093  -3.03490  -3.32103  -3.32611  -3.32944  -3.31522  -3.30982  -3.25816  -3.25834
  24000.  3.00  -1.25390  -1.24719  -1.38225  -1.50708  -1.93563  -2.95998  -3.32619  -3.33657  -3.34471  -3.32533  -3.32042  -3.27023  -3.26888
  24000.  3.50  -1.33343  -1.33287  -1.47514  -1.59928  -2.03007  -3.01708  -3.35733  -3.37068  -3.38190  -3.36656  -3.36364  -3.31704  -3.31588
  24000.  4.00  -1.38435  -1.38795  -1.53376  -1.65750  -2.08763  -3.06057  -3.38344  -3.39665  -3.40785  -3.39435  -3.39183  -3.34602  -3.34552
  24000.  4.50  -1.41387  -1.42090  -1.56963  -1.69326  -2.12283  -3.09421  -3.40409  -3.41545  -3.42501  -3.41251  -3.40973  -3.36370  -3.36407
  24000.  5.00  -1.42694  -1.43699  -1.58867  -1.71242  -2.14235  -3.12020  -3.42006  -3.42831  -3.43507  -3.42327  -3.41991  -3.37337  -3.37472
  25000.  3.00  -1.26534  -1.26253  -1.40524  -1.53188  -1.97099  -3.02399  -3.40477  -3.41724  -3.42778  -3.41031  -3.40700  -3.36139  -3.36147
  25000.  3.50  -1.35414  -1.35786  -1.51005  -1.63604  -2.07981  -3.09156  -3.44469  -3.46066  -3.47477  -3.46167  -3.46057  -3.41855  -3.41867
  25000.  4.00  -1.40989  -1.41735  -1.57281  -1.69835  -2.14152  -3.13839  -3.47401  -3.48989  -3.50402  -3.49274  -3.49206  -3.45088  -3.45161
  25000.  4.50  -1.44243  -1.45309  -1.61129  -1.73670  -2.17948  -3.17381  -3.49644  -3.51064  -3.52328  -3.51307  -3.51218  -3.47098  -3.47254
  25000.  5.00  -1.45781  -1.47137  -1.63239  -1.75791  -2.20107  -3.20087  -3.51359  -3.52486  -3.53488  -3.52541  -3.52399  -3.48237  -3.48485
  26000.  3.00  -1.27668  -1.27645  -1.42276  -1.55056  -1.99481  -3.07786  -3.47418  -3.48761  -3.49950  -3.48275  -3.48034  -3.43716  -3.43851
  26000.  3.50  -1.37197  -1.38002  -1.54160  -1.66935  -2.12553  -3.16000  -3.52522  -3.54384  -3.56091  -3.55011  -3.55088  -3.51358  -3.51494
  26000.  4.00  -1.43373  -1.44518  -1.61000  -1.73721  -2.19273  -3.21144  -3.55906  -3.57756  -3.59457  -3.58548  -3.58658  -3.54990  -3.55177
  26000.  4.50  -1.46961  -1.48390  -1.65110  -1.77815  -2.23322  -3.24870  -3.58344  -3.60034  -3.61594  -3.60789  -3.60882  -3.57218  -3.57484
  26000.  5.00  -1.48726  -1.50430  -1.67416  -1.80129  -2.25679  -3.27683  -3.60177  -3.61592  -3.62906  -3.62178  -3.62222  -3.58527  -3.58880
  27000.  3.50  -1.38637  -1.39824  -1.56783  -1.69721  -2.16458  -3.22084  -3.59781  -3.61898  -3.63889  -3.63034  -3.63293  -3.60040  -3.60297
  27000.  4.00  -1.45502  -1.47051  -1.64433  -1.77312  -2.24054  -3.27935  -3.63827  -3.65937  -3.67928  -3.67239  -3.67530  -3.64313  -3.64610
  27000.  4.50  -1.49477  -1.51276  -1.68866  -1.81721  -2.28392  -3.31891  -3.66515  -3.68468  -3.70314  -3.69721  -3.69989  -3.66763  -3.67132
  27000.  5.00  -1.51483  -1.53530  -1.71355  -1.84214  -2.30917  -3.34800  -3.68465  -3.70156  -3.71767  -3.71250  -3.71471  -3.68222  -3.68673
  28000.  3.50  -1.39942  -1.41397  -1.58902  -1.71975  -2.19558  -3.27360  -3.66251  -3.68578  -3.70820  -3.70142  -3.70562  -3.67691  -3.68060
  28000.  4.00  -1.47318  -1.49244  -1.67450  -1.80479  -2.28345  -3.34118  -3.71088  -3.73461  -3.75740  -3.75273  -3.75745  -3.72982  -3.73384
  28000.  4.50  -1.51746  -1.53912  -1.72335  -1.85332  -2.33118  -3.38426  -3.74137  -3.76352  -3.78483  -3.78099  -3.78542  -3.75749  -3.76213
  28000.  5.00  -1.54015  -1.56400  -1.75024  -1.88020  -2.35815  -3.41444  -3.76227  -3.78187  -3.80088  -3.79774  -3.80167  -3.77344  -3.77885
  29000.  3.50  -1.41722  -1.43305  -1.61060  -1.74228  -2.22304  -3.32213  -3.72288  -3.74757  -3.77181  -3.76599  -3.77129  -3.74474  -3.74933
  29000.  4.00  -1.48894  -1.51122  -1.69999  -1.83165  -2.32020  -3.39625  -3.77661  -3.80279  -3.82832  -3.82570  -3.83212  -3.80877  -3.81380
  29000.  4.50  -1.53741  -1.56247  -1.75433  -1.88563  -2.37403  -3.44415  -3.81172  -3.83644  -3.86057  -3.85881  -3.86496  -3.84127  -3.84684
  29000.  5.00  -1.56303  -1.59012  -1.78386  -1.91509  -2.40335  -3.47598  -3.83456  -3.85680  -3.87864  -3.87747  -3.88308  -3.85894  -3.86521
  30000.  3.50  -1.44676  -1.46254  -1.64010  -1.77234  -2.25485  -3.37292  -3.78440  -3.80980  -3.83520  -3.82955  -3.83550  -3.80942  -3.81464
  30000.  4.00  -1.50513  -1.52935  -1.72271  -1.85551  -2.35185  -3.44567  -3.83656  -3.86491  -3.89299  -3.89204  -3.90004  -3.87996  -3.88588
  30000.  4.50  -1.55528  -1.58310  -1.78136  -1.91391  -2.41183  -3.49824  -3.87603  -3.90323  -3.93008  -3.93026  -3.93805  -3.91837  -3.92481
  30000.  5.00  -1.58360  -1.61360  -1.81409  -1.94652  -2.44445  -3.53248  -3.90141  -3.92622  -3.95084  -3.95158  -3.95883  -3.93863  -3.94570
  31000.  3.50  -1.49062  -1.50559  -1.68176  -1.81421  -2.29623  -3.43032  -3.85088  -3.87633  -3.90229  -3.89620  -3.90243  -3.87561  -3.88123
  31000.  4.00  -1.52667  -1.55155  -1.74726  -1.88099  -2.38278  -3.49323  -3.89411  -3.92416  -3.95437  -3.95457  -3.96383  -3.94598  -3.95261
  31000.  4.50  -1.57341  -1.60308  -1.80608  -1.93973  -2.44569  -3.54764  -3.93537  -3.96485  -3.99427  -3.99614  -4.00544  -3.98915  -3.99636
  31000.  5.00  -1.60322  -1.63551  -1.84158  -1.97511  -2.48170  -3.58430  -3.96326  -3.99053  -4.01781  -4.02032  -4.02910  -4.01255  -4.02034
  32000.  4.00  -1.55647  -1.58077  -1.77672  -1.91108  -2.41590  -3.54155  -3.95142  -3.98268  -4.01463  -4.01551  -4.02583  -4.00917  -4.01637
  32000.  4.50  -1.59531  -1.62573  -1.83160  -1.96619  -2.47837  -3.59487  -3.99201  -4.02347  -4.05526  -4.05845  -4.06916  -4.05527  -4.06312
  32000.  5.00  -1.62398  -1.65772  -1.86793  -2.00245  -2.51640  -3.63268  -4.02125  -4.05080  -4.08057  -4.08459  -4.09478  -4.08138  -4.08979
  33000.  4.00  -1.59716  -1.62047  -1.81578  -1.95056  -2.45682  -3.59551  -4.01293  -4.04491  -4.07822  -4.07932  -4.09047  -4.07397  -4.08159
  33000.  4.50  -1.62254  -1.65253  -1.85935  -1.99467  -2.51118  -3.64118  -4.04695  -4.08002  -4.11393  -4.11811  -4.13007  -4.11792  -4.12629
  33000.  5.00  -1.64830  -1.68246  -1.89515  -2.03052  -2.55037  -3.67931  -4.07685  -4.10846  -4.14066  -4.14595  -4.15752  -4.14635  -4.15527
  34000.  4.00  -1.64791  -1.67019  -1.86468  -1.99966  -2.50623  -3.65578  -4.07947  -4.11179  -4.14608  -4.14695  -4.15863  -4.14135  -4.14924
  34000.  4.50  -1.65911  -1.68806  -1.89471  -2.03057  -2.54974  -3.69162  -4.10477  -4.13902  -4.17469  -4.17947  -4.19248  -4.18118  -4.18997
  34000.  5.00  -1.67751  -1.71115  -1.92478  -2.06085  -2.58510  -3.72571  -4.13138  -4.16474  -4.19913  -4.20541  -4.21823  -4.20876  -4.21812
  35000.  4.00  -1.70653  -1.72803  -1.92192  -2.05700  -2.56353  -3.72180  -4.15068  -4.18316  -4.21813  -4.21853  -4.23050  -4.21175  -4.21974
  35000.  4.50  -1.70459  -1.73223  -1.93813  -2.07433  -2.59484  -3.74696  -4.16634  -4.20135  -4.23846  -4.24343  -4.25732  -4.24591  -4.25502
  35000.  5.00  -1.71536  -1.74788  -1.96138  -2.09798  -2.62512  -3.77601  -4.18865  -4.22336  -4.25962  -4.26655  -4.28046  -4.27189  -4.28160
  36000.  4.00  -1.77112  -1.79225  -1.98607  -2.12121  -2.62794  -3.79302  -4.22615  -4.25881  -4.29436  -4.29434  -4.30648  -4.28621  -4.29418
  36000.  4.50  -1.75738  -1.78380  -1.98887  -2.12526  -2.64631  -3.80704  -4.23166  -4.26713  -4.30539  -4.31021  -4.32475  -4.31240  -4.32172
  36000.  5.00  -1.76064  -1.79173  -2.00447  -2.14143  -2.67022  -3.83012  -4.24866  -4.28436  -4.32224  -4.32946  -4.34431  -4.33584  -4.34584
  37000.  4.00  -1.83953  -1.86073  -2.05511  -2.19035  -2.69794  -3.86820  -4.30470  -4.33766  -4.37379  -4.37358  -4.38592  -4.36465  -4.37261
  37000.  4.50  -1.81629  -1.84176  -2.04631  -2.18283  -2.70425  -3.87203  -4.30093  -4.33676  -4.37599  -4.38050  -4.39551  -4.38179  -4.39119
  37000.  5.00  -1.81248  -1.84212  -2.05389  -2.19109  -2.72068  -3.88830  -4.31183  -4.34821  -4.38745  -4.39467  -4.41030  -4.40117  -4.41137
  38000.  4.00  -1.90972  -1.93137  -2.12672  -2.26210  -2.77097  -3.94539  -4.38467  -4.41803  -4.45475  -4.45460  -4.46721  -4.44561  -4.45362
  38000.  4.50  -1.87968  -1.90462  -2.10916  -2.24580  -2.76792  -3.94131  -4.37371  -4.40989  -4.44999  -4.45426  -4.46969  -4.45462  -4.46405
  38000.  5.00  -1.86988  -1.89826  -2.10923  -2.24658  -2.77670  -3.95076  -4.37841  -4.41529  -4.45573  -4.46278  -4.47905  -4.46872  -4.47905
  39000.  4.00  -1.98020  -2.00255  -2.19910  -2.33463  -2.84499  -4.02290  -4.46458  -4.49839  -4.53570  -4.53578  -4.54869  -4.52731  -4.53540
  39000.  4.50  -1.94585  -1.97066  -2.17574  -2.31251  -2.83564  -4.01363  -4.44892  -4.48553  -4.52647  -4.53069  -4.54652  -4.53056  -4.54002
  39000.  5.00  -1.93154  -1.95901  -2.16959  -2.30707  -2.83782  -4.01715  -4.44820  -4.48551  -4.52703  -4.53388  -4.55073  -4.53908  -4.54948
  40000.  4.50  -2.01325  -2.03828  -2.24429  -2.38122  -2.90588  -4.08759  -4.52525  -4.56235  -4.60410  -4.60844  -4.62468  -4.60837  -4.61790
  40000.  5.00  -1.99601  -2.02299  -2.23368  -2.37130  -2.90298  -4.08669  -4.52051  -4.55827  -4.60078  -4.60755  -4.62492  -4.61220  -4.62267
  41000.  4.50  -2.08071  -2.10623  -2.31343  -2.45053  -2.97689  -4.16181  -4.60154  -4.63918  -4.68170  -4.68630  -4.70296  -4.68672  -4.69636
  41000.  5.00  -2.06201  -2.08884  -2.30008  -2.43782  -2.97065  -4.15807  -4.59428  -4.63254  -4.67596  -4.68279  -4.70065  -4.68728  -4.69784
  42000.  4.50  -2.14758  -2.17374  -2.38224  -2.51953  -3.04763  -4.23539  -4.67702  -4.71521  -4.75843  -4.76337  -4.78044  -4.76456  -4.77432
  42000.  5.00  -2.12848  -2.15546  -2.36753  -2.50545  -3.03982  -4.23035  -4.66854  -4.70733  -4.75163  -4.75864  -4.77697  -4.76331  -4.77397
  43000.  4.50  -2.21340  -2.24034  -2.45021  -2.58767  -3.11752  -4.30783  -4.75123  -4.78996  -4.83384  -4.83916  -4.85660  -4.84127  -4.85116
  43000.  5.00  -2.19469  -2.22203  -2.43518  -2.57327  -3.10929  -4.30256  -4.74252  -4.78185  -4.82694  -4.83422  -4.85300  -4.83939  -4.85017
  44000.  4.50  -2.27803  -2.30584  -2.51714  -2.65476  -3.18624  -4.37889  -4.82401  -4.86325  -4.90770  -4.91340  -4.93116  -4.91649  -4.92652
  44000.  5.00  -2.26016  -2.28801  -2.50233  -2.64059  -3.17831  -4.37406  -4.81566  -4.85554  -4.90136  -4.90898  -4.92818  -4.91486  -4.92575
  45000.  4.50  -2.34144  -2.37017  -2.58286  -2.72063  -3.25367  -4.44845  -4.89525  -4.93497  -4.97992  -4.98600  -5.00406  -4.99009  -5.00025
  45000.  5.00  -2.32458  -2.35307  -2.56865  -2.70708  -3.24648  -4.44448  -4.88760  -4.92803  -4.97453  -4.98250  -5.00209  -4.98922  -5.00025
  46000.  4.50  -2.40363  -2.43331  -2.64739  -2.78530  -3.31981  -4.51654  -4.96497  -5.00516  -5.05057  -5.05700  -5.07531  -5.06207  -5.07234
  46000.  5.00  -2.38785  -2.41704  -2.63391  -2.77250  -3.31352  -4.51361  -4.95822  -4.99916  -5.04628  -5.05462  -5.07458  -5.06225  -5.07342
  47000.  4.50  -2.46465  -2.49530  -2.71074  -2.84877  -3.38466  -4.58321  -5.03324  -5.07386  -5.11966  -5.12643  -5.14496  -5.13248  -5.14285
  47000.  5.00  -2.44986  -2.47983  -2.69803  -2.83676  -3.37934  -4.58135  -5.02739  -5.06884  -5.11652  -5.12523  -5.14552  -5.13379  -5.14509
  48000.  4.50  -2.52451  -2.55614  -2.77290  -2.91107  -3.44828  -4.64851  -5.10011  -5.14114  -5.18729  -5.19439  -5.21310  -5.20138  -5.21186
  48000.  5.00  -2.51064  -2.54143  -2.76094  -2.89981  -3.44387  -4.64768  -5.09513  -5.13705  -5.18523  -5.19431  -5.21489  -5.20380  -5.21523
  49000.  4.50  -2.58329  -2.61589  -2.83397  -2.97225  -3.51073  -4.71250  -5.16561  -5.20705  -5.25351  -5.26093  -5.27981  -5.26886  -5.27942
  49000.  5.00  -2.57022  -2.60184  -2.82266  -2.96166  -3.50717  -4.71262  -5.16146  -5.20384  -5.25248  -5.26190  -5.28275  -5.27234  -5.28387
  50000.  5.00  -2.62863  -2.66112  -2.88325  -3.02237  -3.56925  -4.77623  -5.22645  -5.26926  -5.31832  -5.32806  -5.34912  -5.33944  -5.35107
