   3500.  0.00  -1.74611  -3.27473  -0.59950
   3500.  0.50  -1.76395  -3.32162  -0.60905
   3500.  1.00  -1.77235  -3.35643  -0.61021
   3500.  1.50  -1.76621  -3.36613  -0.59952
   3500.  2.00  -1.74406  -3.34626  -0.57598
   3500.  2.50  -1.70386  -3.29248  -0.53811
   3500.  3.00  -1.64513  -3.20626  -0.48510
   3500.  3.50  -1.56316  -3.08282  -0.41279
   3500.  4.00  -1.45914  -2.92144  -0.32360
   3500.  4.50  -1.36798  -2.76694  -0.25045
   3500.  5.00  -1.30828  -2.66445  -0.20450
   3750.  0.00  -1.38589  -2.54056  -0.36233
   3750.  0.50  -1.39612  -2.55048  -0.37092
   3750.  1.00  -1.40688  -2.56806  -0.37736
   3750.  1.50  -1.41552  -2.58698  -0.38044
   3750.  2.00  -1.42025  -2.60274  -0.37951
   3750.  2.50  -1.41798  -2.61024  -0.37225
   3750.  3.00  -1.40571  -2.60340  -0.35674
   3750.  3.50  -1.37856  -2.57765  -0.32814
   3750.  4.00  -1.32690  -2.52235  -0.27761
   3750.  4.50  -1.25995  -2.43798  -0.21740
   3750.  5.00  -1.20395  -2.36415  -0.16889
   4000.  0.00  -1.17358  -2.15515  -0.22612
   4000.  0.50  -1.17839  -2.15118  -0.23380
   4000.  1.00  -1.18336  -2.15271  -0.23923
   4000.  1.50  -1.18860  -2.15773  -0.24338
   4000.  2.00  -1.19333  -2.16340  -0.24635
   4000.  2.50  -1.19755  -2.17058  -0.24784
   4000.  3.00  -1.19962  -2.17725  -0.24638
   4000.  3.50  -1.19741  -2.18259  -0.23940
   4000.  4.00  -1.18320  -2.17835  -0.21982
   4000.  4.50  -1.14862  -2.15447  -0.18055
   4000.  5.00  -1.10688  -2.11712  -0.13745
   4250.  0.00  -1.02686  -1.89625  -0.13561
   4250.  0.50  -1.03106  -1.88832  -0.14510
   4250.  1.00  -1.03533  -1.88628  -0.15165
   4250.  1.50  -1.03963  -1.88776  -0.15644
   4250.  2.00  -1.04350  -1.88955  -0.16040
   4250.  2.50  -1.04716  -1.89255  -0.16346
   4250.  3.00  -1.05006  -1.89695  -0.16478
   4250.  3.50  -1.05227  -1.90315  -0.16417
   4250.  4.00  -1.05230  -1.91097  -0.15955
   4250.  4.50  -1.04427  -1.91495  -0.14499
   4250.  5.00  -1.02284  -1.91012  -0.11528
   4500.  0.00  -0.91771  -1.70674  -0.07075
   4500.  0.50  -0.92218  -1.69749  -0.08212
   4500.  1.00  -0.92664  -1.69399  -0.09022
   4500.  1.50  -0.93109  -1.69410  -0.09621
   4500.  2.00  -0.93530  -1.69561  -0.10100
   4500.  2.50  -0.93918  -1.69725  -0.10525
   4500.  3.00  -0.94234  -1.70016  -0.10778
   4500.  3.50  -0.94470  -1.70423  -0.10857
   4500.  4.00  -0.94614  -1.71093  -0.10662
   4500.  4.50  -0.94616  -1.71923  -0.10176
   4500.  5.00  -0.94158  -1.72717  -0.09013
   4750.  0.00  -0.83583  -1.56007  -0.02706
   4750.  0.50  -0.84093  -1.55112  -0.03999
   4750.  1.00  -0.84578  -1.54697  -0.04958
   4750.  1.50  -0.85048  -1.54612  -0.05686
   4750.  2.00  -0.85507  -1.54702  -0.06285
   4750.  2.50  -0.85929  -1.54810  -0.06818
   4750.  3.00  -0.86286  -1.54956  -0.07230
   4750.  3.50  -0.86543  -1.55190  -0.07443
   4750.  4.00  -0.86696  -1.55569  -0.07414
   4750.  4.50  -0.86748  -1.56153  -0.07115
   4750.  5.00  -0.86687  -1.56913  -0.06554
   5000.  0.00  -0.77490  -1.43811  -0.00441
   5000.  0.50  -0.78135  -1.43224  -0.01822
   5000.  1.00  -0.78723  -1.42940  -0.02908
   5000.  1.50  -0.79269  -1.42902  -0.03759
   5000.  2.00  -0.79786  -1.43016  -0.04461
   5000.  2.50  -0.80251  -1.43164  -0.05059
   5000.  3.00  -0.80637  -1.43295  -0.05546
   5000.  3.50  -0.80920  -1.43433  -0.05875
   5000.  4.00  -0.81068  -1.43612  -0.05966
   5000.  4.50  -0.81099  -1.43899  -0.05804
   5000.  5.00  -0.81023  -1.44324  -0.05396
   5250.  0.00  -0.73041  -1.33062  -0.00271
   5250.  0.50  -0.73829  -1.33011  -0.01575
   5250.  1.00  -0.74547  -1.33070  -0.02673
   5250.  1.50  -0.75207  -1.33253  -0.03579
   5250.  2.00  -0.75820  -1.33529  -0.04340
   5250.  2.50  -0.76361  -1.33826  -0.04968
   5250.  3.00  -0.76802  -1.34082  -0.05470
   5250.  3.50  -0.77116  -1.34280  -0.05812
   5250.  4.00  -0.77270  -1.34422  -0.05941
   5250.  4.50  -0.77274  -1.34554  -0.05840
   5250.  5.00  -0.77142  -1.34724  -0.05500
   5500.  0.00  -0.69910  -1.23526  -0.01906
   5500.  0.50  -0.70812  -1.24068  -0.02997
   5500.  1.00  -0.71632  -1.24550  -0.03972
   5500.  1.50  -0.72400  -1.25055  -0.04829
   5500.  2.00  -0.73125  -1.25589  -0.05585
   5500.  2.50  -0.73773  -1.26113  -0.06219
   5500.  3.00  -0.74323  -1.26579  -0.06736
   5500.  3.50  -0.74726  -1.26958  -0.07082
   5500.  4.00  -0.74933  -1.27208  -0.07209
   5500.  4.50  -0.74953  -1.27353  -0.07115
   5500.  5.00  -0.74784  -1.27422  -0.06775
   5750.  0.00  -0.67870  -1.15364  -0.04870
   5750.  0.50  -0.68797  -1.16357  -0.05648
   5750.  1.00  -0.69680  -1.17228  -0.06424
   5750.  1.50  -0.70536  -1.18066  -0.07162
   5750.  2.00  -0.71362  -1.18896  -0.07843
   5750.  2.50  -0.72126  -1.19687  -0.08447
   5750.  3.00  -0.72807  -1.20411  -0.08962
   5750.  3.50  -0.73343  -1.21022  -0.09325
   5750.  4.00  -0.73680  -1.21466  -0.09492
   5750.  4.50  -0.73793  -1.21741  -0.09427
   5750.  5.00  -0.73653  -1.21844  -0.09082
   6000.  0.00  -0.66838  -1.08592  -0.08969
   6000.  0.50  -0.67594  -1.09843  -0.09195
   6000.  1.00  -0.68461  -1.10997  -0.09684
   6000.  1.50  -0.69363  -1.12116  -0.10244
   6000.  2.00  -0.70271  -1.13224  -0.10811
   6000.  2.50  -0.71157  -1.14300  -0.11359
   6000.  3.00  -0.71981  -1.15309  -0.11850
   6000.  3.50  -0.72673  -1.16182  -0.12231
   6000.  4.00  -0.73190  -1.16886  -0.12455
   6000.  4.50  -0.73454  -1.17365  -0.12441
   6000.  5.00  -0.73428  -1.17598  -0.12147
   6250.  0.50  -0.67211  -1.04470  -0.13652
   6250.  1.00  -0.67857  -1.05740  -0.13589
   6250.  1.50  -0.68720  -1.07054  -0.13871
   6250.  2.00  -0.69678  -1.08399  -0.14281
   6250.  2.50  -0.70676  -1.09747  -0.14751
   6250.  3.00  -0.71655  -1.11045  -0.15224
   6250.  3.50  -0.72538  -1.12228  -0.15628
   6250.  4.00  -0.73264  -1.13232  -0.15913
   6250.  4.50  -0.73729  -1.13969  -0.15977
   6250.  5.00  -0.73890  -1.14412  -0.15781
   6500.  0.50  -0.67442  -1.00106  -0.18716
   6500.  1.00  -0.67927  -1.01400  -0.18265
   6500.  1.50  -0.68576  -1.02792  -0.18018
   6500.  2.00  -0.69506  -1.04301  -0.18176
   6500.  2.50  -0.70572  -1.05875  -0.18515
   6500.  3.00  -0.71687  -1.07450  -0.18937
   6500.  3.50  -0.72779  -1.08957  -0.19374
   6500.  4.00  -0.73746  -1.10297  -0.19735
   6500.  4.50  -0.74460  -1.11351  -0.19904
   6500.  5.00  -0.74871  -1.12076  -0.19841
   6750.  0.50  -0.68024  -0.96769  -0.23764
   6750.  1.00  -0.68527  -0.97934  -0.23434
   6750.  1.50  -0.69022  -0.99305  -0.22844
   6750.  2.00  -0.69757  -1.00884  -0.22501
   6750.  2.50  -0.70808  -1.02616  -0.22607
   6750.  3.00  -0.72019  -1.04426  -0.22930
   6750.  3.50  -0.73288  -1.06228  -0.23362
   6750.  4.00  -0.74491  -1.07910  -0.23777
   6750.  4.50  -0.75503  -1.09326  -0.24096
   6750.  5.00  -0.76212  -1.10403  -0.24181
   7000.  0.50  -0.69009  -0.94442  -0.28770
   7000.  1.00  -0.69403  -0.95368  -0.28467
   7000.  1.50  -0.69930  -0.96574  -0.28088
   7000.  2.00  -0.70516  -0.98115  -0.27422
   7000.  2.50  -0.71413  -0.99934  -0.27073
   7000.  3.00  -0.72641  -1.01925  -0.27187
   7000.  3.50  -0.74023  -1.03965  -0.27544
   7000.  4.00  -0.75428  -1.05951  -0.27987
   7000.  4.50  -0.76730  -1.07750  -0.28416
   7000.  5.00  -0.77760  -1.09209  -0.28666
   7250.  0.50  -0.70364  -0.93240  -0.33393
   7250.  1.00  -0.70681  -0.93710  -0.33498
   7250.  1.50  -0.71093  -0.94688  -0.33128
   7250.  2.00  -0.71726  -0.96046  -0.32737
   7250.  2.50  -0.72478  -0.97829  -0.32061
   7250.  3.00  -0.73580  -0.99902  -0.31776
   7250.  3.50  -0.74994  -1.02119  -0.31953
   7250.  4.00  -0.76545  -1.04367  -0.32356
   7250.  4.50  -0.78080  -1.06504  -0.32832
   7250.  5.00  -0.79410  -1.08343  -0.33208
   7500.  0.50  -0.72368  -0.94097  -0.36813
   7500.  1.00  -0.72485  -0.93159  -0.38420
   7500.  1.50  -0.72712  -0.93710  -0.38200
   7500.  2.00  -0.73211  -0.94813  -0.37823
   7500.  2.50  -0.73989  -0.96365  -0.37455
   7500.  3.00  -0.74926  -0.98392  -0.36814
   7500.  3.50  -0.76249  -1.00707  -0.36637
   7500.  4.00  -0.77856  -1.03141  -0.36896
   7500.  4.50  -0.79546  -1.05543  -0.37341
   7500.  5.00  -0.81137  -1.07737  -0.37794
   7750.  1.00  -0.74911  -0.93883  -0.43113
   7750.  1.50  -0.74905  -0.93818  -0.43236
   7750.  2.00  -0.75205  -0.94562  -0.42888
   7750.  2.50  -0.75842  -0.95815  -0.42587
   7750.  3.00  -0.76770  -0.97549  -0.42274
   7750.  3.50  -0.77888  -0.99771  -0.41724
   7750.  4.00  -0.79414  -1.02292  -0.41663
   7750.  4.50  -0.81169  -1.04877  -0.41981
   7750.  5.00  -0.82948  -1.07365  -0.42437
   8000.  1.00  -0.78314  -0.96403  -0.47528
   8000.  1.50  -0.77745  -0.94976  -0.48368
   8000.  2.00  -0.77795  -0.95238  -0.48140
   8000.  2.50  -0.78210  -0.96167  -0.47774
   8000.  3.00  -0.78983  -0.97604  -0.47499
   8000.  3.50  -0.80054  -0.99540  -0.47197
   8000.  4.00  -0.81337  -1.01910  -0.46767
   8000.  4.50  -0.83027  -1.04566  -0.46815
   8000.  5.00  -0.84892  -1.07243  -0.47189
   8250.  1.00  -0.83255  -1.01138  -0.52319
   8250.  1.50  -0.81323  -0.97329  -0.53545
   8250.  2.00  -0.81038  -0.96900  -0.53576
   8250.  2.50  -0.81207  -0.97414  -0.53241
   8250.  3.00  -0.81738  -0.98503  -0.52896
   8250.  3.50  -0.82640  -1.00107  -0.52652
   8250.  4.00  -0.83815  -1.02205  -0.52322
   8250.  4.50  -0.85225  -1.04689  -0.51956
   8250.  5.00  -0.87035  -1.07423  -0.52100
   8500.  1.50  -0.85649  -1.00842  -0.58802
   8500.  2.00  -0.84943  -0.99575  -0.59141
   8500.  2.50  -0.84850  -0.99613  -0.58902
   8500.  3.00  -0.85122  -1.00312  -0.58514
   8500.  3.50  -0.85755  -1.01538  -0.58182
   8500.  4.00  -0.86771  -1.03290  -0.57967
   8500.  4.50  -0.87981  -1.05473  -0.57555
   8500.  5.00  -0.89482  -1.08004  -0.57258
   8750.  1.50  -0.90542  -1.05126  -0.64249
   8750.  2.00  -0.89379  -1.03075  -0.64763
   8750.  2.50  -0.89101  -1.02705  -0.64734
   8750.  3.00  -0.89164  -1.03030  -0.64414
   8750.  3.50  -0.89519  -1.03855  -0.64016
   8750.  4.00  -0.90226  -1.05186  -0.63678
   8750.  4.50  -0.91298  -1.07047  -0.63401
   8750.  5.00  -0.92444  -1.09198  -0.62819
   9000.  1.50  -0.95751  -1.09760  -0.69895
   9000.  2.00  -0.94129  -1.07058  -0.70427
   9000.  2.50  -0.93734  -1.06391  -0.70630
   9000.  3.00  -0.93703  -1.06489  -0.70451
   9000.  3.50  -0.93888  -1.07030  -0.70068
   9000.  4.00  -0.94318  -1.07970  -0.69645
   9000.  4.50  -0.95077  -1.09379  -0.69283
   9000.  5.00  -0.96110  -1.11242  -0.68864
   9250.  2.00  -0.99045  -1.11302  -0.76070
   9250.  2.50  -0.98565  -1.10419  -0.76484
   9250.  3.00  -0.98529  -1.10397  -0.76521
   9250.  3.50  -0.98663  -1.10786  -0.76261
   9250.  4.00  -0.98932  -1.11472  -0.75837
   9250.  4.50  -0.99422  -1.12511  -0.75383
   9250.  5.00  -1.00219  -1.13997  -0.74960
   9500.  2.00  -1.04052  -1.15683  -0.81694
   9500.  2.50  -1.03494  -1.14643  -0.82254
   9500.  3.00  -1.03485  -1.14557  -0.82518
   9500.  3.50  -1.03643  -1.14886  -0.82451
   9500.  4.00  -1.03876  -1.15455  -0.82135
   9500.  4.50  -1.04219  -1.16265  -0.81673
   9500.  5.00  -1.04770  -1.17414  -0.81163
   9750.  2.00  -1.09078  -1.20099  -0.87292
   9750.  2.50  -1.08469  -1.18979  -0.87943
   9750.  3.00  -1.08495  -1.18859  -0.88414
   9750.  3.50  -1.08711  -1.19177  -0.88552
   9750.  4.00  -1.08970  -1.19704  -0.88393
   9750.  4.50  -1.09266  -1.20402  -0.88000
   9750.  5.00  -1.09661  -1.21319  -0.87472
  10000.  2.00  -1.14106  -1.24525  -0.92867
  10000.  2.50  -1.13442  -1.23346  -0.93562
  10000.  3.00  -1.13503  -1.23228  -0.94178
  10000.  3.50  -1.13800  -1.23571  -0.94531
  10000.  4.00  -1.14117  -1.24096  -0.94557
  10000.  4.50  -1.14425  -1.24749  -0.94286
  10000.  5.00  -1.14753  -1.25535  -0.93806
  10250.  2.00  -1.19140  -1.28967  -0.98428
  10250.  2.50  -1.18417  -1.27740  -0.99126
  10250.  3.00  -1.18509  -1.27636  -0.99862
  10250.  3.50  -1.18863  -1.27998  -1.00370
  10250.  4.00  -1.19257  -1.28558  -1.00568
  10250.  4.50  -1.19624  -1.29211  -1.00476
  10250.  5.00  -1.19942  -1.29935  -1.00093
  10500.  2.00  -1.24173  -1.33418  -1.03972
  10500.  2.50  -1.23375  -1.32136  -1.04638
  10500.  3.00  -1.23491  -1.32053  -1.05457
  10500.  3.50  -1.23909  -1.32455  -1.06109
  10500.  4.00  -1.24379  -1.33053  -1.06475
  10500.  4.50  -1.24793  -1.33715  -1.06517
  10500.  5.00  -1.25147  -1.34428  -1.06265
  10750.  2.00  -1.29211  -1.37888  -1.09509
  10750.  2.50  -1.28317  -1.36533  -1.10106
  10750.  3.00  -1.28442  -1.36461  -1.10973
  10750.  3.50  -1.28914  -1.36906  -1.11737
  10750.  4.00  -1.29464  -1.37558  -1.12258
  10750.  4.50  -1.29951  -1.38254  -1.12461
  10750.  5.00  -1.30349  -1.38969  -1.12341
  11000.  2.00  -1.34256  -1.42379  -1.15047
  11000.  2.50  -1.33252  -1.40936  -1.15546
  11000.  3.00  -1.33367  -1.40863  -1.16428
  11000.  3.50  -1.33878  -1.41343  -1.17272
  11000.  4.00  -1.34493  -1.42041  -1.17918
  11000.  4.50  -1.35057  -1.42788  -1.18267
  11000.  5.00  -1.35514  -1.43525  -1.18283
  11250.  2.00  -1.39302  -1.46890  -1.20575
  11250.  2.50  -1.38183  -1.45350  -1.20965
  11250.  3.00  -1.38268  -1.45258  -1.21830
  11250.  3.50  -1.38799  -1.45758  -1.22723
  11250.  4.00  -1.39466  -1.46498  -1.23466
  11250.  4.50  -1.40099  -1.47292  -1.23943
  11250.  5.00  -1.40624  -1.48067  -1.24098
  11500.  2.00  -1.44324  -1.51390  -1.26073
  11500.  2.50  -1.43102  -1.49765  -1.26363
  11500.  3.00  -1.43148  -1.49648  -1.27192
  11500.  3.50  -1.43685  -1.50158  -1.28106
  11500.  4.00  -1.44390  -1.50929  -1.28917
  11500.  4.50  -1.45081  -1.51765  -1.29501
  11500.  5.00  -1.45671  -1.52581  -1.29781
  11750.  2.00  -1.49324  -1.55884  -1.31538
  11750.  2.50  -1.48009  -1.54186  -1.31739
  11750.  3.00  -1.48006  -1.54031  -1.32516
  11750.  3.50  -1.48532  -1.54534  -1.33429
  11750.  4.00  -1.49257  -1.55321  -1.34283
  11750.  4.50  -1.49996  -1.56195  -1.34953
  11750.  5.00  -1.50648  -1.57053  -1.35347
  12000.  2.50  -1.52895  -1.58600  -1.37084
  12000.  3.00  -1.52852  -1.58416  -1.37812
  12000.  3.50  -1.53359  -1.58907  -1.38707
  12000.  4.00  -1.54090  -1.59700  -1.39580
  12000.  4.50  -1.54862  -1.60598  -1.40312
  12000.  5.00  -1.55563  -1.61490  -1.40797
  12250.  2.50  -1.57748  -1.62992  -1.42393
  12250.  3.00  -1.57669  -1.62785  -1.43077
  12250.  3.50  -1.58155  -1.63261  -1.43944
  12250.  4.00  -1.58878  -1.64047  -1.44817
  12250.  4.50  -1.59671  -1.64962  -1.45590
  12250.  5.00  -1.60412  -1.65881  -1.46148
  12500.  2.50  -1.62562  -1.67362  -1.47654
  12500.  3.00  -1.62460  -1.67143  -1.48304
  12500.  3.50  -1.62924  -1.67603  -1.49141
  12500.  4.00  -1.63635  -1.68379  -1.50001
  12500.  4.50  -1.64436  -1.69297  -1.50796
  12500.  5.00  -1.65205  -1.70236  -1.51412
  12750.  2.50  -1.67330  -1.71697  -1.52859
  12750.  3.00  -1.67221  -1.71482  -1.53491
  12750.  3.50  -1.67662  -1.71925  -1.54298
  12750.  4.00  -1.68356  -1.72688  -1.55138
  12750.  4.50  -1.69154  -1.73601  -1.55939
  12750.  5.00  -1.69942  -1.74551  -1.56595
  13000.  2.50  -1.72036  -1.75980  -1.57997
  13000.  3.00  -1.71933  -1.75784  -1.58628
  13000.  3.50  -1.72364  -1.76223  -1.59413
  13000.  4.00  -1.73043  -1.76974  -1.60231
  13000.  4.50  -1.73831  -1.77877  -1.61024
  13000.  5.00  -1.74627  -1.78829  -1.61706
  14000.  2.00  -1.91643  -1.94231  -1.77499
  14000.  2.50  -1.90231  -1.92589  -1.77826
  14000.  3.00  -1.90279  -1.92598  -1.78583
  14000.  3.50  -1.90723  -1.93077  -1.79349
  14000.  4.00  -1.91384  -1.93827  -1.80110
  14000.  4.50  -1.92120  -1.94680  -1.80834
  14000.  5.00  -1.92887  -1.95588  -1.81512
  15000.  2.50  -2.07264  -2.08162  -1.96375
  15000.  3.00  -2.07644  -2.08571  -1.97451
  15000.  3.50  -2.08229  -2.09222  -1.98331
  15000.  4.00  -2.08949  -2.10050  -1.99110
  15000.  4.50  -2.09692  -2.10922  -1.99797
  15000.  5.00  -2.10397  -2.11764  -2.00401
  16000.  2.50  -2.23079  -2.22615  -2.13588
  16000.  3.00  -2.23918  -2.23554  -2.15138
  16000.  3.50  -2.24759  -2.24503  -2.16249
  16000.  4.00  -2.25597  -2.25467  -2.17126
  16000.  4.50  -2.26443  -2.26462  -2.17864
  16000.  5.00  -2.27156  -2.27319  -2.18439
  17000.  2.50  -2.37692  -2.35957  -2.29452
  17000.  3.00  -2.39080  -2.37505  -2.31625
  17000.  3.50  -2.40293  -2.38876  -2.33082
  17000.  4.00  -2.41275  -2.40002  -2.34099
  17000.  4.50  -2.42289  -2.41192  -2.34961
  17000.  5.00  -2.43102  -2.42163  -2.35587
  18000.  2.50  -2.51157  -2.48257  -2.43951
  18000.  3.00  -2.53149  -2.50436  -2.46936
  18000.  3.50  -2.54828  -2.52322  -2.48843
  18000.  4.00  -2.56005  -2.53662  -2.50053
  18000.  4.50  -2.57205  -2.55059  -2.51071
  18000.  5.00  -2.58194  -2.56233  -2.51822
  19000.  2.50  -2.63608  -2.59677  -2.57136
  19000.  3.00  -2.66168  -2.62390  -2.61081
  19000.  3.50  -2.68409  -2.64878  -2.63575
  19000.  4.00  -2.69847  -2.66502  -2.65043
  19000.  4.50  -2.71207  -2.68071  -2.66217
  19000.  5.00  -2.72417  -2.69494  -2.67142
  20000.  3.00  -2.78201  -2.73443  -2.74084
  20000.  3.50  -2.81062  -2.76571  -2.77296
  20000.  4.00  -2.82849  -2.78564  -2.79119
  20000.  4.50  -2.84327  -2.80252  -2.80428
  20000.  5.00  -2.85775  -2.81936  -2.81561
  21000.  3.00  -2.89413  -2.83771  -2.86089
  21000.  3.50  -2.92844  -2.87459  -2.90036
  21000.  4.00  -2.95065  -2.89903  -2.92324
  21000.  4.50  -2.96662  -2.91704  -2.93790
  21000.  5.00  -2.98300  -2.93586  -2.95107
  22000.  3.00  -3.00019  -2.93576  -2.97368
  22000.  3.50  -3.03836  -2.97630  -3.01864
  22000.  4.00  -3.06527  -3.00550  -3.04683
  22000.  4.50  -3.08262  -3.02480  -3.06330
  22000.  5.00  -3.10048  -3.04504  -3.07829
  23000.  3.00  -3.10198  -3.03003  -3.08218
  23000.  3.50  -3.14194  -3.07231  -3.12956
  23000.  4.00  -3.17297  -3.10565  -3.16252
  23000.  4.50  -3.19279  -3.12741  -3.18180
  23000.  5.00  -3.21075  -3.14749  -3.19751
  24000.  3.00  -3.19815  -3.11885  -3.18557
  24000.  3.50  -3.24073  -3.16404  -3.23537
  24000.  4.00  -3.27465  -3.20033  -3.27141
  24000.  4.50  -3.29714  -3.22477  -3.29366
  24000.  5.00  -3.31493  -3.24447  -3.30970
  25000.  3.00  -3.28624  -3.20010  -3.27991
  25000.  3.50  -3.33506  -3.25153  -3.33707
  25000.  4.00  -3.37125  -3.29033  -3.37489
  25000.  4.50  -3.39625  -3.31734  -3.39974
  25000.  5.00  -3.41417  -3.33706  -3.41614
  26000.  3.00  -3.36756  -3.27623  -3.36377
  26000.  3.50  -3.42366  -3.33335  -3.43353
  26000.  4.00  -3.46318  -3.37589  -3.47388
  26000.  4.50  -3.49050  -3.40536  -3.50076
  26000.  5.00  -3.50927  -3.42592  -3.51807
  27000.  3.50  -3.50500  -3.40816  -3.52243
  27000.  4.00  -3.54998  -3.45638  -3.56817
  27000.  4.50  -3.57990  -3.48873  -3.59706
  27000.  5.00  -3.60021  -3.51088  -3.61583
  28000.  3.50  -3.57952  -3.47681  -3.60305
  28000.  4.00  -3.63071  -3.53088  -3.65654
  28000.  4.50  -3.66407  -3.56693  -3.68842
  28000.  5.00  -3.68625  -3.59108  -3.70879
  29000.  3.50  -3.65089  -3.54346  -3.67826
  29000.  4.00  -3.70491  -3.59915  -3.73783
  29000.  4.50  -3.74237  -3.63936  -3.77400
  29000.  5.00  -3.76695  -3.66604  -3.79649
  30000.  3.50  -3.72294  -3.61212  -3.75183
  30000.  4.00  -3.77438  -3.66331  -3.81316
  30000.  4.50  -3.81502  -3.70637  -3.85353
  30000.  5.00  -3.84217  -3.73568  -3.87860
  31000.  3.50  -3.79974  -3.68674  -3.82843
  31000.  4.00  -3.84161  -3.72610  -3.88468
  31000.  4.50  -3.88314  -3.76935  -3.92766
  31000.  5.00  -3.91232  -3.80055  -3.95517
  32000.  4.00  -3.90940  -3.79036  -3.95525
  32000.  4.50  -3.94870  -3.83039  -3.99806
  32000.  5.00  -3.97894  -3.86235  -4.02739
  33000.  4.00  -3.98015  -3.85851  -4.02737
  33000.  4.50  -4.01362  -3.89151  -4.06667
  33000.  5.00  -4.04299  -3.92209  -4.09618
  34000.  4.00  -4.05387  -3.93038  -4.10146
  34000.  4.50  -4.08050  -3.95541  -4.13595
  34000.  5.00  -4.10705  -3.98250  -4.16397
  35000.  4.00  -4.13077  -4.00586  -4.17833
  35000.  4.50  -4.14946  -4.02209  -4.20623
  35000.  5.00  -4.17240  -4.04488  -4.23198
  36000.  4.00  -4.21032  -4.08413  -4.25810
  36000.  4.50  -4.22085  -4.09176  -4.27819
  36000.  5.00  -4.23926  -4.10939  -4.30054
  37000.  4.00  -4.29147  -4.16401  -4.33996
  37000.  4.50  -4.29485  -4.16437  -4.35254
  37000.  5.00  -4.30796  -4.17627  -4.37017
  38000.  4.00  -4.37269  -4.24395  -4.42228
  38000.  4.50  -4.37101  -4.23923  -4.42924
  38000.  5.00  -4.37906  -4.24593  -4.44181
  39000.  4.00  -4.45290  -4.32289  -4.50375
  39000.  4.50  -4.44829  -4.31522  -4.50746
  39000.  5.00  -4.45221  -4.31780  -4.51548
  40000.  4.50  -4.52556  -4.39118  -4.58596
  40000.  5.00  -4.52671  -4.39107  -4.59072
  41000.  4.50  -4.60191  -4.46624  -4.66372
  41000.  5.00  -4.60162  -4.46475  -4.66665
  42000.  4.50  -4.67681  -4.53990  -4.74006
  42000.  5.00  -4.67614  -4.53806  -4.74238
  43000.  4.50  -4.75006  -4.61199  -4.81470
  43000.  5.00  -4.74968  -4.61040  -4.81723
  44000.  4.50  -4.82165  -4.68248  -4.88760
  44000.  5.00  -4.82186  -4.68144  -4.89075
  45000.  4.50  -4.89169  -4.75150  -4.95887
  45000.  5.00  -4.89254  -4.75105  -4.96275
  46000.  4.50  -4.96032  -4.81917  -5.02869
  46000.  5.00  -4.96175  -4.81923  -5.03323
  47000.  4.50  -5.02763  -4.88555  -5.09717
  47000.  5.00  -5.02953  -4.88604  -5.10223
  48000.  4.50  -5.09368  -4.95072  -5.16436
  48000.  5.00  -5.09599  -4.95157  -5.16987
  49000.  4.50  -5.15854  -5.01471  -5.23035
  49000.  5.00  -5.16121  -5.01590  -5.23626
  50000.  5.00  -5.22525  -5.07909  -5.30145
