   3500.  0.00  -1.44996  -2.91273  -0.32787
   3500.  0.50  -1.40405  -2.82070  -0.29321
   3500.  1.00  -1.35521  -2.73781  -0.25284
   3500.  1.50  -1.30285  -2.65924  -0.20714
   3500.  2.00  -1.24803  -2.58323  -0.15793
   3500.  2.50  -1.19124  -2.51276  -0.10510
   3500.  3.00  -1.13127  -2.44662  -0.04794
   3500.  3.50  -1.08337  -2.38845  -0.00491
   3500.  4.00  -1.06117  -2.36378   0.01502
   3500.  4.50  -1.05178  -2.36250   0.02576
   3500.  5.00  -1.05201  -2.38417   0.03109
   3750.  0.00  -1.25137  -2.51709  -0.19281
   3750.  0.50  -1.23779  -2.46508  -0.19121
   3750.  1.00  -1.22115  -2.42233  -0.18270
   3750.  1.50  -1.19767  -2.38096  -0.16462
   3750.  2.00  -1.16755  -2.33768  -0.13834
   3750.  2.50  -1.13238  -2.29399  -0.10553
   3750.  3.00  -1.09226  -2.25521  -0.06466
   3750.  3.50  -1.04697  -2.21904  -0.01658
   3750.  4.00  -1.00985  -2.18513   0.02083
   3750.  4.50  -0.99007  -2.17070   0.04177
   3750.  5.00  -0.98018  -2.17227   0.05500
   4000.  0.00  -1.07240  -2.19772  -0.06551
   4000.  0.50  -1.06927  -2.15746  -0.07600
   4000.  1.00  -1.06844  -2.13292  -0.08390
   4000.  1.50  -1.06788  -2.11837  -0.08838
   4000.  2.00  -1.06474  -2.10778  -0.08778
   4000.  2.50  -1.05583  -2.09536  -0.07994
   4000.  3.00  -1.03743  -2.07697  -0.06126
   4000.  3.50  -1.00811  -2.05687  -0.02806
   4000.  4.00  -0.97320  -2.03658   0.01265
   4000.  4.50  -0.94167  -2.01457   0.04775
   4000.  5.00  -0.92250  -2.00425   0.07011
   4250.  0.00  -0.93577  -1.95839   0.02855
   4250.  0.50  -0.93620  -1.92204   0.01289
   4250.  1.00  -0.93897  -1.90048  -0.00004
   4250.  1.50  -0.94255  -1.88912  -0.00973
   4250.  2.00  -0.94569  -1.88402  -0.01604
   4250.  2.50  -0.94740  -1.88231  -0.01886
   4250.  3.00  -0.94642  -1.88138  -0.01756
   4250.  3.50  -0.94123  -1.87970  -0.01067
   4250.  4.00  -0.92657  -1.87690   0.00935
   4250.  4.50  -0.90255  -1.87032   0.04108
   4250.  5.00  -0.87793  -1.86001   0.07183
   4500.  0.00  -0.83410  -1.77440   0.09296
   4500.  0.50  -0.83730  -1.74507   0.07484
   4500.  1.00  -0.84211  -1.72715   0.05954
   4500.  1.50  -0.84735  -1.71766   0.04761
   4500.  2.00  -0.85213  -1.71353   0.03893
   4500.  2.50  -0.85561  -1.71244   0.03362
   4500.  3.00  -0.85705  -1.71246   0.03178
   4500.  3.50  -0.85610  -1.71279   0.03355
   4500.  4.00  -0.85241  -1.71325   0.03934
   4500.  4.50  -0.84347  -1.71386   0.05293
   4500.  5.00  -0.82738  -1.71360   0.07668
   4750.  0.00  -0.76115  -1.62258   0.12714
   4750.  0.50  -0.76730  -1.60414   0.10873
   4750.  1.00  -0.77400  -1.59251   0.09287
   4750.  1.50  -0.78062  -1.58649   0.08002
   4750.  2.00  -0.78648  -1.58423   0.07027
   4750.  2.50  -0.79080  -1.58382   0.06379
   4750.  3.00  -0.79332  -1.58399   0.06026
   4750.  3.50  -0.79330  -1.58373   0.06028
   4750.  4.00  -0.79104  -1.58324   0.06351
   4750.  4.50  -0.78662  -1.58293   0.07005
   4750.  5.00  -0.77914  -1.58344   0.08160
   5000.  0.00  -0.71140  -1.49280   0.13372
   5000.  0.50  -0.72064  -1.48670   0.11635
   5000.  1.00  -0.72939  -1.48335   0.10125
   5000.  1.50  -0.73762  -1.48275   0.08852
   5000.  2.00  -0.74474  -1.48405   0.07856
   5000.  2.50  -0.75015  -1.48588   0.07148
   5000.  3.00  -0.75335  -1.48727   0.06750
   5000.  3.50  -0.75375  -1.48736   0.06699
   5000.  4.00  -0.75158  -1.48617   0.06968
   5000.  4.50  -0.74734  -1.48447   0.07523
   5000.  5.00  -0.74108  -1.48258   0.08374
   5250.  0.00  -0.67932  -1.38570   0.12119
   5250.  0.50  -0.69093  -1.38919   0.10519
   5250.  1.00  -0.70163  -1.39351   0.09123
   5250.  1.50  -0.71148  -1.39886   0.07930
   5250.  2.00  -0.72007  -1.40470   0.06966
   5250.  2.50  -0.72700  -1.41008   0.06232
   5250.  3.00  -0.73144  -1.41411   0.05801
   5250.  3.50  -0.73280  -1.41588   0.05706
   5250.  4.00  -0.73086  -1.41527   0.05978
   5250.  4.50  -0.72632  -1.41307   0.06557
   5250.  5.00  -0.71980  -1.40987   0.07380
   5500.  0.00  -0.66028  -1.29990   0.09662
   5500.  0.50  -0.67306  -1.30977   0.08252
   5500.  1.00  -0.68517  -1.31973   0.06975
   5500.  1.50  -0.69667  -1.33016   0.05840
   5500.  2.00  -0.70720  -1.34063   0.04869
   5500.  2.50  -0.71629  -1.35035   0.04076
   5500.  3.00  -0.72284  -1.35812   0.03563
   5500.  3.50  -0.72612  -1.36282   0.03366
   5500.  4.00  -0.72538  -1.36415   0.03588
   5500.  4.50  -0.72108  -1.36249   0.04178
   5500.  5.00  -0.71429  -1.35901   0.05042
   5750.  0.00  -0.65099  -1.23126   0.06360
   5750.  0.50  -0.66343  -1.24499   0.05265
   5750.  1.00  -0.67592  -1.25868   0.04179
   5750.  1.50  -0.68854  -1.27295   0.03129
   5750.  2.00  -0.70098  -1.28757   0.02140
   5750.  2.50  -0.71260  -1.30165   0.01251
   5750.  3.00  -0.72217  -1.31388   0.00571
   5750.  3.50  -0.72865  -1.32288   0.00171
   5750.  4.00  -0.73061  -1.32759   0.00210
   5750.  4.50  -0.72788  -1.32785   0.00700
   5750.  5.00  -0.72157  -1.32508   0.01558
   6000.  0.00  -0.65004  -1.17656   0.02300
   6000.  0.50  -0.66016  -1.19166   0.01712
   6000.  1.00  -0.67190  -1.20749   0.00921
   6000.  1.50  -0.68474  -1.22444   0.00043
   6000.  2.00  -0.69837  -1.24228  -0.00893
   6000.  2.50  -0.71207  -1.26017  -0.01833
   6000.  3.00  -0.72482  -1.27696  -0.02688
   6000.  3.50  -0.73503  -1.29091  -0.03326
   6000.  4.00  -0.74104  -1.30032  -0.03593
   6000.  4.50  -0.74186  -1.30443  -0.03386
   6000.  5.00  -0.73747  -1.30368  -0.02668
   6250.  0.50  -0.66330  -1.14844  -0.02458
   6250.  1.00  -0.67263  -1.16460  -0.02782
   6250.  1.50  -0.68477  -1.18301  -0.03405
   6250.  2.00  -0.69870  -1.20300  -0.04203
   6250.  2.50  -0.71382  -1.22402  -0.05122
   6250.  3.00  -0.72904  -1.24478  -0.06070
   6250.  3.50  -0.74270  -1.26349  -0.06907
   6250.  4.00  -0.75318  -1.27826  -0.07498
   6250.  4.50  -0.75855  -1.28752  -0.07639
   6250.  5.00  -0.75802  -1.29062  -0.07251
   6500.  0.50  -0.67344  -1.11487  -0.07352
   6500.  1.00  -0.67878  -1.12958  -0.07045
   6500.  1.50  -0.68856  -1.14780  -0.07236
   6500.  2.00  -0.70193  -1.16903  -0.07807
   6500.  2.50  -0.71760  -1.19217  -0.08620
   6500.  3.00  -0.73441  -1.21601  -0.09570
   6500.  3.50  -0.75084  -1.23888  -0.10527
   6500.  4.00  -0.76534  -1.25886  -0.11372
   6500.  4.50  -0.77549  -1.27375  -0.11863
   6500.  5.00  -0.77987  -1.28213  -0.11873
   6750.  0.50  -0.68522  -1.08862  -0.12158
   6750.  1.00  -0.69104  -1.10264  -0.11954
   6750.  1.50  -0.69714  -1.11926  -0.11571
   6750.  2.00  -0.70839  -1.14021  -0.11747
   6750.  2.50  -0.72355  -1.16433  -0.12352
   6750.  3.00  -0.74100  -1.19027  -0.13207
   6750.  3.50  -0.75938  -1.21646  -0.14201
   6750.  4.00  -0.77697  -1.24089  -0.15194
   6750.  4.50  -0.79144  -1.26117  -0.15970
   6750.  5.00  -0.80099  -1.27551  -0.16366
   7000.  0.50  -0.69933  -1.07100  -0.16787
   7000.  1.00  -0.70486  -1.08276  -0.16716
   7000.  1.50  -0.71134  -1.09802  -0.16485
   7000.  2.00  -0.71899  -1.11700  -0.16130
   7000.  2.50  -0.73216  -1.14082  -0.16356
   7000.  3.00  -0.74933  -1.16779  -0.17034
   7000.  3.50  -0.76867  -1.19619  -0.17974
   7000.  4.00  -0.78837  -1.22411  -0.19014
   7000.  4.50  -0.80639  -1.24925  -0.19978
   7000.  5.00  -0.82061  -1.26929  -0.20693
   7250.  0.50  -0.71669  -1.06366  -0.21162
   7250.  1.00  -0.72162  -1.07142  -0.21365
   7250.  1.50  -0.72733  -1.08381  -0.21246
   7250.  2.00  -0.73518  -1.10106  -0.21051
   7250.  2.50  -0.74481  -1.12262  -0.20782
   7250.  3.00  -0.76016  -1.14913  -0.21123
   7250.  3.50  -0.77928  -1.17857  -0.21892
   7250.  4.00  -0.80016  -1.20894  -0.22891
   7250.  4.50  -0.82077  -1.23797  -0.23950
   7250.  5.00  -0.83884  -1.26309  -0.24883
   7500.  0.50  -0.73860  -1.07261  -0.24796
   7500.  1.00  -0.74315  -1.07028  -0.26013
   7500.  1.50  -0.74712  -1.07852  -0.25970
   7500.  2.00  -0.75394  -1.09256  -0.25880
   7500.  2.50  -0.76316  -1.11167  -0.25735
   7500.  3.00  -0.77475  -1.13548  -0.25584
   7500.  3.50  -0.79218  -1.16450  -0.26034
   7500.  4.00  -0.81310  -1.19608  -0.26893
   7500.  4.50  -0.83513  -1.22776  -0.27937
   7500.  5.00  -0.85616  -1.25707  -0.29001
   7750.  1.00  -0.77124  -1.08223  -0.30643
   7750.  1.50  -0.77291  -1.08379  -0.30867
   7750.  2.00  -0.77721  -1.09322  -0.30755
   7750.  2.50  -0.78502  -1.10865  -0.30696
   7750.  3.00  -0.79542  -1.12948  -0.30575
   7750.  3.50  -0.80884  -1.15529  -0.30539
   7750.  4.00  -0.82817  -1.18637  -0.31109
   7750.  4.50  -0.85043  -1.21944  -0.32028
   7750.  5.00  -0.87332  -1.25184  -0.33116
   8000.  1.00  -0.80799  -1.11113  -0.35181
   8000.  1.50  -0.80573  -1.10099  -0.35942
   8000.  2.00  -0.80749  -1.10496  -0.35920
   8000.  2.50  -0.81256  -1.11576  -0.35801
   8000.  3.00  -0.82125  -1.13252  -0.35755
   8000.  3.50  -0.83218  -1.15427  -0.35616
   8000.  4.00  -0.84692  -1.18144  -0.35659
   8000.  4.50  -0.86767  -1.21404  -0.36297
   8000.  5.00  -0.89112  -1.24810  -0.37300
   8250.  1.00  -0.85764  -1.16070  -0.40046
   8250.  1.50  -0.84544  -1.12986  -0.41151
   8250.  2.00  -0.84455  -1.12755  -0.41315
   8250.  2.50  -0.84716  -1.13383  -0.41200
   8250.  3.00  -0.85295  -1.14590  -0.41075
   8250.  3.50  -0.86217  -1.16349  -0.41025
   8250.  4.00  -0.87288  -1.18535  -0.40796
   8250.  4.50  -0.88859  -1.21337  -0.40893
   8250.  5.00  -0.91063  -1.24693  -0.41640
   8500.  1.50  -0.89153  -1.16930  -0.46472
   8500.  2.00  -0.88733  -1.15940  -0.46860
   8500.  2.50  -0.88787  -1.16119  -0.46850
   8500.  3.00  -0.89140  -1.16930  -0.46710
   8500.  3.50  -0.89791  -1.18249  -0.46588
   8500.  4.00  -0.90727  -1.20065  -0.46477
   8500.  4.50  -0.91679  -1.22150  -0.46082
   8500.  5.00  -0.93362  -1.25025  -0.46277
   8750.  1.50  -0.94329  -1.21691  -0.52013
   8750.  2.00  -0.93452  -1.19846  -0.52488
   8750.  2.50  -0.93317  -1.19590  -0.52618
   8750.  3.00  -0.93503  -1.20056  -0.52544
   8750.  3.50  -0.93945  -1.21013  -0.52414
   8750.  4.00  -0.94639  -1.22421  -0.52266
   8750.  4.50  -0.95492  -1.24203  -0.51994
   8750.  5.00  -0.96322  -1.26155  -0.51447
   9000.  1.50  -0.99897  -1.26873  -0.57887
   9000.  2.00  -0.98488  -1.24251  -0.58195
   9000.  2.50  -0.98177  -1.23621  -0.58422
   9000.  3.00  -0.98256  -1.23809  -0.58477
   9000.  3.50  -0.98528  -1.24435  -0.58398
   9000.  4.00  -0.99026  -1.25512  -0.58229
   9000.  4.50  -0.99730  -1.26994  -0.57987
   9000.  5.00  -1.00315  -1.28560  -0.57360
   9250.  2.00  -1.03768  -1.28990  -0.64018
   9250.  2.50  -1.03283  -1.28023  -0.64310
   9250.  3.00  -1.03229  -1.27944  -0.64422
   9250.  3.50  -1.03392  -1.28360  -0.64371
   9250.  4.00  -1.03733  -1.29155  -0.64218
   9250.  4.50  -1.04287  -1.30330  -0.64037
   9250.  5.00  -1.04927  -1.31791  -0.63658
   9500.  2.00  -1.09173  -1.33897  -0.69902
   9500.  2.50  -1.08549  -1.32694  -0.70207
   9500.  3.00  -1.08422  -1.32433  -0.70399
   9500.  3.50  -1.08501  -1.32653  -0.70422
   9500.  4.00  -1.08720  -1.33213  -0.70308
   9500.  4.50  -1.09095  -1.34105  -0.70102
   9500.  5.00  -1.09631  -1.35344  -0.69784
   9750.  2.00  -1.14617  -1.38850  -0.75816
   9750.  2.50  -1.13907  -1.37516  -0.76118
   9750.  3.00  -1.13734  -1.37132  -0.76379
   9750.  3.50  -1.13762  -1.37211  -0.76478
   9750.  4.00  -1.13898  -1.37594  -0.76419
   9750.  4.50  -1.14140  -1.38253  -0.76226
   9750.  5.00  -1.14535  -1.39242  -0.75923
  10000.  2.00  -1.20050  -1.43798  -0.81711
  10000.  2.50  -1.19299  -1.42402  -0.82028
  10000.  3.00  -1.19112  -1.41957  -0.82349
  10000.  3.50  -1.19120  -1.41948  -0.82525
  10000.  4.00  -1.19202  -1.42203  -0.82519
  10000.  4.50  -1.19343  -1.42680  -0.82339
  10000.  5.00  -1.19603  -1.43442  -0.82038
  10250.  2.00  -1.25454  -1.48725  -0.87569
  10250.  2.50  -1.24689  -1.47308  -0.87906
  10250.  3.00  -1.24520  -1.46856  -0.88289
  10250.  3.50  -1.24532  -1.46810  -0.88532
  10250.  4.00  -1.24589  -1.46980  -0.88579
  10250.  4.50  -1.24662  -1.47318  -0.88432
  10250.  5.00  -1.24799  -1.47872  -0.88137
  10500.  2.00  -1.30816  -1.53618  -0.93377
  10500.  2.50  -1.30043  -1.52195  -0.93734
  10500.  3.00  -1.29907  -1.51762  -0.94181
  10500.  3.50  -1.29950  -1.51719  -0.94494
  10500.  4.00  -1.30014  -1.51853  -0.94609
  10500.  4.50  -1.30050  -1.52095  -0.94506
  10500.  5.00  -1.30095  -1.52485  -0.94224
  10750.  2.00  -1.36145  -1.58491  -0.99137
  10750.  2.50  -1.35365  -1.57065  -0.99507
  10750.  3.00  -1.35264  -1.56662  -1.00011
  10750.  3.50  -1.35350  -1.56644  -1.00398
  10750.  4.00  -1.35443  -1.56775  -1.00586
  10750.  4.50  -1.35474  -1.56968  -1.00540
  10750.  5.00  -1.35460  -1.57241  -1.00278
  11000.  2.00  -1.41433  -1.63330  -1.04851
  11000.  2.50  -1.40638  -1.61897  -1.05223
  11000.  3.00  -1.40572  -1.61530  -1.05776
  11000.  3.50  -1.40705  -1.61548  -1.06231
  11000.  4.00  -1.40839  -1.61698  -1.06493
  11000.  4.50  -1.40891  -1.61877  -1.06514
  11000.  5.00  -1.40857  -1.62085  -1.06290
  11250.  2.00  -1.46681  -1.68142  -1.10513
  11250.  2.50  -1.45867  -1.66700  -1.10878
  11250.  3.00  -1.45832  -1.66365  -1.11470
  11250.  3.50  -1.46008  -1.66421  -1.11985
  11250.  4.00  -1.46188  -1.66601  -1.12317
  11250.  4.50  -1.46276  -1.66791  -1.12409
  11250.  5.00  -1.46249  -1.66969  -1.12241
  11500.  2.00  -1.51884  -1.72918  -1.16122
  11500.  2.50  -1.51048  -1.71465  -1.16476
  11500.  3.00  -1.51035  -1.71157  -1.17097
  11500.  3.50  -1.51249  -1.71249  -1.17659
  11500.  4.00  -1.51474  -1.71463  -1.18052
  11500.  4.50  -1.51604  -1.71676  -1.18213
  11500.  5.00  -1.51603  -1.71852  -1.18109
  11750.  2.00  -1.57035  -1.77654  -1.21672
  11750.  2.50  -1.56182  -1.76193  -1.22017
  11750.  3.00  -1.56190  -1.75914  -1.22660
  11750.  3.50  -1.56435  -1.76038  -1.23258
  11750.  4.00  -1.56697  -1.76283  -1.23701
  11750.  4.50  -1.56869  -1.76523  -1.23922
  11750.  5.00  -1.56901  -1.76708  -1.23883
  12000.  2.50  -1.61263  -1.80877  -1.27495
  12000.  3.00  -1.61286  -1.80623  -1.28152
  12000.  3.50  -1.61558  -1.80776  -1.28779
  12000.  4.00  -1.61852  -1.81049  -1.29264
  12000.  4.50  -1.62061  -1.81315  -1.29538
  12000.  5.00  -1.62132  -1.81520  -1.29562
  12250.  2.50  -1.66288  -1.85515  -1.32912
  12250.  3.00  -1.66331  -1.85290  -1.33584
  12250.  3.50  -1.66623  -1.85469  -1.34232
  12250.  4.00  -1.66943  -1.85765  -1.34746
  12250.  4.50  -1.67184  -1.86056  -1.35065
  12250.  5.00  -1.67290  -1.86283  -1.35142
  12500.  2.50  -1.71255  -1.90105  -1.38263
  12500.  3.00  -1.71316  -1.89908  -1.38949
  12500.  3.50  -1.71628  -1.90111  -1.39612
  12500.  4.00  -1.71965  -1.90426  -1.40148
  12500.  4.50  -1.72234  -1.90738  -1.40503
  12500.  5.00  -1.72371  -1.90983  -1.40626
  12750.  2.50  -1.76157  -1.94638  -1.43540
  12750.  3.00  -1.76242  -1.94475  -1.44245
  12750.  3.50  -1.76573  -1.94704  -1.44923
  12750.  4.00  -1.76928  -1.95037  -1.45474
  12750.  4.50  -1.77216  -1.95365  -1.45856
  12750.  5.00  -1.77380  -1.95628  -1.46017
  13000.  2.50  -1.80989  -1.99109  -1.48744
  13000.  3.00  -1.81110  -1.98992  -1.49479
  13000.  3.50  -1.81460  -1.99247  -1.50167
  13000.  4.00  -1.81826  -1.99595  -1.50728
  13000.  4.50  -1.82129  -1.99935  -1.51128
  13000.  5.00  -1.82313  -2.00211  -1.51320
  14000.  2.00  -2.00343  -2.17675  -1.68096
  14000.  2.50  -1.99591  -2.16348  -1.68752
  14000.  3.00  -1.99913  -2.16470  -1.69677
  14000.  3.50  -2.00380  -2.16872  -1.70449
  14000.  4.00  -2.00799  -2.17289  -1.71040
  14000.  4.50  -2.01131  -2.17659  -1.71463
  14000.  5.00  -2.01358  -2.17962  -1.71716
  15000.  2.50  -2.16983  -2.32491  -1.87426
  15000.  3.00  -2.17590  -2.32928  -1.88645
  15000.  3.50  -2.18249  -2.33554  -1.89582
  15000.  4.00  -2.18763  -2.34087  -1.90239
  15000.  4.50  -2.19128  -2.34498  -1.90677
  15000.  5.00  -2.19365  -2.34810  -1.90933
  16000.  2.50  -2.33184  -2.47543  -2.04784
  16000.  3.00  -2.34129  -2.48344  -2.06379
  16000.  3.50  -2.35051  -2.49260  -2.07564
  16000.  4.00  -2.35719  -2.49966  -2.08348
  16000.  4.50  -2.36153  -2.50462  -2.08831
  16000.  5.00  -2.36409  -2.50795  -2.09089
  17000.  2.50  -2.48263  -2.61562  -2.20904
  17000.  3.00  -2.49561  -2.62731  -2.22910
  17000.  3.50  -2.50790  -2.63983  -2.24397
  17000.  4.00  -2.51666  -2.64918  -2.25371
  17000.  4.50  -2.52218  -2.65541  -2.25950
  17000.  5.00  -2.52527  -2.65936  -2.26244
  18000.  2.50  -2.62310  -2.74634  -2.35873
  18000.  3.00  -2.63968  -2.76167  -2.38326
  18000.  3.50  -2.65525  -2.77771  -2.40142
  18000.  4.00  -2.66639  -2.78963  -2.41343
  18000.  4.50  -2.67343  -2.79752  -2.42060
  18000.  5.00  -2.67739  -2.80241  -2.42429
  19000.  2.50  -2.75378  -2.86822  -2.49733
  19000.  3.00  -2.77433  -2.88725  -2.52725
  19000.  3.50  -2.79328  -2.90687  -2.54882
  19000.  4.00  -2.80696  -2.92154  -2.56327
  19000.  4.50  -2.81579  -2.93134  -2.57215
  19000.  5.00  -2.82087  -2.93741  -2.57686
  20000.  3.00  -2.90025  -3.00472  -2.66180
  20000.  3.50  -2.92288  -3.02814  -2.68724
  20000.  4.00  -2.93916  -3.04559  -2.70415
  20000.  4.50  -2.94980  -3.05735  -2.71474
  20000.  5.00  -2.95615  -3.06473  -2.72067
  21000.  3.00  -3.01785  -3.11454  -2.78721
  21000.  3.50  -3.04461  -3.14206  -2.81726
  21000.  4.00  -3.06365  -3.16241  -2.83687
  21000.  4.50  -3.07616  -3.17616  -2.84918
  21000.  5.00  -3.08378  -3.18488  -2.85632
  22000.  3.00  -3.12780  -3.21731  -2.90414
  22000.  3.50  -3.15903  -3.24918  -2.93940
  22000.  4.00  -3.18108  -3.27259  -2.96213
  22000.  4.50  -3.19557  -3.28840  -2.97633
  22000.  5.00  -3.20449  -3.29850  -2.98464
  23000.  3.00  -3.23065  -3.31342  -3.01350
  23000.  3.50  -3.26650  -3.34985  -3.05399
  23000.  4.00  -3.29176  -3.37642  -3.08021
  23000.  4.50  -3.30844  -3.39447  -3.09661
  23000.  5.00  -3.31868  -3.40594  -3.10617
  24000.  3.00  -3.32592  -3.40207  -3.11529
  24000.  3.50  -3.36766  -3.44458  -3.16184
  24000.  4.00  -3.39607  -3.47430  -3.19148
  24000.  4.50  -3.41503  -3.49461  -3.21028
  24000.  5.00  -3.42676  -3.50758  -3.22133
  25000.  3.00  -3.41108  -3.48077  -3.20674
  25000.  3.50  -3.46279  -3.53351  -3.26354
  25000.  4.00  -3.49451  -3.56664  -3.29648
  25000.  4.50  -3.51562  -3.58908  -3.31761
  25000.  5.00  -3.52891  -3.60359  -3.33029
  26000.  3.00  -3.48351  -3.54799  -3.28297
  26000.  3.50  -3.55125  -3.61583  -3.35870
  26000.  4.00  -3.58723  -3.65350  -3.39558
  26000.  4.50  -3.61044  -3.67807  -3.41882
  26000.  5.00  -3.62524  -3.69407  -3.43313
  27000.  3.50  -3.63153  -3.69004  -3.44560
  27000.  4.00  -3.67411  -3.73463  -3.48884
  27000.  4.50  -3.69969  -3.76172  -3.51427
  27000.  5.00  -3.71589  -3.77911  -3.53000
  28000.  3.50  -3.70255  -3.75554  -3.52222
  28000.  4.00  -3.75440  -3.80925  -3.57553
  28000.  4.50  -3.78338  -3.83995  -3.60407
  28000.  5.00  -3.80100  -3.85882  -3.62112
  29000.  3.50  -3.76688  -3.81544  -3.59024
  29000.  4.00  -3.82729  -3.87667  -3.65448
  29000.  4.50  -3.86107  -3.91230  -3.68779
  29000.  5.00  -3.88056  -3.93316  -3.70651
  30000.  3.50  -3.83006  -3.87551  -3.65514
  30000.  4.00  -3.89339  -3.93785  -3.72568
  30000.  4.50  -3.93236  -3.97845  -3.76482
  30000.  5.00  -3.95446  -4.00200  -3.78607
  31000.  3.50  -3.89632  -3.93986  -3.72152
  31000.  4.00  -3.95560  -3.99593  -3.79173
  31000.  4.50  -3.99797  -4.03931  -3.83553
  31000.  5.00  -4.02293  -4.06566  -3.85986
  32000.  4.00  -4.01617  -4.05320  -3.85493
  32000.  4.50  -4.05990  -4.09711  -3.90158
  32000.  5.00  -4.08689  -4.12520  -3.92852
  33000.  4.00  -4.07960  -4.11427  -3.91975
  33000.  4.50  -4.11917  -4.15282  -3.96413
  33000.  5.00  -4.14779  -4.18220  -3.99334
  34000.  4.00  -4.14681  -4.18000  -3.98716
  34000.  4.50  -4.18013  -4.21101  -4.02731
  34000.  5.00  -4.20681  -4.23782  -4.05559
  35000.  4.00  -4.21789  -4.25031  -4.05758
  35000.  4.50  -4.24368  -4.27258  -4.09198
  35000.  5.00  -4.26752  -4.29583  -4.11858
  36000.  4.00  -4.29316  -4.32508  -4.13204
  36000.  4.50  -4.30999  -4.33764  -4.15844
  36000.  5.00  -4.32999  -4.35628  -4.18240
  37000.  4.00  -4.37195  -4.40334  -4.21046
  37000.  4.50  -4.37975  -4.40665  -4.22777
  37000.  5.00  -4.39474  -4.41964  -4.24763
  38000.  4.00  -4.45266  -4.48331  -4.29140
  38000.  4.50  -4.45301  -4.47933  -4.30056
  38000.  5.00  -4.46233  -4.48632  -4.31511
  39000.  4.00  -4.53364  -4.56342  -4.37307
  39000.  4.50  -4.52900  -4.55468  -4.37644
  39000.  5.00  -4.53293  -4.55628  -4.38538
  40000.  4.50  -4.60642  -4.63136  -4.45420
  40000.  5.00  -4.60614  -4.62888  -4.45844
  41000.  4.50  -4.68404  -4.70811  -4.53250
  41000.  5.00  -4.68101  -4.70306  -4.53345
  42000.  4.50  -4.76094  -4.78409  -4.61029
  42000.  5.00  -4.75655  -4.77786  -4.60943
  43000.  4.50  -4.83659  -4.85880  -4.68695
  43000.  5.00  -4.83191  -4.85241  -4.68546
  44000.  4.50  -4.91073  -4.93201  -4.76213
  44000.  5.00  -4.90648  -4.92612  -4.76088
  45000.  4.50  -4.98325  -5.00362  -4.83570
  45000.  5.00  -4.97986  -4.99864  -4.83519
  46000.  4.50  -5.05418  -5.07368  -4.90765
  46000.  5.00  -5.05187  -5.06978  -4.90819
  47000.  4.50  -5.12356  -5.14222  -4.97803
  47000.  5.00  -5.12238  -5.13944  -4.97969
  48000.  4.50  -5.19147  -5.20932  -5.04689
  48000.  5.00  -5.19138  -5.20761  -5.04967
  49000.  4.50  -5.25797  -5.27505  -5.11434
  49000.  5.00  -5.25890  -5.27433  -5.11816
  50000.  5.00  -5.32500  -5.33967  -5.18522
