   3500.  0.00  -1.58014  -2.99668  -0.47455
   3500.  0.50  -1.48436  -2.79742  -0.40856
   3500.  1.00  -1.39461  -2.62576  -0.34459
   3500.  1.50  -1.31545  -2.48795  -0.28519
   3500.  2.00  -1.25930  -2.40779  -0.23755
   3500.  2.50  -1.22321  -2.36694  -0.20341
   3500.  3.00  -1.20232  -2.34341  -0.18366
   3500.  3.50  -1.19172  -2.33614  -0.17205
   3500.  4.00  -1.18592  -2.34151  -0.16262
   3500.  4.50  -1.17899  -2.35292  -0.14973
   3500.  5.00  -1.16420  -2.36514  -0.12624
   3750.  0.00  -1.42387  -2.68454  -0.36684
   3750.  0.50  -1.38379  -2.56042  -0.35494
   3750.  1.00  -1.33974  -2.45011  -0.33481
   3750.  1.50  -1.28965  -2.34957  -0.30399
   3750.  2.00  -1.23829  -2.26516  -0.26567
   3750.  2.50  -1.19323  -2.21320  -0.22316
   3750.  3.00  -1.15693  -2.17951  -0.18562
   3750.  3.50  -1.13764  -2.16370  -0.16489
   3750.  4.00  -1.12261  -2.15355  -0.14801
   3750.  4.50  -1.11214  -2.15301  -0.13387
   3750.  5.00  -1.10078  -2.15691  -0.11699
   4000.  0.00  -1.23021  -2.34344  -0.22643
   4000.  0.50  -1.20815  -2.24794  -0.23314
   4000.  1.00  -1.19289  -2.17606  -0.24137
   4000.  1.50  -1.18066  -2.12351  -0.24652
   4000.  2.00  -1.16738  -2.08359  -0.24496
   4000.  2.50  -1.14565  -2.04891  -0.22899
   4000.  3.00  -1.11541  -2.02307  -0.19642
   4000.  3.50  -1.08237  -1.99788  -0.15960
   4000.  4.00  -1.05855  -1.98047  -0.13276
   4000.  4.50  -1.04448  -1.97364  -0.11548
   4000.  5.00  -1.03420  -1.97330  -0.10102
   4250.  0.00  -1.07613  -2.05809  -0.12690
   4250.  0.50  -1.06297  -1.98660  -0.14003
   4250.  1.00  -1.05500  -1.93122  -0.15437
   4250.  1.50  -1.05019  -1.89129  -0.16655
   4250.  2.00  -1.04699  -1.86417  -0.17506
   4250.  2.50  -1.04224  -1.84552  -0.17710
   4250.  3.00  -1.03315  -1.83230  -0.16990
   4250.  3.50  -1.01630  -1.82366  -0.14855
   4250.  4.00  -0.99743  -1.81605  -0.12374
   4250.  4.50  -0.98166  -1.80985  -0.10308
   4250.  5.00  -0.97010  -1.80664  -0.08739
   4500.  0.00  -0.95898  -1.81442  -0.07022
   4500.  0.50  -0.95480  -1.77129  -0.08589
   4500.  1.00  -0.95302  -1.73606  -0.10160
   4500.  1.50  -0.95287  -1.70969  -0.11538
   4500.  2.00  -0.95310  -1.69108  -0.12566
   4500.  2.50  -0.95228  -1.67867  -0.13105
   4500.  3.00  -0.94865  -1.67014  -0.13001
   4500.  3.50  -0.94149  -1.66436  -0.12194
   4500.  4.00  -0.92998  -1.66071  -0.10590
   4500.  4.50  -0.91737  -1.65804  -0.08768
   4500.  5.00  -0.90612  -1.65579  -0.07149
   4750.  0.00  -0.87416  -1.61350  -0.04922
   4750.  0.50  -0.87790  -1.59215  -0.06694
   4750.  1.00  -0.88298  -1.57646  -0.08362
   4750.  1.50  -0.88753  -1.56441  -0.09740
   4750.  2.00  -0.89130  -1.55599  -0.10796
   4750.  2.50  -0.89272  -1.54987  -0.11360
   4750.  3.00  -0.89104  -1.54517  -0.11365
   4750.  3.50  -0.88637  -1.54136  -0.10849
   4750.  4.00  -0.87904  -1.53854  -0.09844
   4750.  4.50  -0.86981  -1.53667  -0.08480
   4750.  5.00  -0.85997  -1.53489  -0.07025
   5000.  0.00  -0.81533  -1.45840  -0.05080
   5000.  0.50  -0.82478  -1.45142  -0.06982
   5000.  1.00  -0.83423  -1.44749  -0.08677
   5000.  1.50  -0.84331  -1.44643  -0.10123
   5000.  2.00  -0.85099  -1.44715  -0.11234
   5000.  2.50  -0.85572  -1.44788  -0.11889
   5000.  3.00  -0.85638  -1.44748  -0.11988
   5000.  3.50  -0.85280  -1.44579  -0.11510
   5000.  4.00  -0.84613  -1.44357  -0.10571
   5000.  4.50  -0.83792  -1.44147  -0.09372
   5000.  5.00  -0.82925  -1.43959  -0.08087
   5250.  0.00  -0.77500  -1.33918  -0.06631
   5250.  0.50  -0.78791  -1.34222  -0.08479
   5250.  1.00  -0.80079  -1.34716  -0.10165
   5250.  1.50  -0.81352  -1.35411  -0.11669
   5250.  2.00  -0.82536  -1.36214  -0.12949
   5250.  2.50  -0.83468  -1.36949  -0.13871
   5250.  3.00  -0.83957  -1.37429  -0.14264
   5250.  3.50  -0.83870  -1.37577  -0.13970
   5250.  4.00  -0.83323  -1.37458  -0.13131
   5250.  4.50  -0.82489  -1.37225  -0.11906
   5250.  5.00  -0.81563  -1.36954  -0.10559
   5500.  0.00  -0.74753  -1.24516  -0.09134
   5500.  0.50  -0.76213  -1.25532  -0.10770
   5500.  1.00  -0.77696  -1.26659  -0.12326
   5500.  1.50  -0.79213  -1.27945  -0.13800
   5500.  2.00  -0.80706  -1.29319  -0.15160
   5500.  2.50  -0.82050  -1.30645  -0.16305
   5500.  3.00  -0.83059  -1.31713  -0.17089
   5500.  3.50  -0.83501  -1.32331  -0.17277
   5500.  4.00  -0.83303  -1.32473  -0.16774
   5500.  4.50  -0.82598  -1.32299  -0.15676
   5500.  5.00  -0.81665  -1.31990  -0.14310
   5750.  0.00  -0.72934  -1.16910  -0.12356
   5750.  0.50  -0.74409  -1.18394  -0.13643
   5750.  1.00  -0.75969  -1.19965  -0.14972
   5750.  1.50  -0.77628  -1.21691  -0.16328
   5750.  2.00  -0.79348  -1.23528  -0.17688
   5750.  2.50  -0.81023  -1.25351  -0.18978
   5750.  3.00  -0.82476  -1.26971  -0.20050
   5750.  3.50  -0.83457  -1.28148  -0.20667
   5750.  4.00  -0.83817  -1.28759  -0.20691
   5750.  4.50  -0.83476  -1.28815  -0.19973
   5750.  5.00  -0.82676  -1.28555  -0.18743
   6000.  0.00  -0.71855  -1.10648  -0.16224
   6000.  0.50  -0.73183  -1.12385  -0.17002
   6000.  1.00  -0.74710  -1.14243  -0.18005
   6000.  1.50  -0.76417  -1.16278  -0.19156
   6000.  2.00  -0.78275  -1.18468  -0.20430
   6000.  2.50  -0.80187  -1.20704  -0.21754
   6000.  3.00  -0.81991  -1.22812  -0.22994
   6000.  3.50  -0.83492  -1.24571  -0.23994
   6000.  4.00  -0.84433  -1.25754  -0.24502
   6000.  4.50  -0.84620  -1.26244  -0.24283
   6000.  5.00  -0.84163  -1.26207  -0.23406
   6250.  0.50  -0.72508  -1.07311  -0.20892
   6250.  1.00  -0.73870  -1.09301  -0.21431
   6250.  1.50  -0.75537  -1.11526  -0.22299
   6250.  2.00  -0.77448  -1.13966  -0.23405
   6250.  2.50  -0.79514  -1.16528  -0.24677
   6250.  3.00  -0.81593  -1.19052  -0.25999
   6250.  3.50  -0.83490  -1.21319  -0.27221
   6250.  4.00  -0.84941  -1.23077  -0.28085
   6250.  4.50  -0.85770  -1.24172  -0.28428
   6250.  5.00  -0.85826  -1.24546  -0.28044
   6500.  0.50  -0.72487  -1.03122  -0.25508
   6500.  1.00  -0.73497  -1.05067  -0.25356
   6500.  1.50  -0.74997  -1.07360  -0.25797
   6500.  2.00  -0.76873  -1.09949  -0.26651
   6500.  2.50  -0.79012  -1.12743  -0.27792
   6500.  3.00  -0.81273  -1.15594  -0.29098
   6500.  3.50  -0.83475  -1.18293  -0.30433
   6500.  4.00  -0.85394  -1.20615  -0.31588
   6500.  4.50  -0.86782  -1.22314  -0.32344
   6500.  5.00  -0.87424  -1.23240  -0.32459
   6750.  0.50  -0.72775  -0.99805  -0.30119
   6750.  1.00  -0.73711  -1.01575  -0.29953
   6750.  1.50  -0.74884  -1.03791  -0.29765
   6750.  2.00  -0.76599  -1.06414  -0.30221
   6750.  2.50  -0.78709  -1.09332  -0.31134
   6750.  3.00  -0.81058  -1.12413  -0.32332
   6750.  3.50  -0.83481  -1.15466  -0.33690
   6750.  4.00  -0.85755  -1.18259  -0.35007
   6750.  4.50  -0.87619  -1.20525  -0.36056
   6750.  5.00  -0.88871  -1.22084  -0.36645
   7000.  0.50  -0.73418  -0.97503  -0.34522
   7000.  1.00  -0.74260  -0.98938  -0.34525
   7000.  1.50  -0.75337  -1.00909  -0.34364
   7000.  2.00  -0.76724  -1.03413  -0.34227
   7000.  2.50  -0.78674  -1.06340  -0.34762
   7000.  3.00  -0.81009  -1.09541  -0.35757
   7000.  3.50  -0.83552  -1.12843  -0.37043
   7000.  4.00  -0.86082  -1.16016  -0.38419
   7000.  4.50  -0.88348  -1.18796  -0.39670
   7000.  5.00  -0.90138  -1.20963  -0.40623
   7250.  0.50  -0.74614  -0.96420  -0.38755
   7250.  1.00  -0.75237  -0.97297  -0.38990
   7250.  1.50  -0.76171  -0.98877  -0.38977
   7250.  2.00  -0.77418  -1.01083  -0.38842
   7250.  2.50  -0.79034  -1.03851  -0.38815
   7250.  3.00  -0.81216  -1.07042  -0.39460
   7250.  3.50  -0.83749  -1.10464  -0.40550
   7250.  4.00  -0.86432  -1.13916  -0.41885
   7250.  4.50  -0.89006  -1.17123  -0.43241
   7250.  5.00  -0.91242  -1.19835  -0.44446
   7500.  0.50  -0.76646  -0.97227  -0.42422
   7500.  1.00  -0.76883  -0.96857  -0.43509
   7500.  1.50  -0.77537  -0.97920  -0.43546
   7500.  2.00  -0.78609  -0.99689  -0.43555
   7500.  2.50  -0.80016  -1.02083  -0.43486
   7500.  3.00  -0.81812  -1.05035  -0.43559
   7500.  3.50  -0.84192  -1.08439  -0.44305
   7500.  4.00  -0.86894  -1.12029  -0.45480
   7500.  4.50  -0.89658  -1.15544  -0.46834
   7500.  5.00  -0.92242  -1.18717  -0.48186
   7750.  1.00  -0.79375  -0.97867  -0.48043
   7750.  1.50  -0.79656  -0.98163  -0.48311
   7750.  2.00  -0.80415  -0.99417  -0.48303
   7750.  2.50  -0.81609  -1.01340  -0.48351
   7750.  3.00  -0.83112  -1.03846  -0.48300
   7750.  3.50  -0.85039  -1.06910  -0.48455
   7750.  4.00  -0.87572  -1.10453  -0.49286
   7750.  4.50  -0.90389  -1.14136  -0.50521
   7750.  5.00  -0.93207  -1.17660  -0.51907
   8000.  1.00  -0.82927  -1.00660  -0.52516
   8000.  1.50  -0.82574  -0.99625  -0.53281
   8000.  2.00  -0.82990  -1.00279  -0.53344
   8000.  2.50  -0.83886  -1.01732  -0.53350
   8000.  3.00  -0.85170  -1.03771  -0.53405
   8000.  3.50  -0.86677  -1.06294  -0.53292
   8000.  4.00  -0.88683  -1.09399  -0.53498
   8000.  4.50  -0.91333  -1.13025  -0.54407
   8000.  5.00  -0.94230  -1.16741  -0.55694
   8250.  1.00  -0.88029  -1.05692  -0.57350
   8250.  1.50  -0.86298  -1.02331  -0.58355
   8250.  2.00  -0.86313  -1.02260  -0.58574
   8250.  2.50  -0.86890  -1.03196  -0.58593
   8250.  3.00  -0.87875  -1.04774  -0.58603
   8250.  3.50  -0.89203  -1.06870  -0.58646
   8250.  4.00  -0.90630  -1.09307  -0.58413
   8250.  4.50  -0.92706  -1.12428  -0.58674
   8250.  5.00  -0.95440  -1.16082  -0.59657
   8500.  1.50  -0.90859  -1.06228  -0.63647
   8500.  2.00  -0.90309  -1.05209  -0.63992
   8500.  2.50  -0.90553  -1.05603  -0.64056
   8500.  3.00  -0.91248  -1.06730  -0.64057
   8500.  3.50  -0.92297  -1.08397  -0.64062
   8500.  4.00  -0.93598  -1.10485  -0.64005
   8500.  4.50  -0.94882  -1.12761  -0.63601
   8500.  5.00  -0.97057  -1.15911  -0.63970
   8750.  1.50  -0.96150  -1.11028  -0.69322
   8750.  2.00  -0.94915  -1.08989  -0.69627
   8750.  2.50  -0.94809  -1.08824  -0.69735
   8750.  3.00  -0.95218  -1.09511  -0.69735
   8750.  3.50  -0.95992  -1.10768  -0.69710
   8750.  4.00  -0.97058  -1.12477  -0.69659
   8750.  4.50  -0.98208  -1.14454  -0.69360
   8750.  5.00  -0.99405  -1.16587  -0.68876
   9000.  1.50  -1.01859  -1.16251  -0.75370
   9000.  2.00  -1.00009  -1.13413  -0.75476
   9000.  2.50  -0.99570  -1.12734  -0.75604
   9000.  3.00  -0.99704  -1.12997  -0.75615
   9000.  3.50  -1.00209  -1.13860  -0.75560
   9000.  4.00  -1.01017  -1.15195  -0.75468
   9000.  4.50  -1.02076  -1.16936  -0.75303
   9000.  5.00  -1.02869  -1.18568  -0.74585
   9250.  2.00  -1.05390  -1.18196  -0.81482
   9250.  2.50  -1.04692  -1.17132  -0.81618
   9250.  3.00  -1.04601  -1.17052  -0.81638
   9250.  3.50  -1.04865  -1.17562  -0.81552
   9250.  4.00  -1.05408  -1.18524  -0.81403
   9250.  4.50  -1.06229  -1.19916  -0.81213
   9250.  5.00  -1.07132  -1.21530  -0.80810
   9500.  2.00  -1.10890  -1.23125  -0.87557
   9500.  2.50  -1.10027  -1.21828  -0.87696
   9500.  3.00  -1.09792  -1.21518  -0.87748
   9500.  3.50  -1.09874  -1.21752  -0.87664
   9500.  4.00  -1.10182  -1.22379  -0.87473
   9500.  4.50  -1.10745  -1.23411  -0.87231
   9500.  5.00  -1.11530  -1.24810  -0.86897
   9750.  2.00  -1.16409  -1.28077  -0.93640
   9750.  2.50  -1.15455  -1.26664  -0.93791
   9750.  3.00  -1.15141  -1.26218  -0.93892
   9750.  3.50  -1.15110  -1.26266  -0.93845
   9750.  4.00  -1.15249  -1.26644  -0.93645
   9750.  4.50  -1.15580  -1.27356  -0.93341
   9750.  5.00  -1.16141  -1.28439  -0.92970
  10000.  2.00  -1.21897  -1.33004  -0.99686
  10000.  2.50  -1.20907  -1.31551  -0.99863
  10000.  3.00  -1.20559  -1.31039  -1.00021
  10000.  3.50  -1.20469  -1.30976  -1.00030
  10000.  4.00  -1.20506  -1.31188  -0.99852
  10000.  4.50  -1.20668  -1.31662  -0.99514
  10000.  5.00  -1.21000  -1.32434  -0.99074
  10250.  2.00  -1.27328  -1.37879  -1.05669
  10250.  2.50  -1.26337  -1.36435  -1.05883
  10250.  3.00  -1.25994  -1.35913  -1.06104
  10250.  3.50  -1.25883  -1.35795  -1.06171
  10250.  4.00  -1.25864  -1.35906  -1.06035
  10250.  4.50  -1.25924  -1.36218  -1.05709
  10250.  5.00  -1.26060  -1.36722  -1.05216
  10500.  2.00  -1.32696  -1.42700  -1.11579
  10500.  2.50  -1.31717  -1.41283  -1.11834
  10500.  3.00  -1.31401  -1.40784  -1.12118
  10500.  3.50  -1.31298  -1.40656  -1.12248
  10500.  4.00  -1.31258  -1.40709  -1.12167
  10500.  4.50  -1.31258  -1.40915  -1.11878
  10500.  5.00  -1.31266  -1.41232  -1.11374
  10750.  2.00  -1.38003  -1.47471  -1.17416
  10750.  2.50  -1.37044  -1.46091  -1.17712
  10750.  3.00  -1.36766  -1.45636  -1.18056
  10750.  3.50  -1.36689  -1.45522  -1.18249
  10750.  4.00  -1.36651  -1.45553  -1.18228
  10750.  4.50  -1.36621  -1.45689  -1.17990
  10750.  5.00  -1.36550  -1.45880  -1.17505
  11000.  2.00  -1.43245  -1.52189  -1.23178
  11000.  2.50  -1.42308  -1.50848  -1.23514
  11000.  3.00  -1.42072  -1.50443  -1.23915
  11000.  3.50  -1.42032  -1.50361  -1.24168
  11000.  4.00  -1.42007  -1.50388  -1.24204
  11000.  4.50  -1.41973  -1.50494  -1.24024
  11000.  5.00  -1.41866  -1.50611  -1.23579
  11250.  2.00  -1.48430  -1.56861  -1.28869
  11250.  2.50  -1.47509  -1.55555  -1.29238
  11250.  3.00  -1.47320  -1.55206  -1.29693
  11250.  3.50  -1.47319  -1.55165  -1.30001
  11250.  4.00  -1.47318  -1.55205  -1.30091
  11250.  4.50  -1.47295  -1.55302  -1.29967
  11250.  5.00  -1.47174  -1.55373  -1.29574
  11500.  2.00  -1.53551  -1.61483  -1.34486
  11500.  2.50  -1.52645  -1.60209  -1.34885
  11500.  3.00  -1.52501  -1.59915  -1.35390
  11500.  3.50  -1.52542  -1.59919  -1.35749
  11500.  4.00  -1.52570  -1.59983  -1.35886
  11500.  4.50  -1.52569  -1.60089  -1.35816
  11500.  5.00  -1.52448  -1.60135  -1.35474
  11750.  2.00  -1.58609  -1.66053  -1.40030
  11750.  2.50  -1.57718  -1.64811  -1.40457
  11750.  3.00  -1.57616  -1.64571  -1.41008
  11750.  3.50  -1.57701  -1.64624  -1.41413
  11750.  4.00  -1.57759  -1.64715  -1.41594
  11750.  4.50  -1.57782  -1.64837  -1.41568
  11750.  5.00  -1.57669  -1.64870  -1.41280
  12000.  2.50  -1.62725  -1.69360  -1.45952
  12000.  3.00  -1.62667  -1.69176  -1.46546
  12000.  3.50  -1.62795  -1.69279  -1.46996
  12000.  4.00  -1.62882  -1.69397  -1.47216
  12000.  4.50  -1.62931  -1.69540  -1.47229
  12000.  5.00  -1.62830  -1.69567  -1.46989
  12250.  2.50  -1.67664  -1.73851  -1.51371
  12250.  3.00  -1.67651  -1.73724  -1.52008
  12250.  3.50  -1.67821  -1.73878  -1.52496
  12250.  4.00  -1.67938  -1.74027  -1.52750
  12250.  4.50  -1.68012  -1.74191  -1.52797
  12250.  5.00  -1.67926  -1.74221  -1.52599
  12500.  2.50  -1.72536  -1.78285  -1.56712
  12500.  3.00  -1.72565  -1.78214  -1.57389
  12500.  3.50  -1.72777  -1.78416  -1.57915
  12500.  4.00  -1.72924  -1.78597  -1.58199
  12500.  4.50  -1.73021  -1.78782  -1.58278
  12500.  5.00  -1.72953  -1.78821  -1.58114
  12750.  2.50  -1.77338  -1.82661  -1.61974
  12750.  3.00  -1.77413  -1.82647  -1.62695
  12750.  3.50  -1.77662  -1.82895  -1.63251
  12750.  4.00  -1.77839  -1.83110  -1.63564
  12750.  4.50  -1.77961  -1.83318  -1.63670
  12750.  5.00  -1.77910  -1.83368  -1.63538
  13000.  2.50  -1.82066  -1.86971  -1.67153
  13000.  3.00  -1.82192  -1.87021  -1.67922
  13000.  3.50  -1.82478  -1.87314  -1.68511
  13000.  4.00  -1.82685  -1.87563  -1.68851
  13000.  4.50  -1.82830  -1.87794  -1.68980
  13000.  5.00  -1.82796  -1.87856  -1.68871
  14000.  2.00  -2.01014  -2.04574  -1.86206
  14000.  2.50  -2.00242  -2.03567  -1.87040
  14000.  3.00  -2.00600  -2.03898  -1.88039
  14000.  3.50  -2.01058  -2.04395  -1.88771
  14000.  4.00  -2.01380  -2.04776  -1.89206
  14000.  4.50  -2.01596  -2.05079  -1.89404
  14000.  5.00  -2.01629  -2.05204  -1.89371
  15000.  2.50  -2.17248  -2.19122  -2.05594
  15000.  3.00  -2.17861  -2.19751  -2.06877
  15000.  3.50  -2.18533  -2.20497  -2.07802
  15000.  4.00  -2.18997  -2.21040  -2.08351
  15000.  4.50  -2.19292  -2.21428  -2.08617
  15000.  5.00  -2.19382  -2.21611  -2.08630
  16000.  2.50  -2.33145  -2.33679  -2.22876
  16000.  3.00  -2.34018  -2.34607  -2.24482
  16000.  3.50  -2.34930  -2.35622  -2.25642
  16000.  4.00  -2.35562  -2.36356  -2.26338
  16000.  4.50  -2.35959  -2.36857  -2.26688
  16000.  5.00  -2.36115  -2.37108  -2.26752
  17000.  2.50  -2.48045  -2.47334  -2.39000
  17000.  3.00  -2.49137  -2.48515  -2.40921
  17000.  3.50  -2.50302  -2.49816  -2.42348
  17000.  4.00  -2.51127  -2.50762  -2.43223
  17000.  4.50  -2.51645  -2.51393  -2.43681
  17000.  5.00  -2.51885  -2.51736  -2.43811
  18000.  2.50  -2.62051  -2.60184  -2.54096
  18000.  3.00  -2.63318  -2.61567  -2.56299
  18000.  3.50  -2.64726  -2.63139  -2.57993
  18000.  4.00  -2.65752  -2.64307  -2.59070
  18000.  4.50  -2.66406  -2.65086  -2.59659
  18000.  5.00  -2.66744  -2.65531  -2.59876
  19000.  2.50  -2.75240  -2.72301  -2.68261
  19000.  3.00  -2.76655  -2.73851  -2.70736
  19000.  3.50  -2.78286  -2.75669  -2.72673
  19000.  4.00  -2.79506  -2.77051  -2.73951
  19000.  4.50  -2.80308  -2.77989  -2.74690
  19000.  5.00  -2.80752  -2.78547  -2.75006
  20000.  3.00  -2.89240  -2.85452  -2.84344
  20000.  3.50  -2.91081  -2.87500  -2.86510
  20000.  4.00  -2.92479  -2.89076  -2.87966
  20000.  4.50  -2.93419  -2.90163  -2.88847
  20000.  5.00  -2.93967  -2.90831  -2.89271
  21000.  3.00  -3.01089  -2.96381  -2.97158
  21000.  3.50  -3.03183  -2.98700  -2.99592
  21000.  4.00  -3.04749  -3.00457  -3.01213
  21000.  4.50  -3.05815  -3.01678  -3.02218
  21000.  5.00  -3.06456  -3.02443  -3.02740
  22000.  3.00  -3.12204  -3.06623  -3.09180
  22000.  3.50  -3.14631  -3.09299  -3.11971
  22000.  4.00  -3.16384  -3.11256  -3.13775
  22000.  4.50  -3.17566  -3.12599  -3.14892
  22000.  5.00  -3.18290  -3.13450  -3.15494
  23000.  3.00  -3.22542  -3.16129  -3.20387
  23000.  3.50  -3.25430  -3.19297  -3.23660
  23000.  4.00  -3.27413  -3.21497  -3.25691
  23000.  4.50  -3.28731  -3.22982  -3.26938
  23000.  5.00  -3.29527  -3.23907  -3.27610
  24000.  3.00  -3.31981  -3.24752  -3.30669
  24000.  3.50  -3.35578  -3.28679  -3.34662
  24000.  4.00  -3.37846  -3.31183  -3.36976
  24000.  4.50  -3.39318  -3.32829  -3.38371
  24000.  5.00  -3.40202  -3.33844  -3.39131
  25000.  3.00  -3.40226  -3.32194  -3.39707
  25000.  3.50  -3.45032  -3.37394  -3.44947
  25000.  4.00  -3.47677  -3.40299  -3.47627
  25000.  4.50  -3.49345  -3.42151  -3.49214
  25000.  5.00  -3.50323  -3.43262  -3.50067
  26000.  3.00  -3.46902  -3.38148  -3.46877
  26000.  3.50  -3.53711  -3.45347  -3.54448
  26000.  4.00  -3.56892  -3.48825  -3.57639
  26000.  4.50  -3.58794  -3.50925  -3.59452
  26000.  5.00  -3.59901  -3.52170  -3.60430
  27000.  3.50  -3.61456  -3.52381  -3.62978
  27000.  4.00  -3.65438  -3.56701  -3.66965
  27000.  4.50  -3.67649  -3.59128  -3.69072
  27000.  5.00  -3.68913  -3.60534  -3.70203
  28000.  3.50  -3.68165  -3.58419  -3.70348
  28000.  4.00  -3.73243  -3.63848  -3.75528
  28000.  4.50  -3.75877  -3.66721  -3.78045
  28000.  5.00  -3.77329  -3.68325  -3.79358
  29000.  3.50  -3.74073  -3.63757  -3.76682
  29000.  4.00  -3.80242  -3.70213  -3.83234
  29000.  4.50  -3.83436  -3.73661  -3.86325
  29000.  5.00  -3.85146  -3.75536  -3.87886
  30000.  3.50  -3.79840  -3.69084  -3.82642
  30000.  4.00  -3.86500  -3.75883  -3.90087
  30000.  4.50  -3.90302  -3.79931  -3.93867
  30000.  5.00  -3.92332  -3.82135  -3.95753
  31000.  3.50  -3.85956  -3.74897  -3.88764
  31000.  4.00  -3.92309  -3.81179  -3.96347
  31000.  4.50  -3.96552  -3.85622  -4.00719
  31000.  5.00  -3.98926  -3.88169  -4.02978
  32000.  4.00  -3.97918  -3.86357  -4.02271
  32000.  4.50  -4.02393  -3.90963  -4.07050
  32000.  5.00  -4.05045  -3.93768  -4.09657
  33000.  4.00  -4.03893  -3.92010  -4.08410
  33000.  4.50  -4.07966  -3.96095  -4.13015
  33000.  5.00  -4.10801  -3.99052  -4.15887
  34000.  4.00  -4.10357  -3.98259  -4.14890
  34000.  4.50  -4.13719  -4.01494  -4.19038
  34000.  5.00  -4.16419  -4.04257  -4.21894
  35000.  4.00  -4.17297  -4.05071  -4.21731
  35000.  4.50  -4.19834  -4.07349  -4.25285
  35000.  5.00  -4.22214  -4.09714  -4.27969
  36000.  4.00  -4.24736  -4.12427  -4.29044
  36000.  4.50  -4.26301  -4.13641  -4.31755
  36000.  5.00  -4.28262  -4.15504  -4.34177
  37000.  4.00  -4.32602  -4.20216  -4.36837
  37000.  4.50  -4.33189  -4.20415  -4.38570
  37000.  5.00  -4.34607  -4.21665  -4.40572
  38000.  4.00  -4.40725  -4.28252  -4.44968
  38000.  4.50  -4.40490  -4.27632  -4.45794
  38000.  5.00  -4.41298  -4.28230  -4.47239
  39000.  4.00  -4.48930  -4.36356  -4.53242
  39000.  4.50  -4.48117  -4.35175  -4.53389
  39000.  5.00  -4.48341  -4.35179  -4.54233
  40000.  4.50  -4.55931  -4.42903  -4.61226
  40000.  5.00  -4.55685  -4.42440  -4.61546
  41000.  4.50  -4.63800  -4.50676  -4.69163
  41000.  5.00  -4.63227  -4.49897  -4.69095
  42000.  4.50  -4.71626  -4.58400  -4.77089
  42000.  5.00  -4.70863  -4.57449  -4.76775
  43000.  4.50  -4.79346  -4.66017  -4.84929
  43000.  5.00  -4.78507  -4.65002  -4.84491
  44000.  4.50  -4.86927  -4.73493  -4.92638
  44000.  5.00  -4.86092  -4.72494  -4.92172
  45000.  4.50  -4.94347  -4.80811  -5.00189
  45000.  5.00  -4.93574  -4.79882  -4.99763
  46000.  4.50  -5.01603  -4.87967  -5.07576
  46000.  5.00  -5.00926  -4.87139  -5.07235
  47000.  4.50  -5.08694  -4.94961  -5.14796
  47000.  5.00  -5.08134  -4.94252  -5.14562
  48000.  4.50  -5.15625  -5.01799  -5.21851
  48000.  5.00  -5.15186  -5.01213  -5.21736
  49000.  4.50  -5.22401  -5.08484  -5.28747
  49000.  5.00  -5.22086  -5.08023  -5.28756
  50000.  5.00  -5.28833  -5.14684  -5.35622
