   3500.  0.00  -0.83442  -1.97229   0.18118
   3500.  0.50  -0.78180  -1.87038   0.21638
   3500.  1.00  -0.72754  -1.77845   0.25698
   3500.  1.50  -0.67072  -1.69206   0.30285
   3500.  2.00  -0.61211  -1.60950   0.35233
   3500.  2.50  -0.55271  -1.53521   0.40572
   3500.  3.00  -0.49133  -1.46944   0.46432
   3500.  3.50  -0.44135  -1.41357   0.50975
   3500.  4.00  -0.41845  -1.39194   0.53151
   3500.  4.50  -0.41017  -1.39482   0.54340
   3500.  5.00  -0.41350  -1.42197   0.54936
   3750.  0.00  -0.60439  -1.56190   0.32946
   3750.  0.50  -0.58406  -1.50153   0.33191
   3750.  1.00  -0.56249  -1.45173   0.34081
   3750.  1.50  -0.53542  -1.40439   0.35898
   3750.  2.00  -0.50254  -1.35587   0.38522
   3750.  2.50  -0.46549  -1.30830   0.41796
   3750.  3.00  -0.42528  -1.26802   0.45877
   3750.  3.50  -0.38126  -1.23289   0.50716
   3750.  4.00  -0.34438  -1.20026   0.54544
   3750.  4.50  -0.32541  -1.18797   0.56707
   3750.  5.00  -0.31754  -1.19313   0.58078
   4000.  0.00  -0.40031  -1.22546   0.46463
   4000.  0.50  -0.38955  -1.17591   0.45494
   4000.  1.00  -0.38339  -1.14392   0.44742
   4000.  1.50  -0.37941  -1.12387   0.44312
   4000.  2.00  -0.37428  -1.10957   0.44382
   4000.  2.50  -0.36435  -1.09497   0.45176
   4000.  3.00  -0.34576  -1.07562   0.47050
   4000.  3.50  -0.31812  -1.05634   0.50353
   4000.  4.00  -0.28588  -1.03790   0.54403
   4000.  4.50  -0.25604  -1.01728   0.57919
   4000.  5.00  -0.23858  -1.00906   0.60170
   4250.  0.00  -0.24305  -0.97062   0.56439
   4250.  0.50  -0.23513  -0.92458   0.54951
   4250.  1.00  -0.23189  -0.89499   0.53695
   4250.  1.50  -0.23146  -0.87743   0.52738
   4250.  2.00  -0.23216  -0.86797   0.52109
   4250.  2.50  -0.23266  -0.86354   0.51827
   4250.  3.00  -0.23143  -0.86145   0.51958
   4250.  3.50  -0.22692  -0.86015   0.52654
   4250.  4.00  -0.21486  -0.85973   0.54646
   4250.  4.50  -0.19460  -0.85648   0.57792
   4250.  5.00  -0.17301  -0.84890   0.60854
   4500.  0.00  -0.12290  -0.77102   0.63318
   4500.  0.50  -0.11814  -0.73279   0.61583
   4500.  1.00  -0.11697  -0.70729   0.60094
   4500.  1.50  -0.11806  -0.69189   0.58917
   4500.  2.00  -0.12017  -0.68341   0.58052
   4500.  2.50  -0.12211  -0.67937   0.57520
   4500.  3.00  -0.12292  -0.67783   0.57335
   4500.  3.50  -0.12212  -0.67780   0.57513
   4500.  4.00  -0.11935  -0.67908   0.58098
   4500.  4.50  -0.11274  -0.68211   0.59454
   4500.  5.00  -0.10044  -0.68543   0.61805
   4750.  0.00  -0.03020  -0.60082   0.67108
   4750.  0.50  -0.02979  -0.57491   0.65329
   4750.  1.00  -0.03134  -0.55680   0.63782
   4750.  1.50  -0.03426  -0.54563   0.62515
   4750.  2.00  -0.03765  -0.53955   0.61547
   4750.  2.50  -0.04047  -0.53658   0.60902
   4750.  3.00  -0.04220  -0.53524   0.60551
   4750.  3.50  -0.04203  -0.53449   0.60556
   4750.  4.00  -0.04019  -0.53441   0.60882
   4750.  4.50  -0.03683  -0.53539   0.61543
   4750.  5.00  -0.03150  -0.53844   0.62701
   5000.  0.00   0.04169  -0.45031   0.68121
   5000.  0.50   0.03703  -0.43836   0.66420
   5000.  1.00   0.03196  -0.42989   0.64935
   5000.  1.50   0.02644  -0.42513   0.63675
   5000.  2.00   0.02113  -0.42333   0.62686
   5000.  2.50   0.01679  -0.42312   0.61979
   5000.  3.00   0.01410  -0.42342   0.61584
   5000.  3.50   0.01369  -0.42336   0.61538
   5000.  4.00   0.01549  -0.42277   0.61813
   5000.  4.50   0.01893  -0.42228   0.62373
   5000.  5.00   0.02387  -0.42233   0.63233
   5250.  0.00   0.09647  -0.32275   0.67189
   5250.  0.50   0.08767  -0.32177   0.65611
   5250.  1.00   0.07913  -0.32219   0.64227
   5250.  1.50   0.07076  -0.32437   0.63039
   5250.  2.00   0.06300  -0.32788   0.62075
   5250.  2.50   0.05643  -0.33175   0.61340
   5250.  3.00   0.05194  -0.33506   0.60909
   5250.  3.50   0.05022  -0.33692   0.60816
   5250.  4.00   0.05149  -0.33719   0.61093
   5250.  4.50   0.05510  -0.33645   0.61678
   5250.  5.00   0.06041  -0.33520   0.62508
   5500.  0.00   0.13730  -0.21840   0.65007
   5500.  0.50   0.12584  -0.22503   0.63614
   5500.  1.00   0.11466  -0.23204   0.62347
   5500.  1.50   0.10358  -0.24003   0.61213
   5500.  2.00   0.09299  -0.24870   0.60237
   5500.  2.50   0.08349  -0.25722   0.59438
   5500.  3.00   0.07626  -0.26445   0.58920
   5500.  3.50   0.07217  -0.26926   0.58720
   5500.  4.00   0.07185  -0.27150   0.58943
   5500.  4.50   0.07494  -0.27139   0.59538
   5500.  5.00   0.08035  -0.26995   0.60408
   5750.  0.00   0.16732  -0.13307   0.61935
   5750.  0.50   0.15473  -0.14500   0.60862
   5750.  1.00   0.14200  -0.15678   0.59789
   5750.  1.50   0.12885  -0.16933   0.58742
   5750.  2.00   0.11555  -0.18255   0.57747
   5750.  2.50   0.10286  -0.19559   0.56849
   5750.  3.00   0.09206  -0.20723   0.56159
   5750.  3.50   0.08432  -0.21610   0.55749
   5750.  4.00   0.08099  -0.22137   0.55784
   5750.  4.50   0.08225  -0.22293   0.56274
   5750.  5.00   0.08696  -0.22206   0.57135
   6000.  0.00   0.18836  -0.06277   0.58067
   6000.  0.50   0.17640  -0.07798   0.57512
   6000.  1.00   0.16322  -0.09312   0.56742
   6000.  1.50   0.14885  -0.10923   0.55873
   6000.  2.00   0.13356  -0.12624   0.54935
   6000.  2.50   0.11811  -0.14338   0.53986
   6000.  3.00   0.10359  -0.15955   0.53117
   6000.  3.50   0.09164  -0.17313   0.52464
   6000.  4.00   0.08397  -0.18258   0.52187
   6000.  4.50   0.08151  -0.18733   0.52387
   6000.  5.00   0.08417  -0.18801   0.53103
   6250.  0.50   0.19137  -0.02160   0.53511
   6250.  1.00   0.17911  -0.03880   0.53223
   6250.  1.50   0.16441  -0.05742   0.52620
   6250.  2.00   0.14797  -0.07731   0.51828
   6250.  2.50   0.13036  -0.09804   0.50903
   6250.  3.00   0.11274  -0.11840   0.49940
   6250.  3.50   0.09680  -0.13668   0.49086
   6250.  4.00   0.08430  -0.15108   0.48477
   6250.  4.50   0.07703  -0.16036   0.48323
   6250.  5.00   0.07577  -0.16412   0.48702
   6500.  0.50   0.19957   0.02542   0.48761
   6500.  1.00   0.18954   0.00753   0.49118
   6500.  1.50   0.17585  -0.01247   0.48962
   6500.  2.00   0.15904  -0.03451   0.48408
   6500.  2.50   0.14011  -0.05799   0.47596
   6500.  3.00   0.12020  -0.08183   0.46636
   6500.  3.50   0.10089  -0.10443   0.45660
   6500.  4.00   0.08387  -0.12393   0.44792
   6500.  4.50   0.07145  -0.13842   0.44280
   6500.  5.00   0.06510  -0.14672   0.44253
   6750.  0.50   0.20389   0.06250   0.44091
   6750.  1.00   0.19419   0.04633   0.44344
   6750.  1.50   0.18258   0.02597   0.44779
   6750.  2.00   0.16663   0.00274   0.44635
   6750.  2.50   0.14736  -0.02254   0.44041
   6750.  3.00   0.12608  -0.04904   0.43182
   6750.  3.50   0.10416  -0.07530   0.42171
   6750.  4.00   0.08344  -0.09938   0.41152
   6750.  4.50   0.06623  -0.11910   0.40350
   6750.  5.00   0.05437  -0.13287   0.39928
   7000.  0.50   0.20330   0.08871   0.39595
   7000.  1.00   0.19496   0.07568   0.39710
   7000.  1.50   0.18398   0.05775   0.39994
   7000.  2.00   0.17017   0.03466   0.40400
   7000.  2.50   0.15171   0.00833   0.40199
   7000.  3.00   0.12994  -0.01993   0.39526
   7000.  3.50   0.10641  -0.04889   0.38573
   7000.  4.00   0.08291  -0.07679   0.37509
   7000.  4.50   0.06156  -0.10144   0.36514
   7000.  5.00   0.04455  -0.12071   0.35767
   7250.  0.50   0.19620   0.10216   0.35359
   7250.  1.00   0.19043   0.09464   0.35185
   7250.  1.50   0.18126   0.08032   0.35358
   7250.  2.00   0.16833   0.06001   0.35605
   7250.  2.50   0.15212   0.03424   0.35918
   7250.  3.00   0.13114   0.00523   0.35595
   7250.  3.50   0.10707  -0.02548   0.34823
   7250.  4.00   0.08173  -0.05630   0.33801
   7250.  4.50   0.05716  -0.08511   0.32709
   7250.  5.00   0.03573  -0.10949   0.31738
   7500.  0.50   0.17830   0.09470   0.31889
   7500.  1.00   0.17879   0.10194   0.30658
   7500.  1.50   0.17259   0.09250   0.30750
   7500.  2.00   0.16174   0.07610   0.30894
   7500.  2.50   0.14697   0.05364   0.31089
   7500.  3.00   0.12854   0.02566   0.31277
   7500.  3.50   0.10524  -0.00569   0.30834
   7500.  4.00   0.07915  -0.03836   0.29959
   7500.  4.50   0.05251  -0.07026   0.28884
   7500.  5.00   0.02753  -0.09904   0.27779
   7750.  1.00   0.15737   0.09415   0.26154
   7750.  1.50   0.15598   0.09309   0.25964
   7750.  2.00   0.14861   0.08169   0.26132
   7750.  2.50   0.13632   0.06359   0.26243
   7750.  3.00   0.11994   0.03923   0.26406
   7750.  3.50   0.09958   0.00949   0.26469
   7750.  4.00   0.07426  -0.02367   0.25895
   7750.  4.50   0.04672  -0.05754   0.24949
   7750.  5.00   0.01925  -0.08979   0.23817
   8000.  1.00   0.12305   0.06697   0.21749
   8000.  1.50   0.13007   0.08054   0.20996
   8000.  2.00   0.12679   0.07548   0.21068
   8000.  2.50   0.11807   0.06229   0.21244
   8000.  3.00   0.10452   0.04268   0.21335
   8000.  3.50   0.08723   0.01719   0.21511
   8000.  4.00   0.06555  -0.01354   0.21484
   8000.  4.50   0.03878  -0.04779   0.20826
   8000.  5.00   0.01011  -0.08224   0.19782
   8250.  1.00   0.07223   0.01786   0.17032
   8250.  1.50   0.09492   0.05507   0.15891
   8250.  2.00   0.09634   0.05751   0.15768
   8250.  2.50   0.09109   0.04927   0.15940
   8250.  3.00   0.08115   0.03450   0.16118
   8250.  3.50   0.06677   0.01395   0.16206
   8250.  4.00   0.04944  -0.01168   0.16462
   8250.  4.50   0.02697  -0.04262   0.16364
   8250.  5.00  -0.00093  -0.07732   0.15584
   8500.  1.50   0.05128   0.01806   0.10674
   8500.  2.00   0.05847   0.02940   0.10315
   8500.  2.50   0.05657   0.02629   0.10379
   8500.  3.00   0.04969   0.01579   0.10572
   8500.  3.50   0.03872  -0.00019   0.10738
   8500.  4.00   0.02389  -0.02137   0.10878
   8500.  4.50   0.00758  -0.04588   0.11291
   8500.  5.00  -0.01571  -0.07681   0.11079
   8750.  1.50   0.00080  -0.02728   0.05232
   8750.  2.00   0.01482  -0.00645   0.04769
   8750.  2.50   0.01622  -0.00451   0.04687
   8750.  3.00   0.01191  -0.01123   0.04817
   8750.  3.50   0.00366  -0.02347   0.04999
   8750.  4.00  -0.00810  -0.04044   0.05182
   8750.  4.50  -0.02248  -0.06142   0.05473
   8750.  5.00  -0.03743  -0.08408   0.06023
   9000.  1.50  -0.05371  -0.07653  -0.00545
   9000.  2.00  -0.03297  -0.04770  -0.00857
   9000.  2.50  -0.02861  -0.04147  -0.01043
   9000.  3.00  -0.03091  -0.04499  -0.01042
   9000.  3.50  -0.03671  -0.05371  -0.00909
   9000.  4.00  -0.04597  -0.06734  -0.00698
   9000.  4.50  -0.05819  -0.08505  -0.00436
   9000.  5.00  -0.07018  -0.10383   0.00200
   9250.  2.00  -0.08366  -0.09239  -0.06601
   9250.  2.50  -0.07656  -0.08243  -0.06859
   9250.  3.00  -0.07674  -0.08295  -0.06918
   9250.  3.50  -0.08089  -0.08935  -0.06814
   9250.  4.00  -0.08800  -0.10001  -0.06617
   9250.  4.50  -0.09807  -0.11456  -0.06408
   9250.  5.00  -0.10992  -0.13205  -0.06020
   9500.  2.00  -0.13581  -0.13873  -0.12411
   9500.  2.50  -0.12666  -0.12624  -0.12692
   9500.  3.00  -0.12540  -0.12463  -0.12837
   9500.  3.50  -0.12804  -0.12879  -0.12808
   9500.  4.00  -0.13340  -0.13698  -0.12645
   9500.  4.50  -0.14128  -0.14876  -0.12402
   9500.  5.00  -0.15168  -0.16408  -0.12070
   9750.  2.00  -0.18840  -0.18554  -0.18254
   9750.  2.50  -0.17801  -0.17173  -0.18540
   9750.  3.00  -0.17575  -0.16866  -0.18760
   9750.  3.50  -0.17732  -0.17118  -0.18808
   9750.  4.00  -0.18133  -0.17743  -0.18698
   9750.  4.50  -0.18746  -0.18685  -0.18464
   9750.  5.00  -0.19603  -0.19971  -0.18142
  10000.  2.00  -0.24092  -0.23231  -0.24083
  10000.  2.50  -0.22988  -0.21795  -0.24389
  10000.  3.00  -0.22712  -0.21415  -0.24675
  10000.  3.50  -0.22803  -0.21560  -0.24802
  10000.  4.00  -0.23106  -0.22039  -0.24746
  10000.  4.50  -0.23575  -0.22786  -0.24524
  10000.  5.00  -0.24256  -0.23842  -0.24199
  10250.  2.00  -0.29316  -0.27889  -0.29879
  10250.  2.50  -0.28184  -0.26444  -0.30208
  10250.  3.00  -0.27901  -0.26052  -0.30563
  10250.  3.50  -0.27965  -0.26144  -0.30762
  10250.  4.00  -0.28201  -0.26515  -0.30761
  10250.  4.50  -0.28560  -0.27106  -0.30571
  10250.  5.00  -0.29079  -0.27948  -0.30246
  10500.  2.00  -0.34501  -0.32518  -0.35629
  10500.  2.50  -0.33353  -0.31080  -0.35979
  10500.  3.00  -0.33086  -0.30709  -0.36402
  10500.  3.50  -0.33155  -0.30791  -0.36678
  10500.  4.00  -0.33368  -0.31112  -0.36748
  10500.  4.50  -0.33654  -0.31590  -0.36601
  10500.  5.00  -0.34044  -0.32260  -0.36284
  10750.  2.00  -0.39658  -0.37129  -0.41336
  10750.  2.50  -0.38495  -0.35704  -0.41700
  10750.  3.00  -0.38254  -0.35367  -0.42183
  10750.  3.50  -0.38348  -0.35470  -0.42536
  10750.  4.00  -0.38563  -0.35773  -0.42683
  10750.  4.50  -0.38812  -0.36185  -0.42595
  10750.  5.00  -0.39111  -0.36724  -0.42297
  11000.  2.00  -0.44774  -0.41712  -0.46999
  11000.  2.50  -0.43594  -0.40295  -0.47366
  11000.  3.00  -0.43381  -0.39999  -0.47900
  11000.  3.50  -0.43509  -0.40136  -0.48325
  11000.  4.00  -0.43745  -0.40450  -0.48549
  11000.  4.50  -0.43990  -0.40836  -0.48530
  11000.  5.00  -0.44239  -0.41294  -0.48270
  11250.  2.00  -0.49856  -0.46276  -0.52615
  11250.  2.50  -0.48654  -0.44861  -0.52975
  11250.  3.00  -0.48467  -0.44604  -0.53549
  11250.  3.50  -0.48630  -0.44780  -0.54036
  11250.  4.00  -0.48896  -0.45118  -0.54333
  11250.  4.50  -0.49156  -0.45504  -0.54388
  11250.  5.00  -0.49386  -0.45918  -0.54186
  11500.  2.00  -0.54895  -0.50809  -0.58180
  11500.  2.50  -0.53670  -0.49395  -0.58529
  11500.  3.00  -0.53502  -0.49172  -0.59132
  11500.  3.50  -0.53697  -0.49385  -0.59669
  11500.  4.00  -0.53995  -0.49753  -0.60030
  11500.  4.50  -0.54282  -0.50155  -0.60155
  11500.  5.00  -0.54516  -0.50555  -0.60020
  11750.  2.00  -0.59887  -0.55309  -0.63689
  11750.  2.50  -0.58642  -0.53898  -0.64028
  11750.  3.00  -0.58494  -0.53709  -0.64654
  11750.  3.50  -0.58717  -0.53957  -0.65228
  11750.  4.00  -0.59044  -0.54354  -0.65643
  11750.  4.50  -0.59357  -0.54776  -0.65831
  11750.  5.00  -0.59605  -0.55175  -0.65761
  12000.  2.50  -0.63564  -0.58363  -0.69467
  12000.  3.00  -0.63433  -0.58204  -0.70108
  12000.  3.50  -0.63678  -0.58483  -0.70712
  12000.  4.00  -0.64032  -0.58908  -0.71169
  12000.  4.50  -0.64371  -0.59351  -0.71414
  12000.  5.00  -0.64641  -0.59763  -0.71409
  12250.  2.50  -0.68433  -0.62787  -0.74848
  12250.  3.00  -0.68322  -0.62663  -0.75504
  12250.  3.50  -0.68589  -0.62970  -0.76128
  12250.  4.00  -0.68962  -0.63417  -0.76617
  12250.  4.50  -0.69325  -0.63882  -0.76908
  12250.  5.00  -0.69617  -0.64306  -0.76958
  12500.  2.50  -0.73248  -0.67170  -0.80162
  12500.  3.00  -0.73157  -0.67077  -0.80833
  12500.  3.50  -0.73442  -0.67411  -0.81475
  12500.  4.00  -0.73832  -0.67876  -0.81984
  12500.  4.50  -0.74215  -0.68360  -0.82314
  12500.  5.00  -0.74526  -0.68798  -0.82411
  12750.  2.50  -0.78001  -0.71501  -0.85405
  12750.  3.00  -0.77935  -0.71447  -0.86096
  12750.  3.50  -0.78240  -0.71808  -0.86753
  12750.  4.00  -0.78644  -0.72291  -0.87279
  12750.  4.50  -0.79042  -0.72789  -0.87635
  12750.  5.00  -0.79371  -0.73239  -0.87773
  13000.  2.50  -0.82686  -0.75774  -0.90576
  13000.  3.00  -0.82658  -0.75771  -0.91298
  13000.  3.50  -0.82983  -0.76160  -0.91966
  13000.  4.00  -0.83398  -0.76658  -0.92503
  13000.  4.50  -0.83807  -0.77165  -0.92878
  13000.  5.00  -0.84149  -0.77625  -0.93047
  14000.  2.00  -1.01936  -0.93437  -1.09809
  14000.  2.50  -1.00734  -0.92266  -1.10463
  14000.  3.00  -1.00909  -0.92524  -1.11378
  14000.  3.50  -1.01358  -0.93068  -1.12134
  14000.  4.00  -1.01829  -0.93634  -1.12703
  14000.  4.50  -1.02259  -0.94164  -1.13104
  14000.  5.00  -1.02626  -0.94640  -1.13337
  15000.  2.50  -1.17619  -1.07716  -1.29030
  15000.  3.00  -1.18076  -1.08318  -1.30243
  15000.  3.50  -1.18725  -1.09096  -1.31167
  15000.  4.00  -1.19294  -1.09778  -1.31806
  15000.  4.50  -1.19757  -1.10344  -1.32223
  15000.  5.00  -1.20128  -1.10819  -1.32461
  16000.  2.50  -1.33358  -1.22113  -1.46294
  16000.  3.00  -1.34146  -1.23112  -1.47884
  16000.  3.50  -1.35060  -1.24197  -1.49059
  16000.  4.00  -1.35788  -1.25058  -1.49829
  16000.  4.50  -1.36322  -1.25704  -1.50294
  16000.  5.00  -1.36710  -1.26193  -1.50536
  17000.  2.50  -1.48019  -1.35507  -1.62327
  17000.  3.00  -1.49142  -1.36912  -1.64331
  17000.  3.50  -1.50367  -1.38353  -1.65812
  17000.  4.00  -1.51305  -1.39452  -1.66774
  17000.  4.50  -1.51959  -1.40227  -1.67339
  17000.  5.00  -1.52400  -1.40772  -1.67618
  18000.  2.50  -1.61689  -1.47987  -1.77221
  18000.  3.00  -1.63148  -1.49789  -1.79671
  18000.  3.50  -1.64700  -1.51604  -1.81483
  18000.  4.00  -1.65879  -1.52973  -1.82676
  18000.  4.50  -1.66685  -1.53918  -1.83381
  18000.  5.00  -1.67214  -1.54556  -1.83738
  19000.  2.50  -1.74427  -1.59616  -1.91013
  19000.  3.00  -1.76240  -1.61820  -1.94001
  19000.  3.50  -1.78127  -1.64010  -1.96156
  19000.  4.00  -1.79563  -1.65666  -1.97595
  19000.  4.50  -1.80549  -1.66809  -1.98473
  19000.  5.00  -1.81188  -1.67566  -1.98934
  20000.  3.00  -1.88487  -1.73072  -2.07391
  20000.  3.50  -1.90735  -1.75656  -2.09936
  20000.  4.00  -1.92432  -1.77599  -2.11623
  20000.  4.50  -1.93601  -1.78944  -2.12674
  20000.  5.00  -1.94364  -1.79834  -2.13259
  21000.  3.00  -1.99933  -1.83588  -2.19875
  21000.  3.50  -2.02579  -1.86597  -2.22879
  21000.  4.00  -2.04551  -1.88836  -2.24839
  21000.  4.50  -2.05908  -1.90382  -2.26065
  21000.  5.00  -2.06797  -1.91408  -2.26771
  22000.  3.00  -2.10639  -1.93423  -2.31516
  22000.  3.50  -2.13713  -1.96883  -2.35041
  22000.  4.00  -2.15982  -1.99435  -2.37312
  22000.  4.50  -2.17535  -2.01190  -2.38729
  22000.  5.00  -2.18553  -2.02354  -2.39555
  23000.  3.00  -2.20654  -2.02613  -2.42406
  23000.  3.50  -2.24174  -2.06547  -2.46451
  23000.  4.00  -2.26754  -2.09423  -2.49071
  23000.  4.50  -2.28523  -2.11404  -2.50710
  23000.  5.00  -2.29671  -2.12702  -2.51661
  24000.  3.00  -2.29911  -2.11072  -2.52541
  24000.  3.50  -2.34020  -2.15638  -2.57191
  24000.  4.00  -2.36909  -2.18835  -2.60154
  24000.  4.50  -2.38899  -2.21045  -2.62031
  24000.  5.00  -2.40192  -2.22493  -2.63133
  25000.  3.00  -2.38172  -2.18549  -2.61641
  25000.  3.50  -2.43269  -2.24165  -2.67319
  25000.  4.00  -2.46488  -2.27713  -2.70611
  25000.  4.50  -2.48689  -2.30138  -2.72721
  25000.  5.00  -2.50132  -2.31738  -2.73988
  26000.  3.00  -2.45234  -2.24897  -2.69227
  26000.  3.50  -2.51850  -2.32043  -2.76793
  26000.  4.00  -2.55505  -2.36057  -2.80481
  26000.  4.50  -2.57913  -2.38697  -2.82803
  26000.  5.00  -2.59504  -2.40447  -2.84232
  27000.  3.50  -2.59618  -2.39117  -2.85442
  27000.  4.00  -2.63940  -2.43840  -2.89769
  27000.  4.50  -2.66590  -2.46737  -2.92310
  27000.  5.00  -2.68316  -2.48624  -2.93881
  28000.  3.50  -2.66489  -2.45330  -2.93066
  28000.  4.00  -2.71718  -2.50978  -2.98400
  28000.  4.50  -2.74715  -2.54244  -3.01254
  28000.  5.00  -2.76584  -2.56280  -3.02958
  29000.  3.50  -2.72747  -2.51012  -2.99839
  29000.  4.00  -2.78767  -2.57406  -3.06258
  29000.  4.50  -2.82245  -2.61172  -3.09591
  29000.  5.00  -2.84303  -2.63408  -3.11463
  30000.  3.50  -2.78955  -2.56760  -3.06309
  30000.  4.00  -2.85162  -2.63219  -3.13346
  30000.  4.50  -2.89143  -2.67487  -3.17262
  30000.  5.00  -2.91463  -2.69994  -3.19388
  31000.  3.50  -2.85524  -2.62995  -3.12932
  31000.  4.00  -2.91207  -2.68752  -3.19924
  31000.  4.50  -2.95491  -2.73285  -3.24303
  31000.  5.00  -2.98091  -2.76074  -3.26736
  32000.  4.00  -2.97129  -2.74237  -3.26223
  32000.  4.50  -3.01501  -2.78797  -3.30882
  32000.  5.00  -3.04286  -2.81756  -3.33577
  33000.  4.00  -3.03376  -2.80147  -3.32687
  33000.  4.50  -3.07270  -2.84125  -3.37115
  33000.  5.00  -3.10197  -2.87200  -3.40035
  34000.  4.00  -3.10042  -2.86567  -3.39415
  34000.  4.50  -3.13244  -2.89739  -3.43413
  34000.  5.00  -3.15943  -2.92531  -3.46240
  35000.  4.00  -3.17124  -2.93476  -3.46449
  35000.  4.50  -3.19513  -2.95727  -3.49865
  35000.  5.00  -3.21889  -2.98134  -3.52520
  36000.  4.00  -3.24634  -3.00856  -3.53891
  36000.  4.50  -3.26090  -3.02097  -3.56499
  36000.  5.00  -3.28043  -3.04013  -3.58888
  37000.  4.00  -3.32491  -3.08599  -3.61731
  37000.  4.50  -3.33033  -3.08887  -3.63424
  37000.  5.00  -3.34452  -3.10212  -3.65398
  38000.  4.00  -3.40529  -3.16524  -3.69821
  38000.  4.50  -3.40331  -3.16064  -3.70697
  38000.  5.00  -3.41166  -3.16768  -3.72136
  39000.  4.00  -3.48587  -3.24466  -3.77981
  39000.  4.50  -3.47898  -3.23516  -3.78280
  39000.  5.00  -3.48191  -3.23668  -3.79157
  40000.  4.50  -3.55603  -3.31112  -3.86050
  40000.  5.00  -3.55480  -3.30846  -3.86456
  41000.  4.50  -3.63322  -3.38720  -3.93873
  41000.  5.00  -3.62929  -3.38189  -3.93951
  42000.  4.50  -3.70967  -3.46255  -4.01646
  42000.  5.00  -3.70444  -3.45602  -4.01542
  43000.  4.50  -3.78487  -3.53667  -4.09306
  43000.  5.00  -3.77937  -3.52995  -4.09138
  44000.  4.50  -3.85857  -3.60932  -4.16818
  44000.  5.00  -3.85351  -3.60308  -4.16674
  45000.  4.50  -3.93066  -3.68042  -4.24169
  45000.  5.00  -3.92645  -3.67504  -4.24099
  46000.  4.50  -4.00119  -3.74998  -4.31359
  46000.  5.00  -3.99804  -3.74566  -4.31392
  47000.  4.50  -4.07018  -3.81806  -4.38392
  47000.  5.00  -4.06813  -3.81483  -4.38538
  48000.  4.50  -4.13773  -3.88472  -4.45275
  48000.  5.00  -4.13673  -3.88253  -4.45530
  49000.  4.50  -4.20388  -3.95003  -4.52016
  49000.  5.00  -4.20387  -3.94881  -4.52375
  50000.  5.00  -4.26962  -4.01372  -4.59076
