   3500.  0.00  -1.59043  -2.93230  -0.50160
   3500.  0.50  -1.54206  -2.83496  -0.46684
   3500.  1.00  -1.49116  -2.74713  -0.42644
   3500.  1.50  -1.43708  -2.66423  -0.38074
   3500.  2.00  -1.38080  -2.58456  -0.33150
   3500.  2.50  -1.32304  -2.51192  -0.27856
   3500.  3.00  -1.26268  -2.44592  -0.22106
   3500.  3.50  -1.21423  -2.38897  -0.17742
   3500.  4.00  -1.19194  -2.36594  -0.15702
   3500.  4.50  -1.18309  -2.36689  -0.14597
   3500.  5.00  -1.18455  -2.39149  -0.14045
   3750.  0.00  -1.38139  -2.52901  -0.36325
   3750.  0.50  -1.36525  -2.47242  -0.36143
   3750.  1.00  -1.34667  -2.42574  -0.35282
   3750.  1.50  -1.32174  -2.38101  -0.33474
   3750.  2.00  -1.29047  -2.33474  -0.30848
   3750.  2.50  -1.25451  -2.28882  -0.27571
   3750.  3.00  -1.21432  -2.24913  -0.23489
   3750.  3.50  -1.16954  -2.21349  -0.18676
   3750.  4.00  -1.13260  -2.18024  -0.14914
   3750.  4.50  -1.11320  -2.16695  -0.12802
   3750.  5.00  -1.10415  -2.17047  -0.11466
   4000.  0.00  -1.19349  -2.20052  -0.23400
   4000.  0.50  -1.18735  -2.15511  -0.24429
   4000.  1.00  -1.18435  -2.12637  -0.25208
   4000.  1.50  -1.18234  -2.10866  -0.25651
   4000.  2.00  -1.17834  -2.09590  -0.25589
   4000.  2.50  -1.16898  -2.08216  -0.24803
   4000.  3.00  -1.15046  -2.06315  -0.22934
   4000.  3.50  -1.12179  -2.04343  -0.19620
   4000.  4.00  -1.08792  -2.02412  -0.15557
   4000.  4.50  -1.05707  -2.00284  -0.12048
   4000.  5.00  -1.03860  -1.99365  -0.09808
   4250.  0.00  -1.04920  -1.95267  -0.13855
   4250.  0.50  -1.04624  -1.91091  -0.15400
   4250.  1.00  -1.04650  -1.88478  -0.16682
   4250.  1.50  -1.04836  -1.86984  -0.17648
   4250.  2.00  -1.05041  -1.86219  -0.18278
   4250.  2.50  -1.05155  -1.85885  -0.18559
   4250.  3.00  -1.05042  -1.85719  -0.18429
   4250.  3.50  -1.04549  -1.85565  -0.17738
   4250.  4.00  -1.03188  -1.85415  -0.15740
   4250.  4.50  -1.00938  -1.84940  -0.12576
   4250.  5.00  -0.98600  -1.84058  -0.09506
   4500.  0.00  -0.94035  -1.75994  -0.07304
   4500.  0.50  -0.94027  -1.72556  -0.09095
   4500.  1.00  -0.94254  -1.70330  -0.10614
   4500.  1.50  -0.94598  -1.69038  -0.11803
   4500.  2.00  -0.94957  -1.68370  -0.12670
   4500.  2.50  -0.95234  -1.68085  -0.13201
   4500.  3.00  -0.95347  -1.67992  -0.13385
   4500.  3.50  -0.95255  -1.68000  -0.13207
   4500.  4.00  -0.94923  -1.68088  -0.12626
   4500.  4.50  -0.94126  -1.68283  -0.11268
   4500.  5.00  -0.92675  -1.68458  -0.08902
   4750.  0.00  -0.85941  -1.59766  -0.03790
   4750.  0.50  -0.86277  -1.57492  -0.05616
   4750.  1.00  -0.86726  -1.55952  -0.07191
   4750.  1.50  -0.87225  -1.55048  -0.08471
   4750.  2.00  -0.87701  -1.54597  -0.09444
   4750.  2.50  -0.88065  -1.54403  -0.10091
   4750.  3.00  -0.88279  -1.54329  -0.10443
   4750.  3.50  -0.88269  -1.54272  -0.10441
   4750.  4.00  -0.88061  -1.54244  -0.10117
   4750.  4.50  -0.87664  -1.54285  -0.09461
   4750.  5.00  -0.87008  -1.54481  -0.08305
   5000.  0.00  -0.80037  -1.45591  -0.03040
   5000.  0.50  -0.80760  -1.44638  -0.04769
   5000.  1.00  -0.81472  -1.43999  -0.06273
   5000.  1.50  -0.82174  -1.43692  -0.07542
   5000.  2.00  -0.82803  -1.43637  -0.08536
   5000.  2.50  -0.83296  -1.43697  -0.09245
   5000.  3.00  -0.83592  -1.43769  -0.09642
   5000.  3.50  -0.83633  -1.43769  -0.09691
   5000.  4.00  -0.83433  -1.43685  -0.09420
   5000.  4.50  -0.83046  -1.43585  -0.08864
   5000.  5.00  -0.82479  -1.43510  -0.08010
   5250.  0.00  -0.75850  -1.33686  -0.04208
   5250.  0.50  -0.76882  -1.33767  -0.05804
   5250.  1.00  -0.77853  -1.33963  -0.07197
   5250.  1.50  -0.78768  -1.34306  -0.08389
   5250.  2.00  -0.79588  -1.34747  -0.09354
   5250.  2.50  -0.80263  -1.35192  -0.10089
   5250.  3.00  -0.80709  -1.35550  -0.10520
   5250.  3.50  -0.80863  -1.35731  -0.10615
   5250.  4.00  -0.80701  -1.35722  -0.10342
   5250.  4.50  -0.80292  -1.35590  -0.09761
   5250.  5.00  -0.79697  -1.35386  -0.08937
   5500.  0.00  -0.72983  -1.24014  -0.06590
   5500.  0.50  -0.74197  -1.24801  -0.07998
   5500.  1.00  -0.75361  -1.25614  -0.09274
   5500.  1.50  -0.76489  -1.26505  -0.10411
   5500.  2.00  -0.77541  -1.27439  -0.11384
   5500.  2.50  -0.78468  -1.28334  -0.12179
   5500.  3.00  -0.79153  -1.29075  -0.12693
   5500.  3.50  -0.79519  -1.29550  -0.12892
   5500.  4.00  -0.79496  -1.29736  -0.12670
   5500.  4.50  -0.79124  -1.29663  -0.12079
   5500.  5.00  -0.78511  -1.29439  -0.11213
   5750.  0.00  -0.71118  -1.16159  -0.09829
   5750.  0.50  -0.72366  -1.17416  -0.10920
   5750.  1.00  -0.73623  -1.18663  -0.12006
   5750.  1.50  -0.74905  -1.19979  -0.13057
   5750.  2.00  -0.76186  -1.21350  -0.14049
   5750.  2.50  -0.77394  -1.22689  -0.14941
   5750.  3.00  -0.78407  -1.23871  -0.15625
   5750.  3.50  -0.79113  -1.24759  -0.16029
   5750.  4.00  -0.79373  -1.25261  -0.15991
   5750.  4.50  -0.79171  -1.25364  -0.15502
   5750.  5.00  -0.78617  -1.25203  -0.14643
   6000.  0.00  -0.70097  -1.09755  -0.13833
   6000.  0.50  -0.71196  -1.11266  -0.14415
   6000.  1.00  -0.72435  -1.12799  -0.15204
   6000.  1.50  -0.73788  -1.14436  -0.16083
   6000.  2.00  -0.75226  -1.16161  -0.17022
   6000.  2.50  -0.76675  -1.17896  -0.17966
   6000.  3.00  -0.78030  -1.19531  -0.18827
   6000.  3.50  -0.79130  -1.20897  -0.19470
   6000.  4.00  -0.79808  -1.21836  -0.19740
   6000.  4.50  -0.79968  -1.22283  -0.19535
   6000.  5.00  -0.79612  -1.22293  -0.18819
   6250.  0.50  -0.70664  -1.06152  -0.18536
   6250.  1.00  -0.71739  -1.07825  -0.18853
   6250.  1.50  -0.73074  -1.09671  -0.19475
   6250.  2.00  -0.74583  -1.11655  -0.20275
   6250.  2.50  -0.76210  -1.13731  -0.21198
   6250.  3.00  -0.77842  -1.15774  -0.22153
   6250.  3.50  -0.79313  -1.17611  -0.22996
   6250.  4.00  -0.80453  -1.19059  -0.23593
   6250.  4.50  -0.81079  -1.19981  -0.23738
   6250.  5.00  -0.81111  -1.20327  -0.23354
   6500.  0.50  -0.70804  -1.01980  -0.23386
   6500.  1.00  -0.71571  -1.03640  -0.23069
   6500.  1.50  -0.72741  -1.05564  -0.23255
   6500.  2.00  -0.74243  -1.07728  -0.23826
   6500.  2.50  -0.75964  -1.10054  -0.24642
   6500.  3.00  -0.77789  -1.12429  -0.25598
   6500.  3.50  -0.79567  -1.14691  -0.26563
   6500.  4.00  -0.81132  -1.16651  -0.27416
   6500.  4.50  -0.82253  -1.18108  -0.27914
   6500.  5.00  -0.82782  -1.18935  -0.27930
   6750.  0.50  -0.71210  -0.98696  -0.28151
   6750.  1.00  -0.71985  -1.00225  -0.27937
   6750.  1.50  -0.72872  -1.02111  -0.27544
   6750.  2.00  -0.74229  -1.04339  -0.27717
   6750.  2.50  -0.75943  -1.06814  -0.28323
   6750.  3.00  -0.77871  -1.09433  -0.29183
   6750.  3.50  -0.79876  -1.12046  -0.30185
   6750.  4.00  -0.81781  -1.14458  -0.31189
   6750.  4.50  -0.83354  -1.16443  -0.31974
   6750.  5.00  -0.84416  -1.17834  -0.32378
   7000.  0.50  -0.71970  -0.96410  -0.32740
   7000.  1.00  -0.72663  -0.97660  -0.32660
   7000.  1.50  -0.73538  -0.99345  -0.32419
   7000.  2.00  -0.74614  -1.01491  -0.32055
   7000.  2.50  -0.76193  -1.04019  -0.32279
   7000.  3.00  -0.78133  -1.06787  -0.32960
   7000.  3.50  -0.80267  -1.09652  -0.33909
   7000.  4.00  -0.82417  -1.12432  -0.34959
   7000.  4.50  -0.84374  -1.14906  -0.35934
   7000.  5.00  -0.85925  -1.16852  -0.36660
   7250.  0.50  -0.73213  -0.95301  -0.37076
   7250.  1.00  -0.73745  -0.96059  -0.37271
   7250.  1.50  -0.74492  -0.97412  -0.37141
   7250.  2.00  -0.75536  -0.99321  -0.36937
   7250.  2.50  -0.76833  -1.01731  -0.36661
   7250.  3.00  -0.78647  -1.04529  -0.37003
   7250.  3.50  -0.80799  -1.07542  -0.37778
   7250.  4.00  -0.83101  -1.10596  -0.38788
   7250.  4.50  -0.85349  -1.13475  -0.39860
   7250.  5.00  -0.87312  -1.15930  -0.40807
   7500.  0.50  -0.75227  -0.96103  -0.40667
   7500.  1.00  -0.75417  -0.95564  -0.41885
   7500.  1.50  -0.75929  -0.96461  -0.41831
   7500.  2.00  -0.76818  -0.98006  -0.41730
   7500.  2.50  -0.78024  -1.00120  -0.41576
   7500.  3.00  -0.79531  -1.02753  -0.41421
   7500.  3.50  -0.81565  -1.05790  -0.41875
   7500.  4.00  -0.83908  -1.09005  -0.42744
   7500.  4.50  -0.86332  -1.12176  -0.43801
   7500.  5.00  -0.88620  -1.15063  -0.44881
   7750.  1.00  -0.77905  -0.96501  -0.46481
   7750.  1.50  -0.78057  -0.96625  -0.46696
   7750.  2.00  -0.78648  -0.97688  -0.46571
   7750.  2.50  -0.79661  -0.99393  -0.46502
   7750.  3.00  -0.81007  -1.01689  -0.46375
   7750.  3.50  -0.82702  -1.04507  -0.46338
   7750.  4.00  -0.84932  -1.07734  -0.46915
   7750.  4.50  -0.87415  -1.11080  -0.47848
   7750.  5.00  -0.89922  -1.14299  -0.48953
   8000.  1.00  -0.81471  -0.99280  -0.50986
   8000.  1.50  -0.80999  -0.98055  -0.51741
   8000.  2.00  -0.81258  -0.98518  -0.51706
   8000.  2.50  -0.81957  -0.99744  -0.51575
   8000.  3.00  -0.83079  -1.01594  -0.51522
   8000.  3.50  -0.84499  -1.03996  -0.51379
   8000.  4.00  -0.86325  -1.06926  -0.51424
   8000.  4.50  -0.88697  -1.10279  -0.52074
   8000.  5.00  -0.91295  -1.13697  -0.53094
   8250.  1.00  -0.86506  -1.04199  -0.55817
   8250.  1.50  -0.84748  -1.00726  -0.56923
   8250.  2.00  -0.84636  -1.00488  -0.57075
   8250.  2.50  -0.85040  -1.01237  -0.56947
   8250.  3.00  -0.85838  -1.02610  -0.56811
   8250.  3.50  -0.87029  -1.04549  -0.56757
   8250.  4.00  -0.88440  -1.06964  -0.56526
   8250.  4.50  -0.90353  -1.09939  -0.56631
   8250.  5.00  -0.92844  -1.13355  -0.57394
   8500.  1.50  -0.89241  -1.04514  -0.62218
   8500.  2.00  -0.88671  -1.03437  -0.62595
   8500.  2.50  -0.88802  -1.03699  -0.62571
   8500.  3.00  -0.89336  -1.04657  -0.62420
   8500.  3.50  -0.90222  -1.06148  -0.62291
   8500.  4.00  -0.91442  -1.08147  -0.62178
   8500.  4.50  -0.92744  -1.10455  -0.61785
   8500.  5.00  -0.94751  -1.13456  -0.61992
   8750.  1.50  -0.94357  -1.09126  -0.67736
   8750.  2.00  -0.93215  -1.07138  -0.68203
   8750.  2.50  -0.93085  -1.06923  -0.68320
   8750.  3.00  -0.93406  -1.07516  -0.68232
   8750.  3.50  -0.94053  -1.08639  -0.68092
   8750.  4.00  -0.95001  -1.10225  -0.67940
   8750.  4.50  -0.96159  -1.12200  -0.67669
   8750.  5.00  -0.97330  -1.14340  -0.67129
   9000.  1.50  -0.99870  -1.14139  -0.73589
   9000.  2.00  -0.98124  -1.11362  -0.73890
   9000.  2.50  -0.97755  -1.10740  -0.74104
   9000.  3.00  -0.97921  -1.11032  -0.74145
   9000.  3.50  -0.98362  -1.11811  -0.74054
   9000.  4.00  -0.99089  -1.13066  -0.73878
   9000.  4.50  -1.00066  -1.14724  -0.73638
   9000.  5.00  -1.00970  -1.16480  -0.73015
   9250.  2.00  -1.03299  -1.15926  -0.79695
   9250.  2.50  -1.02705  -1.14946  -0.79974
   9250.  3.00  -1.02698  -1.14951  -0.80072
   9250.  3.50  -1.03001  -1.15508  -0.80008
   9250.  4.00  -1.03543  -1.16471  -0.79847
   9250.  4.50  -1.04339  -1.17820  -0.79665
   9250.  5.00  -1.05265  -1.19458  -0.79290
   9500.  2.00  -1.08610  -1.20656  -0.85561
   9500.  2.50  -1.07842  -1.19430  -0.85856
   9500.  3.00  -1.07724  -1.19234  -0.86034
   9500.  3.50  -1.07910  -1.19578  -0.86044
   9500.  4.00  -1.08304  -1.20301  -0.85921
   9500.  4.50  -1.08903  -1.21372  -0.85709
   9500.  5.00  -1.09706  -1.22791  -0.85395
   9750.  2.00  -1.13962  -1.25431  -0.91457
   9750.  2.50  -1.13088  -1.24075  -0.91751
   9750.  3.00  -1.12896  -1.23743  -0.92000
   9750.  3.50  -1.13001  -1.23933  -0.92086
   9750.  4.00  -1.13286  -1.24468  -0.92016
   9750.  4.50  -1.13732  -1.25304  -0.91816
   9750.  5.00  -1.14375  -1.26479  -0.91514
  10000.  2.00  -1.19304  -1.30204  -0.97337
  10000.  2.50  -1.18377  -1.28790  -0.97647
  10000.  3.00  -1.18151  -1.28389  -0.97956
  10000.  3.50  -1.18213  -1.28481  -0.98119
  10000.  4.00  -1.18421  -1.28877  -0.98102
  10000.  4.50  -1.18744  -1.29525  -0.97914
  10000.  5.00  -1.19233  -1.30471  -0.97612
  10250.  2.00  -1.24618  -1.34956  -1.03180
  10250.  2.50  -1.23668  -1.33529  -1.03510
  10250.  3.00  -1.23447  -1.33119  -1.03883
  10250.  3.50  -1.23496  -1.33163  -1.04115
  10250.  4.00  -1.23657  -1.33461  -1.04150
  10250.  4.50  -1.23891  -1.33959  -1.03994
  10250.  5.00  -1.24239  -1.34695  -1.03697
  10500.  2.00  -1.29891  -1.39676  -1.08973
  10500.  2.50  -1.28929  -1.38253  -1.09324
  10500.  3.00  -1.28732  -1.37864  -1.09762
  10500.  3.50  -1.28798  -1.37903  -1.10065
  10500.  4.00  -1.28950  -1.38156  -1.10168
  10500.  4.50  -1.29128  -1.38549  -1.10057
  10500.  5.00  -1.29365  -1.39115  -1.09770
  10750.  2.00  -1.35133  -1.44379  -1.14721
  10750.  2.50  -1.34159  -1.42963  -1.15084
  10750.  3.00  -1.33992  -1.42606  -1.15580
  10750.  3.50  -1.34092  -1.42669  -1.15957
  10750.  4.00  -1.34258  -1.42910  -1.16135
  10750.  4.50  -1.34415  -1.43242  -1.16080
  10750.  5.00  -1.34576  -1.43685  -1.15813
  11000.  2.00  -1.40333  -1.49051  -1.20421
  11000.  2.50  -1.39344  -1.47638  -1.20787
  11000.  3.00  -1.39208  -1.47321  -1.21333
  11000.  3.50  -1.39347  -1.47418  -1.21779
  11000.  4.00  -1.39544  -1.47674  -1.22031
  11000.  4.50  -1.39708  -1.47985  -1.22044
  11000.  5.00  -1.39834  -1.48353  -1.21815
  11250.  2.00  -1.45497  -1.53700  -1.26072
  11250.  2.50  -1.44487  -1.52286  -1.26431
  11250.  3.00  -1.44379  -1.52007  -1.27016
  11250.  3.50  -1.44556  -1.52142  -1.27522
  11250.  4.00  -1.44791  -1.52425  -1.27845
  11250.  4.50  -1.44979  -1.52740  -1.27930
  11250.  5.00  -1.45099  -1.53069  -1.27756
  11500.  2.00  -1.50616  -1.58318  -1.31670
  11500.  2.50  -1.49584  -1.56900  -1.32018
  11500.  3.00  -1.49496  -1.56652  -1.32631
  11500.  3.50  -1.49708  -1.56825  -1.33186
  11500.  4.00  -1.49980  -1.57140  -1.33570
  11500.  4.50  -1.50203  -1.57475  -1.33723
  11500.  5.00  -1.50336  -1.57793  -1.33615
  11750.  2.00  -1.55687  -1.62899  -1.37209
  11750.  2.50  -1.54635  -1.61481  -1.37548
  11750.  3.00  -1.54568  -1.61266  -1.38184
  11750.  3.50  -1.54808  -1.61472  -1.38774
  11750.  4.00  -1.55114  -1.61817  -1.39211
  11750.  4.50  -1.55369  -1.62174  -1.39425
  11750.  5.00  -1.55526  -1.62497  -1.39380
  12000.  2.50  -1.59634  -1.66022  -1.43016
  12000.  3.00  -1.59583  -1.65835  -1.43667
  12000.  3.50  -1.59848  -1.66072  -1.44286
  12000.  4.00  -1.60181  -1.66445  -1.44764
  12000.  4.50  -1.60468  -1.66825  -1.45033
  12000.  5.00  -1.60655  -1.67163  -1.45051
  12250.  2.50  -1.64579  -1.70521  -1.48425
  12250.  3.00  -1.64547  -1.70366  -1.49090
  12250.  3.50  -1.64833  -1.70630  -1.49730
  12250.  4.00  -1.65190  -1.71026  -1.50238
  12250.  4.50  -1.65504  -1.71430  -1.50550
  12250.  5.00  -1.65718  -1.71784  -1.50623
  12500.  2.50  -1.69468  -1.74975  -1.53766
  12500.  3.00  -1.69455  -1.74851  -1.54445
  12500.  3.50  -1.69760  -1.75141  -1.55102
  12500.  4.00  -1.70133  -1.75555  -1.55630
  12500.  4.50  -1.70471  -1.75978  -1.55980
  12500.  5.00  -1.70709  -1.76348  -1.56099
  12750.  2.50  -1.74292  -1.79375  -1.59034
  12750.  3.00  -1.74304  -1.79288  -1.59733
  12750.  3.50  -1.74629  -1.79606  -1.60404
  12750.  4.00  -1.75017  -1.80038  -1.60949
  12750.  4.50  -1.75372  -1.80477  -1.61325
  12750.  5.00  -1.75633  -1.80861  -1.61482
  13000.  2.50  -1.79049  -1.83717  -1.64230
  13000.  3.00  -1.79097  -1.83679  -1.64959
  13000.  3.50  -1.79441  -1.84024  -1.65641
  13000.  4.00  -1.79841  -1.84471  -1.66195
  13000.  4.50  -1.80208  -1.84920  -1.66589
  13000.  5.00  -1.80485  -1.85315  -1.66778
  14000.  2.00  -1.98344  -2.01677  -1.83556
  14000.  2.50  -1.97363  -2.00466  -1.84206
  14000.  3.00  -1.97614  -2.00682  -1.85126
  14000.  3.50  -1.98077  -2.01180  -1.85893
  14000.  4.00  -1.98531  -2.01695  -1.86478
  14000.  4.50  -1.98922  -2.02169  -1.86896
  14000.  5.00  -1.99233  -2.02585  -1.87146
  15000.  2.50  -2.14491  -2.16153  -2.02852
  15000.  3.00  -2.15023  -2.16704  -2.04068
  15000.  3.50  -2.15683  -2.17432  -2.05000
  15000.  4.00  -2.16233  -2.18064  -2.05653
  15000.  4.50  -2.16658  -2.18577  -2.06085
  15000.  5.00  -2.16974  -2.18995  -2.06338
  16000.  2.50  -2.30449  -2.30773  -2.20186
  16000.  3.00  -2.31316  -2.31711  -2.21777
  16000.  3.50  -2.32240  -2.32741  -2.22958
  16000.  4.00  -2.32946  -2.33550  -2.23739
  16000.  4.50  -2.33441  -2.34144  -2.24218
  16000.  5.00  -2.33774  -2.34579  -2.24473
  17000.  2.50  -2.45307  -2.44379  -2.36283
  17000.  3.00  -2.46518  -2.45710  -2.38285
  17000.  3.50  -2.47751  -2.47090  -2.39771
  17000.  4.00  -2.48666  -2.48134  -2.40741
  17000.  4.50  -2.49278  -2.48857  -2.41317
  17000.  5.00  -2.49665  -2.49351  -2.41609
  18000.  2.50  -2.59154  -2.57057  -2.51232
  18000.  3.00  -2.60712  -2.58777  -2.53681
  18000.  3.50  -2.62273  -2.60523  -2.55496
  18000.  4.00  -2.63427  -2.61834  -2.56695
  18000.  4.50  -2.64192  -2.62726  -2.57410
  18000.  5.00  -2.64666  -2.63312  -2.57777
  19000.  2.50  -2.72046  -2.68872  -2.65075
  19000.  3.00  -2.73979  -2.70984  -2.68063
  19000.  3.50  -2.75875  -2.73101  -2.70219
  19000.  4.00  -2.77286  -2.74695  -2.71662
  19000.  4.50  -2.78230  -2.75783  -2.72548
  19000.  5.00  -2.78814  -2.76489  -2.73018
  20000.  3.00  -2.86386  -2.82402  -2.81500
  20000.  3.50  -2.88647  -2.84909  -2.84044
  20000.  4.00  -2.90318  -2.86787  -2.85734
  20000.  4.50  -2.91444  -2.88074  -2.86791
  20000.  5.00  -2.92154  -2.88913  -2.87384
  21000.  3.00  -2.97978  -2.93074  -2.94026
  21000.  3.50  -3.00644  -2.96001  -2.97030
  21000.  4.00  -3.02590  -2.98174  -2.98991
  21000.  4.50  -3.03903  -2.99662  -3.00221
  21000.  5.00  -3.04739  -3.00636  -3.00934
  22000.  3.00  -3.08818  -3.03056  -3.05706
  22000.  3.50  -3.11921  -3.06430  -3.09230
  22000.  4.00  -3.14165  -3.08913  -3.11503
  22000.  4.50  -3.15675  -3.10609  -3.12922
  22000.  5.00  -3.16641  -3.11721  -3.13754
  23000.  3.00  -3.18956  -3.12386  -3.16629
  23000.  3.50  -3.22514  -3.16228  -3.20676
  23000.  4.00  -3.25073  -3.19033  -3.23298
  23000.  4.50  -3.26801  -3.20956  -3.24938
  23000.  5.00  -3.27898  -3.22203  -3.25893
  24000.  3.00  -3.28337  -3.20979  -3.26797
  24000.  3.50  -3.32483  -3.25446  -3.31450
  24000.  4.00  -3.35355  -3.28571  -3.34413
  24000.  4.50  -3.37307  -3.30721  -3.36292
  24000.  5.00  -3.38551  -3.32119  -3.37398
  25000.  3.00  -3.36715  -3.28585  -3.35930
  25000.  3.50  -3.41853  -3.34095  -3.41608
  25000.  4.00  -3.45056  -3.37567  -3.44901
  25000.  4.50  -3.47221  -3.39932  -3.47013
  25000.  5.00  -3.48616  -3.41482  -3.48283
  26000.  3.00  -3.43858  -3.35054  -3.43544
  26000.  3.50  -3.50556  -3.42089  -3.51112
  26000.  4.00  -3.54189  -3.46025  -3.54801
  26000.  4.50  -3.56563  -3.48604  -3.57124
  26000.  5.00  -3.58108  -3.50305  -3.58556
  27000.  3.50  -3.58442  -3.49278  -3.59792
  27000.  4.00  -3.62740  -3.53917  -3.64116
  27000.  4.50  -3.65353  -3.56751  -3.66659
  27000.  5.00  -3.67035  -3.58590  -3.68233
  28000.  3.50  -3.65417  -3.55602  -3.67443
  28000.  4.00  -3.70632  -3.61162  -3.72775
  28000.  4.50  -3.73589  -3.64364  -3.75629
  28000.  5.00  -3.75414  -3.66350  -3.77335
  29000.  3.50  -3.71754  -3.61384  -3.74238
  29000.  4.00  -3.77790  -3.67693  -3.80660
  29000.  4.50  -3.81228  -3.71393  -3.83992
  29000.  5.00  -3.83240  -3.73579  -3.85865
  30000.  3.50  -3.78010  -3.67215  -3.80723
  30000.  4.00  -3.84282  -3.73606  -3.87771
  30000.  4.50  -3.88230  -3.77806  -3.91686
  30000.  5.00  -3.90504  -3.80264  -3.93812
  31000.  3.50  -3.84602  -3.73514  -3.87357
  31000.  4.00  -3.90406  -3.79228  -3.94368
  31000.  4.50  -3.94674  -3.83699  -3.98749
  31000.  5.00  -3.97231  -3.86438  -4.01183
  32000.  4.00  -3.96387  -3.84793  -4.00683
  32000.  4.50  -4.00766  -3.89299  -4.05347
  32000.  5.00  -4.03516  -3.92209  -4.08042
  33000.  4.00  -4.02676  -3.90765  -4.07160
  33000.  4.50  -4.06604  -3.94706  -4.11596
  33000.  5.00  -4.09507  -3.97737  -4.14517
  34000.  4.00  -4.09365  -3.97234  -4.13897
  34000.  4.50  -4.12632  -4.00386  -4.17908
  34000.  5.00  -4.15322  -4.03143  -4.20737
  35000.  4.00  -4.16455  -4.04182  -4.20937
  35000.  4.50  -4.18938  -4.06429  -4.24371
  35000.  5.00  -4.21322  -4.08810  -4.27030
  36000.  4.00  -4.23970  -4.11592  -4.28382
  36000.  4.50  -4.25537  -4.12842  -4.31013
  36000.  5.00  -4.27517  -4.14743  -4.33409
  37000.  4.00  -4.31835  -4.19362  -4.36223
  37000.  4.50  -4.32493  -4.19668  -4.37944
  37000.  5.00  -4.33952  -4.20985  -4.39928
  38000.  4.00  -4.39887  -4.27309  -4.44316
  38000.  4.50  -4.39801  -4.26873  -4.45220
  38000.  5.00  -4.40685  -4.27578  -4.46672
  39000.  4.00  -4.47963  -4.35274  -4.52480
  39000.  4.50  -4.47380  -4.34352  -4.52807
  39000.  5.00  -4.47724  -4.34508  -4.53697
  40000.  4.50  -4.55101  -4.41971  -4.60581
  40000.  5.00  -4.55025  -4.41713  -4.61000
  41000.  4.50  -4.62838  -4.49601  -4.68408
  41000.  5.00  -4.62490  -4.49079  -4.68499
  42000.  4.50  -4.70503  -4.57156  -4.76186
  42000.  5.00  -4.70021  -4.56514  -4.76095
  43000.  4.50  -4.78043  -4.64587  -4.83850
  43000.  5.00  -4.77533  -4.63927  -4.83696
  44000.  4.50  -4.85432  -4.71870  -4.91367
  44000.  5.00  -4.84966  -4.71259  -4.91235
  45000.  4.50  -4.92662  -4.78997  -4.98722
  45000.  5.00  -4.92279  -4.78473  -4.98666
  46000.  4.50  -4.99732  -4.85969  -5.05915
  46000.  5.00  -4.99456  -4.85552  -5.05963
  47000.  4.50  -5.06649  -4.92792  -5.12951
  47000.  5.00  -5.06484  -4.92485  -5.13112
  48000.  4.50  -5.13419  -4.99472  -5.19837
  48000.  5.00  -5.13363  -4.99270  -5.20108
  49000.  4.50  -5.20050  -5.06017  -5.26580
  49000.  5.00  -5.20094  -5.05912  -5.26956
  50000.  5.00  -5.26683  -5.12417  -5.33661
