   3500.  0.00  -1.59795  -3.26157  -0.42152
   3500.  0.50  -1.61508  -3.31336  -0.43034
   3500.  1.00  -1.62293  -3.35310  -0.43089
   3500.  1.50  -1.61662  -3.36779  -0.41975
   3500.  2.00  -1.59475  -3.35286  -0.39595
   3500.  2.50  -1.55536  -3.30365  -0.35799
   3500.  3.00  -1.49788  -3.22118  -0.30506
   3500.  3.50  -1.41756  -3.09936  -0.23309
   3500.  4.00  -1.31567  -2.93681  -0.14462
   3500.  4.50  -1.22691  -2.77911  -0.07254
   3500.  5.00  -1.16879  -2.67212  -0.02766
   3750.  0.00  -1.25497  -2.52877  -0.19102
   3750.  0.50  -1.26542  -2.54152  -0.19921
   3750.  1.00  -1.27604  -2.56195  -0.20514
   3750.  1.50  -1.28439  -2.58394  -0.20766
   3750.  2.00  -1.28885  -2.60310  -0.20616
   3750.  2.50  -1.28639  -2.61406  -0.19839
   3750.  3.00  -1.27416  -2.61068  -0.18247
   3750.  3.50  -1.24717  -2.58752  -0.15364
   3750.  4.00  -1.19576  -2.53283  -0.10316
   3750.  4.50  -1.12968  -2.44785  -0.04345
   3750.  5.00  -1.07457  -2.37262   0.00443
   4000.  0.00  -1.05360  -2.15089  -0.05794
   4000.  0.50  -1.05927  -2.14943  -0.06555
   4000.  1.00  -1.06474  -2.15314  -0.07084
   4000.  1.50  -1.07023  -2.16013  -0.07481
   4000.  2.00  -1.07514  -2.16785  -0.07755
   4000.  2.50  -1.07938  -2.17694  -0.07877
   4000.  3.00  -1.08133  -2.18545  -0.07699
   4000.  3.50  -1.07878  -2.19233  -0.06966
   4000.  4.00  -1.06400  -2.18891  -0.04979
   4000.  4.50  -1.02876  -2.16476  -0.01046
   4000.  5.00  -0.98678  -2.12695   0.03247
   4250.  0.00  -0.91524  -1.89969   0.03077
   4250.  0.50  -0.92070  -1.89463   0.02132
   4250.  1.00  -0.92578  -1.89497   0.01483
   4250.  1.50  -0.93061  -1.89853   0.01012
   4250.  2.00  -0.93493  -1.90229   0.00625
   4250.  2.50  -0.93890  -1.90698   0.00327
   4250.  3.00  -0.94187  -1.91252   0.00203
   4250.  3.50  -0.94389  -1.91941   0.00275
   4250.  4.00  -0.94337  -1.92727   0.00749
   4250.  4.50  -0.93443  -1.93072   0.02219
   4250.  5.00  -0.91175  -1.92482   0.05201
   4500.  0.00  -0.81300  -1.71746   0.09431
   4500.  0.50  -0.81894  -1.71112   0.08298
   4500.  1.00  -0.82439  -1.71004   0.07494
   4500.  1.50  -0.82952  -1.71226   0.06902
   4500.  2.00  -0.83426  -1.71570   0.06432
   4500.  2.50  -0.83862  -1.71917   0.06013
   4500.  3.00  -0.84203  -1.72341   0.05765
   4500.  3.50  -0.84440  -1.72826   0.05689
   4500.  4.00  -0.84548  -1.73505   0.05889
   4500.  4.50  -0.84481  -1.74281   0.06378
   4500.  5.00  -0.83913  -1.74960   0.07546
   4750.  0.00  -0.73753  -1.57870   0.13705
   4750.  0.50  -0.74421  -1.57256   0.12412
   4750.  1.00  -0.75016  -1.57074   0.11458
   4750.  1.50  -0.75564  -1.57187   0.10736
   4750.  2.00  -0.76082  -1.57455   0.10143
   4750.  2.50  -0.76559  -1.57733   0.09616
   4750.  3.00  -0.76957  -1.58022   0.09208
   4750.  3.50  -0.77234  -1.58352   0.08998
   4750.  4.00  -0.77378  -1.58774   0.09029
   4750.  4.50  -0.77386  -1.59339   0.09330
   4750.  5.00  -0.77250  -1.60017   0.09892
   5000.  0.00  -0.68341  -1.46575   0.15899
   5000.  0.50  -0.69134  -1.46249   0.14516
   5000.  1.00  -0.69833  -1.46188   0.13432
   5000.  1.50  -0.70460  -1.46338   0.12584
   5000.  2.00  -0.71035  -1.46612   0.11887
   5000.  2.50  -0.71550  -1.46902   0.11292
   5000.  3.00  -0.71976  -1.47153   0.10809
   5000.  3.50  -0.72287  -1.47381   0.10482
   5000.  4.00  -0.72442  -1.47608   0.10392
   5000.  4.50  -0.72452  -1.47897   0.10553
   5000.  5.00  -0.72330  -1.48279   0.10962
   5250.  0.00  -0.64669  -1.36825   0.16004
   5250.  0.50  -0.65569  -1.36991   0.14698
   5250.  1.00  -0.66376  -1.37247   0.13602
   5250.  1.50  -0.67103  -1.37600   0.12697
   5250.  2.00  -0.67764  -1.38021   0.11940
   5250.  2.50  -0.68341  -1.38438   0.11314
   5250.  3.00  -0.68808  -1.38787   0.10814
   5250.  3.50  -0.69139  -1.39051   0.10474
   5250.  4.00  -0.69294  -1.39222   0.10345
   5250.  4.50  -0.69285  -1.39349   0.10445
   5250.  5.00  -0.69121  -1.39479   0.10784
   5500.  0.00  -0.62408  -1.28343   0.14306
   5500.  0.50  -0.63366  -1.29040   0.13214
   5500.  1.00  -0.64235  -1.29676   0.12240
   5500.  1.50  -0.65040  -1.30321   0.11385
   5500.  2.00  -0.65791  -1.30979   0.10631
   5500.  2.50  -0.66454  -1.31604   0.10000
   5500.  3.00  -0.67010  -1.32148   0.09485
   5500.  3.50  -0.67411  -1.32576   0.09141
   5500.  4.00  -0.67606  -1.32840   0.09014
   5500.  4.50  -0.67603  -1.32965   0.09108
   5500.  5.00  -0.67398  -1.32981   0.09446
   5750.  0.00  -0.61286  -1.21228   0.11283
   5750.  0.50  -0.62206  -1.22304   0.10503
   5750.  1.00  -0.63091  -1.23278   0.09727
   5750.  1.50  -0.63947  -1.24221   0.08990
   5750.  2.00  -0.64766  -1.25146   0.08313
   5750.  2.50  -0.65516  -1.26017   0.07712
   5750.  3.00  -0.66179  -1.26805   0.07199
   5750.  3.50  -0.66690  -1.27455   0.06839
   5750.  4.00  -0.66996  -1.27909   0.06673
   5750.  4.50  -0.67074  -1.28163   0.06739
   5750.  5.00  -0.66888  -1.28207   0.07082
   6000.  0.00  -0.61212  -1.15513   0.07133
   6000.  0.50  -0.61872  -1.16723   0.06902
   6000.  1.00  -0.62689  -1.17919   0.06412
   6000.  1.50  -0.63549  -1.19101   0.05852
   6000.  2.00  -0.64413  -1.20272   0.05287
   6000.  2.50  -0.65253  -1.21407   0.04742
   6000.  3.00  -0.66027  -1.22463   0.04255
   6000.  3.50  -0.66670  -1.23367   0.03876
   6000.  4.00  -0.67136  -1.24084   0.03655
   6000.  4.50  -0.67347  -1.24546   0.03671
   6000.  5.00  -0.67263  -1.24728   0.03965
   6250.  0.50  -0.62394  -1.12297   0.02399
   6250.  1.00  -0.62903  -1.13485   0.02455
   6250.  1.50  -0.63674  -1.14803   0.02171
   6250.  2.00  -0.64548  -1.16175   0.01762
   6250.  2.50  -0.65466  -1.17558   0.01295
   6250.  3.00  -0.66366  -1.18890   0.00826
   6250.  3.50  -0.67171  -1.20097   0.00426
   6250.  4.00  -0.67823  -1.21115   0.00145
   6250.  4.50  -0.68214  -1.21845   0.00084
   6250.  5.00  -0.68303  -1.22252   0.00283
   6500.  0.50  -0.63527  -1.08841  -0.02706
   6500.  1.00  -0.63825  -1.09989  -0.02265
   6500.  1.50  -0.64297  -1.11265  -0.02025
   6500.  2.00  -0.65094  -1.12747  -0.02185
   6500.  2.50  -0.66042  -1.14322  -0.02523
   6500.  3.00  -0.67045  -1.15910  -0.02941
   6500.  3.50  -0.68031  -1.17435  -0.03372
   6500.  4.00  -0.68897  -1.18790  -0.03727
   6500.  4.50  -0.69516  -1.19847  -0.03891
   6500.  5.00  -0.69840  -1.20559  -0.03823
   6750.  0.50  -0.64920  -1.06263  -0.07794
   6750.  1.00  -0.65271  -1.07336  -0.07473
   6750.  1.50  -0.65540  -1.08529  -0.06894
   6750.  2.00  -0.66059  -1.09963  -0.06557
   6750.  2.50  -0.66943  -1.11641  -0.06664
   6750.  3.00  -0.68005  -1.13434  -0.06983
   6750.  3.50  -0.69137  -1.15239  -0.07409
   6750.  4.00  -0.70210  -1.16932  -0.07818
   6750.  4.50  -0.71107  -1.18365  -0.08128
   6750.  5.00  -0.71709  -1.19448  -0.08208
   7000.  0.50  -0.66619  -1.04587  -0.12838
   7000.  1.00  -0.66890  -1.05439  -0.12544
   7000.  1.50  -0.67239  -1.06525  -0.12176
   7000.  2.00  -0.67559  -1.07857  -0.11520
   7000.  2.50  -0.68209  -1.09513  -0.11175
   7000.  3.00  -0.69238  -1.11433  -0.11288
   7000.  3.50  -0.70448  -1.13449  -0.11640
   7000.  4.00  -0.71695  -1.15434  -0.12075
   7000.  4.50  -0.72856  -1.17251  -0.12495
   7000.  5.00  -0.73759  -1.18732  -0.12736
   7250.  0.50  -0.68523  -1.03858  -0.17500
   7250.  1.00  -0.68828  -1.04361  -0.17612
   7250.  1.50  -0.69081  -1.05228  -0.17253
   7250.  2.00  -0.69506  -1.06443  -0.16872
   7250.  2.50  -0.69957  -1.07994  -0.16205
   7250.  3.00  -0.70786  -1.09897  -0.15923
   7250.  3.50  -0.71981  -1.12040  -0.16095
   7250.  4.00  -0.73341  -1.14263  -0.16490
   7250.  4.50  -0.74705  -1.16406  -0.16955
   7250.  5.00  -0.75884  -1.18271  -0.17320
   7500.  0.50  -0.70699  -1.04850  -0.20964
   7500.  1.00  -0.71172  -1.04291  -0.22566
   7500.  1.50  -0.71302  -1.04771  -0.22359
   7500.  2.00  -0.71613  -1.05734  -0.21994
   7500.  2.50  -0.72151  -1.07118  -0.21635
   7500.  3.00  -0.72759  -1.08899  -0.21001
   7500.  3.50  -0.73795  -1.11053  -0.20823
   7500.  4.00  -0.75169  -1.13418  -0.21074
   7500.  4.50  -0.76654  -1.15802  -0.21508
   7500.  5.00  -0.78065  -1.18015  -0.21949
   7750.  1.00  -0.73970  -1.05351  -0.27293
   7750.  1.50  -0.73989  -1.05318  -0.27426
   7750.  2.00  -0.74136  -1.05938  -0.27092
   7750.  2.50  -0.74564  -1.07037  -0.26802
   7750.  3.00  -0.75231  -1.08589  -0.26496
   7750.  3.50  -0.76003  -1.10563  -0.25950
   7750.  4.00  -0.77235  -1.12939  -0.25883
   7750.  4.50  -0.78746  -1.15468  -0.26190
   7750.  5.00  -0.80315  -1.17954  -0.26632
   8000.  1.00  -0.77517  -1.08052  -0.31740
   8000.  1.50  -0.77221  -1.06847  -0.32586
   8000.  2.00  -0.77187  -1.07029  -0.32372
   8000.  2.50  -0.77414  -1.07803  -0.32019
   8000.  3.00  -0.77952  -1.09068  -0.31754
   8000.  3.50  -0.78732  -1.10801  -0.31456
   8000.  4.00  -0.79668  -1.12940  -0.31026
   8000.  4.50  -0.81064  -1.15480  -0.31065
   8000.  5.00  -0.82685  -1.18121  -0.31424
   8250.  1.00  -0.82423  -1.12904  -0.36565
   8250.  1.50  -0.81067  -1.09482  -0.37790
   8250.  2.00  -0.80811  -1.09056  -0.37833
   8250.  2.50  -0.80836  -1.09435  -0.37513
   8250.  3.00  -0.81152  -1.10349  -0.37180
   8250.  3.50  -0.81799  -1.11771  -0.36942
   8250.  4.00  -0.82659  -1.13654  -0.36614
   8250.  4.50  -0.83721  -1.15934  -0.36243
   8250.  5.00  -0.85244  -1.18581  -0.36374
   8500.  1.50  -0.85546  -1.13204  -0.43071
   8500.  2.00  -0.85004  -1.12030  -0.43421
   8500.  2.50  -0.84833  -1.11980  -0.43197
   8500.  3.00  -0.84924  -1.12516  -0.42822
   8500.  3.50  -0.85321  -1.13557  -0.42499
   8500.  4.00  -0.86065  -1.15118  -0.42287
   8500.  4.50  -0.86935  -1.17075  -0.41874
   8500.  5.00  -0.88101  -1.19444  -0.41567
   8750.  1.50  -0.90532  -1.17676  -0.48541
   8750.  2.00  -0.89645  -1.15774  -0.49063
   8750.  2.50  -0.89364  -1.15367  -0.49048
   8750.  3.00  -0.89292  -1.15559  -0.48743
   8750.  3.50  -0.89440  -1.16204  -0.48357
   8750.  4.00  -0.89893  -1.17341  -0.48025
   8750.  4.50  -0.90671  -1.19003  -0.47747
   8750.  5.00  -0.91467  -1.20939  -0.47158
   9000.  1.50  -0.95820  -1.22509  -0.54210
   9000.  2.00  -0.94550  -1.19965  -0.54748
   9000.  2.50  -0.94217  -1.19298  -0.54963
   9000.  3.00  -0.94095  -1.19292  -0.54799
   9000.  3.50  -0.94103  -1.19672  -0.54428
   9000.  4.00  -0.94307  -1.20427  -0.54013
   9000.  4.50  -0.94799  -1.21643  -0.53652
   9000.  5.00  -0.95520  -1.23305  -0.53229
   9250.  2.00  -0.99591  -1.24405  -0.60410
   9250.  2.50  -0.99226  -1.23544  -0.60835
   9250.  3.00  -0.99141  -1.23444  -0.60886
   9250.  3.50  -0.99131  -1.23694  -0.60638
   9250.  4.00  -0.99196  -1.24204  -0.60223
   9250.  4.50  -0.99441  -1.25051  -0.59773
   9250.  5.00  -0.99954  -1.26343  -0.59348
   9500.  2.00  -1.04705  -1.28981  -0.66053
   9500.  2.50  -1.04301  -1.27969  -0.66622
   9500.  3.00  -1.04281  -1.27822  -0.66899
   9500.  3.50  -1.04326  -1.28030  -0.66844
   9500.  4.00  -1.04379  -1.28434  -0.66539
   9500.  4.50  -1.04494  -1.29057  -0.66082
   9500.  5.00  -1.04778  -1.30011  -0.65571
   9750.  2.00  -1.09832  -1.33592  -0.71669
   9750.  2.50  -1.09400  -1.32494  -0.72327
   9750.  3.00  -1.09448  -1.32327  -0.72809
   9750.  3.50  -1.09578  -1.32535  -0.72960
   9750.  4.00  -1.09680  -1.32911  -0.72812
   9750.  4.50  -1.09766  -1.33428  -0.72425
   9750.  5.00  -1.09912  -1.34154  -0.71897
  10000.  2.00  -1.14956  -1.38214  -0.77260
  10000.  2.50  -1.14485  -1.37046  -0.77961
  10000.  3.00  -1.14588  -1.36882  -0.78588
  10000.  3.50  -1.14827  -1.37129  -0.78953
  10000.  4.00  -1.15010  -1.37513  -0.78988
  10000.  4.50  -1.15126  -1.37995  -0.78724
  10000.  5.00  -1.15220  -1.38593  -0.78247
  10250.  2.00  -1.20084  -1.42850  -0.82836
  10250.  2.50  -1.19563  -1.41622  -0.83541
  10250.  3.00  -1.19714  -1.41471  -0.84286
  10250.  3.50  -1.20028  -1.41743  -0.84805
  10250.  4.00  -1.20309  -1.42174  -0.85012
  10250.  4.50  -1.20506  -1.42667  -0.84927
  10250.  5.00  -1.20605  -1.43205  -0.84547
  10500.  2.00  -1.25208  -1.47495  -0.88395
  10500.  2.50  -1.24618  -1.46197  -0.89067
  10500.  3.00  -1.24804  -1.46064  -0.89894
  10500.  3.50  -1.25198  -1.46378  -0.90556
  10500.  4.00  -1.25574  -1.46855  -0.90931
  10500.  4.50  -1.25835  -1.47364  -0.90981
  10500.  5.00  -1.25985  -1.47897  -0.90732
  10750.  2.00  -1.30335  -1.52153  -0.93943
  10750.  2.50  -1.29654  -1.50771  -0.94548
  10750.  3.00  -1.29854  -1.50643  -0.95423
  10750.  3.50  -1.30315  -1.51001  -0.96196
  10750.  4.00  -1.30786  -1.51536  -0.96726
  10750.  4.50  -1.31137  -1.52088  -0.96936
  10750.  5.00  -1.31347  -1.52629  -0.96820
  11000.  2.00  -1.35469  -1.56827  -0.99495
  11000.  2.50  -1.34679  -1.55348  -1.00001
  11000.  3.00  -1.34874  -1.55214  -1.00890
  11000.  3.50  -1.35381  -1.55605  -1.01743
  11000.  4.00  -1.35930  -1.56190  -1.02396
  11000.  4.50  -1.36373  -1.56797  -1.02753
  11000.  5.00  -1.36657  -1.57370  -1.02773
  11250.  2.00  -1.40603  -1.61514  -1.05033
  11250.  2.50  -1.39697  -1.59932  -1.05431
  11250.  3.00  -1.39864  -1.59773  -1.06303
  11250.  3.50  -1.40397  -1.60183  -1.07204
  11250.  4.00  -1.41008  -1.60810  -1.07955
  11250.  4.50  -1.41534  -1.61470  -1.08438
  11250.  5.00  -1.41901  -1.62088  -1.08597
  11500.  2.00  -1.45710  -1.66185  -1.10543
  11500.  2.50  -1.44701  -1.64513  -1.10840
  11500.  3.00  -1.44831  -1.64325  -1.11676
  11500.  3.50  -1.45373  -1.64741  -1.12598
  11500.  4.00  -1.46028  -1.65401  -1.13416
  11500.  4.50  -1.46622  -1.66107  -1.14006
  11500.  5.00  -1.47069  -1.66771  -1.14290
  11750.  2.00  -1.50792  -1.70843  -1.16018
  11750.  2.50  -1.49692  -1.69093  -1.16226
  11750.  3.00  -1.49773  -1.68864  -1.17010
  11750.  3.50  -1.50306  -1.69273  -1.17930
  11750.  4.00  -1.50986  -1.69948  -1.18792
  11750.  4.50  -1.51637  -1.70694  -1.19467
  11750.  5.00  -1.52158  -1.71405  -1.19865
  12000.  2.50  -1.54660  -1.73660  -1.21581
  12000.  3.00  -1.54700  -1.73401  -1.22317
  12000.  3.50  -1.55216  -1.73796  -1.23217
  12000.  4.00  -1.55905  -1.74479  -1.24098
  12000.  4.50  -1.56596  -1.75250  -1.24835
  12000.  5.00  -1.57175  -1.75999  -1.25323
  12250.  2.50  -1.59594  -1.78201  -1.26900
  12250.  3.00  -1.59597  -1.77917  -1.27590
  12250.  3.50  -1.60092  -1.78297  -1.28464
  12250.  4.00  -1.60775  -1.78972  -1.29343
  12250.  4.50  -1.61492  -1.79761  -1.30122
  12250.  5.00  -1.62119  -1.80541  -1.30682
  12500.  2.50  -1.64487  -1.82713  -1.32169
  12500.  3.00  -1.64466  -1.82416  -1.32825
  12500.  3.50  -1.64939  -1.82780  -1.33669
  12500.  4.00  -1.65611  -1.83446  -1.34536
  12500.  4.50  -1.66339  -1.84240  -1.35336
  12500.  5.00  -1.67002  -1.85042  -1.35954
  12750.  2.50  -1.69331  -1.87187  -1.37382
  12750.  3.00  -1.69303  -1.86893  -1.38021
  12750.  3.50  -1.69752  -1.87240  -1.38834
  12750.  4.00  -1.70409  -1.87893  -1.39681
  12750.  4.50  -1.71137  -1.88683  -1.40487
  12750.  5.00  -1.71824  -1.89499  -1.41145
  13000.  2.50  -1.74113  -1.91605  -1.42528
  13000.  3.00  -1.74091  -1.91328  -1.43166
  13000.  3.50  -1.74529  -1.91671  -1.43957
  13000.  4.00  -1.75171  -1.92313  -1.44781
  13000.  4.50  -1.75890  -1.93094  -1.45578
  13000.  5.00  -1.76590  -1.93914  -1.46263
  14000.  2.00  -1.93761  -2.10485  -1.62053
  14000.  2.50  -1.92595  -2.08719  -1.62387
  14000.  3.00  -1.92721  -2.08635  -1.63150
  14000.  3.50  -1.93171  -2.09017  -1.63921
  14000.  4.00  -1.93792  -2.09661  -1.64687
  14000.  4.50  -1.94462  -2.10398  -1.65416
  14000.  5.00  -1.95140  -2.11181  -1.66096
  15000.  2.50  -2.09893  -2.24759  -1.80964
  15000.  3.00  -2.10349  -2.25052  -1.82043
  15000.  3.50  -2.10939  -2.25602  -1.82928
  15000.  4.00  -2.11617  -2.26325  -1.83712
  15000.  4.50  -2.12291  -2.27086  -1.84402
  15000.  5.00  -2.12910  -2.27811  -1.85009
  16000.  2.50  -2.25952  -2.39649  -1.98201
  16000.  3.00  -2.26870  -2.40447  -1.99755
  16000.  3.50  -2.27713  -2.41284  -2.00868
  16000.  4.00  -2.28510  -2.42142  -2.01748
  16000.  4.50  -2.29281  -2.43027  -2.02490
  16000.  5.00  -2.29908  -2.43772  -2.03066
  17000.  2.50  -2.40784  -2.53405  -2.14088
  17000.  3.00  -2.42262  -2.54785  -2.16264
  17000.  3.50  -2.43475  -2.56031  -2.17722
  17000.  4.00  -2.44417  -2.57046  -2.18741
  17000.  4.50  -2.45353  -2.58122  -2.19604
  17000.  5.00  -2.46076  -2.58984  -2.20232
  18000.  2.50  -2.54434  -2.66098  -2.28607
  18000.  3.00  -2.56547  -2.68081  -2.31594
  18000.  3.50  -2.58224  -2.69828  -2.33501
  18000.  4.00  -2.59362  -2.71053  -2.34713
  18000.  4.50  -2.60482  -2.72332  -2.35732
  18000.  5.00  -2.61377  -2.73394  -2.36484
  19000.  2.50  -2.67030  -2.77892  -2.41809
  19000.  3.00  -2.69761  -2.80379  -2.45759
  19000.  3.50  -2.72005  -2.82712  -2.48252
  19000.  4.00  -2.73407  -2.84217  -2.49722
  19000.  4.50  -2.74688  -2.85667  -2.50895
  19000.  5.00  -2.75799  -2.86973  -2.51819
  20000.  3.00  -2.81964  -2.91758  -2.58779
  20000.  3.50  -2.84843  -2.94716  -2.61990
  20000.  4.00  -2.86596  -2.96583  -2.63814
  20000.  4.50  -2.88000  -2.98154  -2.65122
  20000.  5.00  -2.89348  -2.99717  -2.66253
  21000.  3.00  -2.93324  -3.02393  -2.70798
  21000.  3.50  -2.96793  -3.05897  -2.74746
  21000.  4.00  -2.98984  -3.08207  -2.77035
  21000.  4.50  -3.00517  -3.09893  -2.78500
  21000.  5.00  -3.02056  -3.11655  -2.79814
  22000.  3.00  -3.04061  -3.12486  -2.82089
  22000.  3.50  -3.07935  -3.16344  -2.86588
  22000.  4.00  -3.10603  -3.19122  -2.89407
  22000.  4.50  -3.12282  -3.20939  -2.91055
  22000.  5.00  -3.13976  -3.22845  -2.92550
  23000.  3.00  -3.14370  -3.22182  -2.92949
  23000.  3.50  -3.18428  -3.26207  -2.97692
  23000.  4.00  -3.21517  -3.29392  -3.00989
  23000.  4.50  -3.23447  -3.31452  -3.02917
  23000.  5.00  -3.25163  -3.33349  -3.04485
  24000.  3.00  -3.24121  -3.31317  -3.03298
  24000.  3.50  -3.28438  -3.35626  -3.08284
  24000.  4.00  -3.31817  -3.39100  -3.11889
  24000.  4.50  -3.34019  -3.41426  -3.14114
  24000.  5.00  -3.35727  -3.43291  -3.15716
  25000.  3.00  -3.33047  -3.39681  -3.12743
  25000.  3.50  -3.38004  -3.44606  -3.18464
  25000.  4.00  -3.41604  -3.48328  -3.22248
  25000.  4.50  -3.44058  -3.50909  -3.24732
  25000.  5.00  -3.45784  -3.52779  -3.26371
  26000.  3.00  -3.41247  -3.47505  -3.21135
  26000.  3.50  -3.47002  -3.53013  -3.28121
  26000.  4.00  -3.50925  -3.57100  -3.32156
  26000.  4.50  -3.53608  -3.59925  -3.34843
  26000.  5.00  -3.55421  -3.61880  -3.36574
  27000.  3.50  -3.55272  -3.60711  -3.37021
  27000.  4.00  -3.59738  -3.65358  -3.41595
  27000.  4.50  -3.62674  -3.68466  -3.44484
  27000.  5.00  -3.64640  -3.70581  -3.46358
  28000.  3.50  -3.62837  -3.67780  -3.45092
  28000.  4.00  -3.67944  -3.73012  -3.50442
  28000.  4.50  -3.71218  -3.76485  -3.53628
  28000.  5.00  -3.73369  -3.78797  -3.55664
  29000.  3.50  -3.70059  -3.74625  -3.52621
  29000.  4.00  -3.75491  -3.80038  -3.58581
  29000.  4.50  -3.79177  -3.83921  -3.62196
  29000.  5.00  -3.81564  -3.86485  -3.64443
  30000.  3.50  -3.77316  -3.81639  -3.59983
  30000.  4.00  -3.82548  -3.86639  -3.66122
  30000.  4.50  -3.86565  -3.90811  -3.70158
  30000.  5.00  -3.89209  -3.93636  -3.72663
  31000.  3.50  -3.85022  -3.89215  -3.67646
  31000.  4.00  -3.89361  -3.93084  -3.73281
  31000.  4.50  -3.93490  -3.97288  -3.77579
  31000.  5.00  -3.96341  -4.00302  -3.80328
  32000.  4.00  -3.96209  -3.99653  -3.80344
  32000.  4.50  -4.00142  -4.03556  -3.84626
  32000.  5.00  -4.03111  -4.06653  -3.87556
  33000.  4.00  -4.03331  -4.06585  -3.87562
  33000.  4.50  -4.06715  -4.09815  -3.91493
  33000.  5.00  -4.09612  -4.12785  -3.94443
  34000.  4.00  -4.10736  -4.13867  -3.94973
  34000.  4.50  -4.13465  -4.16328  -3.98427
  34000.  5.00  -4.16099  -4.18966  -4.01227
  35000.  4.00  -4.18451  -4.21495  -4.02663
  35000.  4.50  -4.20408  -4.23101  -4.05459
  35000.  5.00  -4.22700  -4.25325  -4.08033
  36000.  4.00  -4.26432  -4.29392  -4.10641
  36000.  4.50  -4.27582  -4.30156  -4.12658
  36000.  5.00  -4.29438  -4.31881  -4.14894
  37000.  4.00  -4.34575  -4.37442  -4.18830
  37000.  4.50  -4.35014  -4.37493  -4.20097
  37000.  5.00  -4.36349  -4.38658  -4.21861
  38000.  4.00  -4.42727  -4.45490  -4.27065
  38000.  4.50  -4.42659  -4.45046  -4.27770
  38000.  5.00  -4.43493  -4.45700  -4.29028
  39000.  4.00  -4.50777  -4.53434  -4.35214
  39000.  4.50  -4.50420  -4.52706  -4.35595
  39000.  5.00  -4.50839  -4.52955  -4.36399
  40000.  4.50  -4.58179  -4.60358  -4.43447
  40000.  5.00  -4.58320  -4.60343  -4.43926
  41000.  4.50  -4.65847  -4.67916  -4.51227
  41000.  5.00  -4.65844  -4.67768  -4.51522
  42000.  4.50  -4.73368  -4.75328  -4.58863
  42000.  5.00  -4.73328  -4.75151  -4.59098
  43000.  4.50  -4.80721  -4.82579  -4.66330
  43000.  5.00  -4.80713  -4.82433  -4.66586
  44000.  4.50  -4.87906  -4.89669  -4.73621
  44000.  5.00  -4.87960  -4.89581  -4.73941
  45000.  4.50  -4.94933  -4.96606  -4.80750
  45000.  5.00  -4.95056  -4.96582  -4.81144
  46000.  4.50  -5.01818  -5.03407  -4.87733
  46000.  5.00  -5.02002  -5.03437  -4.88193
  47000.  4.50  -5.08570  -5.10077  -4.94582
  47000.  5.00  -5.08804  -5.10153  -4.95095
  48000.  4.50  -5.15195  -5.16623  -5.01302
  48000.  5.00  -5.15472  -5.16739  -5.01860
  49000.  4.50  -5.21700  -5.23050  -5.07901
  49000.  5.00  -5.22016  -5.23203  -5.08500
  50000.  5.00  -5.28440  -5.29550  -5.15019
