   3500.  0.00  -1.68540  -3.56981  -0.46539
   3500.  0.50  -1.73447  -3.69045  -0.50155
   3500.  1.00  -1.77371  -3.78739  -0.53080
   3500.  1.50  -1.80220  -3.85824  -0.55201
   3500.  2.00  -1.81305  -3.89066  -0.55887
   3500.  2.50  -1.80049  -3.87897  -0.54550
   3500.  3.00  -1.75793  -3.81585  -0.50553
   3500.  3.50  -1.67991  -3.69085  -0.43445
   3500.  4.00  -1.57029  -3.50980  -0.33624
   3500.  4.50  -1.44062  -3.28752  -0.22277
   3500.  5.00  -1.32360  -3.06381  -0.12646
   3750.  0.00  -1.26980  -2.62444  -0.17892
   3750.  0.50  -1.29488  -2.67235  -0.19559
   3750.  1.00  -1.31876  -2.72226  -0.21045
   3750.  1.50  -1.34130  -2.77115  -0.22424
   3750.  2.00  -1.36203  -2.81860  -0.23650
   3750.  2.50  -1.37967  -2.86203  -0.24627
   3750.  3.00  -1.39138  -2.89941  -0.25050
   3750.  3.50  -1.38947  -2.91513  -0.24348
   3750.  4.00  -1.36450  -2.89698  -0.21636
   3750.  4.50  -1.30511  -2.81927  -0.16138
   3750.  5.00  -1.22439  -2.69884  -0.09100
   4000.  0.00  -1.04263  -2.17886  -0.03195
   4000.  0.50  -1.05505  -2.19484  -0.04191
   4000.  1.00  -1.06665  -2.21177  -0.05030
   4000.  1.50  -1.07703  -2.22497  -0.05827
   4000.  2.00  -1.08810  -2.24033  -0.06629
   4000.  2.50  -1.09998  -2.25850  -0.07426
   4000.  3.00  -1.11303  -2.28439  -0.08106
   4000.  3.50  -1.12463  -2.31356  -0.08495
   4000.  4.00  -1.12990  -2.33850  -0.08215
   4000.  4.50  -1.11860  -2.34428  -0.06429
   4000.  5.00  -1.08017  -2.30745  -0.02552
   4250.  0.00  -0.89702  -1.90365   0.05785
   4250.  0.50  -0.90604  -1.91288   0.04970
   4250.  1.00  -0.91399  -1.92186   0.04298
   4250.  1.50  -0.92052  -1.92717   0.03675
   4250.  2.00  -0.92667  -1.93057   0.03027
   4250.  2.50  -0.93243  -1.93445   0.02456
   4250.  3.00  -0.93925  -1.94264   0.01934
   4250.  3.50  -0.94688  -1.95808   0.01620
   4250.  4.00  -0.95389  -1.97622   0.01510
   4250.  4.50  -0.95741  -1.99500   0.01908
   4250.  5.00  -0.94886  -2.00340   0.03526
   4500.  0.00  -0.79341  -1.70855   0.11781
   4500.  0.50  -0.80088  -1.71376   0.10989
   4500.  1.00  -0.80764  -1.72061   0.10386
   4500.  1.50  -0.81377  -1.72651   0.09830
   4500.  2.00  -0.81931  -1.72881   0.09188
   4500.  2.50  -0.82423  -1.73048   0.08598
   4500.  3.00  -0.82854  -1.73307   0.08139
   4500.  3.50  -0.83297  -1.74059   0.07902
   4500.  4.00  -0.83710  -1.75168   0.07878
   4500.  4.50  -0.84044  -1.76467   0.08053
   4500.  5.00  -0.84146  -1.77913   0.08627
   4750.  0.00  -0.71749  -1.56348   0.15806
   4750.  0.50  -0.72430  -1.56581   0.14945
   4750.  1.00  -0.73031  -1.57023   0.14318
   4750.  1.50  -0.73606  -1.57514   0.13760
   4750.  2.00  -0.74165  -1.57831   0.13135
   4750.  2.50  -0.74681  -1.57983   0.12482
   4750.  3.00  -0.75112  -1.58137   0.11948
   4750.  3.50  -0.75478  -1.58466   0.11602
   4750.  4.00  -0.75782  -1.59135   0.11525
   4750.  4.50  -0.75997  -1.60029   0.11691
   4750.  5.00  -0.76116  -1.61064   0.12059
   5000.  0.00  -0.66235  -1.45041   0.18147
   5000.  0.50  -0.66941  -1.45201   0.17179
   5000.  1.00  -0.67552  -1.45510   0.16448
   5000.  1.50  -0.68125  -1.45906   0.15828
   5000.  2.00  -0.68688  -1.46255   0.15198
   5000.  2.50  -0.69221  -1.46483   0.14540
   5000.  3.00  -0.69695  -1.46642   0.13930
   5000.  3.50  -0.70063  -1.46828   0.13490
   5000.  4.00  -0.70345  -1.47177   0.13272
   5000.  4.50  -0.70531  -1.47710   0.13306
   5000.  5.00  -0.70601  -1.48385   0.13585
   5250.  0.00  -0.62396  -1.35586   0.18723
   5250.  0.50  -0.63158  -1.35933   0.17749
   5250.  1.00  -0.63826  -1.36314   0.16950
   5250.  1.50  -0.64446  -1.36747   0.16264
   5250.  2.00  -0.65040  -1.37169   0.15615
   5250.  2.50  -0.65595  -1.37521   0.14982
   5250.  3.00  -0.66083  -1.37791   0.14401
   5250.  3.50  -0.66461  -1.37997   0.13948
   5250.  4.00  -0.66734  -1.38211   0.13659
   5250.  4.50  -0.66890  -1.38488   0.13593
   5250.  5.00  -0.66922  -1.38848   0.13766
   5500.  0.00  -0.59959  -1.27344   0.17540
   5500.  0.50  -0.60742  -1.28011   0.16708
   5500.  1.00  -0.61448  -1.28594   0.15961
   5500.  1.50  -0.62125  -1.29187   0.15274
   5500.  2.00  -0.62769  -1.29763   0.14634
   5500.  2.50  -0.63373  -1.30286   0.14025
   5500.  3.00  -0.63905  -1.30741   0.13485
   5500.  3.50  -0.64317  -1.31090   0.13066
   5500.  4.00  -0.64601  -1.31350   0.12789
   5500.  4.50  -0.64737  -1.31551   0.12708
   5500.  5.00  -0.64725  -1.31720   0.12836
   5750.  0.00  -0.58722  -1.20232   0.14808
   5750.  0.50  -0.59426  -1.21188   0.14295
   5750.  1.00  -0.60126  -1.22021   0.13718
   5750.  1.50  -0.60823  -1.22810   0.13129
   5750.  2.00  -0.61502  -1.23579   0.12561
   5750.  2.50  -0.62160  -1.24301   0.12000
   5750.  3.00  -0.62757  -1.24965   0.11500
   5750.  3.50  -0.63238  -1.25515   0.11110
   5750.  4.00  -0.63584  -1.25938   0.10851
   5750.  4.50  -0.63747  -1.26218   0.10788
   5750.  5.00  -0.63729  -1.26369   0.10925
   6000.  0.00  -0.58604  -1.14360   0.10714
   6000.  0.50  -0.59071  -1.15475   0.10735
   6000.  1.00  -0.59655  -1.16479   0.10484
   6000.  1.50  -0.60313  -1.17451   0.10096
   6000.  2.00  -0.61000  -1.18404   0.09657
   6000.  2.50  -0.61692  -1.19329   0.09192
   6000.  3.00  -0.62344  -1.20192   0.08755
   6000.  3.50  -0.62914  -1.20960   0.08387
   6000.  4.00  -0.63356  -1.21595   0.08136
   6000.  4.50  -0.63602  -1.22044   0.08072
   6000.  5.00  -0.63644  -1.22306   0.08207
   6250.  0.50  -0.59639  -1.10886   0.06113
   6250.  1.00  -0.59938  -1.11910   0.06393
   6250.  1.50  -0.60455  -1.12983   0.06342
   6250.  2.00  -0.61107  -1.14092   0.06095
   6250.  2.50  -0.61806  -1.15199   0.05773
   6250.  3.00  -0.62500  -1.16257   0.05431
   6250.  3.50  -0.63155  -1.17245   0.05105
   6250.  4.00  -0.63704  -1.18109   0.04865
   6250.  4.50  -0.64072  -1.18767   0.04776
   6250.  5.00  -0.64230  -1.19215   0.04879
   6500.  0.50  -0.60747  -1.07273   0.00999
   6500.  1.00  -0.60993  -1.08307   0.01426
   6500.  1.50  -0.61202  -1.09344   0.01921
   6500.  2.00  -0.61714  -1.10523   0.02002
   6500.  2.50  -0.62383  -1.11769   0.01869
   6500.  3.00  -0.63111  -1.13022   0.01645
   6500.  3.50  -0.63845  -1.14226   0.01376
   6500.  4.00  -0.64501  -1.15316   0.01158
   6500.  4.50  -0.65022  -1.16238   0.01040
   6500.  5.00  -0.65319  -1.16903   0.01104
   6750.  0.50  -0.62275  -1.04643  -0.04316
   6750.  1.00  -0.62448  -1.05544  -0.03828
   6750.  1.50  -0.62622  -1.06539  -0.03263
   6750.  2.00  -0.62817  -1.07651  -0.02634
   6750.  2.50  -0.63363  -1.08965  -0.02457
   6750.  3.00  -0.64089  -1.10377  -0.02514
   6750.  3.50  -0.64890  -1.11785  -0.02702
   6750.  4.00  -0.65655  -1.13112  -0.02885
   6750.  4.50  -0.66323  -1.14290  -0.03020
   6750.  5.00  -0.66791  -1.15220  -0.03004
   7000.  0.50  -0.64155  -1.02970  -0.09645
   7000.  1.00  -0.64229  -1.03637  -0.09157
   7000.  1.50  -0.64366  -1.04473  -0.08635
   7000.  2.00  -0.64528  -1.05522  -0.07954
   7000.  2.50  -0.64784  -1.06787  -0.07248
   7000.  3.00  -0.65422  -1.08275  -0.07043
   7000.  3.50  -0.66237  -1.09847  -0.07080
   7000.  4.00  -0.67106  -1.11411  -0.07212
   7000.  4.50  -0.67929  -1.12858  -0.07355
   7000.  5.00  -0.68572  -1.14058  -0.07389
   7250.  0.50  -0.66179  -1.02246  -0.14495
   7250.  1.00  -0.66368  -1.02588  -0.14542
   7250.  1.50  -0.66381  -1.03212  -0.13959
   7250.  2.00  -0.66553  -1.04111  -0.13411
   7250.  2.50  -0.66770  -1.05291  -0.12665
   7250.  3.00  -0.67149  -1.06749  -0.11963
   7250.  3.50  -0.67906  -1.08424  -0.11759
   7250.  4.00  -0.68837  -1.10151  -0.11826
   7250.  4.50  -0.69780  -1.11852  -0.11927
   7250.  5.00  -0.70606  -1.13345  -0.11993
   7500.  0.50  -0.68363  -1.03322  -0.17859
   7500.  1.00  -0.68846  -1.02477  -0.19775
   7500.  1.50  -0.68778  -1.02775  -0.19360
   7500.  2.00  -0.68827  -1.03458  -0.18771
   7500.  2.50  -0.69079  -1.04468  -0.18238
   7500.  3.00  -0.69389  -1.05841  -0.17436
   7500.  3.50  -0.69938  -1.07513  -0.16799
   7500.  4.00  -0.70840  -1.09372  -0.16651
   7500.  4.50  -0.71857  -1.11250  -0.16690
   7500.  5.00  -0.72847  -1.13016  -0.16771
   7750.  1.00  -0.71671  -1.03413  -0.24674
   7750.  1.50  -0.71593  -1.03245  -0.24754
   7750.  2.00  -0.71508  -1.03632  -0.24202
   7750.  2.50  -0.71653  -1.04439  -0.23651
   7750.  3.00  -0.72008  -1.05601  -0.23136
   7750.  3.50  -0.72441  -1.07171  -0.22335
   7750.  4.00  -0.73163  -1.09034  -0.21797
   7750.  4.50  -0.74185  -1.11050  -0.21673
   7750.  5.00  -0.75283  -1.13032  -0.21715
   8000.  1.00  -0.75052  -1.05823  -0.29092
   8000.  1.50  -0.74803  -1.04615  -0.30037
   8000.  2.00  -0.74654  -1.04648  -0.29755
   8000.  2.50  -0.74645  -1.05151  -0.29222
   8000.  3.00  -0.74915  -1.06132  -0.28717
   8000.  3.50  -0.75402  -1.07510  -0.28209
   8000.  4.00  -0.75946  -1.09275  -0.27378
   8000.  4.50  -0.76844  -1.11328  -0.26939
   8000.  5.00  -0.77966  -1.13453  -0.26850
   8250.  1.00  -0.79710  -1.10312  -0.33776
   8250.  1.50  -0.78460  -1.06932  -0.35201
   8250.  2.00  -0.78206  -1.06521  -0.35233
   8250.  2.50  -0.78109  -1.06795  -0.34777
   8250.  3.00  -0.78225  -1.07506  -0.34251
   8250.  3.50  -0.78610  -1.08583  -0.33863
   8250.  4.00  -0.79178  -1.10102  -0.33340
   8250.  4.50  -0.79826  -1.12007  -0.32526
   8250.  5.00  -0.80841  -1.14162  -0.32160
   8500.  1.50  -0.82655  -1.10263  -0.40316
   8500.  2.00  -0.82188  -1.09167  -0.40746
   8500.  2.50  -0.82010  -1.09135  -0.40488
   8500.  3.00  -0.82006  -1.09592  -0.40005
   8500.  3.50  -0.82221  -1.10447  -0.39510
   8500.  4.00  -0.82705  -1.11708  -0.39099
   8500.  4.50  -0.83324  -1.13359  -0.38505
   8500.  5.00  -0.84047  -1.15306  -0.37751
   8750.  1.50  -0.87395  -1.14414  -0.45611
   8750.  2.00  -0.86560  -1.12530  -0.46243
   8750.  2.50  -0.86297  -1.12158  -0.46234
   8750.  3.00  -0.86209  -1.12372  -0.45872
   8750.  3.50  -0.86293  -1.12977  -0.45397
   8750.  4.00  -0.86599  -1.13960  -0.44936
   8750.  4.50  -0.87157  -1.15360  -0.44496
   8750.  5.00  -0.87743  -1.17057  -0.43739
   9000.  1.50  -0.92460  -1.18971  -0.51105
   9000.  2.00  -0.91235  -1.16432  -0.51755
   9000.  2.50  -0.90923  -1.15768  -0.52021
   9000.  3.00  -0.90790  -1.15765  -0.51835
   9000.  3.50  -0.90773  -1.16150  -0.51406
   9000.  4.00  -0.90918  -1.16879  -0.50901
   9000.  4.50  -0.91292  -1.17977  -0.50434
   9000.  5.00  -0.91888  -1.19472  -0.49944
   9250.  2.00  -0.96073  -1.20629  -0.57256
   9250.  2.50  -0.95740  -1.19775  -0.57750
   9250.  3.00  -0.95653  -1.19672  -0.57798
   9250.  3.50  -0.95621  -1.19915  -0.57513
   9250.  4.00  -0.95639  -1.20398  -0.57034
   9250.  4.50  -0.95820  -1.21200  -0.56511
   9250.  5.00  -0.96239  -1.22399  -0.56005
   9500.  2.00  -1.00977  -1.24958  -0.62727
   9500.  2.50  -1.00645  -1.23993  -0.63411
   9500.  3.00  -1.00656  -1.23869  -0.63726
   9500.  3.50  -1.00691  -1.24072  -0.63649
   9500.  4.00  -1.00694  -1.24443  -0.63275
   9500.  4.50  -1.00737  -1.25009  -0.62735
   9500.  5.00  -1.00941  -1.25885  -0.62157
   9750.  2.00  -1.05929  -1.29367  -0.68189
   9750.  2.50  -1.05575  -1.28316  -0.68987
   9750.  3.00  -1.05692  -1.28209  -0.69548
   9750.  3.50  -1.05856  -1.28454  -0.69724
   9750.  4.00  -1.05935  -1.28818  -0.69527
   9750.  4.50  -1.05944  -1.29274  -0.69044
   9750.  5.00  -1.05989  -1.29903  -0.68416
  10000.  2.00  -1.10894  -1.33809  -0.73632
  10000.  2.50  -1.10499  -1.32687  -0.74477
  10000.  3.00  -1.10707  -1.32612  -0.75239
  10000.  3.50  -1.11013  -1.32925  -0.75665
  10000.  4.00  -1.11225  -1.33353  -0.75693
  10000.  4.50  -1.11301  -1.33807  -0.75364
  10000.  5.00  -1.11300  -1.34315  -0.74784
  10250.  2.00  -1.15977  -1.38380  -0.79187
  10250.  2.50  -1.15594  -1.37257  -0.80112
  10250.  3.00  -1.15962  -1.37308  -0.81114
  10250.  3.50  -1.16502  -1.37811  -0.81856
  10250.  4.00  -1.16973  -1.38455  -0.82215
  10250.  4.50  -1.17271  -1.39091  -0.82164
  10250.  5.00  -1.17390  -1.39680  -0.81753
  10500.  2.00  -1.20978  -1.42880  -0.84632
  10500.  2.50  -1.20472  -1.41642  -0.85465
  10500.  3.00  -1.20866  -1.41698  -0.86549
  10500.  3.50  -1.21503  -1.42253  -0.87467
  10500.  4.00  -1.22113  -1.42981  -0.88050
  10500.  4.50  -1.22556  -1.43707  -0.88229
  10500.  5.00  -1.22793  -1.44363  -0.88004
  10750.  2.00  -1.26011  -1.47423  -0.90102
  10750.  2.50  -1.25355  -1.46045  -0.90804
  10750.  3.00  -1.25731  -1.46074  -0.91907
  10750.  3.50  -1.26436  -1.46673  -0.92945
  10750.  4.00  -1.27173  -1.47486  -0.93728
  10750.  4.50  -1.27759  -1.48304  -0.94125
  10750.  5.00  -1.28131  -1.49047  -0.94104
  11000.  2.00  -1.31023  -1.51954  -0.95542
  11000.  2.50  -1.30157  -1.50383  -0.96032
  11000.  3.00  -1.30423  -1.50303  -0.97039
  11000.  3.50  -1.31083  -1.50837  -0.98070
  11000.  4.00  -1.31821  -1.51616  -0.98911
  11000.  4.50  -1.32446  -1.52423  -0.99415
  11000.  5.00  -1.32870  -1.53160  -0.99525
  11250.  2.00  -1.36103  -1.56570  -1.01048
  11250.  2.50  -1.35087  -1.54861  -1.01391
  11250.  3.00  -1.35297  -1.54731  -1.02351
  11250.  3.50  -1.35967  -1.55268  -1.03417
  11250.  4.00  -1.36775  -1.56095  -1.04369
  11250.  4.50  -1.37514  -1.56985  -1.05042
  11250.  5.00  -1.38071  -1.57820  -1.05338
  11500.  2.00  -1.41158  -1.61169  -1.06526
  11500.  2.50  -1.40017  -1.59348  -1.06747
  11500.  3.00  -1.40161  -1.59161  -1.07640
  11500.  3.50  -1.40820  -1.59685  -1.08708
  11500.  4.00  -1.41671  -1.60542  -1.09731
  11500.  4.50  -1.42502  -1.61502  -1.10534
  11500.  5.00  -1.43181  -1.62429  -1.11000
  11750.  2.00  -1.46188  -1.65760  -1.11964
  11750.  2.50  -1.44937  -1.63838  -1.12083
  11750.  3.00  -1.45010  -1.63589  -1.12901
  11750.  3.50  -1.45636  -1.64081  -1.13942
  11750.  4.00  -1.46502  -1.64944  -1.15000
  11750.  4.50  -1.47400  -1.65954  -1.15902
  11750.  5.00  -1.48188  -1.66965  -1.16519
  12000.  2.50  -1.49831  -1.68315  -1.17385
  12000.  3.00  -1.49839  -1.68010  -1.18130
  12000.  3.50  -1.50425  -1.68465  -1.19132
  12000.  4.00  -1.51283  -1.69317  -1.20192
  12000.  4.50  -1.52228  -1.70362  -1.21165
  12000.  5.00  -1.53109  -1.71448  -1.21906
  12250.  2.50  -1.54687  -1.72763  -1.22643
  12250.  3.00  -1.54647  -1.72417  -1.23336
  12250.  3.50  -1.55190  -1.72835  -1.24290
  12250.  4.00  -1.56020  -1.73656  -1.25327
  12250.  4.50  -1.56985  -1.74714  -1.26336
  12250.  5.00  -1.57933  -1.75853  -1.27169
  12500.  2.50  -1.59499  -1.77181  -1.27844
  12500.  3.00  -1.59424  -1.76807  -1.28499
  12500.  3.50  -1.59920  -1.77182  -1.29399
  12500.  4.00  -1.60714  -1.77968  -1.30401
  12500.  4.50  -1.61679  -1.79021  -1.31420
  12500.  5.00  -1.62682  -1.80205  -1.32326
  12750.  2.50  -1.64257  -1.81556  -1.32983
  12750.  3.00  -1.64155  -1.81159  -1.33614
  12750.  3.50  -1.64613  -1.81501  -1.34470
  12750.  4.00  -1.65365  -1.82245  -1.35428
  12750.  4.50  -1.66319  -1.83285  -1.36435
  12750.  5.00  -1.67360  -1.84502  -1.37389
  13000.  2.50  -1.68950  -1.85874  -1.38049
  13000.  3.00  -1.68841  -1.85477  -1.38673
  13000.  3.50  -1.69270  -1.85793  -1.39497
  13000.  4.00  -1.69983  -1.86499  -1.40412
  13000.  4.50  -1.70914  -1.87517  -1.41395
  13000.  5.00  -1.71976  -1.88752  -1.42373
  14000.  2.00  -1.88535  -2.04710  -1.57406
  14000.  2.50  -1.87100  -2.02631  -1.57589
  14000.  3.00  -1.87051  -2.02309  -1.58299
  14000.  3.50  -1.87436  -2.02586  -1.59081
  14000.  4.00  -1.88030  -2.03172  -1.59877
  14000.  4.50  -1.88873  -2.04110  -1.60743
  14000.  5.00  -1.89962  -2.05381  -1.61724
  15000.  2.50  -2.04128  -2.18391  -1.75886
  15000.  3.00  -2.04270  -2.18282  -1.76815
  15000.  3.50  -2.04674  -2.18574  -1.77646
  15000.  4.00  -2.05188  -2.19067  -1.78381
  15000.  4.50  -2.05923  -2.19893  -1.79129
  15000.  5.00  -2.06978  -2.21153  -1.80012
  16000.  2.50  -2.19956  -2.33051  -1.92875
  16000.  3.00  -2.20495  -2.33372  -1.94228
  16000.  3.50  -2.20992  -2.33763  -1.95173
  16000.  4.00  -2.21470  -2.34204  -1.95905
  16000.  4.50  -2.22117  -2.34922  -1.96590
  16000.  5.00  -2.23170  -2.36189  -1.97436
  17000.  2.50  -2.34558  -2.46607  -2.08468
  17000.  3.00  -2.35709  -2.47544  -2.10532
  17000.  3.50  -2.36372  -2.48114  -2.11652
  17000.  4.00  -2.36819  -2.48510  -2.12392
  17000.  4.50  -2.37334  -2.49060  -2.13004
  17000.  5.00  -2.38415  -2.50350  -2.13874
  18000.  2.50  -2.47976  -2.59143  -2.22601
  18000.  3.00  -2.49885  -2.60764  -2.25702
  18000.  3.50  -2.50887  -2.61695  -2.27161
  18000.  4.00  -2.51344  -2.62099  -2.27920
  18000.  4.50  -2.51746  -2.62513  -2.28461
  18000.  5.00  -2.52726  -2.63665  -2.29288
  19000.  2.50  -2.60501  -2.70976  -2.35518
  19000.  3.00  -2.62976  -2.72992  -2.39652
  19000.  3.50  -2.64555  -2.74514  -2.41719
  19000.  4.00  -2.65140  -2.75064  -2.42587
  19000.  4.50  -2.65417  -2.75336  -2.43024
  19000.  5.00  -2.66235  -2.76292  -2.43742
  20000.  3.00  -2.75074  -2.84340  -2.52424
  20000.  3.50  -2.77382  -2.86575  -2.55331
  20000.  4.00  -2.78225  -2.87405  -2.56431
  20000.  4.50  -2.78486  -2.87665  -2.56837
  20000.  5.00  -2.79044  -2.88327  -2.57336
  21000.  3.00  -2.86419  -2.95041  -2.64289
  21000.  3.50  -2.89386  -2.97890  -2.68006
  21000.  4.00  -2.90698  -2.99207  -2.69576
  21000.  4.50  -2.91032  -2.99559  -2.70018
  21000.  5.00  -2.91388  -3.00006  -2.70317
  22000.  3.00  -2.97333  -3.05363  -2.75682
  22000.  3.50  -3.00647  -3.08535  -2.79834
  22000.  4.00  -3.02539  -3.10437  -2.82014
  22000.  4.50  -3.03128  -3.11065  -2.82685
  22000.  5.00  -3.03434  -3.11465  -2.82917
  23000.  3.00  -3.07889  -3.15321  -2.86794
  23000.  3.50  -3.11333  -3.18656  -2.91035
  23000.  4.00  -3.13751  -3.21087  -2.93773
  23000.  4.50  -3.14753  -3.22141  -2.94851
  23000.  5.00  -3.15143  -3.22629  -2.95160
  24000.  3.00  -3.17867  -3.24710  -2.97355
  24000.  3.50  -3.21598  -3.28364  -3.01851
  24000.  4.00  -3.24390  -3.31197  -3.04926
  24000.  4.50  -3.25849  -3.32720  -3.06468
  24000.  5.00  -3.26482  -3.33457  -3.07019
  25000.  3.00  -3.27104  -3.33471  -3.06987
  25000.  3.50  -3.31392  -3.37583  -3.12274
  25000.  4.00  -3.34519  -3.40808  -3.15584
  25000.  4.50  -3.36388  -3.42762  -3.17515
  25000.  5.00  -3.37324  -3.43805  -3.18377
  26000.  3.00  -3.36060  -3.42197  -3.15919
  26000.  3.50  -3.40545  -3.46156  -3.22089
  26000.  4.00  -3.44143  -3.49903  -3.25797
  26000.  4.50  -3.46387  -3.52273  -3.28035
  26000.  5.00  -3.47650  -3.53655  -3.29216
  27000.  3.50  -3.48967  -3.54041  -3.31110
  27000.  4.00  -3.53182  -3.58397  -3.35476
  27000.  4.50  -3.55831  -3.61219  -3.38043
  27000.  5.00  -3.57413  -3.62944  -3.39507
  28000.  3.50  -3.56852  -3.61494  -3.39417
  28000.  4.00  -3.61559  -3.66239  -3.44490
  28000.  4.50  -3.64671  -3.69552  -3.47483
  28000.  5.00  -3.66601  -3.71655  -3.49245
  29000.  3.50  -3.64602  -3.68946  -3.47366
  29000.  4.00  -3.69341  -3.73534  -3.52831
  29000.  4.50  -3.72901  -3.77281  -3.56314
  29000.  5.00  -3.75197  -3.79772  -3.58413
  30000.  3.50  -3.72584  -3.76754  -3.55367
  30000.  4.00  -3.76742  -3.80530  -3.60658
  30000.  4.50  -3.80556  -3.84467  -3.64522
  30000.  5.00  -3.83189  -3.87295  -3.66965
  31000.  3.50  -3.81007  -3.85089  -3.63703
  31000.  4.00  -3.84005  -3.87479  -3.68201
  31000.  4.50  -3.87830  -3.91328  -3.72255
  31000.  5.00  -3.90686  -3.94354  -3.74977
  32000.  4.00  -3.91443  -3.94690  -3.75791
  32000.  4.50  -3.94862  -3.98016  -3.79642
  32000.  5.00  -3.97822  -4.01098  -3.82555
  33000.  4.00  -3.99104  -4.02193  -3.83510
  33000.  4.50  -4.01962  -4.04847  -3.86983
  33000.  5.00  -4.04737  -4.07676  -3.89830
  34000.  4.00  -4.07018  -4.09992  -3.91436
  34000.  4.50  -4.09189  -4.11871  -3.94353
  34000.  5.00  -4.11683  -4.14349  -3.97039
  35000.  4.00  -4.15163  -4.18035  -3.99602
  35000.  4.50  -4.16597  -4.19130  -4.01834
  35000.  5.00  -4.18705  -4.21157  -4.04236
  36000.  4.00  -4.23458  -4.26222  -4.07951
  36000.  4.50  -4.24205  -4.26619  -4.09485
  36000.  5.00  -4.25855  -4.28144  -4.11491
  37000.  4.00  -4.31771  -4.34419  -4.16358
  37000.  4.50  -4.31992  -4.34296  -4.17322
  37000.  5.00  -4.33169  -4.35331  -4.18866
  38000.  4.00  -4.39990  -4.42520  -4.24692
  38000.  4.50  -4.39877  -4.42064  -4.25285
  38000.  5.00  -4.40651  -4.42701  -4.26398
  39000.  4.00  -4.48055  -4.50470  -4.32875
  39000.  4.50  -4.47770  -4.49835  -4.33288
  39000.  5.00  -4.48241  -4.50183  -4.34056
  40000.  4.50  -4.55584  -4.57523  -4.41234
  40000.  5.00  -4.55884  -4.57713  -4.41789
  41000.  4.50  -4.63252  -4.65067  -4.49044
  41000.  5.00  -4.63496  -4.65207  -4.49514
  42000.  4.50  -4.70741  -4.72435  -4.56672
  42000.  5.00  -4.71008  -4.72598  -4.57154
  43000.  4.50  -4.78041  -4.79624  -4.64103
  43000.  5.00  -4.78373  -4.79844  -4.64655
  44000.  4.50  -4.85159  -4.86641  -4.71340
  44000.  5.00  -4.85567  -4.86925  -4.71983
  45000.  4.50  -4.92112  -4.93499  -4.78405
  45000.  5.00  -4.92584  -4.93835  -4.79126
  46000.  4.50  -4.98927  -5.00226  -4.85326
  46000.  5.00  -4.99436  -5.00589  -4.86094
  47000.  4.50  -5.05612  -5.06827  -4.92116
  47000.  5.00  -5.06137  -5.07199  -4.92906
  48000.  4.50  -5.12168  -5.13301  -4.98774
  48000.  5.00  -5.12709  -5.13684  -4.99583
  49000.  4.50  -5.18600  -5.19653  -5.05308
  49000.  5.00  -5.19161  -5.20053  -5.06140
  50000.  5.00  -5.25500  -5.26311  -5.12583
