   3500.  0.00  -1.84040  -3.57974  -0.64601
   3500.  0.50  -1.89104  -3.69516  -0.68304
   3500.  1.00  -1.93137  -3.78663  -0.71294
   3500.  1.50  -1.96049  -3.85179  -0.73462
   3500.  2.00  -1.97141  -3.87827  -0.74175
   3500.  2.50  -1.95836  -3.86055  -0.72850
   3500.  3.00  -1.91479  -3.79199  -0.68851
   3500.  3.50  -1.83515  -3.66310  -0.61721
   3500.  4.00  -1.72333  -3.48072  -0.51857
   3500.  4.50  -1.59094  -3.26020  -0.40435
   3500.  5.00  -1.47081  -3.04160  -0.30692
   3750.  0.00  -1.40508  -2.63816  -0.35180
   3750.  0.50  -1.43090  -2.68328  -0.36920
   3750.  1.00  -1.45556  -2.72981  -0.38483
   3750.  1.50  -1.47875  -2.77456  -0.39938
   3750.  2.00  -1.50003  -2.81743  -0.41236
   3750.  2.50  -1.51812  -2.85584  -0.42279
   3750.  3.00  -1.53030  -2.88845  -0.42762
   3750.  3.50  -1.52859  -2.89997  -0.42101
   3750.  4.00  -1.50356  -2.87891  -0.39410
   3750.  4.50  -1.44336  -2.80051  -0.33891
   3750.  5.00  -1.36111  -2.68141  -0.26792
   4000.  0.00  -1.16562  -2.18729  -0.20063
   4000.  0.50  -1.17797  -2.20153  -0.21085
   4000.  1.00  -1.18957  -2.21653  -0.21955
   4000.  1.50  -1.19971  -2.22713  -0.22786
   4000.  2.00  -1.21059  -2.23962  -0.23628
   4000.  2.50  -1.22234  -2.25462  -0.24472
   4000.  3.00  -1.23565  -2.27745  -0.25208
   4000.  3.50  -1.24781  -2.30379  -0.25657
   4000.  4.00  -1.25383  -2.32640  -0.25433
   4000.  4.50  -1.24326  -2.33084  -0.23684
   4000.  5.00  -1.20494  -2.29428  -0.19795
   4250.  0.00  -1.01099  -1.90492  -0.10856
   4250.  0.50  -1.01970  -1.91251  -0.11687
   4250.  1.00  -1.02736  -1.91971  -0.12374
   4250.  1.50  -1.03338  -1.92290  -0.13011
   4250.  2.00  -1.03887  -1.92387  -0.13671
   4250.  2.50  -1.04408  -1.92558  -0.14255
   4250.  3.00  -1.05061  -1.93173  -0.14796
   4250.  3.50  -1.05850  -1.94573  -0.15140
   4250.  4.00  -1.06606  -1.96280  -0.15285
   4250.  4.50  -1.07047  -1.98093  -0.14927
   4250.  5.00  -1.06298  -1.98926  -0.13338
   4500.  0.00  -0.89988  -1.70252  -0.04704
   4500.  0.50  -0.90685  -1.70604  -0.05510
   4500.  1.00  -0.91326  -1.71125  -0.06128
   4500.  1.50  -0.91896  -1.71530  -0.06696
   4500.  2.00  -0.92378  -1.71536  -0.07347
   4500.  2.50  -0.92800  -1.71491  -0.07942
   4500.  3.00  -0.93180  -1.71582  -0.08406
   4500.  3.50  -0.93617  -1.72216  -0.08654
   4500.  4.00  -0.94065  -1.73268  -0.08691
   4500.  4.50  -0.94464  -1.74560  -0.08531
   4500.  5.00  -0.94665  -1.76043  -0.07977
   4750.  0.00  -0.81731  -1.54982  -0.00563
   4750.  0.50  -0.82342  -1.55043  -0.01436
   4750.  1.00  -0.82897  -1.55329  -0.02075
   4750.  1.50  -0.83430  -1.55658  -0.02646
   4750.  2.00  -0.83927  -1.55785  -0.03281
   4750.  2.50  -0.84369  -1.55737  -0.03940
   4750.  3.00  -0.84740  -1.55725  -0.04479
   4750.  3.50  -0.85070  -1.55925  -0.04828
   4750.  4.00  -0.85382  -1.56526  -0.04910
   4750.  4.50  -0.85642  -1.57409  -0.04751
   4750.  5.00  -0.85835  -1.58485  -0.04390
   5000.  0.00  -0.75570  -1.42842   0.01858
   5000.  0.50  -0.76194  -1.42827   0.00884
   5000.  1.00  -0.76746  -1.42979   0.00143
   5000.  1.50  -0.77273  -1.43225  -0.00486
   5000.  2.00  -0.77783  -1.43414  -0.01126
   5000.  2.50  -0.78254  -1.43478  -0.01790
   5000.  3.00  -0.78666  -1.43486  -0.02404
   5000.  3.50  -0.78990  -1.43553  -0.02847
   5000.  4.00  -0.79256  -1.43822  -0.03067
   5000.  4.50  -0.79458  -1.44319  -0.03038
   5000.  5.00  -0.79576  -1.45010  -0.02761
   5250.  0.00  -0.71030  -1.32471   0.02494
   5250.  0.50  -0.71722  -1.32659   0.01516
   5250.  1.00  -0.72334  -1.32890   0.00712
   5250.  1.50  -0.72908  -1.33180   0.00019
   5250.  2.00  -0.73458  -1.33463  -0.00636
   5250.  2.50  -0.73967  -1.33681  -0.01274
   5250.  3.00  -0.74411  -1.33832  -0.01859
   5250.  3.50  -0.74754  -1.33946  -0.02315
   5250.  4.00  -0.75007  -1.34094  -0.02605
   5250.  4.50  -0.75164  -1.34338  -0.02672
   5250.  5.00  -0.75222  -1.34704  -0.02500
   5500.  0.00  -0.67804  -1.23240   0.01364
   5500.  0.50  -0.68554  -1.23791   0.00531
   5500.  1.00  -0.69223  -1.24249  -0.00219
   5500.  1.50  -0.69868  -1.24714  -0.00911
   5500.  2.00  -0.70485  -1.25169  -0.01555
   5500.  2.50  -0.71061  -1.25579  -0.02168
   5500.  3.00  -0.71571  -1.25937  -0.02712
   5500.  3.50  -0.71966  -1.26217  -0.03133
   5500.  4.00  -0.72243  -1.26432  -0.03411
   5500.  4.50  -0.72384  -1.26619  -0.03492
   5500.  5.00  -0.72393  -1.26803  -0.03363
   5750.  0.00  -0.65691  -1.15087  -0.01315
   5750.  0.50  -0.66422  -1.16003  -0.01828
   5750.  1.00  -0.67125  -1.16753  -0.02406
   5750.  1.50  -0.67817  -1.17446  -0.02998
   5750.  2.00  -0.68494  -1.18118  -0.03570
   5750.  2.50  -0.69147  -1.18746  -0.04135
   5750.  3.00  -0.69744  -1.19329  -0.04638
   5750.  3.50  -0.70231  -1.19821  -0.05031
   5750.  4.00  -0.70588  -1.20210  -0.05292
   5750.  4.50  -0.70771  -1.20488  -0.05355
   5750.  5.00  -0.70782  -1.20668  -0.05218
   6000.  0.00  -0.64623  -1.08125  -0.05361
   6000.  0.50  -0.65199  -1.09312  -0.05338
   6000.  1.00  -0.65843  -1.10307  -0.05587
   6000.  1.50  -0.66537  -1.11225  -0.05976
   6000.  2.00  -0.67253  -1.12113  -0.06419
   6000.  2.50  -0.67972  -1.12969  -0.06886
   6000.  3.00  -0.68650  -1.13770  -0.07327
   6000.  3.50  -0.69249  -1.14489  -0.07698
   6000.  4.00  -0.69723  -1.15093  -0.07952
   6000.  4.50  -0.70007  -1.15543  -0.08018
   6000.  5.00  -0.70092  -1.15834  -0.07883
   6250.  0.50  -0.64846  -1.03712  -0.09915
   6250.  1.00  -0.65285  -1.04839  -0.09629
   6250.  1.50  -0.65896  -1.05931  -0.09679
   6250.  2.00  -0.66617  -1.07014  -0.09926
   6250.  2.50  -0.67379  -1.08083  -0.10251
   6250.  3.00  -0.68130  -1.09102  -0.10597
   6250.  3.50  -0.68840  -1.10053  -0.10927
   6250.  4.00  -0.69446  -1.10892  -0.11170
   6250.  4.50  -0.69870  -1.11546  -0.11262
   6250.  5.00  -0.70086  -1.12014  -0.11162
   6500.  0.50  -0.65055  -0.99169  -0.14988
   6500.  1.00  -0.65453  -1.00306  -0.14554
   6500.  1.50  -0.65841  -1.01478  -0.14053
   6500.  2.00  -0.66478  -1.02700  -0.13969
   6500.  2.50  -0.67249  -1.03947  -0.14103
   6500.  3.00  -0.68070  -1.05184  -0.14331
   6500.  3.50  -0.68890  -1.06365  -0.14603
   6500.  4.00  -0.69629  -1.07439  -0.14827
   6500.  4.50  -0.70229  -1.08355  -0.14949
   6500.  5.00  -0.70602  -1.09031  -0.14890
   6750.  0.50  -0.65742  -0.95700  -0.20265
   6750.  1.00  -0.66059  -0.96698  -0.19770
   6750.  1.50  -0.66414  -0.97822  -0.19196
   6750.  2.00  -0.66823  -0.99097  -0.18558
   6750.  2.50  -0.67527  -1.00476  -0.18380
   6750.  3.00  -0.68386  -1.01908  -0.18439
   6750.  3.50  -0.69306  -1.03313  -0.18632
   6750.  4.00  -0.70182  -1.04634  -0.18821
   6750.  4.50  -0.70955  -1.05806  -0.18962
   6750.  5.00  -0.71519  -1.06739  -0.18952
   7000.  0.50  -0.66866  -0.93295  -0.25558
   7000.  1.00  -0.67060  -0.94041  -0.25062
   7000.  1.50  -0.67359  -0.94991  -0.24529
   7000.  2.00  -0.67736  -0.96199  -0.23839
   7000.  2.50  -0.68241  -0.97649  -0.23125
   7000.  3.00  -0.69065  -0.99215  -0.22921
   7000.  3.50  -0.70039  -1.00819  -0.22961
   7000.  4.00  -0.71052  -1.02391  -0.23101
   7000.  4.50  -0.72005  -1.03835  -0.23252
   7000.  5.00  -0.72767  -1.05031  -0.23293
   7250.  0.50  -0.68307  -0.92029  -0.30371
   7250.  1.00  -0.68491  -0.92324  -0.30412
   7250.  1.50  -0.68657  -0.93065  -0.29817
   7250.  2.00  -0.69016  -0.94097  -0.29258
   7250.  2.50  -0.69485  -0.95465  -0.28504
   7250.  3.00  -0.70140  -0.97117  -0.27797
   7250.  3.50  -0.71107  -0.98878  -0.27596
   7250.  4.00  -0.72213  -1.00637  -0.27669
   7250.  4.50  -0.73320  -1.02349  -0.27779
   7250.  5.00  -0.74291  -1.03837  -0.27854
   7500.  0.50  -0.70312  -0.92923  -0.33690
   7500.  1.00  -0.70374  -0.91650  -0.35613
   7500.  1.50  -0.70404  -0.92028  -0.35185
   7500.  2.00  -0.70635  -0.92854  -0.34583
   7500.  2.50  -0.71099  -0.94017  -0.34040
   7500.  3.00  -0.71700  -0.95604  -0.33231
   7500.  3.50  -0.72543  -0.97466  -0.32594
   7500.  4.00  -0.73671  -0.99408  -0.32450
   7500.  4.50  -0.74883  -1.01319  -0.32498
   7500.  5.00  -0.76045  -1.03085  -0.32591
   7750.  1.00  -0.72776  -0.92177  -0.40480
   7750.  1.50  -0.72662  -0.91972  -0.40550
   7750.  2.00  -0.72731  -0.92495  -0.39983
   7750.  2.50  -0.73081  -0.93462  -0.39420
   7750.  3.00  -0.73674  -0.94794  -0.38897
   7750.  3.50  -0.74429  -0.96596  -0.38091
   7750.  4.00  -0.75453  -0.98635  -0.37555
   7750.  4.50  -0.76713  -1.00723  -0.37441
   7750.  5.00  -0.78014  -1.02726  -0.37495
   8000.  1.00  -0.75960  -0.94340  -0.44865
   8000.  1.50  -0.75433  -0.92915  -0.45805
   8000.  2.00  -0.75361  -0.93028  -0.45509
   8000.  2.50  -0.75536  -0.93695  -0.44962
   8000.  3.00  -0.76036  -0.94854  -0.44445
   8000.  3.50  -0.76795  -0.96422  -0.43931
   8000.  4.00  -0.77689  -0.98428  -0.43100
   8000.  4.50  -0.78889  -1.00628  -0.42668
   8000.  5.00  -0.80254  -1.02810  -0.42591
   8250.  1.00  -0.80600  -0.98634  -0.49517
   8250.  1.50  -0.78777  -0.94899  -0.50943
   8250.  2.00  -0.78501  -0.94495  -0.50962
   8250.  2.50  -0.78553  -0.94912  -0.50489
   8250.  3.00  -0.78886  -0.95805  -0.49951
   8250.  3.50  -0.79507  -0.97061  -0.49556
   8250.  4.00  -0.80371  -0.98784  -0.49030
   8250.  4.50  -0.81381  -1.00920  -0.48219
   8250.  5.00  -0.82691  -1.03189  -0.47864
   8500.  1.50  -0.82780  -0.97965  -0.56033
   8500.  2.00  -0.82155  -0.96791  -0.56452
   8500.  2.50  -0.82063  -0.96861  -0.56178
   8500.  3.00  -0.82248  -0.97491  -0.55681
   8500.  3.50  -0.82700  -0.98540  -0.55177
   8500.  4.00  -0.83450  -0.99996  -0.54761
   8500.  4.50  -0.84393  -1.01863  -0.54168
   8500.  5.00  -0.85464  -1.04001  -0.53422
   8750.  1.50  -0.87397  -1.01883  -0.61305
   8750.  2.00  -0.86283  -0.99863  -0.61929
   8750.  2.50  -0.86031  -0.99541  -0.61905
   8750.  3.00  -0.86092  -0.99906  -0.61528
   8750.  3.50  -0.86392  -1.00704  -0.61041
   8750.  4.00  -0.86954  -1.01892  -0.60572
   8750.  4.50  -0.87798  -1.03490  -0.60133
   8750.  5.00  -0.88728  -1.05404  -0.59380
   9000.  1.50  -0.92364  -1.06205  -0.66776
   9000.  2.00  -0.90781  -1.03522  -0.67420
   9000.  2.50  -0.90405  -1.02863  -0.67673
   9000.  3.00  -0.90370  -1.02974  -0.67472
   9000.  3.50  -0.90540  -1.03535  -0.67030
   9000.  4.00  -0.90924  -1.04467  -0.66516
   9000.  4.50  -0.91570  -1.05772  -0.66047
   9000.  5.00  -0.92470  -1.07470  -0.65561
   9250.  2.00  -0.95478  -1.07497  -0.72902
   9250.  2.50  -0.95027  -1.06623  -0.73385
   9250.  3.00  -0.94990  -1.06602  -0.73419
   9250.  3.50  -0.95107  -1.06992  -0.73121
   9250.  4.00  -0.95340  -1.07666  -0.72633
   9250.  4.50  -0.95776  -1.08679  -0.72104
   9250.  5.00  -0.96485  -1.10089  -0.71600
   9500.  2.00  -1.00262  -1.11612  -0.78354
   9500.  2.50  -0.99772  -1.10622  -0.79029
   9500.  3.00  -0.99793  -1.10558  -0.79332
   9500.  3.50  -0.99945  -1.10886  -0.79242
   9500.  4.00  -1.00136  -1.11431  -0.78857
   9500.  4.50  -1.00415  -1.12199  -0.78310
   9500.  5.00  -1.00891  -1.13285  -0.77733
   9750.  2.00  -1.05103  -1.15805  -0.83798
   9750.  2.50  -1.04565  -1.14739  -0.84588
   9750.  3.00  -1.04660  -1.14682  -0.85138
   9750.  3.50  -1.04913  -1.15036  -0.85302
   9750.  4.00  -1.05154  -1.15554  -0.85095
   9750.  4.50  -1.05379  -1.16196  -0.84605
   9750.  5.00  -1.05679  -1.17030  -0.83976
  10000.  2.00  -1.09964  -1.20032  -0.89225
  10000.  2.50  -1.09370  -1.18909  -0.90063
  10000.  3.00  -1.09533  -1.18884  -0.90815
  10000.  3.50  -1.09900  -1.19295  -0.91229
  10000.  4.00  -1.10249  -1.19862  -0.91248
  10000.  4.50  -1.10522  -1.20488  -0.90913
  10000.  5.00  -1.10759  -1.21193  -0.90329
  10250.  2.00  -1.14946  -1.24396  -0.94766
  10250.  2.50  -1.14352  -1.23291  -0.95683
  10250.  3.00  -1.14659  -1.23399  -0.96676
  10250.  3.50  -1.15242  -1.24000  -0.97408
  10250.  4.00  -1.15834  -1.24778  -0.97758
  10250.  4.50  -1.16315  -1.25581  -0.97700
  10250.  5.00  -1.16665  -1.26361  -0.97286
  10500.  2.00  -1.19849  -1.28688  -1.00196
  10500.  2.50  -1.19127  -1.27480  -1.01022
  10500.  3.00  -1.19448  -1.27598  -1.02097
  10500.  3.50  -1.20109  -1.28249  -1.03006
  10500.  4.00  -1.20820  -1.29107  -1.03581
  10500.  4.50  -1.21428  -1.29992  -1.03753
  10500.  5.00  -1.21881  -1.30835  -1.03524
  10750.  2.00  -1.24786  -1.33030  -1.05653
  10750.  2.50  -1.23911  -1.31691  -1.06348
  10750.  3.00  -1.24207  -1.31791  -1.07442
  10750.  3.50  -1.24924  -1.32486  -1.08472
  10750.  4.00  -1.25745  -1.33424  -1.09246
  10750.  4.50  -1.26477  -1.34395  -1.09637
  10750.  5.00  -1.27050  -1.35319  -1.09613
  11000.  2.00  -1.29704  -1.37364  -1.11083
  11000.  2.50  -1.28619  -1.35838  -1.11563
  11000.  3.00  -1.28801  -1.35830  -1.12562
  11000.  3.50  -1.29463  -1.36461  -1.13585
  11000.  4.00  -1.30271  -1.37359  -1.14418
  11000.  4.50  -1.31023  -1.38309  -1.14917
  11000.  5.00  -1.31626  -1.39213  -1.15023
  11250.  2.00  -1.34693  -1.41795  -1.16578
  11250.  2.50  -1.33456  -1.40137  -1.16911
  11250.  3.00  -1.33580  -1.40083  -1.17863
  11250.  3.50  -1.34247  -1.40718  -1.18921
  11250.  4.00  -1.35114  -1.41666  -1.19865
  11250.  4.50  -1.35967  -1.42696  -1.20533
  11250.  5.00  -1.36689  -1.43693  -1.20826
  11500.  2.00  -1.39658  -1.46219  -1.22045
  11500.  2.50  -1.38293  -1.44449  -1.22256
  11500.  3.00  -1.38352  -1.44341  -1.23141
  11500.  3.50  -1.39003  -1.44966  -1.24202
  11500.  4.00  -1.39907  -1.45944  -1.25217
  11500.  4.50  -1.40841  -1.47042  -1.26014
  11500.  5.00  -1.41673  -1.48127  -1.26478
  11750.  2.00  -1.44601  -1.50639  -1.27473
  11750.  2.50  -1.43125  -1.48773  -1.27583
  11750.  3.00  -1.43111  -1.48602  -1.28392
  11750.  3.50  -1.43727  -1.49197  -1.29426
  11750.  4.00  -1.44640  -1.50183  -1.30476
  11750.  4.50  -1.45633  -1.51330  -1.31374
  11750.  5.00  -1.46563  -1.52497  -1.31989
  12000.  2.50  -1.47932  -1.53090  -1.32875
  12000.  3.00  -1.47852  -1.52863  -1.33612
  12000.  3.50  -1.48428  -1.53420  -1.34606
  12000.  4.00  -1.49329  -1.54395  -1.35660
  12000.  4.50  -1.50363  -1.55579  -1.36627
  12000.  5.00  -1.51377  -1.56817  -1.37366
  12250.  2.50  -1.52703  -1.57384  -1.38124
  12250.  3.00  -1.52574  -1.57116  -1.38810
  12250.  3.50  -1.53106  -1.57635  -1.39755
  12250.  4.00  -1.53976  -1.58577  -1.40785
  12250.  4.50  -1.55026  -1.59773  -1.41789
  12250.  5.00  -1.56101  -1.61065  -1.42621
  12500.  2.50  -1.57433  -1.61654  -1.43316
  12500.  3.00  -1.57268  -1.61357  -1.43964
  12500.  3.50  -1.57751  -1.61831  -1.44856
  12500.  4.00  -1.58584  -1.62736  -1.45852
  12500.  4.50  -1.59632  -1.63927  -1.46865
  12500.  5.00  -1.60756  -1.65263  -1.47770
  12750.  2.50  -1.62112  -1.65884  -1.48447
  12750.  3.00  -1.61917  -1.65566  -1.49070
  12750.  3.50  -1.62363  -1.66004  -1.49919
  12750.  4.00  -1.63151  -1.66864  -1.50871
  12750.  4.50  -1.64185  -1.68042  -1.51873
  12750.  5.00  -1.65344  -1.69411  -1.52826
  13000.  2.50  -1.66727  -1.70064  -1.53505
  13000.  3.00  -1.66524  -1.69744  -1.54122
  13000.  3.50  -1.66938  -1.70155  -1.54938
  13000.  4.00  -1.67688  -1.70975  -1.55847
  13000.  4.50  -1.68697  -1.72128  -1.56825
  13000.  5.00  -1.69875  -1.73514  -1.57801
  14000.  2.00  -1.86294  -1.88261  -1.72840
  14000.  2.50  -1.84588  -1.86300  -1.73015
  14000.  3.00  -1.84437  -1.86063  -1.73718
  14000.  3.50  -1.84800  -1.86430  -1.74494
  14000.  4.00  -1.85424  -1.87118  -1.75283
  14000.  4.50  -1.86343  -1.88181  -1.76146
  14000.  5.00  -1.87547  -1.89602  -1.77126
  15000.  2.50  -2.01355  -2.01587  -1.91285
  15000.  3.00  -2.01387  -2.01576  -1.92208
  15000.  3.50  -2.01761  -2.01957  -1.93033
  15000.  4.00  -2.02295  -2.02542  -1.93763
  15000.  4.50  -2.03101  -2.03481  -1.94507
  15000.  5.00  -2.04274  -2.04882  -1.95390
  16000.  2.50  -2.16947  -2.15811  -2.08250
  16000.  3.00  -2.17369  -2.16250  -2.09597
  16000.  3.50  -2.17830  -2.16733  -2.10537
  16000.  4.00  -2.18318  -2.17261  -2.11265
  16000.  4.50  -2.19026  -2.18082  -2.11946
  16000.  5.00  -2.20196  -2.19479  -2.12792
  17000.  2.50  -2.31347  -2.28960  -2.23819
  17000.  3.00  -2.32363  -2.30040  -2.25880
  17000.  3.50  -2.32985  -2.30708  -2.26995
  17000.  4.00  -2.33434  -2.31188  -2.27730
  17000.  4.50  -2.33995  -2.31831  -2.28339
  17000.  5.00  -2.35186  -2.33244  -2.29210
  18000.  2.50  -2.44607  -2.41111  -2.37933
  18000.  3.00  -2.46339  -2.42906  -2.41030
  18000.  3.50  -2.47298  -2.43945  -2.42485
  18000.  4.00  -2.47752  -2.44432  -2.43240
  18000.  4.50  -2.48191  -2.44930  -2.43777
  18000.  5.00  -2.49267  -2.46194  -2.44604
  19000.  2.50  -2.57022  -2.52571  -2.50837
  19000.  3.00  -2.59256  -2.54803  -2.54961
  19000.  3.50  -2.60786  -2.56447  -2.57026
  19000.  4.00  -2.61369  -2.57079  -2.57890
  19000.  4.50  -2.61674  -2.57428  -2.58323
  19000.  5.00  -2.62575  -2.58485  -2.59040
  20000.  3.00  -2.71209  -2.65838  -2.67717
  20000.  3.50  -2.73453  -2.68213  -2.70620
  20000.  4.00  -2.74295  -2.69129  -2.71717
  20000.  4.50  -2.74582  -2.69460  -2.72121
  20000.  5.00  -2.75211  -2.70209  -2.72620
  21000.  3.00  -2.82431  -2.76242  -2.79570
  21000.  3.50  -2.85315  -2.79250  -2.83282
  21000.  4.00  -2.86625  -2.80664  -2.84849
  21000.  4.50  -2.86987  -2.81084  -2.85288
  21000.  5.00  -2.87407  -2.81605  -2.85588
  22000.  3.00  -2.93227  -2.86288  -2.90952
  22000.  3.50  -2.96450  -2.89634  -2.95097
  22000.  4.00  -2.98336  -2.91645  -2.97276
  22000.  4.50  -2.98955  -2.92343  -2.97944
  22000.  5.00  -2.99322  -2.92809  -2.98177
  23000.  3.00  -3.03656  -2.95992  -3.02055
  23000.  3.50  -3.07018  -2.99509  -3.06288
  23000.  4.00  -3.09428  -3.02060  -3.09023
  23000.  4.50  -3.10459  -3.03192  -3.10101
  23000.  5.00  -3.10907  -3.03744  -3.10410
  24000.  3.00  -3.13506  -3.05143  -3.12605
  24000.  3.50  -3.17160  -3.08986  -3.17094
  24000.  4.00  -3.19951  -3.11950  -3.20166
  24000.  4.50  -3.21440  -3.13559  -3.21708
  24000.  5.00  -3.22129  -3.14363  -3.22260
  25000.  3.00  -3.22649  -3.13689  -3.22228
  25000.  3.50  -3.26822  -3.17985  -3.27507
  25000.  4.00  -3.29963  -3.21351  -3.30816
  25000.  4.50  -3.31866  -3.23400  -3.32746
  25000.  5.00  -3.32856  -3.24514  -3.33609
  26000.  3.00  -3.31572  -3.22235  -3.31155
  26000.  3.50  -3.35838  -3.26345  -3.37312
  26000.  4.00  -3.39462  -3.30243  -3.41019
  26000.  4.50  -3.41751  -3.32718  -3.43257
  26000.  5.00  -3.43071  -3.34177  -3.44439
  27000.  3.50  -3.44135  -3.34028  -3.46321
  27000.  4.00  -3.48370  -3.38540  -3.50688
  27000.  4.50  -3.51075  -3.41476  -3.53256
  27000.  5.00  -3.52719  -3.43286  -3.54722
  28000.  3.50  -3.51922  -3.41297  -3.54619
  28000.  4.00  -3.56617  -3.46189  -3.59692
  28000.  4.50  -3.59793  -3.49626  -3.62687
  28000.  5.00  -3.61791  -3.51820  -3.64452
  29000.  3.50  -3.59605  -3.48592  -3.62562
  29000.  4.00  -3.64281  -3.53301  -3.68023
  29000.  4.50  -3.67899  -3.57173  -3.71508
  29000.  5.00  -3.70269  -3.59762  -3.73611
  30000.  3.50  -3.67549  -3.56270  -3.70560
  30000.  4.00  -3.71583  -3.60128  -3.75842
  30000.  4.50  -3.75436  -3.64184  -3.79708
  30000.  5.00  -3.78143  -3.67113  -3.82155
  31000.  3.50  -3.75951  -3.64501  -3.78894
  31000.  4.00  -3.78769  -3.66928  -3.83378
  31000.  4.50  -3.82607  -3.70882  -3.87433
  31000.  5.00  -3.85530  -3.74007  -3.90158
  32000.  4.00  -3.86148  -3.74013  -3.90963
  32000.  4.50  -3.89550  -3.77420  -3.94813
  32000.  5.00  -3.92565  -3.80595  -3.97729
  33000.  4.00  -3.93766  -3.81409  -3.98677
  33000.  4.50  -3.96580  -3.84121  -4.02148
  33000.  5.00  -3.99392  -3.87030  -4.04998
  34000.  4.00  -4.01644  -3.89117  -4.06600
  34000.  4.50  -4.03750  -3.91032  -4.09513
  34000.  5.00  -4.06264  -3.93576  -4.12201
  35000.  4.00  -4.09756  -3.97080  -4.14764
  35000.  4.50  -4.11113  -3.98194  -4.16990
  35000.  5.00  -4.13224  -4.00272  -4.19392
  36000.  4.00  -4.18015  -4.05197  -4.23110
  36000.  4.50  -4.18682  -4.05598  -4.24636
  36000.  5.00  -4.20324  -4.07162  -4.26643
  37000.  4.00  -4.26292  -4.13330  -4.31514
  37000.  4.50  -4.26431  -4.13198  -4.32470
  37000.  5.00  -4.27596  -4.14263  -4.34013
  38000.  4.00  -4.34476  -4.21374  -4.39846
  38000.  4.50  -4.34276  -4.20898  -4.40430
  38000.  5.00  -4.35039  -4.21558  -4.41542
  39000.  4.00  -4.42507  -4.29272  -4.48025
  39000.  4.50  -4.42128  -4.28604  -4.48429
  39000.  5.00  -4.42591  -4.28970  -4.49196
  40000.  4.50  -4.49902  -4.36233  -4.56371
  40000.  5.00  -4.50194  -4.36436  -4.56925
  41000.  4.50  -4.57534  -4.43723  -4.64178
  41000.  5.00  -4.57766  -4.43869  -4.64646
  42000.  4.50  -4.64985  -4.51041  -4.71803
  42000.  5.00  -4.65239  -4.51205  -4.72283
  43000.  4.50  -4.72253  -4.58185  -4.79231
  43000.  5.00  -4.72567  -4.58400  -4.79780
  44000.  4.50  -4.79342  -4.65161  -4.86466
  44000.  5.00  -4.79726  -4.65434  -4.87104
  45000.  4.50  -4.86269  -4.71982  -4.93530
  45000.  5.00  -4.86711  -4.72301  -4.94245
  46000.  4.50  -4.93060  -4.78674  -5.00450
  46000.  5.00  -4.93533  -4.79015  -5.01212
  47000.  4.50  -4.99722  -4.85242  -5.07240
  47000.  5.00  -5.00208  -4.85588  -5.08022
  48000.  4.50  -5.06256  -4.91687  -5.13896
  48000.  5.00  -5.06755  -4.92039  -5.14698
  49000.  4.50  -5.12667  -4.98010  -5.20430
  49000.  5.00  -5.13184  -4.98376  -5.21254
  50000.  5.00  -5.19500  -5.04604  -5.27696
