   3500.  0.00  -1.11955  -2.61161   0.01518
   3500.  0.50  -1.17482  -2.72291  -0.02496
   3500.  1.00  -1.21873  -2.81018  -0.05737
   3500.  1.50  -1.25037  -2.87111  -0.08099
   3500.  2.00  -1.26240  -2.89326  -0.08938
   3500.  2.50  -1.24909  -2.87119  -0.07668
   3500.  3.00  -1.20381  -2.79874  -0.03644
   3500.  3.50  -1.12067  -2.66700   0.03605
   3500.  4.00  -1.00373  -2.48360   0.13686
   3500.  4.50  -0.86466  -2.26432   0.25429
   3500.  5.00  -0.73668  -2.04947   0.35602
   3750.  0.00  -0.63897  -1.67249   0.33396
   3750.  0.50  -0.66694  -1.71544   0.31458
   3750.  1.00  -0.69391  -1.75932   0.29679
   3750.  1.50  -0.71930  -1.80083   0.28004
   3750.  2.00  -0.74269  -1.84018   0.26492
   3750.  2.50  -0.76268  -1.87478   0.25249
   3750.  3.00  -0.77673  -1.90387   0.24588
   3750.  3.50  -0.77620  -1.91233   0.25121
   3750.  4.00  -0.75151  -1.88921   0.27752
   3750.  4.50  -0.68958  -1.81039   0.33352
   3750.  5.00  -0.60382  -1.69238   0.40662
   4000.  0.00  -0.37513  -1.21659   0.49733
   4000.  0.50  -0.38773  -1.22953   0.48647
   4000.  1.00  -0.39975  -1.24313   0.47700
   4000.  1.50  -0.41001  -1.25177   0.46782
   4000.  2.00  -0.42117  -1.26214   0.45836
   4000.  2.50  -0.43341  -1.27478   0.44866
   4000.  3.00  -0.44791  -1.29536   0.43978
   4000.  3.50  -0.46178  -1.31969   0.43365
   4000.  4.00  -0.46974  -1.34065   0.43433
   4000.  4.50  -0.46085  -1.34421   0.45081
   4000.  5.00  -0.42259  -1.30801   0.49014
   4250.  0.00  -0.20444  -0.92799   0.59591
   4250.  0.50  -0.21295  -0.93437   0.58726
   4250.  1.00  -0.22044  -0.94029   0.58006
   4250.  1.50  -0.22601  -0.94195   0.57341
   4250.  2.00  -0.23083  -0.94116   0.56650
   4250.  2.50  -0.23555  -0.94135   0.56036
   4250.  3.00  -0.24202  -0.94608   0.55444
   4250.  3.50  -0.25072  -0.95915   0.55021
   4250.  4.00  -0.25956  -0.97557   0.54782
   4250.  4.50  -0.26578  -0.99337   0.55038
   4250.  5.00  -0.26025  -1.00182   0.56550
   4500.  0.00  -0.08098  -0.71966   0.66194
   4500.  0.50  -0.08744  -0.72193   0.65359
   4500.  1.00  -0.09359  -0.72596   0.64710
   4500.  1.50  -0.09895  -0.72869   0.64115
   4500.  2.00  -0.10299  -0.72714   0.63444
   4500.  2.50  -0.10645  -0.72521   0.62836
   4500.  3.00  -0.10975  -0.72496   0.62362
   4500.  3.50  -0.11430  -0.73057   0.62090
   4500.  4.00  -0.11953  -0.74084   0.62017
   4500.  4.50  -0.12469  -0.75386   0.62135
   4500.  5.00  -0.12840  -0.76913   0.62639
   4750.  0.00   0.01181  -0.56103   0.70667
   4750.  0.50   0.00651  -0.56037   0.69775
   4750.  1.00   0.00140  -0.56212   0.69110
   4750.  1.50  -0.00356  -0.56425   0.68512
   4750.  2.00  -0.00790  -0.56416   0.67854
   4750.  2.50  -0.01152  -0.56228   0.67180
   4750.  3.00  -0.01457  -0.56102   0.66634
   4750.  3.50  -0.01757  -0.56217   0.66277
   4750.  4.00  -0.02101  -0.56781   0.66179
   4750.  4.50  -0.02441  -0.57672   0.66320
   4750.  5.00  -0.02750  -0.58792   0.66663
   5000.  0.00   0.08268  -0.43331   0.73318
   5000.  0.50   0.07741  -0.43192   0.72338
   5000.  1.00   0.07252  -0.43233   0.71584
   5000.  1.50   0.06772  -0.43375   0.70935
   5000.  2.00   0.06315  -0.43454   0.70277
   5000.  2.50   0.05910  -0.43402   0.69599
   5000.  3.00   0.05566  -0.43306   0.68975
   5000.  3.50   0.05287  -0.43294   0.68526
   5000.  4.00   0.05029  -0.43512   0.68299
   5000.  4.50   0.04792  -0.43993   0.68319
   5000.  5.00   0.04597  -0.44709   0.68585
   5250.  0.00   0.13751  -0.32278   0.74120
   5250.  0.50   0.13142  -0.32359   0.73146
   5250.  1.00   0.12593  -0.32488   0.72341
   5250.  1.50   0.12066  -0.32684   0.71640
   5250.  2.00   0.11559  -0.32873   0.70974
   5250.  2.50   0.11097  -0.33002   0.70327
   5250.  3.00   0.10700  -0.33073   0.69735
   5250.  3.50   0.10394  -0.33126   0.69276
   5250.  4.00   0.10160  -0.33232   0.68982
   5250.  4.50   0.09994  -0.33458   0.68910
   5250.  5.00   0.09894  -0.33834   0.69077
   5500.  0.00   0.18000  -0.22328   0.73132
   5500.  0.50   0.17286  -0.22806   0.72310
   5500.  1.00   0.16652  -0.23183   0.71566
   5500.  1.50   0.16037  -0.23568   0.70875
   5500.  2.00   0.15446  -0.23946   0.70227
   5500.  2.50   0.14894  -0.24284   0.69610
   5500.  3.00   0.14405  -0.24580   0.69061
   5500.  3.50   0.14023  -0.24817   0.68638
   5500.  4.00   0.13752  -0.25005   0.68358
   5500.  4.50   0.13601  -0.25185   0.68276
   5500.  5.00   0.13564  -0.25384   0.68404
   5750.  0.00   0.21201  -0.13436   0.70586
   5750.  0.50   0.20436  -0.14334   0.70090
   5750.  1.00   0.19724  -0.15037   0.69524
   5750.  1.50   0.19029  -0.15673   0.68938
   5750.  2.00   0.18348  -0.16287   0.68368
   5750.  2.50   0.17691  -0.16860   0.67802
   5750.  3.00   0.17086  -0.17395   0.67297
   5750.  3.50   0.16588  -0.17854   0.66901
   5750.  4.00   0.16215  -0.18224   0.66638
   5750.  4.50   0.16006  -0.18505   0.66575
   5750.  5.00   0.15960  -0.18707   0.66714
   6000.  0.00   0.23402  -0.05719   0.66658
   6000.  0.50   0.22702  -0.06966   0.66706
   6000.  1.00   0.21987  -0.07963   0.66476
   6000.  1.50   0.21245  -0.08856   0.66101
   6000.  2.00   0.20488  -0.09711   0.65666
   6000.  2.50   0.19732  -0.10530   0.65201
   6000.  3.00   0.19015  -0.11298   0.64759
   6000.  3.50   0.18378  -0.11992   0.64386
   6000.  4.00   0.17863  -0.12583   0.64129
   6000.  4.50   0.17533  -0.13038   0.64062
   6000.  5.00   0.17398  -0.13353   0.64198
   6250.  0.50   0.24120  -0.00681   0.62236
   6250.  1.00   0.23528  -0.01886   0.62553
   6250.  1.50   0.22811  -0.03002   0.62527
   6250.  2.00   0.22007  -0.04078   0.62294
   6250.  2.50   0.21170  -0.05132   0.61977
   6250.  3.00   0.20346  -0.06135   0.61633
   6250.  3.50   0.19566  -0.07072   0.61301
   6250.  4.00   0.18893  -0.07903   0.61054
   6250.  4.50   0.18402  -0.08560   0.60959
   6250.  5.00   0.18118  -0.09048   0.61057
   6500.  0.50   0.24919   0.04480   0.57259
   6500.  1.00   0.24357   0.03266   0.57729
   6500.  1.50   0.23783   0.01997   0.58266
   6500.  2.00   0.23008   0.00735   0.58374
   6500.  2.50   0.22121  -0.00523   0.58255
   6500.  3.00   0.21191  -0.01761   0.58033
   6500.  3.50   0.20271  -0.02940   0.57760
   6500.  4.00   0.19435  -0.04012   0.57533
   6500.  4.50   0.18742  -0.04933   0.57405
   6500.  5.00   0.18281  -0.05624   0.57460
   6750.  0.50   0.25153   0.08494   0.52073
   6750.  1.00   0.24683   0.07427   0.52604
   6750.  1.50   0.24142   0.06211   0.53219
   6750.  2.00   0.23513   0.04821   0.53894
   6750.  2.50   0.22640   0.03388   0.54096
   6750.  3.00   0.21632   0.01931   0.54049
   6750.  3.50   0.20580   0.00517   0.53859
   6750.  4.00   0.19574  -0.00813   0.53667
   6750.  4.50   0.18682  -0.01990   0.53519
   6750.  5.00   0.18007  -0.02935   0.53521
   7000.  0.50   0.24838   0.11368   0.46870
   7000.  1.00   0.24519   0.10564   0.47398
   7000.  1.50   0.24058   0.09536   0.47975
   7000.  2.00   0.23463   0.08217   0.48707
   7000.  2.50   0.22709   0.06641   0.49456
   7000.  3.00   0.21688   0.05012   0.49682
   7000.  3.50   0.20542   0.03375   0.49649
   7000.  4.00   0.19368   0.01785   0.49509
   7000.  4.50   0.18267   0.00331   0.49350
   7000.  5.00   0.17371  -0.00874   0.49298
   7250.  0.50   0.24019   0.12974   0.42158
   7250.  1.00   0.23832   0.12704   0.42132
   7250.  1.50   0.23516   0.11884   0.42770
   7250.  2.00   0.22975   0.10762   0.43373
   7250.  2.50   0.22258   0.09267   0.44170
   7250.  3.00   0.21327   0.07481   0.44909
   7250.  3.50   0.20140   0.05653   0.45126
   7250.  4.00   0.18846   0.03861   0.45054
   7250.  4.50   0.17558   0.02129   0.44938
   7250.  5.00   0.16426   0.00631   0.44850
   7500.  0.50   0.22229   0.12185   0.38976
   7500.  1.00   0.22562   0.13728   0.37014
   7500.  1.50   0.22440   0.13297   0.37480
   7500.  2.00   0.22039   0.12376   0.38130
   7500.  2.50   0.21371   0.11112   0.38718
   7500.  3.00   0.20488   0.09383   0.39564
   7500.  3.50   0.19354   0.07390   0.40228
   7500.  4.00   0.17991   0.05383   0.40380
   7500.  4.50   0.16570   0.03437   0.40327
   7500.  5.00   0.15218   0.01655   0.40221
   7750.  1.00   0.20599   0.13449   0.32239
   7750.  1.50   0.20747   0.13675   0.32193
   7750.  2.00   0.20541   0.13066   0.32806
   7750.  2.50   0.20002   0.11995   0.33416
   7750.  3.00   0.19184   0.10552   0.33980
   7750.  3.50   0.18118   0.08596   0.34819
   7750.  4.00   0.16796   0.06437   0.35373
   7750.  4.50   0.15288   0.04289   0.35487
   7750.  5.00   0.13768   0.02258   0.35420
   8000.  1.00   0.17626   0.11426   0.27955
   8000.  1.50   0.18420   0.12990   0.27011
   8000.  2.00   0.18429   0.12827   0.27348
   8000.  2.50   0.18093   0.12058   0.27946
   8000.  3.00   0.17381   0.10784   0.28507
   8000.  3.50   0.16368   0.09093   0.29057
   8000.  4.00   0.15137   0.06928   0.29914
   8000.  4.50   0.13636   0.04623   0.30353
   8000.  5.00   0.12017   0.02393   0.30420
   8250.  1.00   0.13011   0.07231   0.23422
   8250.  1.50   0.15390   0.11201   0.21952
   8250.  2.00   0.15699   0.11603   0.21965
   8250.  2.50   0.15519   0.11098   0.22485
   8250.  3.00   0.14996   0.10091   0.23069
   8250.  3.50   0.14161   0.08722   0.23503
   8250.  4.00   0.13021   0.06867   0.24058
   8250.  4.50   0.11663   0.04577   0.24887
   8250.  5.00   0.10055   0.02224   0.25238
   8500.  1.50   0.11583   0.08284   0.16940
   8500.  2.00   0.12368   0.09512   0.16539
   8500.  2.50   0.12392   0.09381   0.16854
   8500.  3.00   0.12049   0.08646   0.17398
   8500.  3.50   0.11386   0.07475   0.17947
   8500.  4.00   0.10396   0.05897   0.18395
   8500.  4.50   0.09151   0.03890   0.19011
   8500.  5.00   0.07743   0.01623   0.19762
   8750.  1.50   0.07090   0.04494   0.11747
   8750.  2.00   0.08478   0.06606   0.11124
   8750.  2.50   0.08734   0.06901   0.11183
   8750.  3.00   0.08554   0.06445   0.11607
   8750.  3.50   0.08070   0.05530   0.12140
   8750.  4.00   0.07283   0.04216   0.12645
   8750.  4.50   0.06179   0.02493   0.13108
   8750.  5.00   0.04926   0.00438   0.13874
   9000.  1.50   0.02223   0.00297   0.06352
   9000.  2.00   0.04154   0.03083   0.05696
   9000.  2.50   0.04604   0.03745   0.05470
   9000.  3.00   0.04566   0.03566   0.05713
   9000.  3.50   0.04242   0.02900   0.06199
   9000.  4.00   0.03653   0.01846   0.06752
   9000.  4.50   0.02768   0.00412   0.07250
   9000.  5.00   0.01590  -0.01414   0.07752
   9250.  2.00  -0.00405  -0.00770   0.00275
   9250.  2.50   0.00170   0.00122  -0.00190
   9250.  3.00   0.00178   0.00098  -0.00189
   9250.  3.50  -0.00059  -0.00378   0.00151
   9250.  4.00  -0.00468  -0.01167   0.00681
   9250.  4.50  -0.01125  -0.02308   0.01244
   9250.  5.00  -0.02089  -0.03848   0.01768
   9500.  2.00  -0.05071  -0.04768  -0.05118
   9500.  2.50  -0.04421  -0.03755  -0.05783
   9500.  3.00  -0.04434  -0.03722  -0.06056
   9500.  3.50  -0.04675  -0.04124  -0.05926
   9500.  4.00  -0.05018  -0.04770  -0.05501
   9500.  4.50  -0.05495  -0.05658  -0.04919
   9500.  5.00  -0.06207  -0.06874  -0.04318
   9750.  2.00  -0.09805  -0.08846  -0.10507
   9750.  2.50  -0.09083  -0.07758  -0.11291
   9750.  3.00  -0.09142  -0.07726  -0.11817
   9750.  3.50  -0.09456  -0.08142  -0.11946
   9750.  4.00  -0.09825  -0.08751  -0.11700
   9750.  4.50  -0.10228  -0.09502  -0.11177
   9750.  5.00  -0.10744  -0.10458  -0.10522
  10000.  2.00  -0.14566  -0.12958  -0.15883
  10000.  2.50  -0.13771  -0.11821  -0.16717
  10000.  3.00  -0.13877  -0.11816  -0.17449
  10000.  3.50  -0.14281  -0.12282  -0.17833
  10000.  4.00  -0.14738  -0.12929  -0.17818
  10000.  4.50  -0.15170  -0.13656  -0.17450
  10000.  5.00  -0.15606  -0.14478  -0.16839
  10250.  2.00  -0.19449  -0.17212  -0.21378
  10250.  2.50  -0.18645  -0.16100  -0.22293
  10250.  3.00  -0.18880  -0.16232  -0.23269
  10250.  3.50  -0.19485  -0.16886  -0.23975
  10250.  4.00  -0.20168  -0.17740  -0.24294
  10250.  4.50  -0.20796  -0.18640  -0.24206
  10250.  5.00  -0.21334  -0.19534  -0.23765
  10500.  2.00  -0.24259  -0.21394  -0.26765
  10500.  2.50  -0.23324  -0.20185  -0.27588
  10500.  3.00  -0.23562  -0.20329  -0.28649
  10500.  3.50  -0.24228  -0.21030  -0.29536
  10500.  4.00  -0.25011  -0.21959  -0.30083
  10500.  4.50  -0.25748  -0.22936  -0.30225
  10500.  5.00  -0.26376  -0.23887  -0.29970
  10750.  2.00  -0.29105  -0.25628  -0.32183
  10750.  2.50  -0.28014  -0.24295  -0.32874
  10750.  3.00  -0.28222  -0.24422  -0.33955
  10750.  3.50  -0.28932  -0.25168  -0.34966
  10750.  4.00  -0.29811  -0.26174  -0.35715
  10750.  4.50  -0.30655  -0.27231  -0.36079
  10750.  5.00  -0.31388  -0.28259  -0.36029
  11000.  2.00  -0.33934  -0.29858  -0.37576
  11000.  2.50  -0.32633  -0.28339  -0.38052
  11000.  3.00  -0.32724  -0.28362  -0.39038
  11000.  3.50  -0.33372  -0.29041  -0.40042
  11000.  4.00  -0.34224  -0.30003  -0.40853
  11000.  4.50  -0.35070  -0.31034  -0.41327
  11000.  5.00  -0.35815  -0.32033  -0.41410
  11250.  2.00  -0.38836  -0.34192  -0.43037
  11250.  2.50  -0.37384  -0.32543  -0.43365
  11250.  3.00  -0.37415  -0.32521  -0.44304
  11250.  3.50  -0.38062  -0.33207  -0.45345
  11250.  4.00  -0.38964  -0.34218  -0.46268
  11250.  4.50  -0.39901  -0.35325  -0.46914
  11250.  5.00  -0.40752  -0.36414  -0.47185
  11500.  2.00  -0.43716  -0.38523  -0.48472
  11500.  2.50  -0.42135  -0.36764  -0.48679
  11500.  3.00  -0.42099  -0.36689  -0.49550
  11500.  3.50  -0.42729  -0.37365  -0.50594
  11500.  4.00  -0.43661  -0.38406  -0.51590
  11500.  4.50  -0.44670  -0.39580  -0.52367
  11500.  5.00  -0.45620  -0.40753  -0.52812
  11750.  2.00  -0.48578  -0.42854  -0.53871
  11750.  2.50  -0.46883  -0.41000  -0.53975
  11750.  3.00  -0.46775  -0.40863  -0.54771
  11750.  3.50  -0.47368  -0.41508  -0.55788
  11750.  4.00  -0.48305  -0.42556  -0.56820
  11750.  4.50  -0.49366  -0.43779  -0.57699
  11750.  5.00  -0.50404  -0.45032  -0.58296
  12000.  2.50  -0.51611  -0.45234  -0.59238
  12000.  3.00  -0.51437  -0.45039  -0.59964
  12000.  3.50  -0.51987  -0.45646  -0.60940
  12000.  4.00  -0.52911  -0.46684  -0.61976
  12000.  4.50  -0.54007  -0.47942  -0.62926
  12000.  5.00  -0.55121  -0.49265  -0.63650
  12250.  2.50  -0.56303  -0.49446  -0.64460
  12250.  3.00  -0.56080  -0.49210  -0.65133
  12250.  3.50  -0.56587  -0.49779  -0.66063
  12250.  4.00  -0.57476  -0.50784  -0.67076
  12250.  4.50  -0.58585  -0.52053  -0.68063
  12250.  5.00  -0.59753  -0.53429  -0.68880
  12500.  2.50  -0.60958  -0.53638  -0.69627
  12500.  3.00  -0.60698  -0.53374  -0.70263
  12500.  3.50  -0.61155  -0.53895  -0.71139
  12500.  4.00  -0.62007  -0.54862  -0.72117
  12500.  4.50  -0.63109  -0.56126  -0.73114
  12500.  5.00  -0.64323  -0.57545  -0.74005
  12750.  2.50  -0.65563  -0.57793  -0.74733
  12750.  3.00  -0.65273  -0.57507  -0.75344
  12750.  3.50  -0.65691  -0.57992  -0.76178
  12750.  4.00  -0.66498  -0.58913  -0.77113
  12750.  4.50  -0.67585  -0.60162  -0.78099
  12750.  5.00  -0.68831  -0.61613  -0.79038
  13000.  2.50  -0.70107  -0.61900  -0.79766
  13000.  3.00  -0.69807  -0.61613  -0.80373
  13000.  3.50  -0.70195  -0.62069  -0.81174
  13000.  4.00  -0.70961  -0.62948  -0.82066
  13000.  4.50  -0.72023  -0.64171  -0.83029
  13000.  5.00  -0.73285  -0.65640  -0.83993
  14000.  2.00  -0.89666  -0.79787  -0.99021
  14000.  2.50  -0.87703  -0.77866  -0.99191
  14000.  3.00  -0.87450  -0.77664  -0.99885
  14000.  3.50  -0.87782  -0.78072  -1.00648
  14000.  4.00  -0.88418  -0.78813  -1.01422
  14000.  4.50  -0.89389  -0.79942  -1.02270
  14000.  5.00  -0.90676  -0.81442  -1.03238
  15000.  2.50  -1.04233  -0.92909  -1.17385
  15000.  3.00  -1.04157  -0.92938  -1.18301
  15000.  3.50  -1.04493  -0.93359  -1.19114
  15000.  4.00  -1.05032  -0.93991  -1.19831
  15000.  4.50  -1.05886  -0.94990  -1.20563
  15000.  5.00  -1.07147  -0.96465  -1.21436
  16000.  2.50  -1.19611  -1.06909  -1.34282
  16000.  3.00  -1.19921  -1.07398  -1.35625
  16000.  3.50  -1.20339  -1.07922  -1.36554
  16000.  4.00  -1.20823  -1.08493  -1.37269
  16000.  4.50  -1.21572  -1.09367  -1.37939
  16000.  5.00  -1.22830  -1.10835  -1.38779
  17000.  2.50  -1.33830  -1.19854  -1.49789
  17000.  3.00  -1.34718  -1.20994  -1.51847
  17000.  3.50  -1.35294  -1.21705  -1.52953
  17000.  4.00  -1.35733  -1.22226  -1.53677
  17000.  4.50  -1.36322  -1.22916  -1.54273
  17000.  5.00  -1.37598  -1.24395  -1.55139
  18000.  2.50  -1.46952  -1.31813  -1.63848
  18000.  3.00  -1.48517  -1.33681  -1.66942
  18000.  3.50  -1.49429  -1.34767  -1.68391
  18000.  4.00  -1.49870  -1.35294  -1.69133
  18000.  4.50  -1.50327  -1.35835  -1.69658
  18000.  5.00  -1.51475  -1.37158  -1.70480
  19000.  2.50  -1.59273  -1.43092  -1.76712
  19000.  3.00  -1.61281  -1.45412  -1.80822
  19000.  3.50  -1.62759  -1.47110  -1.82882
  19000.  4.00  -1.63328  -1.47782  -1.83736
  19000.  4.50  -1.63647  -1.48169  -1.84156
  19000.  5.00  -1.64609  -1.49278  -1.84869
  20000.  3.00  -1.73107  -1.56291  -1.93534
  20000.  3.50  -1.75286  -1.58728  -1.96433
  20000.  4.00  -1.76117  -1.59686  -1.97522
  20000.  4.50  -1.76416  -1.60051  -1.97914
  20000.  5.00  -1.77095  -1.60845  -1.98406
  21000.  3.00  -1.84225  -1.66550  -2.05350
  21000.  3.50  -1.87025  -1.69627  -2.09055
  21000.  4.00  -1.88324  -1.71087  -2.10616
  21000.  4.50  -1.88702  -1.71539  -2.11046
  21000.  5.00  -1.89167  -1.72099  -2.11340
  22000.  3.00  -1.94922  -1.76460  -2.16704
  22000.  3.50  -1.98053  -1.79882  -2.20836
  22000.  4.00  -1.99924  -1.81944  -2.23009
  22000.  4.50  -2.00560  -1.82677  -2.23672
  22000.  5.00  -2.00971  -1.83177  -2.23901
  23000.  3.00  -2.05243  -1.86039  -2.27777
  23000.  3.50  -2.08521  -1.89636  -2.31998
  23000.  4.00  -2.10914  -1.92243  -2.34727
  23000.  4.50  -2.11962  -1.93414  -2.35800
  23000.  5.00  -2.12453  -1.93998  -2.36106
  24000.  3.00  -2.14986  -1.95073  -2.38299
  24000.  3.50  -2.18559  -1.98999  -2.42777
  24000.  4.00  -2.21340  -2.02024  -2.45843
  24000.  4.50  -2.22846  -2.03675  -2.47380
  24000.  5.00  -2.23577  -2.04513  -2.47932
  25000.  3.00  -2.24051  -2.03516  -2.47896
  25000.  3.50  -2.28108  -2.07890  -2.53162
  25000.  4.00  -2.31253  -2.11322  -2.56467
  25000.  4.50  -2.33177  -2.13417  -2.58394
  25000.  5.00  -2.34207  -2.14567  -2.59256
  26000.  3.00  -2.32953  -2.11979  -2.56810
  26000.  3.50  -2.37009  -2.16146  -2.62938
  26000.  4.00  -2.40648  -2.20114  -2.66645
  26000.  4.50  -2.42966  -2.22639  -2.68882
  26000.  5.00  -2.44327  -2.24138  -2.70064
  27000.  3.50  -2.45201  -2.23729  -2.71919
  27000.  4.00  -2.49445  -2.28314  -2.76287
  27000.  4.50  -2.52190  -2.31305  -2.78857
  27000.  5.00  -2.53881  -2.33157  -2.80324
  28000.  3.50  -2.52908  -2.30909  -2.80193
  28000.  4.00  -2.57582  -2.35867  -2.85264
  28000.  4.50  -2.60804  -2.39363  -2.88264
  28000.  5.00  -2.62855  -2.41603  -2.90031
  29000.  3.50  -2.60539  -2.38128  -2.88118
  29000.  4.00  -2.65147  -2.42889  -2.93571
  29000.  4.50  -2.68805  -2.46821  -2.97060
  29000.  5.00  -2.71233  -2.49459  -2.99168
  30000.  3.50  -2.68456  -2.45745  -2.96106
  30000.  4.00  -2.72368  -2.49634  -3.01367
  30000.  4.50  -2.76246  -2.53745  -3.05237
  30000.  5.00  -2.79009  -2.56726  -3.07690
  31000.  3.50  -2.76847  -2.53928  -3.04435
  31000.  4.00  -2.79493  -2.56363  -3.08886
  31000.  4.50  -2.83331  -2.60364  -3.12941
  31000.  5.00  -2.86304  -2.63538  -3.15672
  32000.  4.00  -2.86828  -2.63388  -3.16456
  32000.  4.50  -2.90205  -2.66830  -3.20303
  32000.  5.00  -2.93257  -2.70050  -3.23223
  33000.  4.00  -2.94414  -2.70734  -3.24161
  33000.  4.50  -2.97179  -2.73468  -3.27623
  33000.  5.00  -3.00012  -2.76415  -3.30476
  34000.  4.00  -3.02268  -2.78397  -3.32077
  34000.  4.50  -3.04306  -2.80326  -3.34975
  34000.  5.00  -3.06826  -2.82900  -3.37664
  35000.  4.00  -3.10357  -2.86323  -3.40235
  35000.  4.50  -3.11636  -2.87441  -3.42442
  35000.  5.00  -3.13740  -2.89543  -3.44843
  36000.  4.00  -3.18591  -2.94406  -3.48576
  36000.  4.50  -3.19177  -2.94804  -3.50080
  36000.  5.00  -3.20803  -2.96387  -3.52082
  37000.  4.00  -3.26840  -3.02509  -3.56974
  37000.  4.50  -3.26899  -3.02369  -3.57907
  37000.  5.00  -3.28044  -3.03447  -3.59444
  38000.  4.00  -3.34996  -3.10526  -3.65300
  38000.  4.50  -3.34715  -3.10035  -3.65860
  38000.  5.00  -3.35459  -3.10705  -3.66965
  39000.  4.00  -3.43002  -3.18400  -3.73473
  39000.  4.50  -3.42538  -3.17710  -3.73852
  39000.  5.00  -3.42982  -3.18084  -3.74613
  40000.  4.50  -3.50281  -3.25311  -3.81786
  40000.  5.00  -3.50557  -3.25519  -3.82334
  41000.  4.50  -3.57881  -3.32775  -3.89585
  41000.  5.00  -3.58099  -3.32924  -3.90047
  42000.  4.50  -3.65305  -3.40069  -3.97205
  42000.  5.00  -3.65542  -3.40232  -3.97677
  43000.  4.50  -3.72547  -3.47191  -4.04627
  43000.  5.00  -3.72840  -3.47403  -4.05166
  44000.  4.50  -3.79613  -3.54147  -4.11858
  44000.  5.00  -3.79972  -3.54414  -4.12484
  45000.  4.50  -3.86518  -3.60950  -4.18918
  45000.  5.00  -3.86932  -3.61260  -4.19619
  46000.  4.50  -3.93290  -3.67626  -4.25835
  46000.  5.00  -3.93731  -3.67955  -4.26581
  47000.  4.50  -3.99934  -3.74179  -4.32622
  47000.  5.00  -4.00385  -3.74511  -4.33387
  48000.  4.50  -4.06451  -3.80608  -4.39276
  48000.  5.00  -4.06913  -3.80945  -4.40060
  49000.  4.50  -4.12845  -3.86918  -4.45807
  49000.  5.00  -4.13322  -3.87267  -4.46613
  50000.  5.00  -4.19621  -3.93480  -4.53052
