   3500.  0.00  -1.43699  -2.97110  -0.30123
   3500.  0.50  -1.34584  -2.77791  -0.23612
   3500.  1.00  -1.26028  -2.61235  -0.17282
   3500.  1.50  -1.18449  -2.47989  -0.11388
   3500.  2.00  -1.12994  -2.40285  -0.06647
   3500.  2.50  -1.09430  -2.36313  -0.03249
   3500.  3.00  -1.07365  -2.34004  -0.01286
   3500.  3.50  -1.06283  -2.33211  -0.00133
   3500.  4.00  -1.05629  -2.33562   0.00804
   3500.  4.50  -1.04824  -2.34438   0.02085
   3500.  5.00  -1.03201  -2.35355   0.04424
   3750.  0.00  -1.28806  -2.66677  -0.19538
   3750.  0.50  -1.25249  -2.54868  -0.18420
   3750.  1.00  -1.21245  -2.44430  -0.16460
   3750.  1.50  -1.16573  -2.34907  -0.13419
   3750.  2.00  -1.11676  -2.26878  -0.09615
   3750.  2.50  -1.07234  -2.21863  -0.05369
   3750.  3.00  -1.03599  -2.18555  -0.01616
   3750.  3.50  -1.01652  -2.16966   0.00453
   3750.  4.00  -1.00111  -2.15871   0.02137
   3750.  4.50  -0.98986  -2.15630   0.03544
   3750.  5.00  -0.97735  -2.15745   0.05225
   4000.  0.00  -1.10262  -2.33505  -0.05669
   4000.  0.50  -1.08531  -2.24600  -0.06402
   4000.  1.00  -1.07415  -2.18034  -0.07267
   4000.  1.50  -1.06513  -2.13308  -0.07809
   4000.  2.00  -1.05409  -2.09707  -0.07673
   4000.  2.50  -1.03351  -2.06451  -0.06088
   4000.  3.00  -1.00303  -2.03893  -0.02831
   4000.  3.50  -0.96943  -2.01337   0.00854
   4000.  4.00  -0.94513  -1.99548   0.03537
   4000.  4.50  -0.93046  -1.98764   0.05264
   4000.  5.00  -0.91931  -1.98547   0.06705
   4250.  0.00  -0.95735  -2.06055   0.04132
   4250.  0.50  -0.94864  -1.99514   0.02770
   4250.  1.00  -0.94465  -1.94571   0.01300
   4250.  1.50  -0.94303  -1.91094   0.00059
   4250.  2.00  -0.94212  -1.88780  -0.00806
   4250.  2.50  -0.93874  -1.87166  -0.01019
   4250.  3.00  -0.93010  -1.85943  -0.00304
   4250.  3.50  -0.91255  -1.85014   0.01834
   4250.  4.00  -0.89268  -1.84133   0.04319
   4250.  4.50  -0.87607  -1.83401   0.06388
   4250.  5.00  -0.86376  -1.82961   0.07957
   4500.  0.00  -0.85040  -1.83005   0.09657
   4500.  0.50  -0.84974  -1.79195   0.08058
   4500.  1.00  -0.85116  -1.76158   0.06462
   4500.  1.50  -0.85365  -1.73946   0.05068
   4500.  2.00  -0.85583  -1.72414   0.04028
   4500.  2.50  -0.85623  -1.71385   0.03481
   4500.  3.00  -0.85312  -1.70627   0.03580
   4500.  3.50  -0.84583  -1.70045   0.04386
   4500.  4.00  -0.83355  -1.69582   0.05993
   4500.  4.50  -0.81994  -1.69178   0.07819
   4500.  5.00  -0.80780  -1.68820   0.09440
   4750.  0.00  -0.77681  -1.64363   0.11625
   4750.  0.50  -0.78322  -1.62661   0.09836
   4750.  1.00  -0.79057  -1.61479   0.08156
   4750.  1.50  -0.79694  -1.60599   0.06769
   4750.  2.00  -0.80204  -1.59998   0.05706
   4750.  2.50  -0.80424  -1.59526   0.05137
   4750.  3.00  -0.80283  -1.59098   0.05128
   4750.  3.50  -0.79800  -1.58685   0.05642
   4750.  4.00  -0.79015  -1.58322   0.06647
   4750.  4.50  -0.78009  -1.58010   0.08013
   4750.  5.00  -0.76935  -1.57690   0.09472
   5000.  0.00  -0.72883  -1.50197   0.11357
   5000.  0.50  -0.74032  -1.49879   0.09447
   5000.  1.00  -0.75141  -1.49821   0.07747
   5000.  1.50  -0.76168  -1.49985   0.06297
   5000.  2.00  -0.77011  -1.50249   0.05185
   5000.  2.50  -0.77518  -1.50426   0.04528
   5000.  3.00  -0.77581  -1.50397   0.04426
   5000.  3.50  -0.77184  -1.50158   0.04903
   5000.  4.00  -0.76451  -1.49817   0.05841
   5000.  4.50  -0.75551  -1.49472   0.07041
   5000.  5.00  -0.74598  -1.49141   0.08329
   5250.  0.00  -0.69865  -1.39451   0.09715
   5250.  0.50  -0.71292  -1.40060   0.07862
   5250.  1.00  -0.72683  -1.40827   0.06176
   5250.  1.50  -0.74024  -1.41748   0.04671
   5250.  2.00  -0.75243  -1.42723   0.03393
   5250.  2.50  -0.76181  -1.43566   0.02472
   5250.  3.00  -0.76647  -1.44078   0.02081
   5250.  3.50  -0.76507  -1.44167   0.02374
   5250.  4.00  -0.75886  -1.43926   0.03213
   5250.  4.50  -0.74959  -1.43533   0.04438
   5250.  5.00  -0.73939  -1.43101   0.05787
   5500.  0.00  -0.68076  -1.31080   0.07135
   5500.  0.50  -0.69598  -1.32309   0.05497
   5500.  1.00  -0.71122  -1.33637   0.03940
   5500.  1.50  -0.72657  -1.35096   0.02467
   5500.  2.00  -0.74144  -1.36612   0.01111
   5500.  2.50  -0.75465  -1.38043  -0.00030
   5500.  3.00  -0.76437  -1.39173  -0.00810
   5500.  3.50  -0.76827  -1.39791  -0.00996
   5500.  4.00  -0.76556  -1.39856  -0.00492
   5500.  4.50  -0.75758  -1.39543   0.00606
   5500.  5.00  -0.74724  -1.39071   0.01973
   5750.  0.00  -0.67174  -1.24395   0.03848
   5750.  0.50  -0.68637  -1.25996   0.02558
   5750.  1.00  -0.70176  -1.27689   0.01228
   5750.  1.50  -0.71800  -1.29529  -0.00126
   5750.  2.00  -0.73472  -1.31468  -0.01482
   5750.  2.50  -0.75092  -1.33381  -0.02767
   5750.  3.00  -0.76484  -1.35069  -0.03833
   5750.  3.50  -0.77402  -1.36283  -0.04447
   5750.  4.00  -0.77695  -1.36883  -0.04467
   5750.  4.50  -0.77270  -1.36857  -0.03748
   5750.  5.00  -0.76372  -1.36465  -0.02517
   6000.  0.00  -0.66996  -1.18990  -0.00077
   6000.  0.50  -0.68229  -1.20731  -0.00861
   6000.  1.00  -0.69672  -1.22630  -0.01865
   6000.  1.50  -0.71292  -1.24716  -0.03016
   6000.  2.00  -0.73058  -1.26962  -0.04286
   6000.  2.50  -0.74877  -1.29258  -0.05605
   6000.  3.00  -0.76591  -1.31425  -0.06838
   6000.  3.50  -0.78010  -1.33240  -0.07832
   6000.  4.00  -0.78876  -1.34454  -0.08334
   6000.  4.50  -0.78983  -1.34924  -0.08112
   6000.  5.00  -0.78436  -1.34809  -0.07232
   6250.  0.50  -0.68369  -1.16370  -0.04802
   6250.  1.00  -0.69576  -1.18300  -0.05347
   6250.  1.50  -0.71102  -1.20511  -0.06215
   6250.  2.00  -0.72876  -1.22958  -0.07319
   6250.  2.50  -0.74810  -1.25545  -0.08585
   6250.  3.00  -0.76765  -1.28108  -0.09900
   6250.  3.50  -0.78552  -1.30425  -0.11114
   6250.  4.00  -0.79906  -1.32233  -0.11970
   6250.  4.50  -0.80652  -1.33359  -0.12307
   6250.  5.00  -0.80623  -1.33713  -0.11919
   6500.  0.50  -0.69198  -1.12935  -0.09464
   6500.  1.00  -0.69955  -1.14677  -0.09321
   6500.  1.50  -0.71250  -1.16866  -0.09766
   6500.  2.00  -0.72942  -1.19407  -0.10619
   6500.  2.50  -0.74908  -1.22184  -0.11755
   6500.  3.00  -0.77009  -1.25046  -0.13054
   6500.  3.50  -0.79068  -1.27780  -0.14380
   6500.  4.00  -0.80864  -1.30154  -0.15525
   6500.  4.50  -0.82150  -1.31907  -0.16274
   6500.  5.00  -0.82702  -1.32861  -0.16382
   6750.  0.50  -0.70243  -1.10236  -0.14117
   6750.  1.00  -0.70959  -1.11852  -0.13960
   6750.  1.50  -0.71836  -1.13833  -0.13781
   6750.  2.00  -0.73307  -1.16324  -0.14240
   6750.  2.50  -0.75201  -1.19175  -0.15150
   6750.  3.00  -0.77353  -1.22231  -0.16341
   6750.  3.50  -0.79599  -1.25296  -0.17690
   6750.  4.00  -0.81718  -1.28130  -0.18996
   6750.  4.50  -0.83453  -1.30455  -0.20034
   6750.  5.00  -0.84600  -1.32074  -0.20614
   7000.  0.50  -0.71513  -1.08407  -0.18560
   7000.  1.00  -0.72202  -1.09762  -0.18571
   7000.  1.50  -0.73024  -1.11549  -0.18420
   7000.  2.00  -0.74083  -1.13797  -0.18292
   7000.  2.50  -0.75762  -1.16582  -0.18827
   7000.  3.00  -0.77859  -1.19712  -0.19817
   7000.  3.50  -0.80190  -1.22993  -0.21093
   7000.  4.00  -0.82532  -1.26186  -0.22458
   7000.  4.50  -0.84638  -1.29019  -0.23697
   7000.  5.00  -0.86300  -1.31258  -0.24638
   7250.  0.50  -0.73181  -1.07658  -0.22833
   7250.  1.00  -0.73754  -1.08548  -0.23075
   7250.  1.50  -0.74500  -1.10008  -0.23072
   7250.  2.00  -0.75459  -1.12004  -0.22947
   7250.  2.50  -0.76728  -1.14514  -0.22925
   7250.  3.00  -0.78622  -1.17566  -0.23569
   7250.  3.50  -0.80904  -1.20922  -0.24651
   7250.  4.00  -0.83365  -1.24364  -0.25973
   7250.  4.50  -0.85746  -1.27607  -0.27315
   7250.  5.00  -0.87825  -1.30390  -0.28506
   7500.  0.50  -0.75393  -1.08545  -0.26543
   7500.  1.00  -0.75858  -1.08446  -0.27629
   7500.  1.50  -0.76389  -1.09436  -0.27677
   7500.  2.00  -0.77242  -1.11060  -0.27696
   7500.  2.50  -0.78340  -1.13231  -0.27635
   7500.  3.00  -0.79779  -1.15932  -0.27711
   7500.  3.50  -0.81861  -1.19208  -0.28452
   7500.  4.00  -0.84305  -1.22747  -0.29616
   7500.  4.50  -0.86842  -1.26271  -0.30955
   7500.  5.00  -0.89238  -1.29501  -0.32291
   7750.  1.00  -0.78653  -1.09684  -0.32198
   7750.  1.50  -0.78933  -1.10003  -0.32475
   7750.  2.00  -0.79523  -1.11137  -0.32479
   7750.  2.50  -0.80476  -1.12896  -0.32536
   7750.  3.00  -0.81654  -1.15172  -0.32491
   7750.  3.50  -0.83225  -1.18008  -0.32646
   7750.  4.00  -0.85456  -1.21443  -0.33467
   7750.  4.50  -0.88014  -1.25097  -0.34688
   7750.  5.00  -0.90610  -1.28654  -0.36057
   8000.  1.00  -0.82302  -1.12565  -0.36704
   8000.  1.50  -0.82173  -1.11723  -0.37475
   8000.  2.00  -0.82495  -1.12305  -0.37550
   8000.  2.50  -0.83192  -1.13614  -0.37567
   8000.  3.00  -0.84216  -1.15479  -0.37629
   8000.  3.50  -0.85384  -1.17768  -0.37519
   8000.  4.00  -0.87041  -1.20676  -0.37722
   8000.  4.50  -0.89393  -1.24221  -0.38618
   8000.  5.00  -0.92035  -1.27937  -0.39887
   8250.  1.00  -0.87315  -1.17609  -0.41571
   8250.  1.50  -0.86100  -1.14622  -0.42575
   8250.  2.00  -0.86127  -1.14549  -0.42806
   8250.  2.50  -0.86558  -1.15364  -0.42838
   8250.  3.00  -0.87319  -1.16780  -0.42859
   8250.  3.50  -0.88374  -1.18697  -0.42905
   8250.  4.00  -0.89455  -1.20905  -0.42674
   8250.  4.50  -0.91195  -1.23872  -0.42926
   8250.  5.00  -0.93641  -1.27480  -0.43892
   8500.  1.50  -0.90762  -1.18661  -0.47894
   8500.  2.00  -0.90351  -1.17718  -0.48249
   8500.  2.50  -0.90512  -1.18023  -0.48327
   8500.  3.00  -0.91027  -1.19003  -0.48340
   8500.  3.50  -0.91838  -1.20503  -0.48350
   8500.  4.00  -0.92852  -1.22411  -0.48295
   8500.  4.50  -0.93790  -1.24475  -0.47889
   8500.  5.00  -0.95646  -1.27518  -0.48245
   8750.  1.50  -0.96106  -1.23602  -0.53590
   8750.  2.00  -0.95124  -1.21695  -0.53904
   8750.  2.50  -0.95007  -1.21481  -0.54027
   8750.  3.00  -0.95280  -1.22038  -0.54040
   8750.  3.50  -0.95848  -1.23132  -0.54025
   8750.  4.00  -0.96660  -1.24669  -0.53978
   8750.  4.50  -0.97503  -1.26454  -0.53677
   8750.  5.00  -0.98369  -1.28417  -0.53185
   9000.  1.50  -1.01867  -1.28983  -0.59660
   9000.  2.00  -1.00340  -1.26294  -0.59773
   9000.  2.50  -0.99955  -1.25602  -0.59914
   9000.  3.00  -1.00000  -1.25756  -0.59940
   9000.  3.50  -1.00333  -1.26464  -0.59897
   9000.  4.00  -1.00913  -1.27625  -0.59811
   9000.  4.50  -1.01700  -1.29194  -0.59645
   9000.  5.00  -1.02178  -1.30642  -0.58923
   9250.  2.00  -1.05823  -1.31244  -0.65797
   9250.  2.50  -1.05227  -1.30188  -0.65946
   9250.  3.00  -1.05089  -1.30021  -0.65981
   9250.  3.50  -1.05214  -1.30390  -0.65907
   9250.  4.00  -1.05559  -1.31186  -0.65766
   9250.  4.50  -1.06134  -1.32405  -0.65578
   9250.  5.00  -1.06752  -1.33848  -0.65170
   9500.  2.00  -1.11419  -1.36338  -0.71890
   9500.  2.50  -1.10688  -1.35061  -0.72039
   9500.  3.00  -1.10442  -1.34684  -0.72105
   9500.  3.50  -1.10418  -1.34793  -0.72035
   9500.  4.00  -1.10554  -1.35262  -0.71854
   9500.  4.50  -1.10895  -1.36118  -0.71616
   9500.  5.00  -1.11415  -1.37341  -0.71280
   9750.  2.00  -1.17030  -1.41458  -0.77989
   9750.  2.50  -1.16230  -1.40065  -0.78150
   9750.  3.00  -1.15929  -1.39564  -0.78263
   9750.  3.50  -1.15820  -1.39502  -0.78230
   9750.  4.00  -1.15812  -1.39730  -0.78042
   9750.  4.50  -1.15943  -1.40271  -0.77745
   9750.  5.00  -1.16259  -1.41174  -0.77372
  10000.  2.00  -1.22612  -1.46552  -0.84052
  10000.  2.50  -1.21786  -1.45115  -0.84236
  10000.  3.00  -1.21471  -1.44555  -0.84407
  10000.  3.50  -1.21324  -1.44391  -0.84429
  10000.  4.00  -1.21236  -1.44464  -0.84262
  10000.  4.50  -1.21218  -1.44774  -0.83933
  10000.  5.00  -1.21326  -1.45370  -0.83493
  10250.  2.00  -1.28135  -1.51594  -0.90050
  10250.  2.50  -1.27316  -1.50159  -0.90271
  10250.  3.00  -1.27018  -1.49591  -0.90502
  10250.  3.50  -1.26867  -1.49382  -0.90582
  10250.  4.00  -1.26744  -1.49364  -0.90458
  10250.  4.50  -1.26643  -1.49521  -0.90141
  10250.  5.00  -1.26575  -1.49854  -0.89650
  10500.  2.00  -1.33594  -1.56580  -0.95974
  10500.  2.50  -1.32793  -1.55164  -0.96236
  10500.  3.00  -1.32529  -1.54619  -0.96529
  10500.  3.50  -1.32399  -1.54404  -0.96671
  10500.  4.00  -1.32270  -1.54338  -0.96601
  10500.  4.50  -1.32128  -1.54398  -0.96322
  10500.  5.00  -1.31947  -1.54547  -0.95823
  10750.  2.00  -1.38991  -1.61515  -1.01824
  10750.  2.50  -1.38212  -1.60127  -1.02126
  10750.  3.00  -1.37993  -1.59623  -1.02480
  10750.  3.50  -1.37899  -1.59428  -1.02683
  10750.  4.00  -1.37785  -1.59346  -1.02673
  10750.  4.50  -1.37628  -1.59344  -1.02444
  10750.  5.00  -1.37384  -1.59373  -1.01965
  11000.  2.00  -1.44322  -1.66394  -1.07600
  11000.  2.50  -1.43567  -1.65036  -1.07941
  11000.  3.00  -1.43394  -1.64579  -1.08350
  11000.  3.50  -1.43343  -1.64418  -1.08612
  11000.  4.00  -1.43253  -1.64338  -1.08660
  11000.  4.50  -1.43105  -1.64311  -1.08489
  11000.  5.00  -1.42838  -1.64272  -1.08050
  11250.  2.00  -1.49593  -1.71224  -1.13303
  11250.  2.50  -1.48857  -1.69893  -1.13677
  11250.  3.00  -1.48732  -1.69489  -1.14140
  11250.  3.50  -1.48726  -1.69368  -1.14457
  11250.  4.00  -1.48668  -1.69305  -1.14557
  11250.  4.50  -1.48541  -1.69276  -1.14441
  11250.  5.00  -1.48274  -1.69198  -1.14055
  11500.  2.00  -1.54800  -1.75999  -1.18931
  11500.  2.50  -1.54080  -1.74693  -1.19336
  11500.  3.00  -1.54001  -1.74341  -1.19847
  11500.  3.50  -1.54039  -1.74265  -1.20214
  11500.  4.00  -1.54017  -1.74229  -1.20362
  11500.  4.50  -1.53921  -1.74213  -1.20300
  11500.  5.00  -1.53665  -1.74117  -1.19964
  11750.  2.00  -1.59941  -1.80720  -1.24486
  11750.  2.50  -1.59238  -1.79439  -1.24918
  11750.  3.00  -1.59203  -1.79137  -1.25476
  11750.  3.50  -1.59286  -1.79109  -1.25889
  11750.  4.00  -1.59298  -1.79102  -1.26078
  11750.  4.50  -1.59233  -1.79106  -1.26061
  11750.  5.00  -1.58998  -1.79005  -1.25779
  12000.  2.50  -1.64329  -1.84128  -1.30423
  12000.  3.00  -1.64337  -1.83879  -1.31024
  12000.  3.50  -1.64466  -1.83899  -1.31481
  12000.  4.00  -1.64510  -1.83920  -1.31709
  12000.  4.50  -1.64476  -1.83948  -1.31730
  12000.  5.00  -1.64260  -1.83847  -1.31496
  12250.  2.50  -1.69350  -1.88755  -1.35852
  12250.  3.00  -1.69403  -1.88560  -1.36494
  12250.  3.50  -1.69574  -1.88630  -1.36991
  12250.  4.00  -1.69651  -1.88683  -1.37253
  12250.  4.50  -1.69645  -1.88734  -1.37307
  12250.  5.00  -1.69453  -1.88642  -1.37114
  12500.  2.50  -1.74302  -1.93324  -1.41203
  12500.  3.00  -1.74398  -1.93180  -1.41886
  12500.  3.50  -1.74610  -1.93297  -1.42419
  12500.  4.00  -1.74717  -1.93383  -1.42710
  12500.  4.50  -1.74739  -1.93457  -1.42796
  12500.  5.00  -1.74570  -1.93377  -1.42637
  12750.  2.50  -1.79183  -1.97831  -1.46474
  12750.  3.00  -1.79324  -1.97742  -1.47200
  12750.  3.50  -1.79574  -1.97902  -1.47764
  12750.  4.00  -1.79713  -1.98022  -1.48083
  12750.  4.50  -1.79760  -1.98120  -1.48196
  12750.  5.00  -1.79615  -1.98057  -1.48068
  13000.  2.50  -1.83988  -2.02269  -1.51662
  13000.  3.00  -1.84181  -2.02241  -1.52436
  13000.  3.50  -1.84467  -2.02444  -1.53031
  13000.  4.00  -1.84636  -2.02598  -1.53378
  13000.  4.50  -1.84708  -2.02721  -1.53514
  13000.  5.00  -1.84583  -2.02672  -1.53409
  14000.  2.00  -2.03002  -2.20469  -1.70743
  14000.  2.50  -2.02458  -2.19354  -1.71581
  14000.  3.00  -2.02882  -2.19591  -1.72584
  14000.  3.50  -2.03338  -2.19992  -1.73322
  14000.  4.00  -2.03623  -2.20279  -1.73763
  14000.  4.50  -2.03770  -2.20478  -1.73966
  14000.  5.00  -2.03720  -2.20498  -1.73937
  15000.  2.50  -2.19731  -2.35365  -1.90164
  15000.  3.00  -2.20415  -2.35883  -1.91450
  15000.  3.50  -2.21084  -2.36526  -1.92381
  15000.  4.00  -2.21508  -2.36971  -1.92934
  15000.  4.50  -2.21735  -2.37259  -1.93204
  15000.  5.00  -2.21745  -2.37341  -1.93221
  16000.  2.50  -2.35871  -2.50354  -2.07471
  16000.  3.00  -2.36823  -2.51150  -2.09081
  16000.  3.50  -2.37731  -2.52053  -2.10245
  16000.  4.00  -2.38323  -2.52686  -2.10944
  16000.  4.50  -2.38653  -2.53086  -2.11298
  16000.  5.00  -2.38728  -2.53240  -2.11365
  17000.  2.50  -2.50988  -2.64420  -2.23618
  17000.  3.00  -2.52173  -2.65447  -2.25542
  17000.  3.50  -2.53337  -2.66624  -2.26971
  17000.  4.00  -2.54120  -2.67464  -2.27851
  17000.  4.50  -2.54572  -2.67996  -2.28312
  17000.  5.00  -2.54731  -2.68242  -2.28444
  18000.  2.50  -2.65194  -2.77663  -2.38734
  18000.  3.00  -2.66566  -2.78870  -2.40941
  18000.  3.50  -2.67976  -2.80305  -2.42637
  18000.  4.00  -2.68961  -2.81359  -2.43716
  18000.  4.50  -2.69550  -2.82037  -2.44308
  18000.  5.00  -2.69809  -2.82388  -2.44527
  19000.  2.50  -2.78563  -2.90149  -2.52916
  19000.  3.00  -2.80100  -2.91505  -2.55396
  19000.  3.50  -2.81735  -2.93176  -2.57335
  19000.  4.00  -2.82917  -2.94437  -2.58615
  19000.  4.50  -2.83655  -2.95270  -2.59356
  19000.  5.00  -2.84020  -2.95732  -2.59675
  20000.  3.00  -2.92869  -3.03436  -2.69022
  20000.  3.50  -2.94717  -3.05328  -2.71189
  20000.  4.00  -2.96077  -3.06779  -2.72646
  20000.  4.50  -2.96956  -3.07757  -2.73529
  20000.  5.00  -2.97427  -3.08328  -2.73954
  21000.  3.00  -3.04892  -3.14674  -2.81850
  21000.  3.50  -3.06996  -3.16830  -2.84286
  21000.  4.00  -3.08524  -3.18459  -2.85909
  21000.  4.50  -3.09530  -3.19569  -2.86915
  21000.  5.00  -3.10096  -3.20238  -2.87437
  22000.  3.00  -3.16171  -3.25211  -2.93887
  22000.  3.50  -3.18610  -3.27714  -2.96680
  22000.  4.00  -3.20327  -3.29539  -2.98485
  22000.  4.50  -3.21450  -3.30772  -2.99602
  22000.  5.00  -3.22100  -3.31527  -3.00204
  23000.  3.00  -3.26667  -3.34999  -3.05107
  23000.  3.50  -3.29569  -3.37980  -3.08381
  23000.  4.00  -3.31516  -3.40044  -3.10414
  23000.  4.50  -3.32775  -3.41419  -3.11662
  23000.  5.00  -3.33500  -3.42249  -3.12333
  24000.  3.00  -3.36259  -3.43900  -3.15402
  24000.  3.50  -3.39870  -3.47619  -3.19396
  24000.  4.00  -3.42102  -3.49981  -3.21711
  24000.  4.50  -3.43516  -3.51516  -3.23107
  24000.  5.00  -3.44331  -3.52438  -3.23867
  25000.  3.00  -3.44648  -3.51616  -3.24452
  25000.  3.50  -3.49474  -3.56582  -3.29694
  25000.  4.00  -3.52080  -3.59338  -3.32373
  25000.  4.50  -3.53690  -3.61076  -3.33961
  25000.  5.00  -3.54601  -3.62094  -3.34814
  26000.  3.00  -3.51427  -3.57839  -3.31633
  26000.  3.50  -3.58300  -3.64779  -3.39205
  26000.  4.00  -3.61438  -3.68095  -3.42397
  26000.  4.50  -3.63282  -3.70077  -3.44210
  26000.  5.00  -3.64322  -3.71230  -3.45188
  27000.  3.50  -3.66186  -3.72053  -3.47747
  27000.  4.00  -3.70124  -3.76196  -3.51733
  27000.  4.50  -3.72275  -3.78501  -3.53840
  27000.  5.00  -3.73473  -3.79814  -3.54972
  28000.  3.50  -3.73019  -3.78326  -3.55127
  28000.  4.00  -3.78065  -3.83566  -3.60307
  28000.  4.50  -3.80638  -3.86309  -3.62823
  28000.  5.00  -3.82024  -3.87819  -3.64137
  29000.  3.50  -3.79021  -3.83883  -3.61469
  29000.  4.00  -3.85194  -3.90147  -3.68023
  29000.  4.50  -3.88328  -3.93460  -3.71112
  29000.  5.00  -3.89972  -3.95237  -3.72673
  30000.  3.50  -3.84847  -3.89396  -3.67434
  30000.  4.00  -3.91568  -3.96029  -3.74884
  30000.  4.50  -3.95320  -3.99937  -3.78664
  30000.  5.00  -3.97285  -4.02041  -3.80549
  31000.  3.50  -3.90991  -3.95351  -3.73559
  31000.  4.00  -3.97472  -4.01518  -3.81152
  31000.  4.50  -4.01684  -4.05827  -3.85523
  31000.  5.00  -4.03999  -4.08272  -3.87782
  32000.  4.00  -4.03155  -4.06866  -3.87080
  32000.  4.50  -4.07627  -4.11354  -3.91861
  32000.  5.00  -4.10227  -4.14059  -3.94468
  33000.  4.00  -4.09180  -4.12657  -3.93224
  33000.  4.50  -4.13286  -4.16655  -3.97832
  33000.  5.00  -4.16083  -4.19521  -4.00704
  34000.  4.00  -4.15672  -4.19012  -3.99708
  34000.  4.50  -4.19106  -4.22198  -4.03861
  34000.  5.00  -4.21787  -4.24885  -4.06717
  35000.  4.00  -4.22622  -4.25904  -4.06551
  35000.  4.50  -4.25266  -4.28168  -4.10111
  35000.  5.00  -4.27650  -4.30479  -4.12796
  36000.  4.00  -4.30064  -4.33323  -4.13864
  36000.  4.50  -4.31759  -4.34552  -4.16584
  36000.  5.00  -4.33749  -4.36383  -4.19009
  37000.  4.00  -4.37937  -4.41164  -4.21658
  37000.  4.50  -4.38661  -4.41397  -4.23402
  37000.  5.00  -4.40126  -4.42635  -4.25407
  38000.  4.00  -4.46075  -4.49247  -4.29789
  38000.  4.50  -4.45972  -4.48673  -4.30627
  38000.  5.00  -4.46840  -4.49273  -4.32076
  39000.  4.00  -4.54299  -4.57393  -4.38064
  39000.  4.50  -4.53613  -4.56269  -4.38223
  39000.  5.00  -4.53898  -4.56284  -4.39072
  40000.  4.50  -4.61444  -4.64041  -4.46061
  40000.  5.00  -4.61257  -4.63597  -4.46388
  41000.  4.50  -4.69333  -4.71856  -4.54000
  41000.  5.00  -4.68817  -4.71103  -4.53938
  42000.  4.50  -4.77182  -4.79621  -4.61928
  42000.  5.00  -4.76473  -4.78696  -4.61620
  43000.  4.50  -4.84927  -4.87276  -4.69769
  43000.  5.00  -4.84137  -4.86289  -4.69337
  44000.  4.50  -4.92532  -4.94788  -4.77480
  44000.  5.00  -4.91744  -4.93817  -4.77020
  45000.  4.50  -4.99977  -5.02141  -4.85033
  45000.  5.00  -4.99250  -5.01241  -4.84613
  46000.  4.50  -5.07256  -5.09330  -4.92421
  46000.  5.00  -5.06625  -5.08532  -4.92086
  47000.  4.50  -5.14370  -5.16356  -4.99643
  47000.  5.00  -5.13855  -5.15678  -4.99416
  48000.  4.50  -5.21323  -5.23225  -5.06699
  48000.  5.00  -5.20930  -5.22669  -5.06591
  49000.  4.50  -5.28119  -5.29940  -5.13597
  49000.  5.00  -5.27852  -5.29510  -5.13612
  50000.  5.00  -5.34620  -5.36199  -5.20479
