Dictionary for log(g) = 0.0
3500.0  0.0  0.669  0.961  0.587
3750.0  0.0  0.715  0.963  0.610
4000.0  0.0  0.741  0.973  0.621
4250.0  0.0  0.759  0.983  0.627
4500.0  0.0  0.773  0.993  0.632
4750.0  0.0  0.786  1.003  0.634
5000.0  0.0  0.799  1.014  0.637
5250.0  0.0  0.813  1.027  0.639
5500.0  0.0  0.829  1.040  0.641
5750.0  0.0  0.844  1.052  0.643
6000.0  0.0  0.861  1.065  0.645

Dictionary for log(g) = 0.5
3500.0  0.5  0.666  0.967  0.585
3750.0  0.5  0.715  0.967  0.609
4000.0  0.5  0.742  0.977  0.620
4250.0  0.5  0.761  0.988  0.627
4500.0  0.5  0.776  0.997  0.631
4750.0  0.5  0.789  1.006  0.634
5000.0  0.5  0.802  1.018  0.637
5250.0  0.5  0.816  1.029  0.640
5500.0  0.5  0.830  1.041  0.641
5750.0  0.5  0.845  1.052  0.643
6000.0  0.5  0.859  1.064  0.645
6250.0  0.5  0.874  1.075  0.647
6500.0  0.5  0.888  1.085  0.647
6750.0  0.5  0.901  1.094  0.648
7000.0  0.5  0.913  1.101  0.649
7250.0  0.5  0.921  1.106  0.651
7500.0  0.5  0.924  1.107  0.652

Dictionary for log(g) = 1.0
3500.0  1.0  0.663  0.973  0.582
3750.0  1.0  0.714  0.971  0.607
4000.0  1.0  0.743  0.979  0.621
4250.0  1.0  0.762  0.990  0.627
4500.0  1.0  0.777  0.999  0.631
4750.0  1.0  0.791  1.009  0.635
5000.0  1.0  0.803  1.020  0.637
5250.0  1.0  0.816  1.032  0.640
5500.0  1.0  0.830  1.043  0.641
5750.0  1.0  0.844  1.054  0.643
6000.0  1.0  0.858  1.064  0.645
6250.0  1.0  0.871  1.073  0.646
6500.0  1.0  0.885  1.083  0.648
6750.0  1.0  0.898  1.092  0.649
7000.0  1.0  0.911  1.100  0.650
7250.0  1.0  0.921  1.107  0.651
7500.0  1.0  0.929  1.112  0.652
7750.0  1.0  0.935  1.116  0.653
8000.0  1.0  0.937  1.118  0.655
8250.0  1.0  0.937  1.119  0.656

Dictionary for log(g) = 1.5
3500.0  1.5  0.662  0.980  0.581
3750.0  1.5  0.712  0.974  0.606
4000.0  1.5  0.742  0.981  0.620
4250.0  1.5  0.763  0.993  0.627
4500.0  1.5  0.779  1.003  0.631
4750.0  1.5  0.792  1.012  0.634
5000.0  1.5  0.805  1.023  0.637
5250.0  1.5  0.818  1.034  0.640
5500.0  1.5  0.831  1.044  0.642
5750.0  1.5  0.844  1.055  0.643
6000.0  1.5  0.857  1.064  0.645
6250.0  1.5  0.871  1.073  0.647
6500.0  1.5  0.883  1.082  0.649
6750.0  1.5  0.895  1.090  0.649
7000.0  1.5  0.908  1.098  0.651
7250.0  1.5  0.918  1.105  0.651
7500.0  1.5  0.927  1.111  0.652
7750.0  1.5  0.935  1.116  0.654
8000.0  1.5  0.941  1.120  0.654
8250.0  1.5  0.945  1.122  0.655
8500.0  1.5  0.947  1.125  0.656
8750.0  1.5  0.949  1.128  0.657
9000.0  1.5  0.950  1.129  0.658

Dictionary for log(g) = 2.0
3500.0  2.0  0.662  0.986  0.580
3750.0  2.0  0.711  0.979  0.604
4000.0  2.0  0.743  0.984  0.620
4250.0  2.0  0.764  0.995  0.627
4500.0  2.0  0.780  1.005  0.631
4750.0  2.0  0.793  1.014  0.634
5000.0  2.0  0.806  1.024  0.637
5250.0  2.0  0.819  1.035  0.639
5500.0  2.0  0.831  1.046  0.641
5750.0  2.0  0.844  1.056  0.643
6000.0  2.0  0.857  1.066  0.645
6250.0  2.0  0.869  1.074  0.647
6500.0  2.0  0.881  1.081  0.648
6750.0  2.0  0.893  1.089  0.650
7000.0  2.0  0.904  1.097  0.651
7250.0  2.0  0.916  1.103  0.652
7500.0  2.0  0.924  1.109  0.653
7750.0  2.0  0.933  1.114  0.654
8000.0  2.0  0.940  1.119  0.655
8250.0  2.0  0.945  1.123  0.655
8500.0  2.0  0.950  1.126  0.656
8750.0  2.0  0.953  1.129  0.657
9000.0  2.0  0.956  1.131  0.658
9250.0  2.0  0.957  1.133  0.659
9500.0  2.0  0.959  1.135  0.659
9750.0  2.0  0.960  1.137  0.660
10000.0  2.0  0.961  1.139  0.660
10250.0  2.0  0.963  1.142  0.661
10500.0  2.0  0.964  1.143  0.661
10750.0  2.0  0.966  1.145  0.661
11000.0  2.0  0.967  1.147  0.662
11250.0  2.0  0.969  1.149  0.662
11500.0  2.0  0.969  1.151  0.663
11750.0  2.0  0.971  1.152  0.663
14000.0  2.0  0.980  1.165  0.666

Dictionary for log(g) = 2.5
3500.0  2.5  0.664  0.992  0.579
3750.0  2.5  0.710  0.983  0.602
4000.0  2.5  0.743  0.986  0.618
4250.0  2.5  0.764  0.997  0.626
4500.0  2.5  0.781  1.007  0.631
4750.0  2.5  0.794  1.016  0.635
5000.0  2.5  0.807  1.026  0.637
5250.0  2.5  0.819  1.037  0.640
5500.0  2.5  0.832  1.047  0.642
5750.0  2.5  0.844  1.057  0.643
6000.0  2.5  0.856  1.066  0.645
6250.0  2.5  0.867  1.074  0.647
6500.0  2.5  0.879  1.081  0.649
6750.0  2.5  0.889  1.088  0.650
7000.0  2.5  0.901  1.094  0.652
7250.0  2.5  0.911  1.101  0.653
7500.0  2.5  0.921  1.107  0.654
7750.0  2.5  0.930  1.113  0.654
8000.0  2.5  0.937  1.117  0.655
8250.0  2.5  0.943  1.122  0.656
8500.0  2.5  0.949  1.125  0.657
8750.0  2.5  0.952  1.129  0.657
9000.0  2.5  0.956  1.131  0.658
9250.0  2.5  0.959  1.133  0.659
9500.0  2.5  0.961  1.135  0.660
9750.0  2.5  0.962  1.138  0.660
10000.0  2.5  0.965  1.139  0.660
10250.0  2.5  0.966  1.141  0.661
10500.0  2.5  0.967  1.143  0.662
10750.0  2.5  0.969  1.145  0.662
11000.0  2.5  0.970  1.147  0.662
11250.0  2.5  0.972  1.149  0.662
11500.0  2.5  0.972  1.150  0.663
11750.0  2.5  0.974  1.152  0.663
12000.0  2.5  0.975  1.154  0.664
12250.0  2.5  0.976  1.156  0.664
12500.0  2.5  0.977  1.157  0.664
12750.0  2.5  0.978  1.158  0.664
13000.0  2.5  0.980  1.160  0.665
14000.0  2.5  0.983  1.164  0.666
15000.0  2.5  0.987  1.169  0.667
16000.0  2.5  0.990  1.174  0.667
17000.0  2.5  0.993  1.177  0.668
18000.0  2.5  0.996  1.181  0.669
19000.0  2.5  0.998  1.186  0.670

Dictionary for log(g) = 3.0
3500.0  3.0  0.667  0.996  0.580
3750.0  3.0  0.709  0.987  0.600
4000.0  3.0  0.742  0.989  0.617
4250.0  3.0  0.764  0.998  0.626
4500.0  3.0  0.781  1.008  0.631
4750.0  3.0  0.795  1.017  0.635
5000.0  3.0  0.807  1.028  0.637
5250.0  3.0  0.820  1.038  0.640
5500.0  3.0  0.831  1.048  0.642
5750.0  3.0  0.844  1.057  0.643
6000.0  3.0  0.855  1.066  0.645
6250.0  3.0  0.867  1.075  0.646
6500.0  3.0  0.877  1.082  0.649
6750.0  3.0  0.888  1.087  0.650
7000.0  3.0  0.897  1.094  0.652
7250.0  3.0  0.907  1.099  0.653
7500.0  3.0  0.917  1.105  0.653
7750.0  3.0  0.926  1.110  0.655
8000.0  3.0  0.934  1.115  0.656
8250.0  3.0  0.941  1.120  0.657
8500.0  3.0  0.946  1.124  0.657
8750.0  3.0  0.951  1.127  0.658
9000.0  3.0  0.955  1.130  0.659
9250.0  3.0  0.958  1.133  0.659
9500.0  3.0  0.961  1.135  0.659
9750.0  3.0  0.963  1.137  0.660
10000.0  3.0  0.966  1.139  0.660
10250.0  3.0  0.967  1.141  0.661
10500.0  3.0  0.969  1.143  0.662
10750.0  3.0  0.970  1.144  0.662
11000.0  3.0  0.971  1.146  0.663
11250.0  3.0  0.973  1.148  0.663
11500.0  3.0  0.974  1.149  0.664
11750.0  3.0  0.975  1.151  0.664
12000.0  3.0  0.976  1.153  0.664
12250.0  3.0  0.977  1.154  0.665
12500.0  3.0  0.979  1.155  0.665
12750.0  3.0  0.980  1.157  0.665
13000.0  3.0  0.980  1.158  0.665
14000.0  3.0  0.985  1.164  0.666
15000.0  3.0  0.988  1.168  0.667
16000.0  3.0  0.992  1.173  0.668
17000.0  3.0  0.995  1.176  0.669
18000.0  3.0  0.997  1.180  0.669
19000.0  3.0  1.001  1.183  0.669
20000.0  3.0  1.003  1.187  0.670
21000.0  3.0  1.005  1.189  0.671
22000.0  3.0  1.006  1.193  0.671
23000.0  3.0  1.009  1.196  0.671
24000.0  3.0  1.011  1.198  0.671
25000.0  3.0  1.011  1.200  0.672
26000.0  3.0  1.013  1.202  0.673

Dictionary for log(g) = 3.5
3500.0  3.5  0.671  0.998  0.581
3750.0  3.5  0.709  0.990  0.600
4000.0  3.5  0.740  0.991  0.616
4250.0  3.5  0.764  0.999  0.625
4500.0  3.5  0.780  1.010  0.630
4750.0  3.5  0.795  1.019  0.634
5000.0  3.5  0.808  1.028  0.636
5250.0  3.5  0.820  1.038  0.639
5500.0  3.5  0.831  1.048  0.641
5750.0  3.5  0.843  1.058  0.643
6000.0  3.5  0.854  1.067  0.645
6250.0  3.5  0.865  1.075  0.646
6500.0  3.5  0.876  1.082  0.648
6750.0  3.5  0.885  1.087  0.650
7000.0  3.5  0.895  1.093  0.651
7250.0  3.5  0.903  1.098  0.653
7500.0  3.5  0.913  1.103  0.654
7750.0  3.5  0.921  1.108  0.655
8000.0  3.5  0.930  1.113  0.656
8250.0  3.5  0.937  1.118  0.657
8500.0  3.5  0.944  1.121  0.658
8750.0  3.5  0.948  1.125  0.658
9000.0  3.5  0.953  1.128  0.659
9250.0  3.5  0.956  1.131  0.660
9500.0  3.5  0.960  1.134  0.660
9750.0  3.5  0.963  1.136  0.661
10000.0  3.5  0.964  1.138  0.661
10250.0  3.5  0.967  1.140  0.661
10500.0  3.5  0.969  1.142  0.662
10750.0  3.5  0.970  1.144  0.662
11000.0  3.5  0.971  1.145  0.662
11250.0  3.5  0.973  1.147  0.663
11500.0  3.5  0.974  1.149  0.664
11750.0  3.5  0.975  1.151  0.664
12000.0  3.5  0.976  1.152  0.664
12250.0  3.5  0.977  1.153  0.664
12500.0  3.5  0.978  1.154  0.664
12750.0  3.5  0.980  1.156  0.665
13000.0  3.5  0.980  1.158  0.665
14000.0  3.5  0.984  1.163  0.667
15000.0  3.5  0.989  1.167  0.666
16000.0  3.5  0.991  1.172  0.668
17000.0  3.5  0.995  1.175  0.668
18000.0  3.5  0.998  1.178  0.669
19000.0  3.5  1.001  1.182  0.669
20000.0  3.5  1.003  1.185  0.671
21000.0  3.5  1.005  1.188  0.671
22000.0  3.5  1.008  1.190  0.671
23000.0  3.5  1.009  1.194  0.671
24000.0  3.5  1.011  1.196  0.672
25000.0  3.5  1.012  1.198  0.672
26000.0  3.5  1.015  1.200  0.673
27000.0  3.5  1.017  1.202  0.672
28000.0  3.5  1.018  1.205  0.673
29000.0  3.5  1.020  1.206  0.673
30000.0  3.5  1.020  1.208  0.674
31000.0  3.5  1.020  1.209  0.674

Dictionary for log(g) = 4.0
3500.0  4.0  0.677  0.997  0.584
3750.0  4.0  0.710  0.991  0.600
4000.0  4.0  0.739  0.991  0.615
4250.0  4.0  0.763  0.999  0.625
4500.0  4.0  0.780  1.009  0.630
4750.0  4.0  0.794  1.019  0.634
5000.0  4.0  0.807  1.029  0.637
5250.0  4.0  0.820  1.039  0.639
5500.0  4.0  0.831  1.049  0.641
5750.0  4.0  0.843  1.058  0.644
6000.0  4.0  0.853  1.067  0.645
6250.0  4.0  0.864  1.075  0.647
6500.0  4.0  0.874  1.082  0.649
6750.0  4.0  0.883  1.087  0.650
7000.0  4.0  0.892  1.093  0.652
7250.0  4.0  0.901  1.098  0.653
7500.0  4.0  0.909  1.102  0.654
7750.0  4.0  0.917  1.106  0.655
8000.0  4.0  0.924  1.111  0.656
8250.0  4.0  0.933  1.115  0.657
8500.0  4.0  0.939  1.120  0.658
8750.0  4.0  0.945  1.123  0.659
9000.0  4.0  0.949  1.126  0.660
9250.0  4.0  0.954  1.129  0.660
9500.0  4.0  0.957  1.132  0.661
9750.0  4.0  0.960  1.135  0.661
10000.0  4.0  0.963  1.136  0.661
10250.0  4.0  0.965  1.138  0.662
10500.0  4.0  0.967  1.141  0.662
10750.0  4.0  0.969  1.142  0.662
11000.0  4.0  0.970  1.145  0.663
11250.0  4.0  0.972  1.146  0.663
11500.0  4.0  0.973  1.147  0.664
11750.0  4.0  0.975  1.149  0.664
12000.0  4.0  0.976  1.150  0.665
12250.0  4.0  0.977  1.153  0.665
12500.0  4.0  0.978  1.154  0.665
12750.0  4.0  0.980  1.155  0.665
13000.0  4.0  0.980  1.157  0.665
14000.0  4.0  0.984  1.162  0.666
15000.0  4.0  0.988  1.166  0.667
16000.0  4.0  0.992  1.171  0.668
17000.0  4.0  0.994  1.174  0.668
18000.0  4.0  0.998  1.177  0.669
19000.0  4.0  1.000  1.181  0.670
20000.0  4.0  1.003  1.183  0.670
21000.0  4.0  1.005  1.187  0.671
22000.0  4.0  1.008  1.189  0.671
23000.0  4.0  1.009  1.192  0.671
24000.0  4.0  1.011  1.194  0.672
25000.0  4.0  1.013  1.196  0.672
26000.0  4.0  1.014  1.199  0.673
27000.0  4.0  1.017  1.201  0.673
28000.0  4.0  1.018  1.203  0.673
29000.0  4.0  1.020  1.204  0.673
30000.0  4.0  1.021  1.206  0.673
31000.0  4.0  1.022  1.208  0.674
32000.0  4.0  1.024  1.210  0.674
33000.0  4.0  1.024  1.211  0.675
34000.0  4.0  1.024  1.212  0.675
35000.0  4.0  1.024  1.212  0.675
36000.0  4.0  1.025  1.214  0.674
37000.0  4.0  1.025  1.214  0.674
38000.0  4.0  1.026  1.214  0.675
39000.0  4.0  1.026  1.215  0.675

Dictionary for log(g) = 4.5
3500.0  4.5  0.684  0.993  0.588
3750.0  4.5  0.712  0.991  0.602
4000.0  4.5  0.738  0.991  0.615
4250.0  4.5  0.760  0.998  0.625
4500.0  4.5  0.778  1.009  0.631
4750.0  4.5  0.793  1.019  0.633
5000.0  4.5  0.808  1.029  0.637
5250.0  4.5  0.820  1.039  0.639
5500.0  4.5  0.830  1.048  0.641
5750.0  4.5  0.842  1.058  0.643
6000.0  4.5  0.853  1.067  0.645
6250.0  4.5  0.862  1.074  0.647
6500.0  4.5  0.873  1.082  0.648
6750.0  4.5  0.881  1.088  0.649
7000.0  4.5  0.889  1.093  0.651
7250.0  4.5  0.897  1.098  0.652
7500.0  4.5  0.905  1.102  0.654
7750.0  4.5  0.913  1.106  0.655
8000.0  4.5  0.921  1.109  0.657
8250.0  4.5  0.927  1.113  0.657
8500.0  4.5  0.935  1.116  0.658
8750.0  4.5  0.941  1.121  0.659
9000.0  4.5  0.946  1.124  0.660
9250.0  4.5  0.950  1.127  0.660
9500.0  4.5  0.954  1.130  0.661
9750.0  4.5  0.957  1.133  0.661
10000.0  4.5  0.960  1.134  0.661
10250.0  4.5  0.963  1.137  0.662
10500.0  4.5  0.965  1.139  0.663
10750.0  4.5  0.967  1.141  0.663
11000.0  4.5  0.969  1.142  0.663
11250.0  4.5  0.971  1.144  0.663
11500.0  4.5  0.973  1.146  0.664
11750.0  4.5  0.974  1.148  0.664
12000.0  4.5  0.975  1.150  0.665
12250.0  4.5  0.976  1.151  0.665
12500.0  4.5  0.978  1.152  0.665
12750.0  4.5  0.978  1.154  0.665
13000.0  4.5  0.980  1.155  0.665
14000.0  4.5  0.984  1.160  0.666
15000.0  4.5  0.987  1.165  0.667
16000.0  4.5  0.991  1.169  0.668
17000.0  4.5  0.993  1.173  0.669
18000.0  4.5  0.996  1.177  0.669
19000.0  4.5  0.999  1.179  0.670
20000.0  4.5  1.002  1.183  0.670
21000.0  4.5  1.005  1.186  0.671
22000.0  4.5  1.007  1.189  0.671
23000.0  4.5  1.009  1.191  0.672
24000.0  4.5  1.011  1.193  0.672
25000.0  4.5  1.012  1.196  0.673
26000.0  4.5  1.014  1.198  0.673
27000.0  4.5  1.015  1.199  0.673
28000.0  4.5  1.017  1.201  0.673
29000.0  4.5  1.019  1.204  0.673
30000.0  4.5  1.020  1.205  0.674
31000.0  4.5  1.022  1.207  0.674
32000.0  4.5  1.023  1.208  0.674
33000.0  4.5  1.024  1.210  0.674
34000.0  4.5  1.025  1.211  0.674
35000.0  4.5  1.026  1.212  0.675
36000.0  4.5  1.026  1.213  0.674
37000.0  4.5  1.026  1.214  0.675
38000.0  4.5  1.027  1.214  0.675
39000.0  4.5  1.027  1.215  0.675
40000.0  4.5  1.028  1.216  0.675
41000.0  4.5  1.028  1.216  0.675
42000.0  4.5  1.028  1.217  0.675
43000.0  4.5  1.028  1.217  0.675
44000.0  4.5  1.029  1.217  0.675
45000.0  4.5  1.029  1.218  0.675
46000.0  4.5  1.030  1.218  0.675
47000.0  4.5  1.030  1.219  0.676
48000.0  4.5  1.031  1.219  0.676
49000.0  4.5  1.031  1.219  0.676

Dictionary for log(g) = 5.0
3500.0  5.0  0.689  0.987  0.592
3750.0  5.0  0.715  0.988  0.604
4000.0  5.0  0.737  0.991  0.616
4250.0  5.0  0.758  0.997  0.624
4500.0  5.0  0.776  1.007  0.630
4750.0  5.0  0.793  1.018  0.634
5000.0  5.0  0.807  1.028  0.637
5250.0  5.0  0.819  1.038  0.639
5500.0  5.0  0.831  1.047  0.641
5750.0  5.0  0.841  1.058  0.643
6000.0  5.0  0.851  1.066  0.645
6250.0  5.0  0.862  1.075  0.647
6500.0  5.0  0.870  1.081  0.648
6750.0  5.0  0.879  1.088  0.649
7000.0  5.0  0.887  1.093  0.651
7250.0  5.0  0.895  1.098  0.652
7500.0  5.0  0.902  1.102  0.654
7750.0  5.0  0.910  1.106  0.655
8000.0  5.0  0.916  1.109  0.656
8250.0  5.0  0.923  1.112  0.657
8500.0  5.0  0.929  1.115  0.658
8750.0  5.0  0.936  1.118  0.659
9000.0  5.0  0.941  1.121  0.660
9250.0  5.0  0.946  1.125  0.661
9500.0  5.0  0.951  1.128  0.661
9750.0  5.0  0.954  1.130  0.661
10000.0  5.0  0.957  1.132  0.662
10250.0  5.0  0.960  1.135  0.662
10500.0  5.0  0.963  1.137  0.663
10750.0  5.0  0.964  1.139  0.663
11000.0  5.0  0.967  1.141  0.664
11250.0  5.0  0.969  1.143  0.664
11500.0  5.0  0.971  1.144  0.665
11750.0  5.0  0.972  1.146  0.664
12000.0  5.0  0.974  1.148  0.665
12250.0  5.0  0.975  1.150  0.665
12500.0  5.0  0.976  1.151  0.665
12750.0  5.0  0.977  1.153  0.666
13000.0  5.0  0.978  1.154  0.666
14000.0  5.0  0.982  1.159  0.666
15000.0  5.0  0.986  1.163  0.667
16000.0  5.0  0.989  1.168  0.668
17000.0  5.0  0.993  1.171  0.668
18000.0  5.0  0.996  1.175  0.669
19000.0  5.0  0.998  1.178  0.670
20000.0  5.0  1.001  1.182  0.670
21000.0  5.0  1.003  1.185  0.671
22000.0  5.0  1.005  1.187  0.671
23000.0  5.0  1.008  1.190  0.671
24000.0  5.0  1.010  1.192  0.672
25000.0  5.0  1.011  1.194  0.672
26000.0  5.0  1.013  1.197  0.672
27000.0  5.0  1.015  1.199  0.673
28000.0  5.0  1.017  1.200  0.673
29000.0  5.0  1.018  1.202  0.674
30000.0  5.0  1.020  1.205  0.674
31000.0  5.0  1.022  1.206  0.673
32000.0  5.0  1.023  1.208  0.674
33000.0  5.0  1.023  1.209  0.674
34000.0  5.0  1.025  1.211  0.674
35000.0  5.0  1.026  1.212  0.674
36000.0  5.0  1.027  1.213  0.675
37000.0  5.0  1.027  1.214  0.674
38000.0  5.0  1.027  1.214  0.675
39000.0  5.0  1.028  1.215  0.675
40000.0  5.0  1.028  1.216  0.675
41000.0  5.0  1.029  1.216  0.675
42000.0  5.0  1.029  1.216  0.675
43000.0  5.0  1.029  1.217  0.676
44000.0  5.0  1.030  1.217  0.675
45000.0  5.0  1.030  1.218  0.675
46000.0  5.0  1.031  1.218  0.676
47000.0  5.0  1.031  1.218  0.676
48000.0  5.0  1.031  1.219  0.675
49000.0  5.0  1.031  1.219  0.676
50000.0  5.0  1.032  1.220  0.676

