Array for log(g) = 0.0
Shape: (7L, 18L)
Array has the following Teff values: 4500.0 4750.0 5000.0 5250.0 5500.0 5750.0 6000.0 
[[  4.50000000e+03   0.00000000e+00  -1.14000000e-01  -4.61000000e-01
   -1.81000000e-01  -4.50000000e-02  -3.00000000e-03  -1.60000000e-02
   -7.00000000e-03  -1.80000000e-02  -5.00000000e-03   2.00000000e-03
    0.00000000e+00   0.00000000e+00   1.00000000e-03  -3.00000000e-03
   -1.40000000e-02   2.00000000e-03]
 [  4.75000000e+03   0.00000000e+00  -1.78000000e-01  -4.64000000e-01
   -7.60000000e-02  -3.50000000e-02  -7.00000000e-03  -1.30000000e-02
   -6.00000000e-03  -1.50000000e-02  -5.00000000e-03   2.00000000e-03
   -1.00000000e-03   1.00000000e-03   0.00000000e+00  -7.00000000e-03
   -1.50000000e-02   0.00000000e+00]
 [  5.00000000e+03   0.00000000e+00  -2.13000000e-01  -3.47000000e-01
   -5.80000000e-02  -4.40000000e-02  -9.00000000e-03  -1.30000000e-02
   -5.00000000e-03  -1.10000000e-02  -5.00000000e-03   0.00000000e+00
   -1.00000000e-03   1.00000000e-03   1.00000000e-03  -8.00000000e-03
   -1.40000000e-02   0.00000000e+00]
 [  5.25000000e+03   0.00000000e+00  -3.21000000e-01  -2.34000000e-01
   -4.80000000e-02  -5.80000000e-02  -9.00000000e-03  -1.50000000e-02
   -3.00000000e-03  -7.00000000e-03  -2.00000000e-03   1.11022302e-16
    0.00000000e+00   0.00000000e+00   1.00000000e-03  -6.00000000e-03
   -1.10000000e-02   0.00000000e+00]
 [  5.50000000e+03   0.00000000e+00  -4.65000000e-01  -1.69000000e-01
   -3.80000000e-02  -6.50000000e-02  -7.00000000e-03  -1.60000000e-02
   -2.00000000e-03  -1.00000000e-03  -1.00000000e-03   2.00000000e-03
    2.22044605e-16  -1.00000000e-03   0.00000000e+00  -2.00000000e-03
   -7.00000000e-03  -1.11022302e-16]
 [  5.75000000e+03   0.00000000e+00  -5.11000000e-01  -1.31000000e-01
   -3.00000000e-02  -6.80000000e-02  -6.00000000e-03  -1.80000000e-02
   -2.00000000e-03   0.00000000e+00   1.00000000e-03   3.00000000e-03
    1.00000000e-03   0.00000000e+00  -1.00000000e-03   3.00000000e-03
   -6.00000000e-03   0.00000000e+00]
 [  6.00000000e+03   0.00000000e+00  -4.60000000e-01  -1.08000000e-01
   -2.20000000e-02  -7.30000000e-02  -6.00000000e-03  -1.70000000e-02
    0.00000000e+00   4.00000000e-03   2.00000000e-03   5.00000000e-03
    1.00000000e-03   1.00000000e-03  -1.00000000e-03   1.00000000e-02
   -1.00000000e-03   0.00000000e+00]]

Array for log(g) = 0.5
Shape: (13L, 18L)
Array has the following Teff values: 4500.0 4750.0 5000.0 5250.0 5500.0 5750.0 6000.0 6250.0 6500.0 6750.0 7000.0 7250.0 7500.0 
[[  4.50000000e+03   5.00000000e-01  -1.00000000e-01  -4.12000000e-01
   -1.35000000e-01  -3.30000000e-02  -2.00000000e-03  -1.20000000e-02
   -5.00000000e-03  -1.60000000e-02  -2.00000000e-03   4.00000000e-03
    0.00000000e+00   0.00000000e+00   2.00000000e-03   0.00000000e+00
   -1.00000000e-02   1.00000000e-03]
 [  4.75000000e+03   5.00000000e-01  -1.64000000e-01  -3.89000000e-01
   -5.90000000e-02  -2.60000000e-02  -4.00000000e-03  -1.00000000e-02
   -4.00000000e-03  -1.30000000e-02  -3.00000000e-03   2.00000000e-03
   -1.00000000e-03   0.00000000e+00   0.00000000e+00  -4.00000000e-03
   -1.20000000e-02   0.00000000e+00]
 [  5.00000000e+03   5.00000000e-01  -1.92000000e-01  -2.80000000e-01
   -4.80000000e-02  -3.40000000e-02  -8.00000000e-03  -1.00000000e-02
   -3.00000000e-03  -8.00000000e-03  -4.00000000e-03   1.00000000e-03
    0.00000000e+00   1.00000000e-03   0.00000000e+00  -5.00000000e-03
   -1.00000000e-02  -1.11022302e-16]
 [  5.25000000e+03   5.00000000e-01  -2.78000000e-01  -1.81000000e-01
   -4.20000000e-02  -4.80000000e-02  -8.00000000e-03  -1.20000000e-02
   -2.00000000e-03  -6.00000000e-03  -2.00000000e-03   1.11022302e-16
    0.00000000e+00  -1.11022302e-16   0.00000000e+00  -3.00000000e-03
   -9.00000000e-03   1.00000000e-03]
 [  5.50000000e+03   5.00000000e-01  -3.95000000e-01  -1.30000000e-01
   -3.40000000e-02  -5.40000000e-02  -7.00000000e-03  -1.30000000e-02
   -2.00000000e-03  -1.00000000e-03  -1.00000000e-03   1.00000000e-03
    2.22044605e-16  -1.11022302e-16   0.00000000e+00  -1.00000000e-03
   -6.00000000e-03   0.00000000e+00]
 [  5.75000000e+03   5.00000000e-01  -4.26000000e-01  -1.01000000e-01
   -2.80000000e-02  -5.90000000e-02  -6.00000000e-03  -1.50000000e-02
   -1.00000000e-03  -2.22044605e-16   2.22044605e-16   2.00000000e-03
    0.00000000e+00   0.00000000e+00  -1.00000000e-03   4.00000000e-03
   -6.00000000e-03   0.00000000e+00]
 [  6.00000000e+03   5.00000000e-01  -3.75000000e-01  -8.40000000e-02
   -2.00000000e-02  -6.30000000e-02  -5.00000000e-03  -1.50000000e-02
    0.00000000e+00   3.00000000e-03   2.00000000e-03   4.00000000e-03
    1.00000000e-03   1.00000000e-03  -1.00000000e-03   8.00000000e-03
   -2.00000000e-03   0.00000000e+00]
 [  6.25000000e+03   5.00000000e-01  -3.05000000e-01  -7.30000000e-02
   -1.50000000e-02  -6.40000000e-02  -4.00000000e-03  -1.70000000e-02
    2.22044605e-16   6.00000000e-03   4.00000000e-03   5.00000000e-03
    2.00000000e-03   1.00000000e-03  -1.00000000e-03   1.20000000e-02
    0.00000000e+00   1.11022302e-16]
 [  6.50000000e+03   5.00000000e-01  -2.41000000e-01  -6.30000000e-02
   -1.20000000e-02  -6.90000000e-02  -4.00000000e-03  -1.60000000e-02
    2.00000000e-03   8.00000000e-03   6.00000000e-03   6.00000000e-03
    1.00000000e-03   1.00000000e-03  -3.00000000e-03   1.80000000e-02
    4.00000000e-03  -1.00000000e-03]
 [  6.75000000e+03   5.00000000e-01  -1.81000000e-01  -4.90000000e-02
   -8.00000000e-03  -7.00000000e-02  -4.00000000e-03  -1.60000000e-02
    3.00000000e-03   9.00000000e-03   8.00000000e-03   7.00000000e-03
    2.00000000e-03   1.00000000e-03  -3.00000000e-03   2.20000000e-02
    6.00000000e-03  -1.00000000e-03]
 [  7.00000000e+03   5.00000000e-01  -1.29000000e-01  -3.40000000e-02
   -6.00000000e-03  -7.20000000e-02  -4.00000000e-03  -1.30000000e-02
    4.00000000e-03   1.00000000e-02   9.00000000e-03   9.00000000e-03
    3.00000000e-03   1.00000000e-03  -2.00000000e-03   2.60000000e-02
    8.00000000e-03  -2.00000000e-03]
 [  7.25000000e+03   5.00000000e-01  -8.00000000e-02  -1.70000000e-02
   -4.00000000e-03  -6.70000000e-02  -4.00000000e-03  -1.20000000e-02
    3.00000000e-03   9.00000000e-03   8.00000000e-03   8.00000000e-03
    3.00000000e-03   1.00000000e-03  -3.00000000e-03   2.60000000e-02
    8.00000000e-03  -1.00000000e-03]
 [  7.50000000e+03   5.00000000e-01  -3.50000000e-02   0.00000000e+00
    2.22044605e-16  -5.20000000e-02  -4.00000000e-03  -8.00000000e-03
    3.00000000e-03   7.00000000e-03   6.00000000e-03   7.00000000e-03
    3.00000000e-03   1.00000000e-03  -3.00000000e-03   2.20000000e-02
    5.00000000e-03  -2.00000000e-03]]

Array for log(g) = 1.0
Shape: (16L, 18L)
Array has the following Teff values: 4500.0 4750.0 5000.0 5250.0 5500.0 5750.0 6000.0 6250.0 6500.0 6750.0 7000.0 7250.0 7500.0 7750.0 8000.0 8250.0 
[[  4.50000000e+03   1.00000000e+00  -8.90000000e-02  -3.51000000e-01
   -9.50000000e-02  -2.30000000e-02  -4.44089210e-16  -9.00000000e-03
   -4.00000000e-03  -1.30000000e-02  -1.00000000e-03   4.00000000e-03
    0.00000000e+00   0.00000000e+00   1.00000000e-03   1.00000000e-03
   -8.00000000e-03   1.00000000e-03]
 [  4.75000000e+03   1.00000000e+00  -1.48000000e-01  -3.10000000e-01
   -4.50000000e-02  -1.60000000e-02  -3.00000000e-03  -8.00000000e-03
   -3.00000000e-03  -1.10000000e-02  -3.00000000e-03   4.00000000e-03
    0.00000000e+00   0.00000000e+00   0.00000000e+00  -2.00000000e-03
   -9.00000000e-03   1.00000000e-03]
 [  5.00000000e+03   1.00000000e+00  -1.70000000e-01  -2.15000000e-01
   -3.90000000e-02  -2.40000000e-02  -5.00000000e-03  -7.00000000e-03
   -2.00000000e-03  -7.00000000e-03  -3.00000000e-03   1.00000000e-03
   -1.00000000e-03   1.00000000e-03   0.00000000e+00  -4.00000000e-03
   -8.00000000e-03   0.00000000e+00]
 [  5.25000000e+03   1.00000000e+00  -2.30000000e-01  -1.34000000e-01
   -3.50000000e-02  -3.70000000e-02  -6.00000000e-03  -9.00000000e-03
   -2.00000000e-03  -5.00000000e-03  -1.00000000e-03   1.00000000e-03
    0.00000000e+00  -1.11022302e-16   0.00000000e+00  -3.00000000e-03
   -6.00000000e-03   1.00000000e-03]
 [  5.50000000e+03   1.00000000e+00  -3.15000000e-01  -9.20000000e-02
   -3.00000000e-02  -4.30000000e-02  -6.00000000e-03  -1.00000000e-02
   -1.00000000e-03   0.00000000e+00  -1.00000000e-03   2.00000000e-03
    2.22044605e-16  -1.11022302e-16   0.00000000e+00  -1.00000000e-03
   -4.00000000e-03   0.00000000e+00]
 [  5.75000000e+03   1.00000000e+00  -3.29000000e-01  -7.00000000e-02
   -2.40000000e-02  -4.70000000e-02  -4.00000000e-03  -1.30000000e-02
   -1.00000000e-03  -2.22044605e-16   1.00000000e-03   1.00000000e-03
    0.00000000e+00   0.00000000e+00  -1.00000000e-03   3.00000000e-03
   -4.00000000e-03   0.00000000e+00]
 [  6.00000000e+03   1.00000000e+00  -2.80000000e-01  -5.70000000e-02
   -1.70000000e-02  -5.20000000e-02  -4.00000000e-03  -1.40000000e-02
    0.00000000e+00   3.00000000e-03   2.00000000e-03   4.00000000e-03
    1.00000000e-03   1.00000000e-03  -1.00000000e-03   7.00000000e-03
   -2.00000000e-03   0.00000000e+00]
 [  6.25000000e+03   1.00000000e+00  -2.24000000e-01  -5.00000000e-02
   -1.20000000e-02  -5.30000000e-02  -4.00000000e-03  -1.50000000e-02
    2.22044605e-16   5.00000000e-03   4.00000000e-03   4.00000000e-03
    1.00000000e-03   0.00000000e+00  -1.00000000e-03   9.00000000e-03
   -2.00000000e-03  -1.00000000e-03]
 [  6.50000000e+03   1.00000000e+00  -1.79000000e-01  -4.40000000e-02
   -1.00000000e-02  -5.70000000e-02  -3.00000000e-03  -1.60000000e-02
    1.00000000e-03   6.00000000e-03   4.00000000e-03   5.00000000e-03
    1.00000000e-03   1.00000000e-03  -2.00000000e-03   1.50000000e-02
    2.00000000e-03   0.00000000e+00]
 [  6.75000000e+03   1.00000000e+00  -1.45000000e-01  -3.70000000e-02
   -7.00000000e-03  -5.90000000e-02  -3.00000000e-03  -1.60000000e-02
    3.00000000e-03   9.00000000e-03   7.00000000e-03   6.00000000e-03
    2.00000000e-03   1.00000000e-03  -2.00000000e-03   1.90000000e-02
    4.00000000e-03   0.00000000e+00]
 [  7.00000000e+03   1.00000000e+00  -1.12000000e-01  -2.90000000e-02
   -6.00000000e-03  -6.40000000e-02  -4.00000000e-03  -1.50000000e-02
    4.00000000e-03   1.00000000e-02   8.00000000e-03   7.00000000e-03
    3.00000000e-03   1.00000000e-03  -2.00000000e-03   2.40000000e-02
    7.00000000e-03  -1.00000000e-03]
 [  7.25000000e+03   1.00000000e+00  -8.10000000e-02  -1.80000000e-02
   -4.00000000e-03  -6.40000000e-02  -4.00000000e-03  -1.30000000e-02
    3.00000000e-03   1.00000000e-02   8.00000000e-03   8.00000000e-03
    3.00000000e-03   1.00000000e-03  -4.00000000e-03   2.60000000e-02
    9.00000000e-03  -1.00000000e-03]
 [  7.50000000e+03   1.00000000e+00  -5.50000000e-02  -9.00000000e-03
   -4.00000000e-03  -6.10000000e-02  -4.00000000e-03  -1.00000000e-02
    4.00000000e-03   1.10000000e-02   8.00000000e-03   8.00000000e-03
    3.00000000e-03   1.11022302e-16  -3.00000000e-03   2.70000000e-02
    1.00000000e-02  -2.00000000e-03]
 [  7.75000000e+03   1.00000000e+00  -3.30000000e-02  -2.00000000e-03
   -2.00000000e-03  -5.40000000e-02  -3.00000000e-03  -7.00000000e-03
    5.00000000e-03   1.00000000e-02   8.00000000e-03   7.00000000e-03
    2.00000000e-03   1.00000000e-03  -4.00000000e-03   2.50000000e-02
    1.00000000e-02  -2.00000000e-03]
 [  8.00000000e+03   1.00000000e+00  -1.40000000e-02   3.00000000e-03
    1.00000000e-03  -4.10000000e-02  -2.00000000e-03  -4.00000000e-03
    5.00000000e-03   7.00000000e-03   6.00000000e-03   6.00000000e-03
    2.00000000e-03   1.00000000e-03  -4.00000000e-03   2.10000000e-02
    9.00000000e-03  -1.00000000e-03]
 [  8.25000000e+03   1.00000000e+00  -3.00000000e-03   4.00000000e-03
    1.00000000e-03  -2.70000000e-02  -2.00000000e-03  -2.00000000e-03
    4.00000000e-03   6.00000000e-03   4.00000000e-03   4.00000000e-03
    1.00000000e-03   0.00000000e+00  -3.00000000e-03   1.40000000e-02
    7.00000000e-03  -1.00000000e-03]]

Array for log(g) = 1.5
Shape: (19L, 18L)
Array has the following Teff values: 4500.0 4750.0 5000.0 5250.0 5500.0 5750.0 6000.0 6250.0 6500.0 6750.0 7000.0 7250.0 7500.0 7750.0 8000.0 8250.0 8500.0 8750.0 9000.0 
[[  4.50000000e+03   1.50000000e+00  -7.80000000e-02  -2.79000000e-01
   -6.40000000e-02  -1.20000000e-02   1.00000000e-03  -6.00000000e-03
   -2.00000000e-03  -1.10000000e-02  -2.22044605e-16   4.00000000e-03
    0.00000000e+00   0.00000000e+00   1.00000000e-03   3.00000000e-03
   -4.00000000e-03   1.00000000e-03]
 [  4.75000000e+03   1.50000000e+00  -1.30000000e-01  -2.27000000e-01
   -3.30000000e-02  -7.00000000e-03  -1.00000000e-03  -5.00000000e-03
   -1.00000000e-03  -9.00000000e-03  -1.00000000e-03   3.00000000e-03
   -1.00000000e-03   0.00000000e+00   0.00000000e+00  -1.00000000e-03
   -6.00000000e-03   0.00000000e+00]
 [  5.00000000e+03   1.50000000e+00  -1.45000000e-01  -1.58000000e-01
   -3.20000000e-02  -1.50000000e-02  -5.00000000e-03  -4.00000000e-03
   -1.00000000e-03  -7.00000000e-03  -2.00000000e-03   1.00000000e-03
   -1.00000000e-03   1.00000000e-03   0.00000000e+00  -2.00000000e-03
   -5.00000000e-03   0.00000000e+00]
 [  5.25000000e+03   1.50000000e+00  -1.81000000e-01  -9.50000000e-02
   -2.90000000e-02  -2.60000000e-02  -4.00000000e-03  -6.00000000e-03
   -1.00000000e-03  -4.00000000e-03   0.00000000e+00   2.00000000e-03
    0.00000000e+00  -1.11022302e-16   0.00000000e+00  -1.00000000e-03
   -4.00000000e-03   1.00000000e-03]
 [  5.50000000e+03   1.50000000e+00  -2.31000000e-01  -6.10000000e-02
   -2.50000000e-02  -3.20000000e-02  -5.00000000e-03  -7.00000000e-03
   -1.00000000e-03   0.00000000e+00   0.00000000e+00   2.00000000e-03
    2.22044605e-16   0.00000000e+00   0.00000000e+00   0.00000000e+00
   -3.00000000e-03   1.00000000e-03]
 [  5.75000000e+03   1.50000000e+00  -2.30000000e-01  -4.20000000e-02
   -2.00000000e-02  -3.60000000e-02  -3.00000000e-03  -1.00000000e-02
   -4.44089210e-16   1.00000000e-03   1.00000000e-03   2.00000000e-03
    1.00000000e-03   0.00000000e+00  -1.11022302e-16   3.00000000e-03
   -3.00000000e-03   0.00000000e+00]
 [  6.00000000e+03   1.50000000e+00  -1.93000000e-01  -3.30000000e-02
   -1.40000000e-02  -4.00000000e-02  -3.00000000e-03  -1.10000000e-02
    0.00000000e+00   3.00000000e-03   1.00000000e-03   2.00000000e-03
    2.22044605e-16   1.00000000e-03  -1.00000000e-03   6.00000000e-03
   -2.00000000e-03   0.00000000e+00]
 [  6.25000000e+03   1.50000000e+00  -1.52000000e-01  -2.90000000e-02
   -9.00000000e-03  -4.10000000e-02  -2.00000000e-03  -1.30000000e-02
    4.44089210e-16   4.00000000e-03   3.00000000e-03   3.00000000e-03
    0.00000000e+00   0.00000000e+00   0.00000000e+00   9.00000000e-03
   -2.00000000e-03   1.11022302e-16]
 [  6.50000000e+03   1.50000000e+00  -1.21000000e-01  -2.60000000e-02
   -7.00000000e-03  -4.50000000e-02  -3.00000000e-03  -1.40000000e-02
    1.00000000e-03   5.00000000e-03   3.00000000e-03   5.00000000e-03
    1.00000000e-03   1.00000000e-03  -1.00000000e-03   1.30000000e-02
    1.00000000e-03   1.00000000e-03]
 [  6.75000000e+03   1.50000000e+00  -1.00000000e-01  -2.20000000e-02
   -5.00000000e-03  -4.70000000e-02  -3.00000000e-03  -1.40000000e-02
    3.00000000e-03   7.00000000e-03   5.00000000e-03   5.00000000e-03
    2.00000000e-03   1.00000000e-03  -1.00000000e-03   1.60000000e-02
    2.00000000e-03   0.00000000e+00]
 [  7.00000000e+03   1.50000000e+00  -8.30000000e-02  -1.90000000e-02
   -4.00000000e-03  -5.30000000e-02  -3.00000000e-03  -1.40000000e-02
    4.00000000e-03   8.00000000e-03   7.00000000e-03   7.00000000e-03
    2.00000000e-03   0.00000000e+00  -1.00000000e-03   2.10000000e-02
    5.00000000e-03   0.00000000e+00]
 [  7.25000000e+03   1.50000000e+00  -6.50000000e-02  -1.30000000e-02
   -4.00000000e-03  -5.50000000e-02  -4.00000000e-03  -1.30000000e-02
    2.00000000e-03   9.00000000e-03   8.00000000e-03   8.00000000e-03
    3.00000000e-03   1.00000000e-03  -3.00000000e-03   2.30000000e-02
    7.00000000e-03  -1.00000000e-03]
 [  7.50000000e+03   1.50000000e+00  -4.90000000e-02  -8.00000000e-03
   -3.00000000e-03  -5.50000000e-02  -4.00000000e-03  -1.00000000e-02
    3.00000000e-03   1.00000000e-02   7.00000000e-03   8.00000000e-03
    2.00000000e-03   1.00000000e-03  -3.00000000e-03   2.50000000e-02
    9.00000000e-03  -2.00000000e-03]
 [  7.75000000e+03   1.50000000e+00  -3.50000000e-02  -4.00000000e-03
   -3.00000000e-03  -5.20000000e-02  -4.00000000e-03  -9.00000000e-03
    5.00000000e-03   1.00000000e-02   8.00000000e-03   7.00000000e-03
    2.00000000e-03   1.00000000e-03  -3.00000000e-03   2.50000000e-02
    1.00000000e-02  -1.00000000e-03]
 [  8.00000000e+03   1.50000000e+00  -2.30000000e-02  -1.00000000e-03
   -2.00000000e-03  -4.70000000e-02  -3.00000000e-03  -7.00000000e-03
    5.00000000e-03   1.00000000e-02   7.00000000e-03   6.00000000e-03
    2.00000000e-03   1.00000000e-03  -4.00000000e-03   2.50000000e-02
    1.10000000e-02  -2.00000000e-03]
 [  8.25000000e+03   1.50000000e+00  -1.50000000e-02   1.00000000e-03
   -1.00000000e-03  -3.90000000e-02  -2.00000000e-03  -4.00000000e-03
    4.00000000e-03   9.00000000e-03   7.00000000e-03   6.00000000e-03
    2.00000000e-03   0.00000000e+00  -3.00000000e-03   2.20000000e-02
    1.00000000e-02  -2.00000000e-03]
 [  8.50000000e+03   1.50000000e+00  -8.00000000e-03   0.00000000e+00
   -1.00000000e-03  -3.20000000e-02  -3.00000000e-03  -1.00000000e-03
    5.00000000e-03   8.00000000e-03   4.00000000e-03   5.00000000e-03
    0.00000000e+00   0.00000000e+00  -4.00000000e-03   1.80000000e-02
    1.00000000e-02  -2.00000000e-03]
 [  8.75000000e+03   1.50000000e+00  -2.00000000e-03   0.00000000e+00
   -2.00000000e-03  -2.70000000e-02  -1.00000000e-03   1.00000000e-03
    5.00000000e-03   6.00000000e-03   3.00000000e-03   4.00000000e-03
    0.00000000e+00   0.00000000e+00  -4.00000000e-03   1.30000000e-02
    1.00000000e-02  -2.00000000e-03]
 [  9.00000000e+03   1.50000000e+00   0.00000000e+00  -2.00000000e-03
   -2.00000000e-03  -2.20000000e-02  -1.00000000e-03   3.00000000e-03
    4.00000000e-03   5.00000000e-03   2.00000000e-03   2.00000000e-03
    0.00000000e+00   1.00000000e-03  -3.00000000e-03   9.00000000e-03
    8.00000000e-03  -2.00000000e-03]]

Array for log(g) = 2.0
Shape: (31L, 18L)
Array has the following Teff values: 4500.0 4750.0 5000.0 5250.0 5500.0 5750.0 6000.0 6250.0 6500.0 6750.0 7000.0 7250.0 7500.0 7750.0 8000.0 8250.0 8500.0 8750.0 9000.0 9250.0 9500.0 9750.0 10000.0 10250.0 10500.0 10750.0 11000.0 11250.0 11500.0 11750.0 14000.0 
[[  4.50000000e+03   2.00000000e+00  -6.50000000e-02  -2.02000000e-01
   -3.90000000e-02  -3.00000000e-03   2.00000000e-03  -3.00000000e-03
   -1.00000000e-03  -9.00000000e-03   1.00000000e-03   4.00000000e-03
    1.00000000e-03   0.00000000e+00   1.00000000e-03   4.00000000e-03
   -2.00000000e-03   1.00000000e-03]
 [  4.75000000e+03   2.00000000e+00  -1.09000000e-01  -1.46000000e-01
   -2.10000000e-02   2.00000000e-03  -4.44089210e-16  -3.00000000e-03
   -1.00000000e-03  -7.00000000e-03  -2.22044605e-16   3.00000000e-03
   -1.00000000e-03   0.00000000e+00   0.00000000e+00   0.00000000e+00
   -4.00000000e-03   0.00000000e+00]
 [  5.00000000e+03   2.00000000e+00  -1.18000000e-01  -1.07000000e-01
   -2.50000000e-02  -5.00000000e-03  -3.00000000e-03  -3.00000000e-03
   -1.00000000e-03  -5.00000000e-03  -2.00000000e-03   2.00000000e-03
   -1.00000000e-03   0.00000000e+00   0.00000000e+00  -1.00000000e-03
   -4.00000000e-03   0.00000000e+00]
 [  5.25000000e+03   2.00000000e+00  -1.33000000e-01  -6.40000000e-02
   -2.20000000e-02  -1.60000000e-02  -3.00000000e-03  -4.00000000e-03
    0.00000000e+00  -4.00000000e-03   0.00000000e+00   1.00000000e-03
    0.00000000e+00   0.00000000e+00   0.00000000e+00   0.00000000e+00
   -3.00000000e-03   0.00000000e+00]
 [  5.50000000e+03   2.00000000e+00  -1.51000000e-01  -3.60000000e-02
   -1.90000000e-02  -2.10000000e-02  -3.00000000e-03  -5.00000000e-03
    0.00000000e+00   1.00000000e-03   0.00000000e+00   2.00000000e-03
    1.00000000e-03   0.00000000e+00   0.00000000e+00   0.00000000e+00
   -1.00000000e-03   0.00000000e+00]
 [  5.75000000e+03   2.00000000e+00  -1.45000000e-01  -2.10000000e-02
   -1.50000000e-02  -2.60000000e-02  -3.00000000e-03  -8.00000000e-03
    0.00000000e+00   1.00000000e-03   2.22044605e-16   1.00000000e-03
    0.00000000e+00   0.00000000e+00   1.00000000e-03   3.00000000e-03
   -2.00000000e-03   0.00000000e+00]
 [  6.00000000e+03   2.00000000e+00  -1.20000000e-01  -1.30000000e-02
   -1.00000000e-02  -2.90000000e-02  -3.00000000e-03  -9.00000000e-03
    1.00000000e-03   2.00000000e-03   1.00000000e-03   2.00000000e-03
    2.22044605e-16   0.00000000e+00   0.00000000e+00   6.00000000e-03
    0.00000000e+00   0.00000000e+00]
 [  6.25000000e+03   2.00000000e+00  -9.50000000e-02  -1.20000000e-02
   -7.00000000e-03  -3.00000000e-02  -2.00000000e-03  -1.10000000e-02
    2.22044605e-16   4.00000000e-03   2.00000000e-03   2.00000000e-03
    1.00000000e-03   1.00000000e-03   0.00000000e+00   7.00000000e-03
   -1.00000000e-03   1.11022302e-16]
 [  6.50000000e+03   2.00000000e+00  -7.60000000e-02  -1.10000000e-02
   -4.00000000e-03  -3.30000000e-02  -2.00000000e-03  -1.20000000e-02
    1.00000000e-03   4.00000000e-03   2.00000000e-03   4.00000000e-03
    1.00000000e-03   1.00000000e-03  -1.00000000e-03   1.10000000e-02
    2.22044605e-16   0.00000000e+00]
 [  6.75000000e+03   2.00000000e+00  -6.20000000e-02  -8.00000000e-03
   -2.00000000e-03  -3.50000000e-02  -2.00000000e-03  -1.20000000e-02
    3.00000000e-03   5.00000000e-03   4.00000000e-03   4.00000000e-03
    2.00000000e-03   1.00000000e-03   0.00000000e+00   1.40000000e-02
    1.00000000e-03   1.00000000e-03]
 [  7.00000000e+03   2.00000000e+00  -5.40000000e-02  -8.00000000e-03
   -2.00000000e-03  -3.90000000e-02  -3.00000000e-03  -1.30000000e-02
    3.00000000e-03   7.00000000e-03   5.00000000e-03   5.00000000e-03
    2.00000000e-03   1.00000000e-03  -1.00000000e-03   1.70000000e-02
    4.00000000e-03   0.00000000e+00]
 [  7.25000000e+03   2.00000000e+00  -4.60000000e-02  -6.00000000e-03
   -2.00000000e-03  -4.30000000e-02  -3.00000000e-03  -1.30000000e-02
    2.00000000e-03   8.00000000e-03   7.00000000e-03   6.00000000e-03
    3.00000000e-03   1.00000000e-03  -3.00000000e-03   2.10000000e-02
    5.00000000e-03   0.00000000e+00]
 [  7.50000000e+03   2.00000000e+00  -3.80000000e-02  -4.00000000e-03
   -2.00000000e-03  -4.40000000e-02  -3.00000000e-03  -1.10000000e-02
    3.00000000e-03   9.00000000e-03   7.00000000e-03   7.00000000e-03
    2.00000000e-03   1.11022302e-16  -2.00000000e-03   2.20000000e-02
    7.00000000e-03  -1.00000000e-03]
 [  7.75000000e+03   2.00000000e+00  -2.90000000e-02  -2.00000000e-03
   -2.00000000e-03  -4.40000000e-02  -3.00000000e-03  -1.00000000e-02
    4.00000000e-03   9.00000000e-03   7.00000000e-03   7.00000000e-03
    2.00000000e-03   1.00000000e-03  -3.00000000e-03   2.30000000e-02
    8.00000000e-03  -1.00000000e-03]
 [  8.00000000e+03   2.00000000e+00  -2.10000000e-02  -1.00000000e-03
   -1.00000000e-03  -4.10000000e-02  -2.00000000e-03  -7.00000000e-03
    5.00000000e-03   9.00000000e-03   6.00000000e-03   6.00000000e-03
    2.00000000e-03   1.00000000e-03  -3.00000000e-03   2.40000000e-02
    1.00000000e-02  -1.00000000e-03]
 [  8.25000000e+03   2.00000000e+00  -1.60000000e-02  -4.44089210e-16
   -2.00000000e-03  -3.70000000e-02  -2.00000000e-03  -6.00000000e-03
    5.00000000e-03   9.00000000e-03   7.00000000e-03   6.00000000e-03
    2.00000000e-03   0.00000000e+00  -3.00000000e-03   2.20000000e-02
    1.10000000e-02  -2.00000000e-03]
 [  8.50000000e+03   2.00000000e+00  -1.20000000e-02  -2.00000000e-03
   -1.00000000e-03  -3.30000000e-02  -2.00000000e-03  -4.00000000e-03
    5.00000000e-03   8.00000000e-03   6.00000000e-03   5.00000000e-03
    0.00000000e+00   1.00000000e-03  -4.00000000e-03   2.10000000e-02
    1.10000000e-02  -2.00000000e-03]
 [  8.75000000e+03   2.00000000e+00  -7.00000000e-03  -1.00000000e-03
   -2.00000000e-03  -2.90000000e-02  -2.00000000e-03  -2.00000000e-03
    5.00000000e-03   8.00000000e-03   4.00000000e-03   5.00000000e-03
    0.00000000e+00   1.00000000e-03  -3.00000000e-03   1.70000000e-02
    1.10000000e-02  -2.00000000e-03]
 [  9.00000000e+03   2.00000000e+00  -4.00000000e-03  -1.00000000e-03
   -1.00000000e-03  -2.50000000e-02  -1.00000000e-03   0.00000000e+00
    5.00000000e-03   6.00000000e-03   3.00000000e-03   3.00000000e-03
    0.00000000e+00   0.00000000e+00  -3.00000000e-03   1.50000000e-02
    1.00000000e-02  -2.00000000e-03]
 [  9.25000000e+03   2.00000000e+00  -1.00000000e-03  -1.00000000e-03
   -2.00000000e-03  -2.30000000e-02  -1.00000000e-03   2.00000000e-03
    4.00000000e-03   5.00000000e-03   3.00000000e-03   2.00000000e-03
   -1.00000000e-03   1.00000000e-03  -3.00000000e-03   1.10000000e-02
    8.00000000e-03  -2.00000000e-03]
 [  9.50000000e+03   2.00000000e+00   1.00000000e-03  -2.00000000e-03
   -4.00000000e-03  -2.10000000e-02  -1.00000000e-03   3.00000000e-03
    5.00000000e-03   5.00000000e-03   1.00000000e-03   2.00000000e-03
    0.00000000e+00   0.00000000e+00  -3.00000000e-03   8.00000000e-03
    7.00000000e-03  -2.00000000e-03]
 [  9.75000000e+03   2.00000000e+00   4.00000000e-03  -2.00000000e-03
   -4.00000000e-03  -2.00000000e-02  -1.00000000e-03   4.00000000e-03
    5.00000000e-03   4.00000000e-03   0.00000000e+00   1.00000000e-03
   -1.11022302e-16  -1.11022302e-16  -3.00000000e-03   6.00000000e-03
    7.00000000e-03  -1.00000000e-03]
 [  1.00000000e+04   2.00000000e+00   3.00000000e-03  -3.00000000e-03
   -5.00000000e-03  -1.80000000e-02  -1.00000000e-03   5.00000000e-03
    2.00000000e-03   3.00000000e-03   2.22044605e-16   1.11022302e-16
   -1.00000000e-03   1.11022302e-16  -2.00000000e-03   4.00000000e-03
    7.00000000e-03  -2.00000000e-03]
 [  1.02500000e+04   2.00000000e+00   4.00000000e-03  -4.00000000e-03
   -6.00000000e-03  -1.90000000e-02   0.00000000e+00   6.00000000e-03
    4.00000000e-03   3.00000000e-03  -1.00000000e-03  -1.11022302e-16
   -1.00000000e-03   0.00000000e+00  -3.00000000e-03   3.00000000e-03
    7.00000000e-03  -1.00000000e-03]
 [  1.05000000e+04   2.00000000e+00   5.00000000e-03  -5.00000000e-03
   -7.00000000e-03  -1.90000000e-02   2.22044605e-16   6.00000000e-03
    3.00000000e-03   3.00000000e-03  -1.00000000e-03   0.00000000e+00
   -1.00000000e-03   0.00000000e+00  -2.00000000e-03   1.00000000e-03
    6.00000000e-03  -2.00000000e-03]
 [  1.07500000e+04   2.00000000e+00   5.00000000e-03  -5.00000000e-03
   -7.00000000e-03  -1.90000000e-02  -1.00000000e-03   7.00000000e-03
    4.00000000e-03   2.00000000e-03  -1.00000000e-03   0.00000000e+00
   -1.11022302e-16  -1.00000000e-03  -2.00000000e-03   2.00000000e-03
    6.00000000e-03  -2.00000000e-03]
 [  1.10000000e+04   2.00000000e+00   4.00000000e-03  -7.00000000e-03
   -7.00000000e-03  -1.80000000e-02  -1.00000000e-03   7.00000000e-03
    3.00000000e-03   1.00000000e-03   0.00000000e+00  -1.00000000e-03
   -1.00000000e-03  -1.00000000e-03  -3.00000000e-03   0.00000000e+00
    6.00000000e-03  -2.00000000e-03]
 [  1.12500000e+04   2.00000000e+00   3.00000000e-03  -9.00000000e-03
   -6.00000000e-03  -1.60000000e-02   1.00000000e-03   7.00000000e-03
    2.00000000e-03   1.00000000e-03  -2.00000000e-03  -1.00000000e-03
   -1.00000000e-03   1.11022302e-16  -1.00000000e-03  -2.22044605e-16
    6.00000000e-03  -2.00000000e-03]
 [  1.15000000e+04   2.00000000e+00   2.00000000e-03  -1.10000000e-02
   -6.00000000e-03  -1.50000000e-02   0.00000000e+00   7.00000000e-03
    2.00000000e-03   1.00000000e-03  -2.00000000e-03  -2.00000000e-03
   -1.00000000e-03  -1.00000000e-03  -2.00000000e-03  -2.00000000e-03
    7.00000000e-03  -2.00000000e-03]
 [  1.17500000e+04   2.00000000e+00  -4.44089210e-16  -1.10000000e-02
   -6.00000000e-03  -1.30000000e-02   0.00000000e+00   8.00000000e-03
    3.00000000e-03  -1.00000000e-03  -1.00000000e-03  -1.00000000e-03
   -1.00000000e-03  -1.00000000e-03  -1.00000000e-03  -1.00000000e-03
    6.00000000e-03  -1.00000000e-03]
 [  1.40000000e+04   2.00000000e+00  -4.00000000e-03  -8.00000000e-03
    3.00000000e-03   1.10000000e-02   1.00000000e-03   1.40000000e-02
    2.00000000e-03   2.00000000e-03  -1.00000000e-03  -1.00000000e-03
   -2.00000000e-03   1.11022302e-16  -2.22044605e-16   6.00000000e-03
    1.70000000e-02   1.00000000e-03]]

Array for log(g) = 2.5
Shape: (41L, 18L)
Array has the following Teff values: 4500.0 4750.0 5000.0 5250.0 5500.0 5750.0 6000.0 6250.0 6500.0 6750.0 7000.0 7250.0 7500.0 7750.0 8000.0 8250.0 8500.0 8750.0 9000.0 9250.0 9500.0 9750.0 10000.0 10250.0 10500.0 10750.0 11000.0 11250.0 11500.0 11750.0 12000.0 12250.0 12500.0 12750.0 13000.0 14000.0 15000.0 16000.0 17000.0 18000.0 19000.0 
[[  4.50000000e+03   2.50000000e+00  -5.20000000e-02  -1.30000000e-01
   -2.20000000e-02   4.00000000e-03   3.00000000e-03  -1.00000000e-03
   -2.22044605e-16  -7.00000000e-03   1.00000000e-03   4.00000000e-03
    0.00000000e+00   0.00000000e+00   1.00000000e-03   5.00000000e-03
    0.00000000e+00   1.00000000e-03]
 [  4.75000000e+03   2.50000000e+00  -8.30000000e-02  -7.70000000e-02
   -1.30000000e-02   8.00000000e-03   1.00000000e-03  -1.00000000e-03
    0.00000000e+00  -6.00000000e-03  -2.22044605e-16   4.00000000e-03
    0.00000000e+00   0.00000000e+00   0.00000000e+00   1.00000000e-03
   -2.00000000e-03   1.00000000e-03]
 [  5.00000000e+03   2.50000000e+00  -8.80000000e-02  -6.60000000e-02
   -1.80000000e-02   3.00000000e-03  -1.00000000e-03  -1.00000000e-03
    0.00000000e+00  -4.00000000e-03  -1.00000000e-03   1.00000000e-03
   -1.00000000e-03   0.00000000e+00   0.00000000e+00   0.00000000e+00
   -2.00000000e-03   0.00000000e+00]
 [  5.25000000e+03   2.50000000e+00  -9.00000000e-02  -4.20000000e-02
   -1.80000000e-02  -8.00000000e-03  -2.00000000e-03  -2.00000000e-03
    2.22044605e-16  -3.00000000e-03   2.22044605e-16   2.00000000e-03
    0.00000000e+00   0.00000000e+00   0.00000000e+00   0.00000000e+00
   -1.00000000e-03   1.00000000e-03]
 [  5.50000000e+03   2.50000000e+00  -8.70000000e-02  -2.00000000e-02
   -1.40000000e-02  -1.30000000e-02  -2.00000000e-03  -3.00000000e-03
    0.00000000e+00   1.00000000e-03   0.00000000e+00   1.00000000e-03
    0.00000000e+00   0.00000000e+00   0.00000000e+00   1.00000000e-03
    2.22044605e-16   1.00000000e-03]
 [  5.75000000e+03   2.50000000e+00  -7.80000000e-02  -6.00000000e-03
   -1.10000000e-02  -1.70000000e-02  -2.00000000e-03  -6.00000000e-03
    1.00000000e-03   1.00000000e-03   1.00000000e-03   1.00000000e-03
    0.00000000e+00   0.00000000e+00  -1.11022302e-16   3.00000000e-03
   -1.00000000e-03   0.00000000e+00]
 [  6.00000000e+03   2.50000000e+00  -6.50000000e-02   0.00000000e+00
   -7.00000000e-03  -2.00000000e-02  -2.00000000e-03  -7.00000000e-03
    1.00000000e-03   3.00000000e-03  -2.22044605e-16   2.00000000e-03
    2.22044605e-16   1.00000000e-03   0.00000000e+00   5.00000000e-03
   -2.22044605e-16   0.00000000e+00]
 [  6.25000000e+03   2.50000000e+00  -5.30000000e-02  -1.00000000e-03
   -4.00000000e-03  -2.00000000e-02  -1.00000000e-03  -8.00000000e-03
    2.22044605e-16   3.00000000e-03   2.00000000e-03   2.00000000e-03
    0.00000000e+00   0.00000000e+00  -1.00000000e-03   5.00000000e-03
   -1.00000000e-03   0.00000000e+00]
 [  6.50000000e+03   2.50000000e+00  -4.30000000e-02   4.44089210e-16
   -3.00000000e-03  -2.30000000e-02  -1.00000000e-03  -1.00000000e-02
    1.00000000e-03   3.00000000e-03   2.00000000e-03   3.00000000e-03
    1.00000000e-03   0.00000000e+00  -1.00000000e-03   9.00000000e-03
    2.22044605e-16   1.00000000e-03]
 [  6.75000000e+03   2.50000000e+00  -3.70000000e-02  -1.00000000e-03
    0.00000000e+00  -2.40000000e-02  -1.00000000e-03  -1.10000000e-02
    2.00000000e-03   5.00000000e-03   4.00000000e-03   3.00000000e-03
    1.00000000e-03   1.00000000e-03  -1.00000000e-03   1.00000000e-02
    0.00000000e+00   1.00000000e-03]
 [  7.00000000e+03   2.50000000e+00  -3.20000000e-02   0.00000000e+00
    2.22044605e-16  -2.70000000e-02  -2.00000000e-03  -1.10000000e-02
    2.00000000e-03   4.00000000e-03   4.00000000e-03   5.00000000e-03
    2.00000000e-03   1.00000000e-03   0.00000000e+00   1.40000000e-02
    1.00000000e-03   1.00000000e-03]
 [  7.25000000e+03   2.50000000e+00  -2.80000000e-02   4.44089210e-16
    0.00000000e+00  -3.00000000e-02  -3.00000000e-03  -1.20000000e-02
    1.00000000e-03   6.00000000e-03   5.00000000e-03   5.00000000e-03
    2.00000000e-03   1.00000000e-03  -1.00000000e-03   1.60000000e-02
    3.00000000e-03   1.00000000e-03]
 [  7.50000000e+03   2.50000000e+00  -2.60000000e-02   0.00000000e+00
   -1.00000000e-03  -3.30000000e-02  -3.00000000e-03  -1.00000000e-02
    2.00000000e-03   8.00000000e-03   5.00000000e-03   5.00000000e-03
    2.00000000e-03   1.11022302e-16  -1.00000000e-03   1.90000000e-02
    5.00000000e-03   0.00000000e+00]
 [  7.75000000e+03   2.50000000e+00  -2.10000000e-02  -4.44089210e-16
   -1.00000000e-03  -3.40000000e-02  -2.00000000e-03  -1.00000000e-02
    4.00000000e-03   8.00000000e-03   7.00000000e-03   6.00000000e-03
    2.00000000e-03   1.00000000e-03  -2.00000000e-03   2.00000000e-02
    7.00000000e-03  -1.00000000e-03]
 [  8.00000000e+03   2.50000000e+00  -1.70000000e-02   4.44089210e-16
   -1.00000000e-03  -3.30000000e-02  -2.00000000e-03  -8.00000000e-03
    4.00000000e-03   8.00000000e-03   6.00000000e-03   6.00000000e-03
    1.00000000e-03   1.00000000e-03  -3.00000000e-03   2.10000000e-02
    8.00000000e-03  -1.00000000e-03]
 [  8.25000000e+03   2.50000000e+00  -1.40000000e-02   1.00000000e-03
   -2.00000000e-03  -3.10000000e-02  -2.00000000e-03  -7.00000000e-03
    4.00000000e-03   9.00000000e-03   7.00000000e-03   5.00000000e-03
    2.00000000e-03   0.00000000e+00  -2.00000000e-03   2.00000000e-02
    1.00000000e-02  -1.00000000e-03]
 [  8.50000000e+03   2.50000000e+00  -1.10000000e-02  -2.00000000e-03
   -1.00000000e-03  -2.90000000e-02  -2.00000000e-03  -4.00000000e-03
    4.00000000e-03   8.00000000e-03   6.00000000e-03   5.00000000e-03
    0.00000000e+00   0.00000000e+00  -4.00000000e-03   2.00000000e-02
    1.00000000e-02  -1.00000000e-03]
 [  8.75000000e+03   2.50000000e+00  -9.00000000e-03  -2.00000000e-03
   -2.00000000e-03  -2.60000000e-02  -1.00000000e-03  -4.00000000e-03
    5.00000000e-03   8.00000000e-03   4.00000000e-03   4.00000000e-03
    1.00000000e-03   1.00000000e-03  -3.00000000e-03   1.60000000e-02
    1.10000000e-02  -2.00000000e-03]
 [  9.00000000e+03   2.50000000e+00  -6.00000000e-03  -2.00000000e-03
   -1.00000000e-03  -2.20000000e-02  -1.00000000e-03   0.00000000e+00
    4.00000000e-03   7.00000000e-03   4.00000000e-03   3.00000000e-03
    1.00000000e-03   1.00000000e-03  -3.00000000e-03   1.50000000e-02
    1.00000000e-02  -2.00000000e-03]
 [  9.25000000e+03   2.50000000e+00  -3.00000000e-03  -2.00000000e-03
   -2.00000000e-03  -2.10000000e-02  -1.00000000e-03   0.00000000e+00
    4.00000000e-03   7.00000000e-03   3.00000000e-03   3.00000000e-03
    0.00000000e+00  -1.11022302e-16  -3.00000000e-03   1.30000000e-02
    8.00000000e-03  -2.00000000e-03]
 [  9.50000000e+03   2.50000000e+00  -1.00000000e-03  -1.00000000e-03
   -2.00000000e-03  -1.90000000e-02  -1.00000000e-03   1.00000000e-03
    5.00000000e-03   5.00000000e-03   1.00000000e-03   2.00000000e-03
    0.00000000e+00   0.00000000e+00  -4.00000000e-03   1.00000000e-02
    7.00000000e-03  -1.00000000e-03]
 [  9.75000000e+03   2.50000000e+00   1.00000000e-03  -1.00000000e-03
   -3.00000000e-03  -1.70000000e-02   0.00000000e+00   2.00000000e-03
    5.00000000e-03   5.00000000e-03   1.00000000e-03   2.00000000e-03
    0.00000000e+00  -1.11022302e-16  -2.00000000e-03   8.00000000e-03
    8.00000000e-03  -1.00000000e-03]
 [  1.00000000e+04   2.50000000e+00   2.00000000e-03  -1.00000000e-03
   -3.00000000e-03  -1.60000000e-02   0.00000000e+00   3.00000000e-03
    3.00000000e-03   5.00000000e-03   1.00000000e-03   1.00000000e-03
   -1.00000000e-03   1.11022302e-16  -3.00000000e-03   8.00000000e-03
    7.00000000e-03  -2.00000000e-03]
 [  1.02500000e+04   2.50000000e+00   3.00000000e-03  -2.00000000e-03
   -4.00000000e-03  -1.70000000e-02   2.22044605e-16   4.00000000e-03
    4.00000000e-03   3.00000000e-03   0.00000000e+00   1.00000000e-03
   -1.00000000e-03   0.00000000e+00  -3.00000000e-03   6.00000000e-03
    6.00000000e-03  -1.00000000e-03]
 [  1.05000000e+04   2.50000000e+00   4.00000000e-03  -3.00000000e-03
   -6.00000000e-03  -1.70000000e-02  -1.00000000e-03   4.00000000e-03
    3.00000000e-03   4.00000000e-03   0.00000000e+00   1.00000000e-03
    2.22044605e-16   0.00000000e+00  -2.00000000e-03   4.00000000e-03
    6.00000000e-03  -1.00000000e-03]
 [  1.07500000e+04   2.50000000e+00   4.00000000e-03  -2.00000000e-03
   -5.00000000e-03  -1.80000000e-02   0.00000000e+00   4.00000000e-03
    3.00000000e-03   3.00000000e-03   0.00000000e+00   0.00000000e+00
    0.00000000e+00  -1.00000000e-03  -1.00000000e-03   5.00000000e-03
    6.00000000e-03  -1.00000000e-03]
 [  1.10000000e+04   2.50000000e+00   4.00000000e-03  -3.00000000e-03
   -6.00000000e-03  -1.70000000e-02   0.00000000e+00   4.00000000e-03
    4.00000000e-03   2.00000000e-03   1.00000000e-03   1.00000000e-03
    0.00000000e+00  -1.00000000e-03  -2.00000000e-03   3.00000000e-03
    6.00000000e-03  -2.00000000e-03]
 [  1.12500000e+04   2.50000000e+00   4.00000000e-03  -5.00000000e-03
   -5.00000000e-03  -1.60000000e-02   0.00000000e+00   4.00000000e-03
    3.00000000e-03   3.00000000e-03   2.22044605e-16   0.00000000e+00
   -1.00000000e-03   0.00000000e+00  -2.00000000e-03   3.00000000e-03
    6.00000000e-03  -2.00000000e-03]
 [  1.15000000e+04   2.50000000e+00   3.00000000e-03  -6.00000000e-03
   -5.00000000e-03  -1.50000000e-02   0.00000000e+00   4.00000000e-03
    2.00000000e-03   1.00000000e-03  -2.00000000e-03  -1.11022302e-16
    0.00000000e+00  -1.00000000e-03  -2.00000000e-03   1.00000000e-03
    6.00000000e-03  -2.00000000e-03]
 [  1.17500000e+04   2.50000000e+00   2.00000000e-03  -7.00000000e-03
   -5.00000000e-03  -1.30000000e-02  -2.22044605e-16   5.00000000e-03
    2.00000000e-03   1.00000000e-03   0.00000000e+00   1.11022302e-16
   -1.11022302e-16  -1.00000000e-03  -1.00000000e-03   2.00000000e-03
    6.00000000e-03  -1.00000000e-03]
 [  1.20000000e+04   2.50000000e+00   1.00000000e-03  -8.00000000e-03
   -4.00000000e-03  -1.30000000e-02   2.22044605e-16   5.00000000e-03
    2.00000000e-03   2.00000000e-03   2.22044605e-16  -1.00000000e-03
   -1.00000000e-03   1.00000000e-03  -1.00000000e-03   1.00000000e-03
    6.00000000e-03  -1.00000000e-03]
 [  1.22500000e+04   2.50000000e+00   1.00000000e-03  -8.00000000e-03
   -5.00000000e-03  -1.20000000e-02   0.00000000e+00   5.00000000e-03
    1.00000000e-03   1.00000000e-03  -1.00000000e-03  -1.00000000e-03
    0.00000000e+00   1.11022302e-16  -2.00000000e-03   1.00000000e-03
    6.00000000e-03  -1.00000000e-03]
 [  1.25000000e+04   2.50000000e+00   0.00000000e+00  -1.00000000e-02
   -4.00000000e-03  -1.00000000e-02  -1.00000000e-03   4.00000000e-03
    1.00000000e-03   2.00000000e-03  -1.00000000e-03   0.00000000e+00
   -2.00000000e-03   1.00000000e-03  -1.00000000e-03   1.00000000e-03
    6.00000000e-03  -1.00000000e-03]
 [  1.27500000e+04   2.50000000e+00  -1.00000000e-03  -1.00000000e-02
   -4.00000000e-03  -8.00000000e-03   1.00000000e-03   4.00000000e-03
    2.00000000e-03   2.00000000e-03  -1.00000000e-03  -1.00000000e-03
   -2.00000000e-03  -1.11022302e-16  -2.00000000e-03   1.00000000e-03
    5.00000000e-03  -2.00000000e-03]
 [  1.30000000e+04   2.50000000e+00  -3.00000000e-03  -9.00000000e-03
   -4.00000000e-03  -8.00000000e-03   1.00000000e-03   5.00000000e-03
    1.00000000e-03   0.00000000e+00  -1.00000000e-03   2.22044605e-16
   -1.11022302e-16   0.00000000e+00  -1.00000000e-03   2.00000000e-03
    6.00000000e-03  -1.00000000e-03]
 [  1.40000000e+04   2.50000000e+00  -4.00000000e-03  -1.00000000e-02
   -1.00000000e-03  -4.00000000e-03   0.00000000e+00   5.00000000e-03
    2.00000000e-03   0.00000000e+00   0.00000000e+00  -1.00000000e-03
    1.11022302e-16   0.00000000e+00  -1.00000000e-03   1.00000000e-03
    5.00000000e-03  -2.22044605e-16]
 [  1.50000000e+04   2.50000000e+00  -7.00000000e-03  -1.00000000e-02
    0.00000000e+00  -1.00000000e-03  -2.22044605e-16   5.00000000e-03
    1.00000000e-03   1.00000000e-03  -1.00000000e-03   2.22044605e-16
   -1.00000000e-03   1.00000000e-03  -1.00000000e-03   1.00000000e-03
    6.00000000e-03  -2.22044605e-16]
 [  1.60000000e+04   2.50000000e+00  -7.00000000e-03  -1.10000000e-02
   -1.00000000e-03   2.22044605e-16   1.00000000e-03   6.00000000e-03
    1.00000000e-03  -2.22044605e-16  -1.00000000e-03  -1.00000000e-03
   -1.00000000e-03   2.22044605e-16  -1.00000000e-03   1.00000000e-03
    6.00000000e-03  -1.00000000e-03]
 [  1.70000000e+04   2.50000000e+00  -8.00000000e-03  -1.20000000e-02
    0.00000000e+00   1.00000000e-03   0.00000000e+00   5.00000000e-03
    1.00000000e-03   0.00000000e+00  -1.00000000e-03   0.00000000e+00
   -1.00000000e-03   0.00000000e+00  -1.00000000e-03  -2.22044605e-16
    6.00000000e-03   2.22044605e-16]
 [  1.80000000e+04   2.50000000e+00  -9.00000000e-03  -1.20000000e-02
    0.00000000e+00   1.00000000e-03   0.00000000e+00   5.00000000e-03
    1.00000000e-03   1.00000000e-03  -1.00000000e-03  -2.22044605e-16
    0.00000000e+00  -1.00000000e-03   2.22044605e-16   2.22044605e-16
    6.00000000e-03  -2.22044605e-16]
 [  1.90000000e+04   2.50000000e+00  -9.00000000e-03  -1.30000000e-02
    0.00000000e+00   1.00000000e-03   0.00000000e+00   7.00000000e-03
    1.00000000e-03  -1.00000000e-03  -1.00000000e-03  -1.00000000e-03
   -2.00000000e-03   1.00000000e-03   0.00000000e+00   0.00000000e+00
    8.00000000e-03  -2.22044605e-16]]

Array for log(g) = 3.0
Shape: (48L, 18L)
Array has the following Teff values: 4500.0 4750.0 5000.0 5250.0 5500.0 5750.0 6000.0 6250.0 6500.0 6750.0 7000.0 7250.0 7500.0 7750.0 8000.0 8250.0 8500.0 8750.0 9000.0 9250.0 9500.0 9750.0 10000.0 10250.0 10500.0 10750.0 11000.0 11250.0 11500.0 11750.0 12000.0 12250.0 12500.0 12750.0 13000.0 14000.0 15000.0 16000.0 17000.0 18000.0 19000.0 20000.0 21000.0 22000.0 23000.0 24000.0 25000.0 26000.0 
[[  4.50000000e+03   3.00000000e+00  -4.00000000e-02  -8.20000000e-02
   -1.30000000e-02   7.00000000e-03   3.00000000e-03  -1.00000000e-03
   -2.22044605e-16  -5.00000000e-03   2.00000000e-03   4.00000000e-03
    0.00000000e+00   0.00000000e+00   1.00000000e-03   5.00000000e-03
    1.00000000e-03   1.00000000e-03]
 [  4.75000000e+03   3.00000000e+00  -5.80000000e-02  -2.80000000e-02
   -7.00000000e-03   1.20000000e-02   2.00000000e-03  -2.22044605e-16
   -2.22044605e-16  -5.00000000e-03  -2.22044605e-16   4.00000000e-03
    0.00000000e+00   0.00000000e+00  -1.00000000e-03   2.00000000e-03
   -1.00000000e-03   1.00000000e-03]
 [  5.00000000e+03   3.00000000e+00  -6.30000000e-02  -3.70000000e-02
   -1.40000000e-02   7.00000000e-03  -1.00000000e-03   0.00000000e+00
    1.00000000e-03  -3.00000000e-03   0.00000000e+00   2.00000000e-03
    0.00000000e+00   0.00000000e+00   0.00000000e+00   0.00000000e+00
    0.00000000e+00   0.00000000e+00]
 [  5.25000000e+03   3.00000000e+00  -5.80000000e-02  -2.80000000e-02
   -1.30000000e-02  -1.00000000e-03  -1.00000000e-03  -1.00000000e-03
    2.22044605e-16  -3.00000000e-03   2.22044605e-16   1.00000000e-03
    0.00000000e+00   0.00000000e+00   0.00000000e+00   1.00000000e-03
    0.00000000e+00   1.00000000e-03]
 [  5.50000000e+03   3.00000000e+00  -4.10000000e-02  -1.00000000e-02
   -1.00000000e-02  -5.00000000e-03  -1.00000000e-03  -1.00000000e-03
    0.00000000e+00   1.00000000e-03   0.00000000e+00   2.00000000e-03
    0.00000000e+00   0.00000000e+00   0.00000000e+00   0.00000000e+00
    1.00000000e-03   1.00000000e-03]
 [  5.75000000e+03   3.00000000e+00  -3.20000000e-02   2.00000000e-03
   -8.00000000e-03  -8.00000000e-03  -1.00000000e-03  -3.00000000e-03
    1.00000000e-03   1.00000000e-03   2.22044605e-16   1.00000000e-03
    0.00000000e+00   0.00000000e+00   0.00000000e+00   3.00000000e-03
   -1.00000000e-03   0.00000000e+00]
 [  6.00000000e+03   3.00000000e+00  -2.80000000e-02   7.00000000e-03
   -5.00000000e-03  -1.10000000e-02  -2.00000000e-03  -5.00000000e-03
    1.00000000e-03   1.00000000e-03   1.00000000e-03   1.00000000e-03
    2.22044605e-16   1.00000000e-03   0.00000000e+00   4.00000000e-03
   -2.22044605e-16   0.00000000e+00]
 [  6.25000000e+03   3.00000000e+00  -2.50000000e-02   6.00000000e-03
   -1.00000000e-03  -1.20000000e-02  -1.00000000e-03  -6.00000000e-03
    1.00000000e-03   2.00000000e-03   2.00000000e-03   1.00000000e-03
    0.00000000e+00   0.00000000e+00   0.00000000e+00   5.00000000e-03
    0.00000000e+00  -1.00000000e-03]
 [  6.50000000e+03   3.00000000e+00  -2.20000000e-02   5.00000000e-03
    2.22044605e-16  -1.30000000e-02  -1.00000000e-03  -8.00000000e-03
    0.00000000e+00   3.00000000e-03   1.00000000e-03   2.00000000e-03
   -1.11022302e-16   0.00000000e+00   0.00000000e+00   7.00000000e-03
    1.00000000e-03   1.00000000e-03]
 [  6.75000000e+03   3.00000000e+00  -2.00000000e-02   4.00000000e-03
    2.00000000e-03  -1.30000000e-02  -1.00000000e-03  -9.00000000e-03
    2.00000000e-03   4.00000000e-03   3.00000000e-03   2.00000000e-03
    1.00000000e-03   1.00000000e-03   0.00000000e+00   9.00000000e-03
   -1.00000000e-03   1.00000000e-03]
 [  7.00000000e+03   3.00000000e+00  -1.80000000e-02   3.00000000e-03
    2.00000000e-03  -1.60000000e-02  -1.00000000e-03  -1.00000000e-02
    2.00000000e-03   3.00000000e-03   3.00000000e-03   3.00000000e-03
    2.00000000e-03   0.00000000e+00   0.00000000e+00   1.00000000e-02
    1.00000000e-03   1.00000000e-03]
 [  7.25000000e+03   3.00000000e+00  -1.60000000e-02   4.00000000e-03
    2.00000000e-03  -1.80000000e-02  -2.00000000e-03  -9.00000000e-03
    0.00000000e+00   4.00000000e-03   4.00000000e-03   3.00000000e-03
    2.00000000e-03   0.00000000e+00  -1.00000000e-03   1.20000000e-02
    1.00000000e-03   1.00000000e-03]
 [  7.50000000e+03   3.00000000e+00  -1.50000000e-02   3.00000000e-03
    1.00000000e-03  -2.10000000e-02  -3.00000000e-03  -9.00000000e-03
    2.00000000e-03   6.00000000e-03   4.00000000e-03   4.00000000e-03
    2.00000000e-03   0.00000000e+00  -1.00000000e-03   1.50000000e-02
    3.00000000e-03  -1.00000000e-03]
 [  7.75000000e+03   3.00000000e+00  -1.30000000e-02   2.00000000e-03
    1.00000000e-03  -2.30000000e-02  -2.00000000e-03  -9.00000000e-03
    3.00000000e-03   7.00000000e-03   6.00000000e-03   4.00000000e-03
    1.00000000e-03  -1.11022302e-16  -1.00000000e-03   1.60000000e-02
    4.00000000e-03   0.00000000e+00]
 [  8.00000000e+03   3.00000000e+00  -1.10000000e-02   3.00000000e-03
    0.00000000e+00  -2.50000000e-02  -2.00000000e-03  -8.00000000e-03
    3.00000000e-03   7.00000000e-03   5.00000000e-03   4.00000000e-03
    1.00000000e-03  -1.11022302e-16  -2.00000000e-03   1.80000000e-02
    6.00000000e-03   0.00000000e+00]
 [  8.25000000e+03   3.00000000e+00  -1.00000000e-02   1.00000000e-03
   -1.00000000e-03  -2.40000000e-02  -1.00000000e-03  -7.00000000e-03
    3.00000000e-03   8.00000000e-03   5.00000000e-03   5.00000000e-03
    2.00000000e-03   0.00000000e+00  -2.00000000e-03   1.80000000e-02
    8.00000000e-03   0.00000000e+00]
 [  8.50000000e+03   3.00000000e+00  -9.00000000e-03  -1.00000000e-03
   -1.00000000e-03  -2.30000000e-02  -2.00000000e-03  -5.00000000e-03
    4.00000000e-03   7.00000000e-03   5.00000000e-03   4.00000000e-03
    0.00000000e+00   0.00000000e+00  -3.00000000e-03   1.70000000e-02
    9.00000000e-03  -1.00000000e-03]
 [  8.75000000e+03   3.00000000e+00  -8.00000000e-03  -2.00000000e-03
   -2.00000000e-03  -2.10000000e-02  -2.00000000e-03  -4.00000000e-03
    4.00000000e-03   7.00000000e-03   4.00000000e-03   4.00000000e-03
    1.00000000e-03   0.00000000e+00  -2.00000000e-03   1.50000000e-02
    9.00000000e-03  -1.00000000e-03]
 [  9.00000000e+03   3.00000000e+00  -7.00000000e-03  -3.00000000e-03
    0.00000000e+00  -1.90000000e-02  -1.00000000e-03  -2.00000000e-03
    4.00000000e-03   7.00000000e-03   4.00000000e-03   3.00000000e-03
    0.00000000e+00   0.00000000e+00  -2.00000000e-03   1.40000000e-02
    9.00000000e-03  -1.00000000e-03]
 [  9.25000000e+03   3.00000000e+00  -4.00000000e-03  -2.00000000e-03
   -1.00000000e-03  -1.80000000e-02  -1.00000000e-03  -1.00000000e-03
    4.00000000e-03   6.00000000e-03   4.00000000e-03   2.00000000e-03
    0.00000000e+00   1.00000000e-03  -2.00000000e-03   1.20000000e-02
    8.00000000e-03  -2.00000000e-03]
 [  9.50000000e+03   3.00000000e+00  -2.00000000e-03  -2.00000000e-03
   -2.00000000e-03  -1.60000000e-02  -2.00000000e-03   0.00000000e+00
    4.00000000e-03   5.00000000e-03   1.00000000e-03   3.00000000e-03
    0.00000000e+00   0.00000000e+00  -2.00000000e-03   1.00000000e-02
    7.00000000e-03  -2.00000000e-03]
 [  9.75000000e+03   3.00000000e+00  -1.00000000e-03  -1.00000000e-03
   -1.00000000e-03  -1.40000000e-02   0.00000000e+00   1.00000000e-03
    5.00000000e-03   5.00000000e-03   1.00000000e-03   1.00000000e-03
    1.00000000e-03  -1.11022302e-16  -2.00000000e-03   9.00000000e-03
    7.00000000e-03  -1.00000000e-03]
 [  1.00000000e+04   3.00000000e+00   0.00000000e+00  -1.00000000e-03
   -2.00000000e-03  -1.40000000e-02   0.00000000e+00   1.00000000e-03
    3.00000000e-03   4.00000000e-03   2.00000000e-03   1.00000000e-03
   -1.11022302e-16   1.11022302e-16  -2.00000000e-03   9.00000000e-03
    7.00000000e-03  -2.00000000e-03]
 [  1.02500000e+04   3.00000000e+00   1.00000000e-03   4.44089210e-16
   -3.00000000e-03  -1.40000000e-02   0.00000000e+00   2.00000000e-03
    4.00000000e-03   3.00000000e-03   0.00000000e+00   1.00000000e-03
   -1.00000000e-03  -1.11022302e-16  -3.00000000e-03   7.00000000e-03
    6.00000000e-03  -1.00000000e-03]
 [  1.05000000e+04   3.00000000e+00   2.00000000e-03  -1.00000000e-03
   -4.00000000e-03  -1.30000000e-02  -1.00000000e-03   2.00000000e-03
    3.00000000e-03   5.00000000e-03   1.00000000e-03   1.00000000e-03
    0.00000000e+00   0.00000000e+00  -2.00000000e-03   6.00000000e-03
    6.00000000e-03  -1.00000000e-03]
 [  1.07500000e+04   3.00000000e+00   2.00000000e-03   0.00000000e+00
   -5.00000000e-03  -1.40000000e-02  -1.00000000e-03   2.00000000e-03
    3.00000000e-03   3.00000000e-03   1.00000000e-03   1.00000000e-03
   -1.11022302e-16  -1.00000000e-03  -2.00000000e-03   6.00000000e-03
    5.00000000e-03  -1.00000000e-03]
 [  1.10000000e+04   3.00000000e+00   3.00000000e-03  -1.00000000e-03
   -5.00000000e-03  -1.40000000e-02  -1.00000000e-03   2.00000000e-03
    3.00000000e-03   2.00000000e-03   1.00000000e-03   1.00000000e-03
   -2.22044605e-16   0.00000000e+00  -2.00000000e-03   4.00000000e-03
    5.00000000e-03  -1.00000000e-03]
 [  1.12500000e+04   3.00000000e+00   3.00000000e-03  -3.00000000e-03
   -4.00000000e-03  -1.40000000e-02   0.00000000e+00   2.00000000e-03
    3.00000000e-03   2.00000000e-03   1.00000000e-03   0.00000000e+00
   -1.00000000e-03   1.00000000e-03  -2.00000000e-03   4.00000000e-03
    5.00000000e-03  -1.00000000e-03]
 [  1.15000000e+04   3.00000000e+00   2.00000000e-03  -4.00000000e-03
   -4.00000000e-03  -1.20000000e-02   0.00000000e+00   2.00000000e-03
    2.00000000e-03   2.00000000e-03  -1.00000000e-03  -1.11022302e-16
   -1.00000000e-03  -1.00000000e-03  -2.00000000e-03   3.00000000e-03
    5.00000000e-03  -1.00000000e-03]
 [  1.17500000e+04   3.00000000e+00   2.00000000e-03  -4.00000000e-03
   -5.00000000e-03  -1.20000000e-02   0.00000000e+00   4.00000000e-03
    2.00000000e-03   1.00000000e-03   0.00000000e+00   1.00000000e-03
   -1.11022302e-16   0.00000000e+00  -2.00000000e-03   3.00000000e-03
    5.00000000e-03   0.00000000e+00]
 [  1.20000000e+04   3.00000000e+00   2.00000000e-03  -4.00000000e-03
   -4.00000000e-03  -1.20000000e-02   2.22044605e-16   3.00000000e-03
    2.00000000e-03   3.00000000e-03   2.22044605e-16   0.00000000e+00
   -1.00000000e-03   1.00000000e-03  -1.00000000e-03   2.00000000e-03
    5.00000000e-03  -1.00000000e-03]
 [  1.22500000e+04   3.00000000e+00   1.00000000e-03  -5.00000000e-03
   -4.00000000e-03  -1.10000000e-02   2.22044605e-16   3.00000000e-03
    2.00000000e-03   1.00000000e-03   0.00000000e+00   1.11022302e-16
   -1.00000000e-03   2.22044605e-16  -2.00000000e-03   2.00000000e-03
    4.00000000e-03   0.00000000e+00]
 [  1.25000000e+04   3.00000000e+00   1.00000000e-03  -7.00000000e-03
   -4.00000000e-03  -1.00000000e-02  -1.00000000e-03   3.00000000e-03
    2.00000000e-03   2.00000000e-03   4.44089210e-16   1.11022302e-16
   -1.00000000e-03   1.11022302e-16   1.11022302e-16   3.00000000e-03
    4.00000000e-03   1.11022302e-16]
 [  1.27500000e+04   3.00000000e+00   0.00000000e+00  -7.00000000e-03
   -3.00000000e-03  -8.00000000e-03   0.00000000e+00   3.00000000e-03
    1.00000000e-03   2.00000000e-03  -1.00000000e-03   1.11022302e-16
   -1.00000000e-03   1.00000000e-03  -2.00000000e-03   3.00000000e-03
    4.00000000e-03  -1.00000000e-03]
 [  1.30000000e+04   3.00000000e+00  -1.00000000e-03  -6.00000000e-03
   -4.00000000e-03  -8.00000000e-03  -2.22044605e-16   3.00000000e-03
    2.00000000e-03   1.00000000e-03  -1.00000000e-03   1.11022302e-16
    0.00000000e+00   1.00000000e-03  -1.00000000e-03   2.00000000e-03
    4.00000000e-03  -1.00000000e-03]
 [  1.40000000e+04   3.00000000e+00  -2.00000000e-03  -7.00000000e-03
   -2.00000000e-03  -5.00000000e-03   0.00000000e+00   3.00000000e-03
    2.00000000e-03   1.00000000e-03   0.00000000e+00   1.11022302e-16
    1.00000000e-03   0.00000000e+00  -1.00000000e-03   3.00000000e-03
    5.00000000e-03  -2.22044605e-16]
 [  1.50000000e+04   3.00000000e+00  -4.00000000e-03  -8.00000000e-03
   -1.00000000e-03  -3.00000000e-03  -2.22044605e-16   3.00000000e-03
    1.00000000e-03   1.00000000e-03  -1.00000000e-03   2.22044605e-16
   -1.00000000e-03   1.00000000e-03   0.00000000e+00   2.00000000e-03
    5.00000000e-03   0.00000000e+00]
 [  1.60000000e+04   3.00000000e+00  -3.00000000e-03  -7.00000000e-03
   -4.44089210e-16  -2.00000000e-03   1.00000000e-03   3.00000000e-03
    2.00000000e-03   1.00000000e-03   0.00000000e+00   1.00000000e-03
    2.22044605e-16  -1.00000000e-03  -1.00000000e-03   3.00000000e-03
    5.00000000e-03   2.22044605e-16]
 [  1.70000000e+04   3.00000000e+00  -5.00000000e-03  -8.00000000e-03
    0.00000000e+00   0.00000000e+00  -2.22044605e-16   2.00000000e-03
    1.00000000e-03   1.00000000e-03   0.00000000e+00   2.22044605e-16
    0.00000000e+00   2.22044605e-16  -1.00000000e-03   2.00000000e-03
    5.00000000e-03   1.00000000e-03]
 [  1.80000000e+04   3.00000000e+00  -5.00000000e-03  -7.00000000e-03
    0.00000000e+00   0.00000000e+00   1.00000000e-03   3.00000000e-03
    1.00000000e-03   1.00000000e-03   0.00000000e+00   1.00000000e-03
    0.00000000e+00  -2.22044605e-16  -1.00000000e-03   1.00000000e-03
    5.00000000e-03   0.00000000e+00]
 [  1.90000000e+04   3.00000000e+00  -5.00000000e-03  -9.00000000e-03
    0.00000000e+00   1.00000000e-03   0.00000000e+00   4.00000000e-03
    1.00000000e-03   0.00000000e+00   0.00000000e+00  -2.22044605e-16
   -1.00000000e-03   1.00000000e-03   0.00000000e+00   3.00000000e-03
    5.00000000e-03  -1.00000000e-03]
 [  2.00000000e+04   3.00000000e+00  -6.00000000e-03  -7.00000000e-03
   -4.44089210e-16  -4.44089210e-16   0.00000000e+00   3.00000000e-03
    1.00000000e-03   2.22044605e-16   1.00000000e-03   0.00000000e+00
   -1.00000000e-03  -4.44089210e-16   1.00000000e-03   2.00000000e-03
    5.00000000e-03  -4.44089210e-16]
 [  2.10000000e+04   3.00000000e+00  -6.00000000e-03  -9.00000000e-03
   -4.44089210e-16   1.00000000e-03   1.00000000e-03   3.00000000e-03
    1.00000000e-03   1.00000000e-03  -1.00000000e-03   1.00000000e-03
    4.44089210e-16  -4.44089210e-16  -1.00000000e-03   2.00000000e-03
    4.00000000e-03   0.00000000e+00]
 [  2.20000000e+04   3.00000000e+00  -5.00000000e-03  -8.00000000e-03
    0.00000000e+00  -1.00000000e-03   0.00000000e+00   4.00000000e-03
    0.00000000e+00  -6.66133815e-16  -1.00000000e-03   0.00000000e+00
    0.00000000e+00   0.00000000e+00   0.00000000e+00   1.00000000e-03
    6.00000000e-03   0.00000000e+00]
 [  2.30000000e+04   3.00000000e+00  -5.00000000e-03  -7.00000000e-03
    0.00000000e+00   1.00000000e-03   1.00000000e-03   4.00000000e-03
    1.00000000e-03  -4.44089210e-16   0.00000000e+00   0.00000000e+00
    0.00000000e+00  -1.00000000e-03  -1.00000000e-03   1.00000000e-03
    6.00000000e-03   4.44089210e-16]
 [  2.40000000e+04   3.00000000e+00  -5.00000000e-03  -5.00000000e-03
   -1.00000000e-03  -1.00000000e-03   2.22044605e-16   5.00000000e-03
    1.00000000e-03   0.00000000e+00  -1.00000000e-03   1.00000000e-03
    4.44089210e-16   1.00000000e-03   0.00000000e+00   1.00000000e-03
    6.00000000e-03  -1.00000000e-03]
 [  2.50000000e+04   3.00000000e+00  -3.00000000e-03  -4.00000000e-03
   -1.00000000e-03  -1.00000000e-03   2.22044605e-16   3.00000000e-03
    1.00000000e-03   1.00000000e-03  -1.00000000e-03   0.00000000e+00
   -1.00000000e-03   0.00000000e+00  -1.00000000e-03  -4.44089210e-16
    6.00000000e-03   0.00000000e+00]
 [  2.60000000e+04   3.00000000e+00  -2.00000000e-03  -4.00000000e-03
   -2.00000000e-03  -2.00000000e-03  -2.22044605e-16   5.00000000e-03
    0.00000000e+00   1.00000000e-03  -1.00000000e-03   0.00000000e+00
   -4.44089210e-16   0.00000000e+00   4.44089210e-16   4.44089210e-16
    5.00000000e-03   1.00000000e-03]]

Array for log(g) = 3.5
Shape: (53L, 18L)
Array has the following Teff values: 4500.0 4750.0 5000.0 5250.0 5500.0 5750.0 6000.0 6250.0 6500.0 6750.0 7000.0 7250.0 7500.0 7750.0 8000.0 8250.0 8500.0 8750.0 9000.0 9250.0 9500.0 9750.0 10000.0 10250.0 10500.0 10750.0 11000.0 11250.0 11500.0 11750.0 12000.0 12250.0 12500.0 12750.0 13000.0 14000.0 15000.0 16000.0 17000.0 18000.0 19000.0 20000.0 21000.0 22000.0 23000.0 24000.0 25000.0 26000.0 27000.0 28000.0 29000.0 30000.0 31000.0 
[[  4.50000000e+03   3.50000000e+00  -2.90000000e-02  -5.00000000e-02
   -9.00000000e-03   8.00000000e-03   3.00000000e-03   1.00000000e-03
    1.00000000e-03  -3.00000000e-03   2.00000000e-03   3.00000000e-03
    1.11022302e-16   0.00000000e+00   2.00000000e-03   4.00000000e-03
    3.00000000e-03   0.00000000e+00]
 [  4.75000000e+03   3.50000000e+00  -3.70000000e-02   0.00000000e+00
   -4.00000000e-03   1.30000000e-02   2.00000000e-03   1.00000000e-03
    1.00000000e-03  -3.00000000e-03   1.00000000e-03   4.00000000e-03
   -1.00000000e-03   0.00000000e+00   0.00000000e+00   2.00000000e-03
    1.00000000e-03   0.00000000e+00]
 [  5.00000000e+03   3.50000000e+00  -4.00000000e-02  -1.80000000e-02
   -1.00000000e-02   9.00000000e-03   2.22044605e-16   2.00000000e-03
    2.22044605e-16  -2.00000000e-03   0.00000000e+00   2.00000000e-03
    0.00000000e+00   0.00000000e+00   0.00000000e+00   1.00000000e-03
    0.00000000e+00  -1.00000000e-03]
 [  5.25000000e+03   3.50000000e+00  -3.50000000e-02  -1.80000000e-02
   -9.00000000e-03   2.00000000e-03  -2.22044605e-16  -2.22044605e-16
    0.00000000e+00  -2.00000000e-03   1.00000000e-03   1.00000000e-03
    0.00000000e+00   0.00000000e+00   0.00000000e+00   1.00000000e-03
    0.00000000e+00   0.00000000e+00]
 [  5.50000000e+03   3.50000000e+00  -1.40000000e-02  -6.00000000e-03
   -7.00000000e-03  -1.00000000e-03  -1.00000000e-03   0.00000000e+00
    0.00000000e+00   1.00000000e-03   0.00000000e+00   2.00000000e-03
    0.00000000e+00  -1.00000000e-03   0.00000000e+00   0.00000000e+00
    1.00000000e-03   0.00000000e+00]
 [  5.75000000e+03   3.50000000e+00  -5.00000000e-03   5.00000000e-03
   -4.00000000e-03  -2.00000000e-03  -1.00000000e-03  -2.00000000e-03
    0.00000000e+00   0.00000000e+00   1.00000000e-03   1.00000000e-03
    0.00000000e+00   0.00000000e+00   0.00000000e+00   2.00000000e-03
    0.00000000e+00   0.00000000e+00]
 [  6.00000000e+03   3.50000000e+00  -6.00000000e-03   9.00000000e-03
   -2.00000000e-03  -5.00000000e-03  -1.00000000e-03  -3.00000000e-03
    0.00000000e+00   1.00000000e-03   0.00000000e+00   1.00000000e-03
    0.00000000e+00   1.00000000e-03   0.00000000e+00   3.00000000e-03
    1.00000000e-03   0.00000000e+00]
 [  6.25000000e+03   3.50000000e+00  -8.00000000e-03   8.00000000e-03
    2.22044605e-16  -5.00000000e-03  -1.00000000e-03  -5.00000000e-03
    2.22044605e-16   2.00000000e-03   1.00000000e-03   1.00000000e-03
    0.00000000e+00   0.00000000e+00  -1.00000000e-03   3.00000000e-03
    0.00000000e+00  -1.00000000e-03]
 [  6.50000000e+03   3.50000000e+00  -9.00000000e-03   7.00000000e-03
    2.22044605e-16  -6.00000000e-03  -1.00000000e-03  -5.00000000e-03
    0.00000000e+00   2.00000000e-03   0.00000000e+00   2.00000000e-03
   -1.11022302e-16   0.00000000e+00   0.00000000e+00   6.00000000e-03
    1.00000000e-03   0.00000000e+00]
 [  6.75000000e+03   3.50000000e+00  -9.00000000e-03   6.00000000e-03
    3.00000000e-03  -6.00000000e-03  -1.00000000e-03  -7.00000000e-03
    1.00000000e-03   3.00000000e-03   2.00000000e-03   1.00000000e-03
    1.00000000e-03   1.00000000e-03   0.00000000e+00   6.00000000e-03
   -1.00000000e-03   1.00000000e-03]
 [  7.00000000e+03   3.50000000e+00  -9.00000000e-03   5.00000000e-03
    3.00000000e-03  -9.00000000e-03  -1.00000000e-03  -7.00000000e-03
    2.00000000e-03   3.00000000e-03   2.00000000e-03   2.00000000e-03
    2.00000000e-03   0.00000000e+00   1.00000000e-03   8.00000000e-03
    0.00000000e+00   0.00000000e+00]
 [  7.25000000e+03   3.50000000e+00  -7.00000000e-03   4.00000000e-03
    4.00000000e-03  -1.00000000e-02  -2.00000000e-03  -8.00000000e-03
    1.00000000e-03   3.00000000e-03   3.00000000e-03   2.00000000e-03
    1.00000000e-03   1.00000000e-03  -1.00000000e-03   8.00000000e-03
    2.22044605e-16   1.00000000e-03]
 [  7.50000000e+03   3.50000000e+00  -8.00000000e-03   4.00000000e-03
    2.00000000e-03  -1.20000000e-02  -2.00000000e-03  -6.00000000e-03
    1.00000000e-03   4.00000000e-03   3.00000000e-03   3.00000000e-03
    1.00000000e-03   0.00000000e+00  -1.00000000e-03   1.10000000e-02
    1.00000000e-03   0.00000000e+00]
 [  7.75000000e+03   3.50000000e+00  -7.00000000e-03   5.00000000e-03
    2.00000000e-03  -1.30000000e-02  -1.00000000e-03  -7.00000000e-03
    1.00000000e-03   5.00000000e-03   4.00000000e-03   3.00000000e-03
    1.00000000e-03   1.00000000e-03  -1.00000000e-03   1.10000000e-02
    2.00000000e-03   0.00000000e+00]
 [  8.00000000e+03   3.50000000e+00  -6.00000000e-03   4.00000000e-03
    1.00000000e-03  -1.60000000e-02  -2.00000000e-03  -7.00000000e-03
    2.00000000e-03   5.00000000e-03   5.00000000e-03   3.00000000e-03
   -1.11022302e-16   1.00000000e-03  -1.00000000e-03   1.40000000e-02
    4.00000000e-03   0.00000000e+00]
 [  8.25000000e+03   3.50000000e+00  -7.00000000e-03   3.00000000e-03
   -1.00000000e-03  -1.60000000e-02  -1.00000000e-03  -7.00000000e-03
    2.00000000e-03   6.00000000e-03   5.00000000e-03   4.00000000e-03
    2.00000000e-03   0.00000000e+00  -2.00000000e-03   1.40000000e-02
    6.00000000e-03   0.00000000e+00]
 [  8.50000000e+03   3.50000000e+00  -7.00000000e-03   0.00000000e+00
    0.00000000e+00  -1.60000000e-02  -2.00000000e-03  -5.00000000e-03
    2.00000000e-03   6.00000000e-03   4.00000000e-03   3.00000000e-03
    0.00000000e+00   1.00000000e-03  -2.00000000e-03   1.50000000e-02
    6.00000000e-03   0.00000000e+00]
 [  8.75000000e+03   3.50000000e+00  -7.00000000e-03  -1.00000000e-03
   -1.00000000e-03  -1.60000000e-02  -1.00000000e-03  -5.00000000e-03
    3.00000000e-03   6.00000000e-03   3.00000000e-03   4.00000000e-03
    0.00000000e+00   1.00000000e-03  -2.00000000e-03   1.20000000e-02
    7.00000000e-03  -1.00000000e-03]
 [  9.00000000e+03   3.50000000e+00  -5.00000000e-03  -2.00000000e-03
   -1.00000000e-03  -1.30000000e-02   0.00000000e+00  -2.00000000e-03
    3.00000000e-03   5.00000000e-03   3.00000000e-03   2.00000000e-03
    0.00000000e+00   1.00000000e-03  -2.00000000e-03   1.20000000e-02
    7.00000000e-03  -1.00000000e-03]
 [  9.25000000e+03   3.50000000e+00  -3.00000000e-03  -2.00000000e-03
   -1.00000000e-03  -1.30000000e-02   0.00000000e+00  -1.00000000e-03
    4.00000000e-03   5.00000000e-03   3.00000000e-03   2.00000000e-03
    0.00000000e+00   1.00000000e-03  -1.00000000e-03   1.00000000e-02
    6.00000000e-03  -1.00000000e-03]
 [  9.50000000e+03   3.50000000e+00  -3.00000000e-03  -2.00000000e-03
   -1.00000000e-03  -1.20000000e-02  -1.00000000e-03  -1.00000000e-03
    4.00000000e-03   5.00000000e-03   1.00000000e-03   2.00000000e-03
    0.00000000e+00   0.00000000e+00  -2.00000000e-03   9.00000000e-03
    6.00000000e-03  -1.00000000e-03]
 [  9.75000000e+03   3.50000000e+00  -2.00000000e-03  -1.00000000e-03
   -1.00000000e-03  -1.10000000e-02  -1.00000000e-03  -1.00000000e-03
    4.00000000e-03   5.00000000e-03   1.00000000e-03   2.00000000e-03
   -1.11022302e-16  -1.11022302e-16  -1.00000000e-03   9.00000000e-03
    6.00000000e-03  -1.11022302e-16]
 [  1.00000000e+04   3.50000000e+00  -1.00000000e-03   0.00000000e+00
   -1.00000000e-03  -1.00000000e-02  -1.00000000e-03   0.00000000e+00
    2.00000000e-03   4.00000000e-03   2.00000000e-03   1.00000000e-03
   -1.11022302e-16   1.11022302e-16  -1.00000000e-03   7.00000000e-03
    6.00000000e-03  -1.00000000e-03]
 [  1.02500000e+04   3.50000000e+00   0.00000000e+00   4.44089210e-16
   -2.00000000e-03  -1.00000000e-02   0.00000000e+00   1.00000000e-03
    4.00000000e-03   4.00000000e-03   1.00000000e-03   2.00000000e-03
    0.00000000e+00  -1.11022302e-16  -3.00000000e-03   7.00000000e-03
    5.00000000e-03  -1.00000000e-03]
 [  1.05000000e+04   3.50000000e+00   1.00000000e-03  -1.00000000e-03
   -2.00000000e-03  -1.10000000e-02   2.22044605e-16   1.00000000e-03
    3.00000000e-03   3.00000000e-03   1.00000000e-03   2.00000000e-03
   -1.00000000e-03   0.00000000e+00  -1.00000000e-03   6.00000000e-03
    5.00000000e-03  -1.00000000e-03]
 [  1.07500000e+04   3.50000000e+00   2.00000000e-03   0.00000000e+00
   -3.00000000e-03  -1.10000000e-02   0.00000000e+00   1.00000000e-03
    2.00000000e-03   3.00000000e-03   2.00000000e-03   1.00000000e-03
   -1.11022302e-16  -1.00000000e-03  -2.00000000e-03   6.00000000e-03
    5.00000000e-03  -1.00000000e-03]
 [  1.10000000e+04   3.50000000e+00   2.00000000e-03   0.00000000e+00
   -4.00000000e-03  -1.10000000e-02   0.00000000e+00   2.00000000e-03
    3.00000000e-03   2.00000000e-03   1.00000000e-03   1.00000000e-03
    0.00000000e+00   0.00000000e+00  -2.00000000e-03   4.00000000e-03
    4.00000000e-03  -2.00000000e-03]
 [  1.12500000e+04   3.50000000e+00   2.00000000e-03  -1.00000000e-03
   -2.00000000e-03  -1.10000000e-02   0.00000000e+00   1.00000000e-03
    2.00000000e-03   3.00000000e-03   2.22044605e-16   1.00000000e-03
    0.00000000e+00   1.11022302e-16  -2.00000000e-03   4.00000000e-03
    4.00000000e-03  -1.00000000e-03]
 [  1.15000000e+04   3.50000000e+00   1.00000000e-03  -3.00000000e-03
   -3.00000000e-03  -1.00000000e-02   1.00000000e-03   2.00000000e-03
    2.00000000e-03   2.00000000e-03  -1.00000000e-03   1.00000000e-03
   -1.00000000e-03   0.00000000e+00  -1.00000000e-03   3.00000000e-03
    5.00000000e-03  -1.00000000e-03]
 [  1.17500000e+04   3.50000000e+00   2.00000000e-03  -3.00000000e-03
   -3.00000000e-03  -9.00000000e-03  -1.00000000e-03   2.00000000e-03
    2.00000000e-03   1.00000000e-03   1.00000000e-03   1.00000000e-03
   -1.11022302e-16  -1.00000000e-03  -1.00000000e-03   3.00000000e-03
    5.00000000e-03   1.11022302e-16]
 [  1.20000000e+04   3.50000000e+00   2.00000000e-03  -3.00000000e-03
   -3.00000000e-03  -1.00000000e-02   2.22044605e-16   2.00000000e-03
    2.00000000e-03   2.00000000e-03   0.00000000e+00   0.00000000e+00
   -1.00000000e-03  -1.11022302e-16  -1.00000000e-03   2.00000000e-03
    4.00000000e-03  -1.00000000e-03]
 [  1.22500000e+04   3.50000000e+00   2.00000000e-03  -3.00000000e-03
   -4.00000000e-03  -9.00000000e-03  -1.00000000e-03   2.00000000e-03
    1.00000000e-03   1.00000000e-03   2.22044605e-16   1.11022302e-16
    0.00000000e+00  -1.00000000e-03  -2.00000000e-03   2.00000000e-03
    3.00000000e-03  -1.00000000e-03]
 [  1.25000000e+04   3.50000000e+00   1.00000000e-03  -4.00000000e-03
   -3.00000000e-03  -8.00000000e-03  -1.00000000e-03   2.00000000e-03
    1.00000000e-03   2.00000000e-03   2.22044605e-16   0.00000000e+00
   -1.00000000e-03   0.00000000e+00  -1.00000000e-03   2.00000000e-03
    3.00000000e-03  -1.00000000e-03]
 [  1.27500000e+04   3.50000000e+00   1.00000000e-03  -5.00000000e-03
   -3.00000000e-03  -7.00000000e-03   0.00000000e+00   1.00000000e-03
    2.00000000e-03   2.00000000e-03  -1.00000000e-03  -1.00000000e-03
   -1.00000000e-03   1.00000000e-03  -1.00000000e-03   3.00000000e-03
    3.00000000e-03  -1.00000000e-03]
 [  1.30000000e+04   3.50000000e+00   0.00000000e+00  -4.00000000e-03
   -3.00000000e-03  -7.00000000e-03  -2.22044605e-16   2.00000000e-03
    2.00000000e-03   1.00000000e-03   0.00000000e+00   2.22044605e-16
    0.00000000e+00   1.11022302e-16   0.00000000e+00   2.00000000e-03
    4.00000000e-03  -1.00000000e-03]
 [  1.40000000e+04   3.50000000e+00  -1.00000000e-03  -5.00000000e-03
   -2.00000000e-03  -4.00000000e-03   0.00000000e+00   2.00000000e-03
    2.00000000e-03   0.00000000e+00   1.00000000e-03   1.11022302e-16
    0.00000000e+00   0.00000000e+00   0.00000000e+00   2.00000000e-03
    4.00000000e-03   1.00000000e-03]
 [  1.50000000e+04   3.50000000e+00  -3.00000000e-03  -5.00000000e-03
    0.00000000e+00  -2.00000000e-03  -1.00000000e-03   2.00000000e-03
    1.00000000e-03   1.00000000e-03   0.00000000e+00   1.00000000e-03
   -1.00000000e-03   1.00000000e-03   0.00000000e+00   3.00000000e-03
    4.00000000e-03  -1.00000000e-03]
 [  1.60000000e+04   3.50000000e+00  -2.00000000e-03  -4.00000000e-03
    0.00000000e+00  -2.00000000e-03   1.00000000e-03   2.00000000e-03
    1.00000000e-03   1.00000000e-03  -2.22044605e-16   1.00000000e-03
    0.00000000e+00   0.00000000e+00  -1.00000000e-03   2.00000000e-03
    4.00000000e-03   2.22044605e-16]
 [  1.70000000e+04   3.50000000e+00  -3.00000000e-03  -5.00000000e-03
    0.00000000e+00   0.00000000e+00  -2.22044605e-16   1.00000000e-03
    2.00000000e-03   2.00000000e-03   0.00000000e+00   2.22044605e-16
    0.00000000e+00   0.00000000e+00   4.44089210e-16   2.00000000e-03
    4.00000000e-03   2.22044605e-16]
 [  1.80000000e+04   3.50000000e+00  -3.00000000e-03  -4.00000000e-03
   -1.00000000e-03  -1.00000000e-03   1.00000000e-03   1.00000000e-03
    1.00000000e-03   2.00000000e-03  -2.22044605e-16   0.00000000e+00
   -2.22044605e-16  -1.00000000e-03  -1.00000000e-03   2.00000000e-03
    3.00000000e-03  -2.22044605e-16]
 [  1.90000000e+04   3.50000000e+00  -3.00000000e-03  -5.00000000e-03
    0.00000000e+00   0.00000000e+00   0.00000000e+00   2.00000000e-03
    1.00000000e-03   1.00000000e-03   1.00000000e-03   0.00000000e+00
   -1.00000000e-03  -2.22044605e-16  -2.22044605e-16   3.00000000e-03
    4.00000000e-03  -1.00000000e-03]
 [  2.00000000e+04   3.50000000e+00  -3.00000000e-03  -5.00000000e-03
   -1.00000000e-03  -4.44089210e-16   0.00000000e+00   2.00000000e-03
    1.00000000e-03   1.00000000e-03   1.00000000e-03   4.44089210e-16
    0.00000000e+00  -4.44089210e-16   1.00000000e-03   2.00000000e-03
    3.00000000e-03   1.00000000e-03]
 [  2.10000000e+04   3.50000000e+00  -5.00000000e-03  -6.00000000e-03
    0.00000000e+00   1.00000000e-03   0.00000000e+00   2.00000000e-03
    1.00000000e-03   1.00000000e-03   0.00000000e+00   0.00000000e+00
    1.00000000e-03   0.00000000e+00   0.00000000e+00   2.00000000e-03
    3.00000000e-03   4.44089210e-16]
 [  2.20000000e+04   3.50000000e+00  -3.00000000e-03  -6.00000000e-03
    1.00000000e-03  -4.44089210e-16   1.00000000e-03   2.00000000e-03
    0.00000000e+00   1.00000000e-03   0.00000000e+00   1.00000000e-03
    1.00000000e-03   1.00000000e-03   0.00000000e+00   3.00000000e-03
    3.00000000e-03   0.00000000e+00]
 [  2.30000000e+04   3.50000000e+00  -4.00000000e-03  -5.00000000e-03
    1.00000000e-03   0.00000000e+00   0.00000000e+00   3.00000000e-03
    0.00000000e+00   1.00000000e-03   4.44089210e-16   0.00000000e+00
   -4.44089210e-16  -1.00000000e-03   0.00000000e+00   1.00000000e-03
    4.00000000e-03   0.00000000e+00]
 [  2.40000000e+04   3.50000000e+00  -3.00000000e-03  -4.00000000e-03
   -1.00000000e-03   0.00000000e+00   0.00000000e+00   2.00000000e-03
   -4.44089210e-16   1.00000000e-03   0.00000000e+00   0.00000000e+00
    4.44089210e-16   1.00000000e-03   0.00000000e+00   1.00000000e-03
    4.00000000e-03   4.44089210e-16]
 [  2.50000000e+04   3.50000000e+00  -3.00000000e-03  -3.00000000e-03
    4.44089210e-16   0.00000000e+00   0.00000000e+00   1.00000000e-03
    1.00000000e-03   1.00000000e-03   0.00000000e+00   0.00000000e+00
    0.00000000e+00  -4.44089210e-16  -1.00000000e-03   1.00000000e-03
    4.00000000e-03   0.00000000e+00]
 [  2.60000000e+04   3.50000000e+00  -2.00000000e-03  -1.00000000e-03
    4.44089210e-16   1.00000000e-03  -2.22044605e-16   2.00000000e-03
    0.00000000e+00   2.00000000e-03  -1.00000000e-03   4.44089210e-16
    0.00000000e+00   4.44089210e-16  -1.00000000e-03   2.00000000e-03
    3.00000000e-03   1.00000000e-03]
 [  2.70000000e+04   3.50000000e+00  -2.00000000e-03  -2.00000000e-03
   -1.00000000e-03   0.00000000e+00  -2.22044605e-16   1.00000000e-03
    1.00000000e-03   1.00000000e-03   0.00000000e+00  -4.44089210e-16
    4.44089210e-16   0.00000000e+00  -1.00000000e-03   2.00000000e-03
    3.00000000e-03  -1.00000000e-03]
 [  2.80000000e+04   3.50000000e+00  -1.00000000e-03  -2.00000000e-03
   -1.00000000e-03  -1.00000000e-03  -1.00000000e-03   1.00000000e-03
    0.00000000e+00  -4.44089210e-16  -1.00000000e-03   1.00000000e-03
    4.44089210e-16  -4.44089210e-16   0.00000000e+00   1.00000000e-03
    5.00000000e-03   0.00000000e+00]
 [  2.90000000e+04   3.50000000e+00  -1.00000000e-03  -2.00000000e-03
   -2.00000000e-03  -2.00000000e-03  -2.22044605e-16   2.00000000e-03
    0.00000000e+00   0.00000000e+00  -1.00000000e-03   0.00000000e+00
   -1.00000000e-03   0.00000000e+00   0.00000000e+00   2.00000000e-03
    4.00000000e-03  -1.00000000e-03]
 [  3.00000000e+04   3.50000000e+00   0.00000000e+00  -3.00000000e-03
   -2.00000000e-03  -4.00000000e-03   0.00000000e+00   2.00000000e-03
    1.00000000e-03   0.00000000e+00   1.00000000e-03  -1.00000000e-03
   -4.44089210e-16   0.00000000e+00  -4.44089210e-16  -4.44089210e-16
    3.00000000e-03   0.00000000e+00]
 [  3.10000000e+04   3.50000000e+00  -2.00000000e-03  -6.00000000e-03
   -2.00000000e-03  -5.00000000e-03   1.00000000e-03   1.00000000e-03
    8.88178420e-16   1.00000000e-03  -1.00000000e-03  -4.44089210e-16
    0.00000000e+00   0.00000000e+00  -4.44089210e-16  -2.00000000e-03
    3.00000000e-03   1.00000000e-03]]

Array for log(g) = 4.0
Shape: (61L, 18L)
Array has the following Teff values: 4500.0 4750.0 5000.0 5250.0 5500.0 5750.0 6000.0 6250.0 6500.0 6750.0 7000.0 7250.0 7500.0 7750.0 8000.0 8250.0 8500.0 8750.0 9000.0 9250.0 9500.0 9750.0 10000.0 10250.0 10500.0 10750.0 11000.0 11250.0 11500.0 11750.0 12000.0 12250.0 12500.0 12750.0 13000.0 14000.0 15000.0 16000.0 17000.0 18000.0 19000.0 20000.0 21000.0 22000.0 23000.0 24000.0 25000.0 26000.0 27000.0 28000.0 29000.0 30000.0 31000.0 32000.0 33000.0 34000.0 35000.0 36000.0 37000.0 38000.0 39000.0 
[[  4.50000000e+03   4.00000000e+00  -2.00000000e-02 ...,   4.00000000e-03
    2.00000000e-03   0.00000000e+00]
 [  4.75000000e+03   4.00000000e+00  -2.00000000e-02 ...,   1.00000000e-03
    1.00000000e-03   0.00000000e+00]
 [  5.00000000e+03   4.00000000e+00  -2.20000000e-02 ...,   0.00000000e+00
    1.00000000e-03   0.00000000e+00]
 ..., 
 [  3.70000000e+04   4.00000000e+00   0.00000000e+00 ...,  -2.00000000e-03
   -4.44089210e-16  -4.44089210e-16]
 [  3.80000000e+04   4.00000000e+00  -4.44089210e-16 ...,  -1.00000000e-03
   -8.88178420e-16   0.00000000e+00]
 [  3.90000000e+04   4.00000000e+00  -1.00000000e-03 ...,  -2.00000000e-03
    0.00000000e+00  -4.44089210e-16]]

Array for log(g) = 4.5
Shape: (71L, 18L)
Array has the following Teff values: 4500.0 4750.0 5000.0 5250.0 5500.0 5750.0 6000.0 6250.0 6500.0 6750.0 7000.0 7250.0 7500.0 7750.0 8000.0 8250.0 8500.0 8750.0 9000.0 9250.0 9500.0 9750.0 10000.0 10250.0 10500.0 10750.0 11000.0 11250.0 11500.0 11750.0 12000.0 12250.0 12500.0 12750.0 13000.0 14000.0 15000.0 16000.0 17000.0 18000.0 19000.0 20000.0 21000.0 22000.0 23000.0 24000.0 25000.0 26000.0 27000.0 28000.0 29000.0 30000.0 31000.0 32000.0 33000.0 34000.0 35000.0 36000.0 37000.0 38000.0 39000.0 40000.0 41000.0 42000.0 43000.0 44000.0 45000.0 46000.0 47000.0 48000.0 49000.0 
[[  4.50000000e+03   4.50000000e+00  -1.10000000e-02 ...,   2.00000000e-03
    2.00000000e-03   1.00000000e-03]
 [  4.75000000e+03   4.50000000e+00  -9.00000000e-03 ...,   0.00000000e+00
    1.00000000e-03  -1.00000000e-03]
 [  5.00000000e+03   4.50000000e+00  -8.00000000e-03 ...,   1.00000000e-03
    1.00000000e-03   0.00000000e+00]
 ..., 
 [  4.70000000e+04   4.50000000e+00   1.00000000e-03 ...,  -1.00000000e-03
    1.00000000e-03   0.00000000e+00]
 [  4.80000000e+04   4.50000000e+00   0.00000000e+00 ...,   0.00000000e+00
    8.88178420e-16   1.00000000e-03]
 [  4.90000000e+04   4.50000000e+00   1.00000000e-03 ...,   8.88178420e-16
    4.44089210e-16   0.00000000e+00]]

Array for log(g) = 5.0
Shape: (72L, 18L)
Array has the following Teff values: 4500.0 4750.0 5000.0 5250.0 5500.0 5750.0 6000.0 6250.0 6500.0 6750.0 7000.0 7250.0 7500.0 7750.0 8000.0 8250.0 8500.0 8750.0 9000.0 9250.0 9500.0 9750.0 10000.0 10250.0 10500.0 10750.0 11000.0 11250.0 11500.0 11750.0 12000.0 12250.0 12500.0 12750.0 13000.0 14000.0 15000.0 16000.0 17000.0 18000.0 19000.0 20000.0 21000.0 22000.0 23000.0 24000.0 25000.0 26000.0 27000.0 28000.0 29000.0 30000.0 31000.0 32000.0 33000.0 34000.0 35000.0 36000.0 37000.0 38000.0 39000.0 40000.0 41000.0 42000.0 43000.0 44000.0 45000.0 46000.0 47000.0 48000.0 49000.0 50000.0 
[[  4.50000000e+03   5.00000000e+00   0.00000000e+00 ...,   0.00000000e+00
    0.00000000e+00   0.00000000e+00]
 [  4.75000000e+03   5.00000000e+00   0.00000000e+00 ...,   0.00000000e+00
    0.00000000e+00   0.00000000e+00]
 [  5.00000000e+03   5.00000000e+00   0.00000000e+00 ...,   0.00000000e+00
    0.00000000e+00   0.00000000e+00]
 ..., 
 [  4.80000000e+04   5.00000000e+00   0.00000000e+00 ...,   0.00000000e+00
    0.00000000e+00   0.00000000e+00]
 [  4.90000000e+04   5.00000000e+00   0.00000000e+00 ...,   0.00000000e+00
    0.00000000e+00   0.00000000e+00]
 [  5.00000000e+04   5.00000000e+00   0.00000000e+00 ...,   0.00000000e+00
    0.00000000e+00   0.00000000e+00]]

