1.0931e+13  4.1006e+09
1.0931e+13  5.0907e+09
1.0931e+13  6.25e+09
1.0931e+13  7.5969e+09
1.1038e+13  9.1506e+09
1.1038e+13  1.0931e+10
1.1038e+13  1.296e+10
1.1038e+13  1.2967e+10
1.1408e+13  1.5259e+10
1.1408e+13  1.6098e+10
1.1408e+13  1.7851e+10
1.1408e+13  1.9764e+10
1.1859e+13  2.0759e+10
1.1859e+13  2.401e+10
1.1859e+13  2.4024e+10
1.1859e+13  2.7628e+10
1.2148e+13  2.8937e+10
1.2148e+13  3.1641e+10
1.2148e+13  3.4568e+10
1.2148e+13  3.6075e+10
1.2155e+13  4.096e+10
1.2155e+13  4.0983e+10
1.2155e+13  4.1006e+10
1.2155e+13  4.6325e+10
1.2353e+13  4.8253e+10
1.2353e+13  5.0907e+10
1.2353e+13  5.2201e+10
1.2353e+13  5.6449e+10
1.2953e+13  5.8618e+10
1.2953e+13  6.25e+10
1.2953e+13  6.561e+10
1.2953e+13  6.5647e+10
1.296e+13  7.3209e+10
1.296e+13  7.5926e+10
1.296e+13  7.5969e+10
1.296e+13  8.1451e+10
1.2967e+13  8.7368e+10
1.2967e+13  9.0369e+10
1.2967e+13  9.1506e+10
1.2967e+13  1e+11
1.3032e+13  1.0006e+11
1.3032e+13  1.0931e+11
1.3032e+13  1.1038e+11
1.3032e+13  1.1408e+11
1.3355e+13  1.2155e+11
1.3355e+13  1.2953e+11
1.3355e+13  1.296e+11
1.3355e+13  1.2967e+11
1.3363e+13  1.3355e+11
1.3363e+13  1.4641e+11
1.3363e+13  1.4649e+11
1.3363e+13  1.5259e+11
1.4451e+13  1.6018e+11
1.4451e+13  1.6098e+11
1.4451e+13  1.6507e+11
1.4451e+13  1.749e+11
1.4641e+13  1.7851e+11
1.4641e+13  1.8537e+11
1.4641e+13  1.9061e+11
1.4641e+13  1.9764e+11
1.4649e+13  2.0736e+11
1.4649e+13  2.0748e+11
1.4649e+13  2.0759e+11
1.4649e+13  2.2519e+11
1.5006e+13  2.3151e+11
1.5006e+13  2.401e+11
1.5006e+13  2.4024e+11
1.5006e+13  2.4414e+11
1.5259e+13  2.5757e+11
1.5259e+13  2.6427e+11
1.5259e+13  2.7628e+11
1.5259e+13  2.8561e+11
1.6e+13  2.8577e+11
1.6e+13  2.8937e+11
1.6e+13  3.1623e+11
1.6e+13  3.1641e+11
1.6009e+13  3.4568e+11
1.6009e+13  3.4906e+11
1.6009e+13  3.6075e+11
1.6009e+13  3.8416e+11
1.6018e+13  3.8438e+11
1.6018e+13  4.096e+11
1.6018e+13  4.0983e+11
1.6018e+13  4.1006e+11
1.6098e+13  4.2231e+11
1.6098e+13  4.6299e+11
1.6098e+13  4.6325e+11
1.6098e+13  4.8253e+11
1.6507e+13  5.0625e+11
1.6507e+13  5.0654e+11
1.6507e+13  5.0907e+11
1.6507e+13  5.2201e+11
1.6796e+13  5.5308e+11
1.6796e+13  5.6449e+11
1.6796e+13  5.8618e+11
1.6796e+13  6.0277e+11
1.6806e+13  6.25e+11
1.6806e+13  6.5536e+11
1.6806e+13  6.5573e+11
1.6806e+13  6.561e+11
1.749e+13  6.5647e+11
1.749e+13  7.1211e+11
1.749e+13  7.3209e+11
1.749e+13  7.5926e+11
1.7851e+13  7.5969e+11
1.7851e+13  7.7204e+11
1.7851e+13  8.1451e+11
1.7851e+13  8.3521e+11
1.8537e+13  8.3568e+11
1.8537e+13  8.7368e+11
1.8537e+13  9.0318e+11
1.8537e+13  9.0369e+11
1.8742e+13  9.1506e+11
1.8742e+13  1e+12
1.8742e+13  1.0006e+12
1.8742e+13  1.0498e+12
1.9061e+13  1.0931e+12
1.9061e+13  1.1038e+12
1.9061e+13  1.1408e+12
1.9061e+13  1.2148e+12
1.9437e+13  1.2155e+12
1.9437e+13  1.2953e+12
1.9437e+13  1.296e+12
1.9437e+13  1.2967e+12
1.9448e+13  1.3032e+12
1.9448e+13  1.3355e+12
1.9448e+13  1.4641e+12
1.9448e+13  1.4649e+12
1.9764e+13  1.5259e+12
1.9764e+13  1.6e+12
1.9764e+13  1.6009e+12
1.9764e+13  1.6018e+12
2.0724e+13  1.6098e+12
2.0724e+13  1.6507e+12
2.0724e+13  1.749e+12
2.0724e+13  1.7851e+12
2.0736e+13  1.8537e+12
2.0736e+13  1.9061e+12
2.0736e+13  1.9448e+12
2.0736e+13  1.9764e+12
2.0748e+13  2.0724e+12
2.0748e+13  2.0736e+12
2.0748e+13  2.0748e+12
2.0748e+13  2.0759e+12
2.0759e+13  2.2519e+12
2.0759e+13  2.3151e+12
2.0759e+13  2.3426e+12
2.0759e+13  2.401e+12
2.0851e+13  2.4024e+12
2.0851e+13  2.4414e+12
2.0851e+13  2.5757e+12
2.0851e+13  2.6412e+12
2.2366e+13  2.6427e+12
2.2366e+13  2.7628e+12
2.2366e+13  2.7984e+12
2.2366e+13  2.8561e+12
2.2519e+13  2.8577e+12
2.2519e+13  2.8937e+12
2.2519e+13  3.1623e+12
2.2519e+13  3.1641e+12
2.3134e+13  3.3178e+12
2.3134e+13  3.3196e+12
2.3134e+13  3.4568e+12
2.3134e+13  3.4906e+12
2.3151e+13  3.6075e+12
2.3151e+13  3.8416e+12
2.3151e+13  3.8438e+12
2.3151e+13  3.9062e+12
2.3426e+13  4.096e+12
2.3426e+13  4.0983e+12
2.3426e+13  4.1006e+12
2.3426e+13  4.1211e+12
2.401e+13  4.2231e+12
2.401e+13  4.5698e+12
2.401e+13  4.6299e+12
2.401e+13  4.6325e+12
2.4024e+13  4.8253e+12
2.4024e+13  5.0596e+12
2.4024e+13  5.0625e+12
2.4024e+13  5.0654e+12
2.4414e+13  5.0907e+12
2.4414e+13  5.2201e+12
2.4414e+13  5.3144e+12
2.4414e+13  5.5308e+12
2.56e+13  5.6449e+12
2.56e+13  5.8618e+12
2.56e+13  6.0277e+12
2.56e+13  6.1466e+12
2.5614e+13  6.15e+12
2.5614e+13  6.25e+12
2.5614e+13  6.5536e+12
2.5614e+13  6.5573e+12
2.5757e+13  6.561e+12
2.5757e+13  6.5647e+12
2.5757e+13  7.0728e+12
2.5757e+13  7.1211e+12
2.6412e+13  7.3209e+12
2.6412e+13  7.4078e+12
2.6412e+13  7.5926e+12
2.6412e+13  7.5969e+12
2.6427e+13  7.7204e+12
2.6427e+13  8.1e+12
2.6427e+13  8.1451e+12
2.6427e+13  8.3521e+12
2.7628e+13  8.3568e+12
2.7628e+13  8.7368e+12
2.7628e+13  8.8493e+12
2.7628e+13  9.0318e+12
2.7984e+13  9.0369e+12
2.7984e+13  9.1506e+12
2.7984e+13  9.2352e+12
2.7984e+13  1e+13
2.8258e+13  1.0006e+13
2.8258e+13  1.0486e+13
2.8258e+13  1.0492e+13
2.8258e+13  1.0498e+13
2.8561e+13  1.0931e+13
2.8561e+13  1.1038e+13
2.8561e+13  1.1408e+13
2.8561e+13  1.1859e+13
2.8577e+13  1.2148e+13
2.8577e+13  1.2155e+13
2.8577e+13  1.2353e+13
2.8577e+13  1.2953e+13
2.8937e+13  1.296e+13
2.8937e+13  1.2967e+13
2.8937e+13  1.3032e+13
2.8937e+13  1.3355e+13
2.9204e+13  1.3363e+13
2.9204e+13  1.4451e+13
2.9204e+13  1.4641e+13
2.9204e+13  1.4649e+13
3.1117e+13  1.5006e+13
3.1117e+13  1.5259e+13
3.1117e+13  1.6e+13
3.1117e+13  1.6009e+13
3.1623e+13  1.6018e+13
3.1623e+13  1.6098e+13
3.1623e+13  1.6507e+13
3.1623e+13  1.6796e+13
3.1641e+13  1.6806e+13
3.1641e+13  1.749e+13
3.1641e+13  1.7851e+13
3.1641e+13  1.8537e+13
3.3159e+13  1.8742e+13
3.3159e+13  1.9061e+13
3.3159e+13  1.9437e+13
3.3159e+13  1.9448e+13
3.3178e+13  1.9764e+13
3.3178e+13  2.0724e+13
3.3178e+13  2.0736e+13
3.3178e+13  2.0748e+13
3.3196e+13  2.0759e+13
3.3196e+13  2.0851e+13
3.3196e+13  2.2366e+13
3.3196e+13  2.2519e+13
3.4188e+13  2.3134e+13
3.4188e+13  2.3151e+13
3.4188e+13  2.3426e+13
3.4188e+13  2.401e+13
3.4568e+13  2.4024e+13
3.4568e+13  2.4414e+13
3.4568e+13  2.56e+13
3.4568e+13  2.5614e+13
3.4906e+13  2.5757e+13
3.4906e+13  2.6412e+13
3.4906e+13  2.6427e+13
3.4906e+13  2.7628e+13
3.6075e+13  2.7984e+13
3.6075e+13  2.8258e+13
3.6075e+13  2.8561e+13
3.6075e+13  2.8577e+13
3.7481e+13  2.8937e+13
3.7481e+13  2.9204e+13
3.7481e+13  3.1117e+13
3.7481e+13  3.1623e+13
3.7502e+13  3.1641e+13
3.7502e+13  3.3159e+13
3.7502e+13  3.3178e+13
3.7502e+13  3.3196e+13
3.8416e+13  3.4188e+13
3.8416e+13  3.4568e+13
3.8416e+13  3.4906e+13
3.8416e+13  3.6075e+13
3.8438e+13  3.7481e+13
3.8438e+13  3.7502e+13
3.8438e+13  3.8416e+13
3.8438e+13  3.8438e+13
3.9062e+13  3.9062e+13
3.9062e+13  4.096e+13
3.9062e+13  4.0983e+13
3.9062e+13  4.1006e+13
4.096e+13  4.1211e+13
4.096e+13  4.2231e+13
4.096e+13  4.2259e+13
4.096e+13  4.4775e+13
4.0983e+13  4.5698e+13
4.0983e+13  4.6299e+13
4.0983e+13  4.6325e+13
4.0983e+13  4.7454e+13
4.1006e+13  4.8253e+13
4.1006e+13  4.8797e+13
4.1006e+13  5.0596e+13
4.1006e+13  5.0625e+13
4.1006e+13  5.0654e+13
4.1006e+13  5.0907e+13
4.1006e+13  5.2201e+13
4.1006e+13  5.3084e+13
4.1211e+13  5.3114e+13
4.1211e+13  5.3144e+13
4.1211e+13  5.5308e+13
4.1211e+13  5.6449e+13
4.2231e+13  5.7648e+13
4.2231e+13  5.8618e+13
4.2231e+13  5.9266e+13
4.2231e+13  6.0277e+13
4.2259e+13  6.1466e+13
4.2259e+13  6.15e+13
4.2259e+13  6.25e+13
4.2259e+13  6.5536e+13
4.4775e+13  6.5573e+13
4.4775e+13  6.561e+13
4.4775e+13  6.5647e+13
4.4775e+13  6.5938e+13
4.5698e+13  7.0728e+13
4.5698e+13  7.1211e+13
4.5698e+13  7.3157e+13
4.5698e+13  7.3209e+13
4.6299e+13  7.4078e+13
4.6299e+13  7.5926e+13
4.6299e+13  7.5969e+13
4.6299e+13  7.7204e+13
4.6325e+13  8.0954e+13
4.6325e+13  8.1e+13
4.6325e+13  8.1451e+13
4.6325e+13  8.3521e+13
4.7454e+13  8.3568e+13
4.7454e+13  8.7368e+13
4.7454e+13  8.8493e+13
4.7454e+13  8.9358e+13
4.8253e+13  9.0318e+13
4.8253e+13  9.0369e+13
4.8253e+13  9.1506e+13
4.8253e+13  9.2352e+13
4.8797e+13  9.84e+13
4.8797e+13  1e+14
4.8797e+13  1.0006e+14
4.8797e+13  1.0486e+14
5.0596e+13  1.0492e+14
5.0596e+13  1.0498e+14
5.0596e+13  1.0811e+14
5.0596e+13  1.0931e+14
5.0625e+13  1.1038e+14
5.0625e+13  1.1408e+14
5.0625e+13  1.1853e+14
5.0625e+13  1.1859e+14
5.0654e+13  1.2148e+14
5.0654e+13  1.2155e+14
5.0654e+13  1.2353e+14
5.0654e+13  1.2953e+14
5.0907e+13  1.296e+14
5.0907e+13  1.2967e+14
5.0907e+13  1.2967e+14
5.0907e+13  1.3032e+14
5.2201e+13  1.3355e+14
5.2201e+13  1.3363e+14
5.2201e+13  1.4159e+14
5.2201e+13  1.4451e+14
5.3084e+13  1.4641e+14
5.3084e+13  1.4649e+14
5.3084e+13  1.5006e+14
5.3084e+13  1.5259e+14
5.3114e+13  1.5431e+14
5.3114e+13  1.6e+14
5.3114e+13  1.6009e+14
5.3114e+13  1.6018e+14
5.3144e+13  1.6098e+14
5.3144e+13  1.6507e+14
5.3144e+13  1.6787e+14
5.3144e+13  1.6796e+14
5.5308e+13  1.6806e+14
5.5308e+13  1.749e+14
5.5308e+13  1.7851e+14
5.5308e+13  1.823e+14
5.6449e+13  1.8537e+14
5.6449e+13  1.8742e+14
5.6449e+13  1.9061e+14
5.6449e+13  1.9437e+14
5.7648e+13  1.9448e+14
5.7648e+13  1.9764e+14
5.7648e+13  2.0724e+14
5.7648e+13  2.0748e+14
5.8618e+13  2.0759e+14
5.8618e+13  2.0851e+14
5.8618e+13  2.2366e+14
5.8618e+13  2.3134e+14
5.9266e+13  2.3426e+14
5.9266e+13  2.401e+14
5.9266e+13  2.4024e+14
5.9266e+13  2.5614e+14
6.0277e+13  2.6412e+14
6.0277e+13  2.7628e+14
6.0277e+13  2.7984e+14
6.0277e+13  2.8937e+14
6.1466e+13  2.9204e+14
6.1466e+13  3.1641e+14
6.1466e+13  3.3178e+14
6.1466e+13  3.3196e+14
6.15e+13  3.4568e+14
6.15e+13  3.6075e+14
6.15e+13  3.8416e+14
6.15e+13  3.9062e+14
6.25e+13  4.096e+14
6.25e+13  4.0983e+14
6.25e+13  4.1006e+14
6.25e+13  4.1211e+14
6.25e+13  4.5698e+14
6.25e+13  4.6325e+14
6.25e+13  4.8253e+14
6.25e+13  5.0907e+14
6.5536e+13  5.6449e+14
6.5536e+13  6.25e+14
6.5536e+13  6.5647e+14
6.5536e+13  7.5926e+14
6.5573e+13  7.5969e+14
6.5573e+13  8.7368e+14
6.5573e+13  9.1506e+14
6.5573e+13  1.0006e+15
6.561e+13  1.0931e+15
6.561e+13  1.296e+15
6.561e+13
6.561e+13
