-1.0,5.0:     1  3.453  2.026  0.000
          16322  1.994  0.017  7.969

-1.0,4.5:   -75  3.415  2.025  0.000
          16799  1.994  0.018  8.124

-1.0,4.0:     5  3.515  2.018  0.000
          17083  2.179  0.021  8.465

-1.0,3.5:   123  3.645  2.009  0.000
          17395  2.449  0.026  8.873

-1.0,3.0:   204  3.723  2.001  0.000
          17907  2.716  0.031  9.253

-1.0,2.5:   455  3.989  1.987  0.000
          19204  3.595  0.044 10.425

-1.0,2.0:   708  4.264  1.972  0.000
          23068  5.576  0.082 13.007

-1.0,1.5:  1184  5.187  1.925  0.000
          31315 12.686  0.197 20.574

-1.0,1.0:  1452  5.746  1.897  0.000
          30648 15.898  0.235 21.793

-1.0,0.5:  1923  7.431  1.839  0.000
          23442 19.704  0.201 20.961

-1.0,0.0:  2520 12.124  1.743  0.000
          17836 39.575  0.226 24.655

0.0,5.0:  -245  2.990  2.030  0.000
         16106  1.592  0.018  6.690

0.0,4.5:  -245  2.987  2.028  0.000
         16138  1.596  0.018  6.689

0.0,4.0:  -158  3.054  2.022  0.000
         16264  1.719  0.022  6.855

0.0,3.5:   -62  3.130  2.014  0.000
         16648  1.911  0.028  7.133

0.0,3.0:    46  3.195  2.007  0.000
         17050  2.131  0.034  7.383

0.0,2.5:   294  3.385  1.995  0.000
         18955  2.938  0.055  8.507

0.0,2.0:   523  3.550  1.984  0.000
         25124  5.015  0.122 11.461

0.0,1.5:   955  4.243  1.935  0.000
         40525 13.300  0.347 21.153

0.0,1.0:  1413  5.287  1.879  0.000
         33228 16.073  0.298 21.148

0.0,0.5:  1986  7.479  1.803  0.000
         22169 19.399  0.199 19.435

0.0,0.0:  4038 22.711  1.688  1.215
          1083 33.415  0.089  0.535

0.5,5.0:  -484  2.730  2.032  0.000
         16759  1.428  0.018  6.310

0.5,4.5:  -453  2.736  2.030  0.000
         16608  1.430  0.019  6.252

0.5,4.0:  -363  2.788  2.024  0.000
         16735  1.534  0.023  6.382

0.5,3.5:  -254  2.850  2.017  0.000
         17109  1.706  0.029  6.611

0.5,3.0:  -126  2.909  2.011  0.000
         17527  1.914  0.037  6.840

0.5,2.5:   118  3.061  1.999  0.000
         20000  2.712  0.064  8.022

0.5,2.0:   360  3.194  1.990  0.000
         27862  4.913  0.156 11.296

0.5,1.5:   833  3.866  1.935  0.000
         47170 13.994  0.458 22.147

0.5,1.0:  1395  5.061  1.867  0.000
         34866 16.268  0.339 20.917

0.5,0.5:  3303  8.977  1.776  0.827
          7311 17.264  0.149  3.482

0.5,0.0:  4304 29.747  1.668  1.282
           457 34.414  0.071  0.197

-2.0,5.0:   -25  3.702  2.025  0.000
          17928  2.339  0.017  9.557

-2.0,4.5:  -200  3.600  2.024  0.000
          19210  2.329  0.017  9.999

-2.0,4.0:  -133  3.705  2.016  0.000
          19756  2.559  0.021 10.546

-2.0,3.5:    32  3.882  2.007  0.000
          19897  2.902  0.025 11.044

-2.0,3.0:   197  4.033  1.999  0.000
          19790  3.228  0.029 11.296

-2.0,2.5:   600  4.478  1.983  0.000
          19435  4.195  0.038 12.051

-2.0,2.0:   989  5.002  1.964  0.000
          20319  6.077  0.061 13.662

-2.0,1.5:  1540  6.321  1.918  0.000
          22596 12.098  0.120 18.374

-2.0,1.0:  1750  6.757  1.897  0.000
          22149 14.691  0.155 18.732

-2.0,0.5:  2079  7.994  1.857  0.000
          18965 18.353  0.168 18.380

-2.0,0.0:  2553 11.893  1.773  0.000
          16539 37.331  0.239 22.530

