-1.0,5.0:  4742 30.851  2.916  1.033
             58  4.337  0.012  0.089

-1.0,4.5:  4754 33.240  2.914  1.062
             54  4.742  0.012  0.082

-1.0,4.0:  4759 34.567  2.910  1.074
             52  4.991  0.013  0.079

-1.0,3.5:  4771 34.659  2.905  1.079
             51  5.024  0.015  0.078

-1.0,3.0:  4801 33.760  2.900  1.079
             52  4.865  0.015  0.078

-1.0,2.5:  4852 31.942  2.893  1.073
             55  4.541  0.017  0.078

-1.0,2.0:  4921 29.371  2.881  1.058
             58  4.117  0.021  0.079

-1.0,1.5:  5001 27.238  2.849  1.042
             63  3.930  0.031  0.079

-1.0,1.0:  5092 23.789  2.833  1.005
             71  3.510  0.039  0.085

-1.0,0.5:  5180 20.851  2.817  0.959
             81  3.460  0.062  0.095

-1.0,0.0:  5323 16.980  2.933  0.879
            363  7.818  0.664  0.173

0.0,5.0:  5310 27.308  2.922  1.129
            56  3.456  0.013  0.062

0.0,4.5:  5314 28.013  2.921  1.132
            55  3.561  0.013  0.060

0.0,4.0:  5319 28.461  2.918  1.130
            54  3.635  0.014  0.060

0.0,3.5:  5328 28.490  2.914  1.123
            54  3.639  0.015  0.059

0.0,3.0:  5343 27.809  2.910  1.108
            54  3.519  0.016  0.060

0.0,2.5:  5366 26.403  2.906  1.086
            57  3.293  0.018  0.061

0.0,2.0:  5398 24.521  2.898  1.059
            60  3.037  0.022  0.064

0.0,1.5:  5433 23.064  2.872  1.035
            65  3.042  0.035  0.067

0.0,1.0:  5485 20.679  2.867  1.000
            73  2.914  0.049  0.073

0.0,0.5:  5551 18.554  2.878  0.964
            87  3.180  0.090  0.084

0.0,0.0:  5637 16.619  2.933  0.922
           726  9.824  1.245  0.151

0.5,5.0:  5631 23.686  2.926  1.143
            60  2.803  0.013  0.057

0.5,4.5:  5636 24.050  2.925  1.138
            59  2.843  0.013  0.056

0.5,4.0:  5638 24.203  2.923  1.130
            58  2.863  0.014  0.056

0.5,3.5:  5642 23.989  2.921  1.116
            59  2.826  0.016  0.056

0.5,3.0:  5649 23.362  2.918  1.096
            60  2.724  0.017  0.057

0.5,2.5:  5662 22.366  2.916  1.071
            62  2.578  0.019  0.058

0.5,2.0:  5681 21.100  2.912  1.041
            65  2.433  0.023  0.061

0.5,1.5:  5701 20.234  2.895  1.015
            69  2.571  0.041  0.064

0.5,1.0:  5738 18.713  2.902  0.981
            76  2.629  0.060  0.070

0.5,0.5:  5791 17.377  2.933  0.951
            98  3.108  0.121  0.079

0.5,0.0:  5820 16.100  2.933  0.916
          1120 11.472  1.906  0.150

-2.0,5.0:  4206 24.538  2.913  0.634
            127  3.989  0.012  0.269

-2.0,4.5:  4263 25.859  2.912  0.753
            111  4.201  0.012  0.226

-2.0,4.0:  4336 27.810  2.907  0.863
             93  4.480  0.013  0.180

-2.0,3.5:  4409 29.400  2.902  0.933
             80  4.663  0.015  0.148

-2.0,3.0:  4485 29.984  2.897  0.970
             73  4.653  0.015  0.128

-2.0,2.5:  4572 29.909  2.889  0.995
             68  4.539  0.017  0.114

-2.0,2.0:  4669 29.279  2.875  1.009
             66  4.374  0.020  0.103

-2.0,1.5:  4764 28.527  2.839  1.008
             66  4.346  0.029  0.096

-2.0,1.0:  4856 25.254  2.819  0.960
             73  3.858  0.036  0.100

-2.0,0.5:  4939 21.978  2.794  0.894
             83  3.633  0.053  0.111

-2.0,0.0:  5018 18.666  2.798  0.805
            172  6.760  0.337  0.179

