-1.0,5.0:  4745 29.608  1.019
             60  4.035  0.093

-1.0,4.5:  4758 31.811  1.050
             55  4.393  0.085

-1.0,4.0:  4765 32.761  1.061
             54  4.548  0.082

-1.0,3.5:  4778 32.477  1.063
             54  4.492  0.082

-1.0,3.0:  4809 31.269  1.060
             55  4.267  0.082

-1.0,2.5:  4861 29.040  1.048
             59  3.860  0.084

-1.0,2.0:  4932 25.831  1.019
             65  3.301  0.087

-1.0,1.5:  5014 22.092  0.971
             76  2.689  0.095

-1.0,1.0:  5100 18.662  0.908
             90  2.163  0.106

-1.0,0.5:  5197 16.564  0.860
            101  1.862  0.112

-1.0,0.0:  5323 16.980  0.879
             95  2.701  0.114

0.0,5.0:  5314 26.686  1.124
            57  3.285  0.063

0.0,4.5:  5319 27.340  1.127
            55  3.378  0.061

0.0,4.0:  5325 27.603  1.124
            54  3.405  0.061

0.0,3.5:  5335 27.413  1.115
            54  3.357  0.060

0.0,3.0:  5352 26.545  1.099
            55  3.197  0.061

0.0,2.5:  5376 24.928  1.074
            58  2.925  0.063

0.0,2.0:  5410 22.724  1.040
            63  2.579  0.067

0.0,1.5:  5454 20.250  0.999
            70  2.215  0.072

0.0,1.0:  5508 18.176  0.959
            78  1.926  0.078

0.0,0.5:  5575 17.088  0.937
            82  1.808  0.080

0.0,0.0:  5637 16.619  0.922
            84  3.105  0.097

0.5,5.0:  5635 23.355  1.140
            60  2.693  0.057

0.5,4.5:  5639 23.700  1.136
            59  2.730  0.056

0.5,4.0:  5643 23.750  1.126
            59  2.721  0.056

0.5,3.5:  5648 23.420  1.111
            59  2.654  0.057

0.5,3.0:  5655 22.698  1.090
            60  2.528  0.058

0.5,2.5:  5670 21.620  1.063
            62  2.354  0.059

0.5,2.0:  5690 20.244  1.030
            66  2.145  0.062

0.5,1.5:  5717 18.835  0.996
            70  1.941  0.065

0.5,1.0:  5752 17.775  0.967
            73  1.796  0.067

0.5,0.5:  5791 17.377  0.951
            74  1.787  0.068

0.5,0.0:  5820 16.100  0.916
            84  3.425  0.094

-2.0,5.0:  4178 22.812  0.548
            145  3.600  0.308

-2.0,4.5:  4241 24.025  0.683
            126  3.785  0.255

-2.0,4.0:  4320 25.554  0.801
            106  3.965  0.204

-2.0,3.5:  4399 26.714  0.876
             91  4.048  0.168

-2.0,3.0:  4479 26.984  0.917
             83  3.970  0.146

-2.0,2.5:  4568 26.379  0.938
             79  3.745  0.131

-2.0,2.0:  4666 24.766  0.936
             80  3.372  0.124

-2.0,1.5:  4756 21.835  0.889
             89  2.823  0.128

-2.0,1.0:  4831 18.334  0.795
            108  2.240  0.144

-2.0,0.5:  4911 15.861  0.705
            126  1.854  0.157

-2.0,0.0:  5072 16.488  0.752
            113  2.449  0.145

