-1.0,5.0:    -2  1.340  1.031 -0.775
             10  3.061  0.040 14.630

-1.0,4.5:    -2  1.215  1.029 -0.371
              7  2.429  0.036  8.840

-1.0,4.0:    -1  0.990  1.022  0.137
              4  1.666  0.038  3.586

-1.0,3.5:    -1  0.802  1.014  0.388
              2  1.160  0.040  1.674

-1.0,3.0:    -1  0.670  1.006  0.505
              2  0.878  0.042  0.987

-1.0,2.5:    -1  0.497  0.990  0.620
              1  0.608  0.046  0.469

-1.0,2.0:    -1  0.401  0.977  0.661
              1  0.541  0.061  0.327

-1.0,1.5:    -1  0.465  0.994  0.629
              1  1.502  0.322  0.735

-1.0,1.0:    -1  0.488  1.005  0.614
              1  2.208  0.587  1.003

-1.0,0.5:    -1  0.691  1.098  0.542
              2  8.246  3.165  3.121

-1.0,0.0:     1  2.127  3.000  0.317
           1394 735.946 1678.685 78.100

0.0,5.0:    -3  1.376  1.031 -1.388
            11  3.223  0.039 22.652

0.0,4.5:    -2  1.327  1.030 -1.371
            11  3.015  0.037 21.824

0.0,4.0:    -2  1.120  1.024 -0.535
             7  2.238  0.040 10.116

0.0,3.5:    -1  0.929  1.017 -0.037
             4  1.631  0.044  4.760

0.0,3.0:    -1  0.787  1.009  0.211
             3  1.251  0.047  2.679

0.0,2.5:    -1  0.621  0.997  0.426
             2  0.959  0.057  1.352

0.0,2.0:    -1  0.546  0.988  0.492
             2  1.050  0.094  1.164

0.0,1.5:    -4  2.088  1.140 -5.000
           362 109.486  4.770 1194.491

0.0,1.0:    -4  2.412  1.205 -5.000
           700 226.192 11.579 1958.587

0.0,0.5:    -5  3.276  1.397 -5.000
          2182 819.266 55.330 4378.083

0.0,0.0:    -4  1.539  1.005 -5.000
           991 279.866 11.908 4494.537

0.5,5.0:    -3  1.398  1.032 -2.194
            12  3.293  0.037 33.716

0.5,4.5:    -3  1.409  1.031 -2.966
            14  3.467  0.036 47.358

0.5,4.0:    -2  1.198  1.026 -1.402
             9  2.608  0.040 20.714

0.5,3.5:    -2  1.008  1.019 -0.535
             6  1.955  0.046  9.422

0.5,3.0:    -1  0.862  1.012 -0.108
             4  1.521  0.049  5.064

0.5,2.5:    -1  0.711  1.002  0.205
             3  1.285  0.066  2.780

0.5,2.0:    -1  0.685  0.999  0.237
             3  1.801  0.132  3.381

0.5,1.5:    -4  1.862  1.114 -5.000
           248 73.699  3.284 921.521

0.5,1.0:    -4  1.993  1.139 -5.000
           396 121.803  6.019 1356.789

0.5,0.5:    -4  2.143  1.166 -5.000
           693 221.197 12.021 2182.680

0.5,0.0:    -3  0.962  0.912 -5.000
           263 66.810  2.421 1996.956

-2.0,5.0:    -2  1.385  1.031 -0.924
             11  3.355  0.043 17.427

-2.0,4.5:    -2  1.251  1.029 -0.454
              8  2.635  0.038 10.184

-2.0,4.0:    -1  1.026  1.023  0.089
              5  1.837  0.040  4.173

-2.0,3.5:    -1  0.831  1.015  0.366
              3  1.280  0.042  1.910

-2.0,3.0:    -1  0.689  1.006  0.500
              2  0.947  0.043  1.072

-2.0,2.5:    -1  0.498  0.989  0.627
              1  0.621  0.046  0.467

-2.0,2.0:    -1  0.386  0.975  0.674
              1  0.508  0.057  0.292

-2.0,1.5:    -1  0.389  0.978  0.665
              1  0.943  0.204  0.429

-2.0,1.0:    -1  0.376  0.976  0.655
              1  1.073  0.281  0.479

-2.0,0.5:    -1  0.390  0.986  0.635
              1  1.557  0.540  0.658

-2.0,0.0:    -1  0.317  0.951  0.639
              1  2.427  1.369  0.784

