-1.0,5.0:  4079 18.052  2.598  0.000
            236  2.997  0.013  0.477

-1.0,4.5:  4138 18.987  2.596  0.083
            203  3.085  0.013  0.406

-1.0,4.0:  4229 21.286  2.588  0.231
            154  3.383  0.014  0.303

-1.0,3.5:  4247 22.287  2.579  0.242
            139  3.510  0.015  0.278

-1.0,3.0:  4239 21.888  2.572  0.198
            143  3.436  0.016  0.289

-1.0,2.5:  4254 21.361  2.562  0.182
            146  3.345  0.017  0.289

-1.0,2.0:  4311 21.256  2.547  0.218
            138  3.322  0.021  0.264

-1.0,1.5:  4414 22.608  2.512  0.326
            114  3.640  0.030  0.209

-1.0,1.0:  4516 23.101  2.490  0.385
            100  3.725  0.035  0.174

-1.0,0.5:  4619 24.634  2.452  0.452
             85  4.084  0.043  0.141

-1.0,0.0:  4670 32.806  2.290  0.561
             66  7.077  0.084  0.099

0.0,5.0:  4563 15.401  2.605  0.266
           179  2.088  0.013  0.253

0.0,4.5:  4603 16.225  2.603  0.293
           157  2.158  0.013  0.225

0.0,4.0:  4628 17.061  2.596  0.312
           141  2.255  0.014  0.206

0.0,3.5:  4654 17.840  2.588  0.331
           128  2.347  0.015  0.189

0.0,3.0:  4686 18.525  2.581  0.349
           117  2.416  0.016  0.173

0.0,2.5:  4730 19.292  2.571  0.375
           106  2.503  0.018  0.156

0.0,2.0:  4788 20.211  2.558  0.410
            95  2.636  0.022  0.138

0.0,1.5:  4850 21.901  2.527  0.460
            82  3.029  0.032  0.118

0.0,1.0:  4906 22.809  2.505  0.486
            75  3.254  0.038  0.107

0.0,0.5:  4954 24.353  2.466  0.517
            69  3.716  0.049  0.096

0.0,0.0:  4926 34.064  2.245  0.598
            68  7.645  0.106  0.074

0.5,5.0:  4748 13.272  2.610  0.269
           193  1.681  0.013  0.236

0.5,4.5:  4808 14.097  2.608  0.302
           166  1.742  0.013  0.205

0.5,4.0:  4862 15.119  2.601  0.341
           142  1.847  0.014  0.178

0.5,3.5:  4908 16.184  2.593  0.374
           122  1.959  0.016  0.156

0.5,3.0:  4952 17.196  2.586  0.401
           107  2.061  0.017  0.138

0.5,2.5:  4999 18.275  2.576  0.428
            95  2.183  0.018  0.122

0.5,2.0:  5051 19.420  2.565  0.456
            84  2.345  0.022  0.108

0.5,1.5:  5098 21.178  2.536  0.493
            74  2.753  0.034  0.095

0.5,1.0:  5139 22.313  2.515  0.512
            69  3.029  0.041  0.088

0.5,0.5:  5167 23.984  2.476  0.537
            65  3.551  0.054  0.081

0.5,0.0:  5095 34.189  2.218  0.605
            77  8.219  0.134  0.066

-2.0,5.0:  3832 21.776  2.590  0.000
            285  4.592  0.012  0.730

-2.0,4.5:  3816 20.836  2.590  0.000
            313  4.469  0.013  0.780

-2.0,4.0:  3822 20.468  2.584  0.000
            318  4.388  0.014  0.777

-2.0,3.5:  3854 20.482  2.576  0.000
            299  4.275  0.015  0.719

-2.0,3.0:  3906 20.743  2.570  0.000
            265  4.121  0.016  0.629

-2.0,2.5:  3970 21.027  2.559  0.000
            229  3.952  0.017  0.536

-2.0,2.0:  4034 20.855  2.543  0.000
            208  3.778  0.021  0.471

-2.0,1.5:  4190 22.806  2.505  0.202
            150  4.098  0.029  0.314

-2.0,1.0:  4334 24.118  2.481  0.331
            115  4.194  0.033  0.224

-2.0,0.5:  4457 26.183  2.442  0.426
             90  4.548  0.040  0.165

-2.0,0.0:  4529 33.956  2.303  0.539
             65  7.204  0.072  0.113

