-1.0,5.0:  4096 17.052  0.000
            246  2.685  0.478

-1.0,4.5:  4115 17.376  0.000
            231  2.692  0.454

-1.0,4.0:  4139 17.922  0.000
            212  2.717  0.422

-1.0,3.5:  4158 18.318  0.000
            198  2.730  0.399

-1.0,3.0:  4176 18.230  0.000
            195  2.681  0.388

-1.0,2.5:  4203 17.692  0.000
            197  2.556  0.380

-1.0,2.0:  4248 16.915  0.000
            199  2.375  0.366

-1.0,1.5:  4311 16.072  0.000
            199  2.171  0.346

-1.0,1.0:  4388 15.305  0.000
            196  1.979  0.322

-1.0,0.5:  4471 14.769  0.000
            190  1.842  0.298

-1.0,0.0:  4736 18.337  0.315
            114  2.454  0.173

0.0,5.0:  4482 13.849  0.119
           218  1.792  0.311

0.0,4.5:  4537 14.572  0.161
           191  1.849  0.274

0.0,4.0:  4561 15.024  0.168
           177  1.878  0.257

0.0,3.5:  4587 15.388  0.177
           165  1.896  0.241

0.0,3.0:  4623 15.722  0.192
           154  1.906  0.225

0.0,2.5:  4671 16.003  0.212
           143  1.903  0.207

0.0,2.0:  4736 16.258  0.242
           132  1.890  0.187

0.0,1.5:  4806 16.421  0.270
           122  1.866  0.169

0.0,1.0:  4878 16.476  0.295
           115  1.833  0.155

0.0,0.5:  4957 16.745  0.332
           107  1.840  0.140

0.0,0.0:  5079 20.360  0.469
            76  2.609  0.105

0.5,5.0:  4685 12.280  0.166
           222  1.476  0.271

0.5,4.5:  4758 13.022  0.211
           190  1.529  0.234

0.5,4.0:  4815 13.722  0.244
           166  1.578  0.207

0.5,3.5:  4866 14.411  0.273
           147  1.627  0.184

0.5,3.0:  4918 15.080  0.300
           131  1.672  0.165

0.5,2.5:  4973 15.708  0.326
           117  1.711  0.148

0.5,2.0:  5034 16.311  0.353
           106  1.746  0.132

0.5,1.5:  5096 16.815  0.378
            97  1.771  0.120

0.5,1.0:  5152 17.187  0.397
            91  1.788  0.111

0.5,0.5:  5207 17.692  0.423
            85  1.838  0.102

0.5,0.0:  5277 21.610  0.520
            64  2.793  0.083

-2.0,5.0:  3844 19.740  0.000
            310  3.926  0.740

-2.0,4.5:  3827 18.891  0.000
            340  3.812  0.787

-2.0,4.0:  3835 18.357  0.000
            347  3.662  0.782

-2.0,3.5:  3871 18.207  0.000
            328  3.502  0.724

-2.0,3.0:  3928 18.334  0.000
            292  3.338  0.636

-2.0,2.5:  4000 18.373  0.000
            256  3.130  0.545

-2.0,2.0:  4074 17.885  0.000
            236  2.860  0.479

-2.0,1.5:  4158 17.062  0.000
            223  2.558  0.425

-2.0,1.0:  4250 16.229  0.000
            212  2.285  0.379

-2.0,0.5:  4343 15.592  0.000
            201  2.080  0.340

-2.0,0.0:  4514 17.461  0.156
            149  2.438  0.247

