-1.0,5.0:    -5  2.573  1.236 -5.000
             94 21.956  0.158 296.877

-1.0,4.5:    -5  2.561  1.236 -5.000
             96 22.272  0.160 303.188

-1.0,4.0:    -5  2.496  1.233 -5.000
            112 26.282  0.210 362.819

-1.0,3.5:    -5  2.372  1.227 -5.000
            125 29.266  0.258 422.863

-1.0,3.0:    -5  2.260  1.222 -5.000
            133 31.295  0.301 472.542

-1.0,2.5:    -1  1.011  1.190  0.596
             10  4.829  0.163  5.462

-1.0,2.0:    -1  0.512  1.160  0.901
              2  1.374  0.100  0.640

-1.0,1.5:    -1  0.348  1.140  0.944
              1  1.059  0.149  0.329

-1.0,1.0:    -1  0.311  1.135  0.945
              1  0.988  0.174  0.284

-1.0,0.5:    -1  0.299  1.135  0.941
              1  1.159  0.285  0.294

-1.0,0.0:    -1  0.367  1.183  0.926
              5  5.675  3.681  0.771

0.0,5.0:    -4  2.348  1.239 -2.136
            61 16.249  0.154 104.406

0.0,4.5:    -2  1.778  1.232 -0.020
            22  7.505  0.109 15.565

0.0,4.0:    -1  1.354  1.224  0.549
            10  4.362  0.100  4.380

0.0,3.5:    -1  1.000  1.211  0.782
             4  2.381  0.084  1.448

0.0,3.0:    -1  0.815  1.201  0.852
             2  1.648  0.077  0.822

0.0,2.5:    -1  0.555  1.180  0.925
             1  0.934  0.070  0.344

0.0,2.0:    -1  0.370  1.157  0.959
             0  0.596  0.068  0.168

0.0,1.5:    -1  0.279  1.139  0.968
             0  0.620  0.127  0.130

0.0,1.0:    -1  0.266  1.134  0.964
             0  0.689  0.173  0.134

0.0,0.5:    -1  0.269  1.135  0.958
             1  0.956  0.329  0.159

0.0,0.0:    -0  0.404  1.256  0.943
            16  9.131 11.312  0.603

0.5,5.0:    -1  1.071  1.223  0.809
             3  1.814  0.050  0.962

0.5,4.5:    -1  0.973  1.220  0.852
             2  1.455  0.043  0.678

0.5,4.0:    -1  0.819  1.213  0.899
             1  1.140  0.045  0.443

0.5,3.5:    -0  0.686  1.204  0.928
             1  0.889  0.047  0.307

0.5,3.0:    -0  0.602  1.196  0.938
             1  0.755  0.050  0.250

0.5,2.5:    -0  0.448  1.178  0.959
             0  0.554  0.054  0.157

0.5,2.0:    -0  0.320  1.157  0.972
             0  0.429  0.060  0.102

0.5,1.5:    -1  0.248  1.137  0.973
             0  0.484  0.119  0.087

0.5,1.0:    -1  0.237  1.131  0.969
             0  0.550  0.164  0.092

0.5,0.5:    -1  0.236  1.127  0.963
             1  0.736  0.289  0.106

0.5,0.0:    -1  0.247  1.126  0.957
             4  2.668  2.184  0.189

-2.0,5.0:    -6  2.578  1.235 -5.000
             97 22.475  0.158 304.884

-2.0,4.5:    -6  2.574  1.235 -5.000
             99 23.024  0.162 313.297

-2.0,4.0:    -5  2.500  1.231 -5.000
            116 26.979  0.210 374.493

-2.0,3.5:    -5  2.341  1.224 -5.000
            124 28.970  0.245 429.289

-2.0,3.0:    -5  2.180  1.216 -5.000
            126 29.179  0.265 465.570

-2.0,2.5:    -4  1.887  1.199 -5.000
            131 30.449  0.320 562.520

-2.0,2.0:    -1  0.676  1.163  0.769
              5  2.969  0.142  2.585

-2.0,1.5:    -1  0.377  1.139  0.918
              1  1.302  0.142  0.564

-2.0,1.0:    -1  0.316  1.131  0.927
              1  1.006  0.142  0.397

-2.0,0.5:    -1  0.285  1.127  0.925
              1  0.969  0.189  0.347

-2.0,0.0:    -1  0.222  1.107  0.929
              1  1.249  0.486  0.305

