-1.0,5.0:  -444  3.066  0.000
          16909  1.546  7.426

-1.0,4.5:  -586  2.993  0.000
          17676  1.528  7.594

-1.0,4.0:  -723  2.914  0.000
          18357  1.500  7.687

-1.0,3.5:  -846  2.835  0.000
          18888  1.464  7.690

-1.0,3.0:  -925  2.766  0.000
          19108  1.422  7.574

-1.0,2.5:  -867  2.744  0.000
          18689  1.399  7.307

-1.0,2.0:  -428  2.888  0.000
          18440  1.651  7.442

-1.0,1.5:   187  3.159  0.000
          21776  2.724  9.246

-1.0,1.0:   523  3.276  0.000
          22087  3.238  9.502

-1.0,0.5:   916  3.453  0.000
          22418  4.028  9.900

-1.0,0.0:  1795  4.390  0.000
          22346  7.750 11.953

0.0,5.0:  -518  2.774  0.000
         16046  1.301  6.246

0.0,4.5:  -557  2.745  0.000
         16185  1.288  6.231

0.0,4.0:  -606  2.704  0.000
         16340  1.267  6.189

0.0,3.5:  -660  2.654  0.000
         16484  1.240  6.118

0.0,3.0:  -656  2.619  0.000
         16310  1.210  5.952

0.0,2.5:  -531  2.624  0.000
         15764  1.203  5.726

0.0,2.0:  -132  2.754  0.000
         16060  1.457  6.001

0.0,1.5:   340  2.950  0.000
         20940  2.535  8.066

0.0,1.0:   625  3.049  0.000
         22145  3.090  8.638

0.0,0.5:   989  3.224  0.000
         23111  3.928  9.314

0.0,0.0:  1927  4.261  0.000
         21617  7.550 11.013

0.5,5.0:  -695  2.579  0.000
         16375  1.186  5.875

0.5,4.5:  -696  2.563  0.000
         16306  1.173  5.804

0.5,4.0:  -718  2.532  0.000
         16313  1.153  5.725

0.5,3.5:  -730  2.497  0.000
         16246  1.129  5.609

0.5,3.0:  -690  2.475  0.000
         15933  1.105  5.429

0.5,2.5:  -531  2.491  0.000
         15389  1.109  5.239

0.5,2.0:  -128  2.613  0.000
         16024  1.375  5.604

0.5,1.5:   342  2.793  0.000
         21686  2.481  7.794

0.5,1.0:   689  2.924  0.000
         22367  3.027  8.247

0.5,0.5:  1141  3.169  0.000
         22053  3.812  8.610

0.5,0.0:  2106  4.305  0.000
         19294  7.232  9.787

-2.0,5.0:  -651  3.164  0.000
          19381  1.742  8.964

-2.0,4.5:  -914  3.038  0.000
          21035  1.714  9.382

-2.0,4.0: -1139  2.925  0.000
          22368  1.676  9.627

-2.0,3.5: -1291  2.834  0.000
          23099  1.629  9.629

-2.0,3.0: -1320  2.781  0.000
          22880  1.578  9.324

-2.0,2.5: -1142  2.796  0.000
          21450  1.544  8.715

-2.0,2.0:  -554  2.995  0.000
          19893  1.793  8.471

-2.0,1.5:   258  3.389  0.000
          20774  2.822  9.606

-2.0,1.0:   694  3.582  0.000
          19486  3.257  9.279

-2.0,0.5:  1136  3.827  0.000
          18542  3.936  9.161

-2.0,0.0:  1951  4.835  0.000
          18024  7.376 10.685

