-1.0,5.0:  2630 12.889  2.047  0.000
           5707 10.354  0.013 10.242

-1.0,4.5:  2536 11.928  2.047  0.000
           6275  9.533  0.013 10.496

-1.0,4.0:  2689 12.911  2.043  0.000
           5118  9.862  0.014  9.046

-1.0,3.5:  2930 14.979  2.038  0.000
           3479 10.411  0.015  6.813

-1.0,3.0:  3158 17.901  2.032  0.000
           2179 11.052  0.016  4.809

-1.0,2.5:  3316 21.023  2.024  0.000
           1442 11.771  0.017  3.525

-1.0,2.0:  3419 23.556  2.014  0.000
           1039 12.184  0.020  2.700

-1.0,1.5:  3796 35.666  1.986  0.672
            294 16.005  0.025  0.578

-1.0,1.0:  3872 39.632  1.973  0.693
            197 15.980  0.027  0.388

-1.0,0.5:  3945 43.206  1.956  0.703
            140 15.919  0.031  0.272

-1.0,0.0:  4020 52.864  1.912  0.740
             88 19.139  0.043  0.170

0.0,5.0:  2226  8.337  2.049  0.000
          6927  5.419  0.014  8.004

0.0,4.5:  2512  9.302  2.047  0.000
          5183  5.588  0.014  6.479

0.0,4.0:  2805 10.833  2.041  0.000
          3686  6.088  0.015  5.152

0.0,3.5:  3023 12.376  2.034  0.000
          2689  6.504  0.016  4.123

0.0,3.0:  3194 13.798  2.029  0.000
          1986  6.691  0.017  3.257

0.0,2.5:  3341 15.260  2.021  0.000
          1468  6.824  0.018  2.545

0.0,2.0:  3781 19.654  2.006  0.490
           634  7.799  0.021  0.894

0.0,1.5:  4155 33.847  1.972  0.883
           162 11.883  0.026  0.207

0.0,1.0:  4227 41.044  1.956  0.873
           105 13.322  0.028  0.141

0.0,0.5:  4276 47.993  1.937  0.839
            79 14.877  0.031  0.109

0.0,0.0:  4309 59.335  1.891  0.810
            63 19.358  0.046  0.087

0.5,5.0:  2008  7.098  2.049  0.000
          7662  4.351  0.015  7.547

0.5,4.5:  2363  8.010  2.047  0.000
          5651  4.535  0.014  6.082

0.5,4.0:  2686  9.247  2.040  0.000
          4102  4.927  0.015  4.905

0.5,3.5:  2952 10.577  2.033  0.000
          2947  5.232  0.016  3.862

0.5,3.0:  3167 11.819  2.027  0.000
          2122  5.328  0.017  2.971

0.5,2.5:  3351 13.088  2.018  0.000
          1535  5.388  0.019  2.266

0.5,2.0:  3978 18.118  2.001  0.609
           528  6.443  0.021  0.597

0.5,1.5:  4332 30.859  1.964  0.897
           149  9.856  0.027  0.162

0.5,1.0:  4414 39.026  1.947  0.884
            95 11.641  0.029  0.108

0.5,0.5:  4460 47.378  1.927  0.845
            72 13.782  0.033  0.085

0.5,0.0:  4477 59.342  1.882  0.808
            60 18.852  0.050  0.072

-2.0,5.0:  2961 21.400  2.045  0.000
           4370 21.904  0.012 12.957

-2.0,4.5:  2396 13.347  2.048  0.000
           9828 14.801  0.013 19.534

-2.0,4.0:  2135 11.573  2.046  0.000
          12953 13.521  0.015 22.759

-2.0,3.5:  2173 11.726  2.043  0.000
          12461 13.667  0.016 22.038

-2.0,3.0:  2396 12.924  2.039  0.000
           9497 14.035  0.017 18.024

-2.0,2.5:  2753 15.746  2.032  0.000
           5615 14.970  0.018 12.289

-2.0,2.0:  3100 20.519  2.022  0.000
           2775 16.396  0.020  7.268

-2.0,1.5:  3309 25.325  2.002  0.000
           1537 17.696  0.026  4.541

-2.0,1.0:  3427 27.440  1.992  0.000
            998 16.288  0.029  2.976

-2.0,0.5:  3513 28.532  1.980  0.000
            724 14.960  0.033  2.118

-2.0,0.0:  3780 38.047  1.939  0.503
            264 17.818  0.047  0.612

