-1.0,5.0:  2328 10.031  0.000
           7008  7.139 10.058

-1.0,4.5:  2244  9.503  0.000
           7451  6.704 10.175

-1.0,4.0:  2437 10.226  0.000
           6024  6.803  8.659

-1.0,3.5:  2757 11.947  0.000
           4029  7.202  6.475

-1.0,3.0:  3057 14.490  0.000
           2485  7.798  4.576

-1.0,2.5:  3254 16.979  0.000
           1640  8.243  3.354

-1.0,2.0:  3381 18.771  0.000
           1184  8.252  2.555

-1.0,1.5:  3482 19.985  0.000
            892  7.913  1.963

-1.0,1.0:  3565 20.475  0.000
            711  7.308  1.544

-1.0,0.5:  3645 20.556  0.000
            584  6.619  1.229

-1.0,0.0:  3730 21.042  0.000
            470  6.183  0.973

0.0,5.0:  1954  7.058  0.000
          7602  3.997  7.594

0.0,4.5:  2300  7.906  0.000
          5697  4.175  6.183

0.0,4.0:  2626  8.995  0.000
          4126  4.402  4.916

0.0,3.5:  2880 10.111  0.000
          3044  4.589  3.932

0.0,3.0:  3092 11.263  0.000
          2248  4.710  3.112

0.0,2.5:  3274 12.412  0.000
          1657  4.740  2.426

0.0,2.0:  3431 13.465  0.000
          1231  4.660  1.872

0.0,1.5:  3570 14.401  0.000
           927  4.503  1.442

0.0,1.0:  3694 15.229  0.000
           710  4.312  1.120

0.0,0.5:  3804 15.999  0.000
           556  4.136  0.885

0.0,0.0:  4239 23.532  0.507
           191  5.445  0.265

0.5,5.0:  1712  6.070  0.000
          8253  3.202  7.094

0.5,4.5:  2118  6.809  0.000
          6163  3.344  5.764

0.5,4.0:  2466  7.627  0.000
          4580  3.477  4.643

0.5,3.5:  2777  8.568  0.000
          3334  3.593  3.655

0.5,3.0:  3048  9.596  0.000
          2393  3.666  2.817

0.5,2.5:  3279 10.633  0.000
          1719  3.672  2.142

0.5,2.0:  3476 11.603  0.000
          1244  3.598  1.614

0.5,1.5:  3649 12.533  0.000
           913  3.491  1.219

0.5,1.0:  3798 13.389  0.000
           686  3.372  0.935

0.5,0.5:  4214 17.112  0.376
           319  3.839  0.385

0.5,0.0:  4490 25.891  0.632
           124  5.409  0.151

-2.0,5.0:  2646 14.572  0.000
           6190 12.983 12.982

-2.0,4.5:  1768  9.043  0.000
          14078  8.671 19.609

-2.0,4.0:  1356  7.753  0.000
          18154  7.569 22.077

-2.0,3.5:  1383  7.711  0.000
          17337  7.313 20.870

-2.0,3.0:  1754  8.569  0.000
          12948  7.531 16.893

-2.0,2.5:  2343 10.675  0.000
           7399  8.214 11.417

-2.0,2.0:  2896 14.362  0.000
           3484  9.238  6.673

-2.0,1.5:  3206 17.788  0.000
           1843  9.553  4.036

-2.0,1.0:  3381 19.988  0.000
           1158  9.127  2.665

-2.0,0.5:  3499 21.098  0.000
            825  8.359  1.899

-2.0,0.0:  3603 22.023  0.000
            610  7.689  1.392

