-1.0,5.0:    -6  2.057  0.676 -5.000
            306 55.812  0.054 1305.194

-1.0,4.5:    -6  2.041  0.676 -5.000
            306 55.669  0.054 1311.416

-1.0,4.0:    -6  1.996  0.675 -5.000
            338 62.066  0.071 1478.489

-1.0,3.5:    -5  1.920  0.674 -5.000
            368 67.962  0.091 1664.174

-1.0,3.0:    -5  1.834  0.673 -5.000
            386 71.666  0.109 1822.293

-1.0,2.5:    -5  1.696  0.671 -5.000
            464 86.922  0.164 2348.521

-1.0,2.0:    -5  1.563  0.668 -5.000
            632 119.738  0.279 3445.844

-1.0,1.5:    -4  1.295  0.662 -5.000
            864 164.107  0.479 5675.704

-1.0,1.0:    -4  1.194  0.660 -5.000
            903 170.944  0.528 6442.083

-1.0,0.5:    -4  1.079  0.657 -5.000
            941 177.477  0.587 7440.863

-1.0,0.0:    -3  0.909  0.651 -5.000
           1437 272.613  1.163 13432.420

0.0,5.0:    -5  1.656  0.675 -5.000
           172 31.195  0.032 908.570

0.0,4.5:    -5  1.593  0.674 -5.000
           158 28.642  0.031 865.819

0.0,4.0:    -4  1.474  0.673 -5.000
           150 27.355  0.036 886.659

0.0,3.5:    -4  1.354  0.671 -5.000
           146 26.766  0.042 937.146

0.0,3.0:    -4  1.262  0.669 -5.000
           146 26.936  0.047 1007.317

0.0,2.5:    -4  1.108  0.666 -5.000
           154 28.370  0.058 1198.305

0.0,2.0:    -3  0.944  0.662 -5.000
           161 29.886  0.072 1476.372

0.0,1.5:    -3  0.699  0.655 -5.000
           152 27.953  0.085 1878.371

0.0,1.0:    -2  0.638  0.652 -5.000
           156 28.542  0.091 2117.953

0.0,0.5:    -2  0.577  0.650 -5.000
           164 29.946  0.101 2477.487

0.0,0.0:    -2  0.451  0.644 -5.000
           193 35.175  0.155 3744.396

0.5,5.0:    -4  1.377  0.674 -5.000
           107 19.528  0.024 676.330

0.5,4.5:    -4  1.317  0.673 -5.000
            98 17.888  0.023 645.810

0.5,4.0:    -4  1.211  0.672 -5.000
            93 17.113  0.027 666.311

0.5,3.5:    -3  1.104  0.669 -5.000
            91 16.771  0.031 711.488

0.5,3.0:    -3  1.019  0.668 -5.000
            91 16.749  0.034 766.683

0.5,2.5:    -3  0.890  0.664 -5.000
            92 16.972  0.038 884.157

0.5,2.0:    -3  0.757  0.661 -5.000
            92 17.029  0.045 1040.563

0.5,1.5:    -2  0.574  0.654 -5.000
            87 16.164  0.056 1304.253

0.5,1.0:    -2  0.528  0.652 -5.000
            90 16.704  0.061 1473.875

0.5,0.5:    -2  0.483  0.649 -5.000
            97 17.769  0.069 1725.336

0.5,0.0:    -2  0.398  0.644 -5.000
           121 22.305  0.118 2620.490

-2.0,5.0:    -5  1.945  0.676 -1.964
            232 46.806  0.056 449.264

-2.0,4.5:    -6  2.136  0.676 -5.000
            342 62.441  0.061 1399.384

-2.0,4.0:    -6  2.122  0.676 -5.000
            397 73.158  0.084 1627.951

-2.0,3.5:    -6  2.097  0.675 -5.000
            467 86.829  0.117 1927.018

-2.0,3.0:    -6  2.065  0.674 -5.000
            534 99.919  0.152 2226.341

-2.0,2.5:    -6  1.994  0.673 -5.000
            721 136.846  0.258 3081.765

-2.0,2.0:    -5  1.941  0.672 -4.916
           1155 223.707  0.534 4922.498

-2.0,1.5:    -3  1.179  0.667  0.080
            416 125.397  0.862 231.051

-2.0,1.0:    -2  1.029  0.664  0.152
            350 108.902  0.854 190.969

-2.0,0.5:    -1  0.574  0.657  0.503
             55 26.762  0.429 13.722

-2.0,0.0:    -1  0.339  0.650  0.567
             16 13.962  0.529  3.577

