RA                Dec             plx        eplx       pmra       epmra      pmdec      epmdec     gmag      egmag       bpmag     ebpmag     rpmag      erpmag #
139.012145996  -36.627246857     0.3272     0.1053    -4.5730     0.1370     4.3370     0.1520    17.6083     0.0013    17.5141     0.0124    16.8432     0.0088
139.011337280  -36.622184753     0.2156     0.0602    -4.4820     0.0800     4.5960     0.0910    16.6683     0.0007    16.7621     0.0068    15.9852     0.0088
138.994445801  -36.629962921     0.2465     0.0542    -4.4080     0.0730     4.5830     0.0850    16.2899     0.0006    16.5474     0.0047    15.8035     0.0030
139.004837036  -36.616539001     0.2818     0.0355    -4.4410     0.0470     4.4300     0.0560    15.7833     0.0005    16.0921     0.0033    15.2908     0.0024
138.992813110  -36.625423431     0.3075     0.0451    -4.5340     0.0590     4.5280     0.0660    15.9475     0.0005    16.2066     0.0024    15.5070     0.0025
139.000015259  -36.637344360     0.3462     0.0296    -4.1970     0.0390     4.4650     0.0460    15.2599     0.0004    15.4522     0.0017    14.9365     0.0012
138.994506836  -36.620201111     0.3169     0.0438    -4.5400     0.0570     4.4730     0.0690    16.1879     0.0005    16.5300     0.0037    15.6816     0.0022
139.000747681  -36.638740540     0.3524     0.1147    -4.4270     0.1470     4.6120     0.1700    17.7747     0.0013    99.9999     9.9999    99.9999     9.9999
139.015228271  -36.638111115     0.2806     0.1588    -4.5430     0.2020     4.6880     0.2460    18.3695     0.0018    18.8434     0.0187    17.6865     0.0159
138.993591309  -36.637687683     0.2304     0.1098    -4.4490     0.1450     4.7800     0.1690    17.4761     0.0012    17.9233     0.0129    16.8273     0.0052
139.018203735  -36.638740540     0.2557     0.0185    -4.4380     0.0240     4.5410     0.0300    13.6332     0.0011    13.8086     0.0041    13.3115     0.0030
138.986404419  -36.628726959     0.2255     0.0317    -4.5390     0.0420     4.6840     0.0500    15.3418     0.0003    15.5551     0.0021    14.9780     0.0020
138.985290527  -36.624599457     0.3209     0.2312    -4.4570     0.2840     4.7420     0.3150    18.8720     0.0024    19.3025     0.0457    18.0664     0.0188
138.997207642  -36.644332886     0.3083     0.0640    -4.5650     0.0830     4.4650     0.0950    16.7017     0.0007    17.0339     0.0074    16.1994     0.0042
139.010681152  -36.645725250     0.2590     0.0515    -4.4640     0.0650     4.2580     0.0810    16.2215     0.0005    16.5343     0.0049    15.7302     0.0057
138.984497070  -36.619094849     0.2315     0.0976    -4.2350     0.1260     4.6020     0.1490    17.5571     0.0010    17.9207     0.0128    17.0292     0.0061
139.018722534  -36.610397339     0.3301     0.0278    -4.4460     0.0340     4.4490     0.0420    14.9057     0.0004    15.0991     0.0025    14.5705     0.0012
139.010131836  -36.647571564     0.2763     0.0384    -4.3050     0.0480     4.6020     0.0580    15.6877     0.0005    15.9355     0.0033    15.2792     0.0027
139.032302856  -36.627422333     0.3224     0.0393    -4.3860     0.0510     4.5140     0.0610    15.5125     0.0006    15.7368     0.0035    15.1098     0.0033
138.979980469  -36.627307892     0.3085     0.0733    -4.3830     0.0950     4.6260     0.1100    17.0147     0.0008    17.3674     0.0054    16.5005     0.0040
139.027664185  -36.642311096     0.2676     0.0290    -4.4230     0.0370     4.5590     0.0470    14.5943     0.0003    14.7204     0.0022    14.3601     0.0031
138.994400024  -36.648349762     0.2725     0.0506    -4.5100     0.0640     4.7330     0.0780    16.3676     0.0006    16.6825     0.0042    15.8921     0.0031
139.035476685  -36.632434845     0.2518     0.0202    -4.4170     0.0260     4.4350     0.0330    13.6132     0.0002    13.7936     0.0011    13.2990     0.0007
139.032974243  -36.614589691     0.2744     0.0366    -4.3950     0.0490     4.4650     0.0580    15.8557     0.0005    16.1183     0.0036    15.4336     0.0027
139.035614014  -36.636032104     0.2231     0.0550    -4.3670     0.0690     4.5150     0.0860    16.5218     0.0006    16.8405     0.0045    16.0386     0.0030
139.003417969  -36.653087616     0.2455     0.0504    -4.3390     0.0640     4.5640     0.0760    16.2916     0.0006    16.6011     0.0047    15.8194     0.0033
139.039901733  -36.626926422     0.2351     0.0234    -4.5620     0.0300     4.4550     0.0340    14.4360     0.0003    14.6610     0.0023    14.0625     0.0015
139.002960205  -36.599941254     0.3364     0.0344    -4.3660     0.0470     4.4570     0.0550    15.6943     0.0006    15.9485     0.0042    15.2794     0.0026
138.997283936  -36.653621674     0.3064     0.0234    -4.5050     0.0280     4.4800     0.0360    14.1546     0.0003    14.3091     0.0019    13.8402     0.0019
138.995468140  -36.653648376     0.3215     0.0667    -4.3820     0.0810     4.5290     0.1100    16.6448     0.0007    16.9555     0.0045    16.1364     0.0049
139.036895752  -36.613384247     0.2824     0.0173    -4.4560     0.0220     4.5680     0.0270    13.3774     0.0002    13.9275     0.0014    12.6874     0.0007
138.972946167  -36.616920471     0.2218     0.0190    -4.4190     0.0250     4.5960     0.0290    13.9610     0.0005    14.1727     0.0015    13.6044     0.0014
139.043579102  -36.626941681     0.2000     0.0435    -4.3230     0.0690     4.6360     0.0660    15.5136     0.0006    15.7142     0.0062    15.0976     0.0095
139.027633667  -36.602481842     0.3254     0.0347    -4.3880     0.0480     4.5910     0.0550    15.7154     0.0004    15.9558     0.0034    15.3133     0.0029
139.033843994  -36.605182648     0.1921     0.0250    -4.4250     0.0320     4.4990     0.0420    14.8960     0.0003    15.0847     0.0022    14.5688     0.0018
138.987854004  -36.599262238     0.3118     0.0544    -4.3390     0.0690     4.5550     0.0840    16.5432     0.0006    16.8627     0.0044    16.0599     0.0035
139.019027710  -36.597003937     0.2860     0.0175    -4.4580     0.0220     4.4800     0.0290    13.5510     0.0002    14.0944     0.0014    12.8577     0.0013
139.043655396  -36.616359711     0.3262     0.0467    -4.5000     0.0620     4.6270     0.0780    16.2864     0.0006    16.5616     0.0077    15.8091     0.0039
139.044097900  -36.617156982     0.2953     0.0351    -4.4690     0.0470     4.3950     0.0600    15.1995     0.0005    15.4489     0.0025    14.7807     0.0021
139.043182373  -36.613784790     0.2989     0.0169    -4.4130     0.0230     4.4640     0.0280    13.3753     0.0002    13.5839     0.0012    13.0220     0.0011
138.995162964  -36.658473969     0.3122     0.0705    -4.5280     0.0870     4.6180     0.1010    16.7908     0.0007    17.1308     0.0045    16.2818     0.0051
138.969726562  -36.610404968     0.2338     0.0184    -4.4090     0.0240     4.5200     0.0290    13.9659     0.0002    14.1530     0.0010    13.6427     0.0009
139.048400879  -36.624977112     0.3266     0.0576    -4.1670     0.0810     4.5030     0.0880    16.4008     0.0007    16.7330     0.0057    15.8929     0.0048
139.034606934  -36.601577759     0.2656     0.0356    -4.3130     0.0490     4.5850     0.0570    15.7635     0.0004    16.0535     0.0028    15.3079     0.0023
139.049377441  -36.623603821     0.3625     0.0537    -4.4370     0.0700     4.3260     0.0840    16.3844     0.0006    16.6867     0.0068    15.9063     0.0047
138.963897705  -36.619171143     0.2883     0.0467    -4.3050     0.0580     4.5390     0.0690    16.0625     0.0006    16.3549     0.0035    15.6026     0.0031
138.993896484  -36.593547821     0.3031     0.0738    -4.3480     0.0950     4.6530     0.1180    17.0290     0.0008    17.3927     0.0084    16.5064     0.0054
139.049041748  -36.635272980     0.3345     0.1261    -4.2650     0.1460     4.6910     0.2280    17.8601     0.0018    18.1003     0.0336    17.1424     0.0261
139.045150757  -36.644462585     0.2916     0.1089    -4.3990     0.1420     4.7830     0.1650    17.8756     0.0013    18.3318     0.0162    17.2544     0.0072
139.040908813  -36.650588989     0.2897     0.0217    -4.4940     0.0270     4.2690     0.0350    14.2964     0.0002    14.5571     0.0011    13.8775     0.0015
139.050827026  -36.637516022     0.2744     0.0181    -4.4640     0.0220     4.5800     0.0280    13.3192     0.0002    13.7224     0.0014    12.7527     0.0010
139.014465332  -36.663784027     0.2932     0.0171    -4.4030     0.0210     4.5210     0.0260    13.3304     0.0002    13.8790     0.0010    12.6406     0.0009
139.052703857  -36.626445770     0.2946     0.0244    -4.6400     0.0320     4.4560     0.0330    14.0738     0.0003    14.2490     0.0010    13.7624     0.0011
138.997970581  -36.663852692     0.2481     0.0211    -4.4550     0.0260     4.5850     0.0330    14.1447     0.0003    14.3088     0.0011    13.8496     0.0011
139.045974731  -36.607093811     0.3362     0.0414    -4.4410     0.0550     4.5310     0.0630    16.0030     0.0005    16.2679     0.0030    15.5443     0.0031
139.016067505  -36.664104462     0.2692     0.0163    -4.4400     0.0210     4.5660     0.0250    13.1129     0.0002    13.6639     0.0008    12.4210     0.0007
139.044387817  -36.603908539     0.3096     0.0159    -4.4930     0.0210     4.4630     0.0250    13.3271     0.0002    13.8659     0.0012    12.6352     0.0016
139.047500610  -36.606922150     0.2759     0.0215    -4.4310     0.0290     4.5250     0.0340    14.3600     0.0002    14.5595     0.0013    14.0141     0.0013
139.044769287  -36.650726318     0.3109     0.0325    -4.3760     0.0420     4.5550     0.0490    15.4311     0.0004    15.6812     0.0018    15.0212     0.0015
139.051208496  -36.642288208     0.2403     0.1116    -4.2970     0.1490     4.7830     0.1690    17.9009     0.0014    18.3190     0.0200    17.2389     0.0123
139.027877808  -36.591781616     0.2677     0.0234    -4.3120     0.0310     4.6210     0.0370    14.1565     0.0007    14.2438     0.0021    13.9705     0.0030
139.047088623  -36.604145050     0.2518     0.0381    -4.4350     0.0550     4.3660     0.0610    15.9024     0.0005    16.1803     0.0026    15.4642     0.0024
139.031326294  -36.661888123     0.3382     0.0286    -4.4120     0.0370     4.4880     0.0450    15.1101     0.0003    15.3428     0.0018    14.7222     0.0017
139.030654907  -36.591850281     0.2630     0.0239    -4.5150     0.0300     4.4680     0.0410    13.5857     0.0003    13.6134     0.0019    13.4746     0.0016
138.955978394  -36.619419098     0.2591     0.0234    -4.4590     0.0290     4.5570     0.0350    14.5348     0.0003    14.7118     0.0012    14.2225     0.0016
138.987945557  -36.666103363     0.3313     0.0434    -4.4100     0.0560     4.4680     0.0650    16.0477     0.0005    16.3339     0.0032    15.6025     0.0025
139.045028687  -36.598823547     0.2526     0.0213    -4.3650     0.0280     4.6140     0.0340    14.4179     0.0003    14.5862     0.0016    14.1142     0.0017
139.056335449  -36.614765167     0.2789     0.0294    -4.4200     0.0390     4.4950     0.0480    15.3028     0.0004    15.5560     0.0031    14.8891     0.0029
139.058670044  -36.630706787     0.2923     0.0229    -4.4610     0.0280     4.5470     0.0340    14.2533     0.0003    14.4303     0.0015    13.9393     0.0013
139.047271729  -36.655601501     0.2372     0.0390    -4.4620     0.0530     4.5560     0.0630    15.7179     0.0005    15.9685     0.0039    15.2975     0.0016
139.043670654  -36.594612122     0.2660     0.0188    -4.6380     0.0240     4.4390     0.0300    14.0079     0.0002    14.2813     0.0015    13.5719     0.0009
139.060165405  -36.615459442     0.3051     0.0537    -4.5040     0.0700     4.5440     0.0850    16.5112     0.0006    16.8274     0.0059    16.0166     0.0048
138.997619629  -36.582355499     0.2426     0.0199    -4.3900     0.0250     4.6160     0.0280    13.0480     0.0003    13.5453     0.0012    12.4006     0.0006
139.059326172  -36.609886169     0.1903     0.0280    -4.2640     0.0380     4.6230     0.0490    14.8533     0.0006    14.9497     0.0080    14.5057     0.0177
139.043838501  -36.662536621     0.3294     0.0359    -4.4020     0.0480     4.6020     0.0540    15.7126     0.0004    16.0392     0.0026    15.2222     0.0022
139.015991211  -36.673839569     0.2678     0.0300    -4.4170     0.0380     4.4960     0.0460    15.1168     0.0004    15.3301     0.0022    14.7464     0.0031
139.042572021  -36.665065765     0.3264     0.0877    -4.5770     0.1120     4.6500     0.1240    17.3450     0.0009    17.7573     0.0093    16.7622     0.0095
139.019058228  -36.580219269     0.2868     0.0333    -4.4130     0.0450     4.4970     0.0550    15.5700     0.0004    15.8385     0.0026    15.1380     0.0027
139.063781738  -36.643238068     0.2480     0.0312    -4.5420     0.0400     4.4230     0.0480    15.1957     0.0004    15.4269     0.0014    14.8128     0.0014
138.946029663  -36.617187500     0.2303     0.0277    -4.3910     0.0350     4.4720     0.0400    14.8166     0.0003    14.9958     0.0022    14.5062     0.0017
138.984985352  -36.673389435     0.2945     0.0220    -4.3690     0.0280     4.6150     0.0320    14.2645     0.0002    14.5094     0.0010    13.8651     0.0008
139.064529419  -36.609409332     0.3421     0.1841    -4.1820     0.2460     4.5330     0.2910    18.6835     0.0020    19.1288     0.0372    17.9050     0.0309
138.952331543  -36.601432800     0.2519     0.0169    -4.4120     0.0220     4.5710     0.0260    13.3526     0.0002    13.5922     0.0011    12.9645     0.0008
138.999496460  -36.677230835     0.2706     0.0710    -4.4800     0.0920     4.6760     0.1010    16.8310     0.0007    17.1905     0.0038    16.3160     0.0058
139.050628662  -36.662940979     0.2170     0.0446    -4.5470     0.0580     4.5200     0.0650    16.0629     0.0006    16.3478     0.0036    15.6065     0.0038
139.025085449  -36.578788757     0.2681     0.0682    -4.5050     0.0890     4.3770     0.1060    16.8812     0.0007    17.2344     0.0067    16.3628     0.0041
138.945159912  -36.640357971     0.2515     0.0238    -4.3240     0.0310     4.5000     0.0370    14.3880     0.0003    14.5688     0.0011    14.0762     0.0018
139.052536011  -36.661647797     0.2948     0.0191    -4.4540     0.0240     4.5780     0.0280    13.5675     0.0002    14.1256     0.0011    12.8738     0.0011
139.030563354  -36.579978943     0.2907     0.0284    -4.3910     0.0380     4.5110     0.0470    15.1704     0.0003    15.3626     0.0024    14.8392     0.0021
138.958419800  -36.660697937     0.2728     0.1186    -4.5430     0.1440     4.6490     0.1910    17.7713     0.0012    18.2220     0.0114    17.1896     0.0097
139.012268066  -36.576229095     0.3041     0.0181    -4.3800     0.0230     4.5690     0.0300    13.4434     0.0002    13.9997     0.0013    12.7482     0.0007
139.063354492  -36.600475311     0.2933     0.0330    -4.4210     0.0420     4.5260     0.0530    15.2534     0.0004    15.5326     0.0018    14.8096     0.0031
138.976654053  -36.579517365     0.3479     0.1647    -4.2000     0.2100     4.4640     0.2390    18.4065     0.0017    18.9163     0.0236    17.7635     0.0157
139.033935547  -36.676490784     0.2120     0.1028    -4.5190     0.1310     4.4200     0.1560    17.6127     0.0011    18.0063     0.0166    17.0313     0.0101
138.948608398  -36.598278046     0.3172     0.0347    -4.5770     0.0460     4.5710     0.0530    15.6847     0.0005    15.9362     0.0032    15.2764     0.0019
139.003402710  -36.572376251     0.2192     0.0696    -4.4460     0.0890     4.4930     0.1020    16.9103     0.0007    17.2618     0.0069    16.3910     0.0035
138.993911743  -36.680896759     0.3590     0.1005    -4.5470     0.1280     4.5350     0.1480    17.4722     0.0010    17.7964     0.0167    16.7604     0.0235
138.985382080  -36.680984497     0.2799     0.0189    -4.6460     0.0240     4.4170     0.0270    13.2729     0.0002    13.8422     0.0011    12.5692     0.0007
139.076309204  -36.619358063     0.3590     0.0289    -4.4040     0.0370     4.4920     0.0470    15.1929     0.0003    15.4160     0.0025    14.8196     0.0012
138.958129883  -36.584239960     0.2705     0.0267    -4.4140     0.0350     4.4990     0.0420    14.7819     0.0003    14.9378     0.0018    14.5070     0.0012
139.033828735  -36.681102753     0.3240     0.0345    -4.3960     0.0450     4.5460     0.0520    15.5846     0.0005    15.8317     0.0039    15.1785     0.0027
139.003341675  -36.685497284     0.3112     0.0482    -4.5050     0.0620     4.3860     0.0740    16.1736     0.0006    16.4808     0.0037    15.7105     0.0029
139.070129395  -36.655509949     0.3147     0.0288    -4.4170     0.0370     4.5400     0.0430    15.0910     0.0003    15.3049     0.0014    14.7390     0.0017
139.078842163  -36.635646820     0.3196     0.0205    -4.5000     0.0260     4.5380     0.0310    13.5833     0.0003    14.1523     0.0014    12.8816     0.0011
138.995391846  -36.568511963     0.2898     0.0348    -4.5430     0.0470     4.4260     0.0570    15.6690     0.0005    15.9514     0.0028    15.2250     0.0020
139.052413940  -36.579448700     0.2415     0.0293    -4.4340     0.0410     4.6320     0.0450    11.6319     0.0008    12.2919     0.0022    10.8709     0.0019
139.061569214  -36.585681915     0.3143     0.1762    -4.4370     0.2230     4.4750     0.2810    18.5932     0.0017    19.1549     0.0211    17.9153     0.0163
139.006134033  -36.566276550     0.3026     0.0294    -4.4430     0.0400     4.5910     0.0490    15.2781     0.0004    15.4973     0.0020    14.9094     0.0020
138.937881470  -36.600395203     0.3119     0.3445    -4.4050     0.3970     4.3220     0.4950    19.0282     0.0037    99.9999     9.9999    99.9999     9.9999
139.082473755  -36.624046326     0.2548     0.0374    -4.3770     0.0460     4.4940     0.0620    15.6243     0.0005    15.8768     0.0034    15.2133     0.0029
138.998321533  -36.566104889     0.2636     0.0443    -4.3500     0.0600     4.5960     0.0720    16.0171     0.0005    16.3038     0.0036    15.5714     0.0030
139.050125122  -36.678104401     0.2766     0.0290    -4.4310     0.0360     4.3220     0.0440    14.9487     0.0003    15.1462     0.0017    14.6078     0.0018
139.057983398  -36.673431396     0.2319     0.0656    -4.3660     0.0820     4.4400     0.0950    16.8056     0.0006    17.1705     0.0095    16.2659     0.0043
138.928314209  -36.627582550     0.2761     0.0205    -4.4930     0.0250     4.4760     0.0320    14.0467     0.0002    14.2920     0.0014    13.6504     0.0015
139.083496094  -36.642276764     0.3519     0.0542    -4.4320     0.0670     4.3000     0.0890    16.5036     0.0006    16.8296     0.0044    16.0082     0.0051
139.069320679  -36.665977478     0.3230     0.0638    -4.3310     0.0820     4.6090     0.1000    16.7264     0.0007    17.1465     0.0048    16.1576     0.0038
139.061920166  -36.673049927     0.2666     0.0226    -4.4060     0.0290     4.5320     0.0350    14.5703     0.0003    14.7541     0.0012    14.2348     0.0023
139.055435181  -36.677589417     0.2197     0.0875    -4.2090     0.1120     4.6080     0.1300    17.2781     0.0011    17.7187     0.0100    16.6388     0.0150
138.945648193  -36.669208527     0.3386     0.2092    -4.4440     0.2610     4.5740     0.2980    18.7315     0.0019    19.3059     0.0294    18.0478     0.0160
138.996505737  -36.692146301     0.2745     0.1926    -4.4280     0.2320     4.5010     0.2670    18.5689     0.0021    19.0895     0.0296    17.8886     0.0201
139.060592651  -36.677280426     0.3521     0.0947    -4.6290     0.1230     4.5020     0.1390    17.5521     0.0011    17.9718     0.0150    16.9726     0.0074
139.090362549  -36.630012512     0.3314     0.0671    -4.4270     0.0800     4.6160     0.1030    16.8109     0.0007    17.1576     0.0064    16.2906     0.0075
139.005584717  -36.557128906     0.2469     0.0312    -4.3790     0.0420     4.5810     0.0510    15.4142     0.0004    15.6420     0.0020    15.0319     0.0024
139.041259766  -36.562767029     0.3080     0.0184    -4.4070     0.0240     4.4520     0.0300    13.7105     0.0002    13.9991     0.0012    13.2637     0.0009
138.962188721  -36.687831879     0.2581     0.0277    -4.3210     0.0350     4.5130     0.0430    14.8081     0.0003    15.0383     0.0019    14.4237     0.0013
139.080383301  -36.588939667     0.2228     0.0188    -4.5040     0.0240     4.5770     0.0320    14.0237     0.0002    14.2504     0.0010    13.6481     0.0009
139.065338135  -36.573554993     0.2182     0.0960    -4.6120     0.1270     4.5340     0.1500    17.3485     0.0009    17.8535     0.0084    16.6819     0.0043
138.991409302  -36.697723389     0.2387     0.0297    -4.4850     0.0390     4.5020     0.0430    15.0121     0.0003    15.2458     0.0018    14.6281     0.0011
139.074081421  -36.579643250     0.3076     0.0818    -4.5950     0.1080     4.5110     0.1320    17.2193     0.0009    17.5955     0.0080    16.6538     0.0072
138.918502808  -36.643554688     0.2732     0.0479    -4.4730     0.0590     4.5570     0.0760    16.2816     0.0005    16.5791     0.0043    15.8115     0.0032
139.076934814  -36.581802368     0.2601     0.0194    -4.3650     0.0250     4.5590     0.0320    14.1144     0.0003    14.3173     0.0012    13.7780     0.0020
139.080383301  -36.585018158     0.2860     0.0188    -4.4390     0.0250     4.5770     0.0320    14.0178     0.0002    14.2142     0.0010    13.6858     0.0010
139.065444946  -36.570781708     0.2437     0.0266    -4.3430     0.0370     4.7620     0.0440    14.9543     0.0003    15.1514     0.0018    14.6159     0.0022
139.096267700  -36.642414093     0.2735     0.0201    -4.4320     0.0250     4.5960     0.0330    13.8803     0.0002    14.0598     0.0017    13.5496     0.0021
139.064376831  -36.684459686     0.2448     0.0274    -4.4040     0.0340     4.5780     0.0410    14.9679     0.0003    15.1682     0.0013    14.6322     0.0012
139.025756836  -36.554733276     0.2678     0.0440    -4.4000     0.0590     4.5700     0.0740    15.9950     0.0005    16.2819     0.0021    15.5496     0.0017
139.094100952  -36.604549408     0.2047     0.0525    -4.4400     0.0690     4.4920     0.0830    16.4200     0.0006    16.7399     0.0038    15.9419     0.0036
139.074935913  -36.679534912     0.2636     0.0251    -4.4220     0.0320     4.5420     0.0380    14.8098     0.0003    15.0010     0.0013    14.4859     0.0018
138.943664551  -36.684684753     0.2263     0.0615    -4.4000     0.0740     4.7190     0.0910    16.5526     0.0006    16.9352     0.0062    16.0099     0.0038
139.085144043  -36.584278107     0.2528     0.0621    -4.4460     0.0810     4.5810     0.1020    16.7543     0.0007    17.1073     0.0047    16.2512     0.0050
139.099075317  -36.609806061     0.2554     0.0248    -4.4950     0.0340     4.6040     0.0390    14.7178     0.0004    14.8985     0.0019    14.4009     0.0016
139.077423096  -36.576171875     0.2824     0.0883    -4.2250     0.1130     4.3440     0.1480    17.3876     0.0009    17.7820     0.0108    16.8149     0.0098
139.080856323  -36.674861908     0.2003     0.0911    -4.4030     0.1170     4.6500     0.1360    17.4102     0.0009    17.8012     0.0101    16.8408     0.0061
139.079864502  -36.676414490     0.3121     0.0179    -4.4530     0.0230     4.5250     0.0270    13.6410     0.0003    14.1934     0.0012    12.9511     0.0009
138.978347778  -36.702751160     0.3136     0.1653    -4.2660     0.2200     4.6390     0.2410    18.2570     0.0015    18.7593     0.0216    17.6166     0.0130
138.998733521  -36.547565460     0.1927     0.0765    -4.4890     0.1100     4.4920     0.1230    17.1242     0.0009    17.4861     0.0089    16.5939     0.0069
139.086685181  -36.674304962     0.3145     0.0389    -4.5070     0.0500     4.4940     0.0630    15.8071     0.0010    16.0549     0.0066    15.3901     0.0037
139.103302002  -36.649654388     0.2865     0.0258    -4.4160     0.0340     4.6150     0.0430    14.9196     0.0003    15.1395     0.0015    14.5482     0.0020
138.998306274  -36.708118439     0.2930     0.0443    -4.5310     0.0580     4.4210     0.0660    16.1008     0.0005    16.4182     0.0040    15.6230     0.0029
139.053955078  -36.555271149     0.3158     0.0364    -4.3370     0.0470     4.5080     0.0600    15.6492     0.0005    15.9021     0.0030    15.2406     0.0025
138.995635986  -36.708057404     0.2733     0.0389    -4.5250     0.0520     4.4170     0.0570    15.7891     0.0008    16.0574     0.0032    15.3677     0.0035
138.918090820  -36.583755493     0.3254     0.0855    -4.4130     0.1120     4.5870     0.1370    17.3134     0.0009    17.7070     0.0103    16.7599     0.0071
139.035812378  -36.545974731     0.3172     0.0343    -4.3870     0.0450     4.5690     0.0540    15.5133     0.0004    15.7551     0.0020    15.1169     0.0021
139.102706909  -36.661018372     0.2936     0.0535    -4.3500     0.0710     4.5200     0.0860    16.5812     0.0006    16.9128     0.0066    16.0865     0.0030
139.061965942  -36.554561615     0.2737     0.0421    -4.5280     0.0560     4.3210     0.0670    15.9190     0.0005    16.1921     0.0022    15.4800     0.0043
139.027877808  -36.710784912     0.3248     0.0613    -4.3940     0.0790     4.5000     0.0940    16.4415     0.0005    16.7638     0.0053    15.9104     0.0057
139.108779907  -36.597858429     0.3044     0.0449    -4.4130     0.0580     4.5940     0.0680    16.1103     0.0005    16.4091     0.0030    15.6530     0.0036
139.051589966  -36.708221436     0.3046     0.0304    -4.5100     0.0410     4.6670     0.0460    15.0645     0.0004    15.2762     0.0023    14.7081     0.0018
139.108993530  -36.661281586     0.3457     0.0540    -4.4410     0.0700     4.4490     0.0860    16.5517     0.0006    16.9439     0.0057    15.9966     0.0027
139.115814209  -36.606670380     0.3083     0.0178    -4.4530     0.0230     4.5570     0.0300    13.4970     0.0002    14.0568     0.0015    12.8029     0.0009
139.111846924  -36.658920288     0.2899     0.0242    -4.4640     0.0320     4.5240     0.0400    14.7850     0.0003    14.9811     0.0014    14.4533     0.0019
138.972549438  -36.715938568     0.2288     0.0947    -4.6740     0.1220     4.6250     0.1390    17.3637     0.0010    17.7847     0.0093    16.7756     0.0114
139.122009277  -36.632923126     0.2934     0.0773    -4.3050     0.0970     4.5270     0.1190    17.2006     0.0008    17.5804     0.0083    16.6548     0.0072
139.107574463  -36.581714630     0.1919     0.0594    -4.3890     0.0800     4.4760     0.0940    16.7701     0.0007    17.1287     0.0059    16.2544     0.0050
139.068847656  -36.548202515     0.3122     0.0351    -4.4600     0.0480     4.5080     0.0600    15.3910     0.0005    15.6026     0.0016    15.0395     0.0021
138.956756592  -36.712501526     0.2944     0.0737    -4.3780     0.0930     4.4660     0.1140    16.9786     0.0008    17.3984     0.0084    16.3870     0.0065
138.965087891  -36.538368225     0.2685     0.0271    -4.5120     0.0370     4.6000     0.0430    15.0474     0.0059    15.2517     0.0180    14.6804     0.0195
138.984664917  -36.533016205     0.2231     0.0863    -4.5470     0.1160     4.5810     0.1340    17.3817     0.0009    17.7611     0.0125    16.8355     0.0075
139.118988037  -36.661827087     0.2929     0.0594    -4.4720     0.0800     4.3400     0.0920    16.7045     0.0006    17.0557     0.0042    16.1904     0.0045
138.913314819  -36.564571381     0.3393     0.1572    -4.5350     0.2110     4.5100     0.2320    18.4201     0.0019    18.9719     0.0359    17.7421     0.0147
138.973495483  -36.721115112     0.2756     0.0243    -4.4530     0.0310     4.5070     0.0330    14.2072     0.0002    14.4690     0.0014    13.7842     0.0011
139.120574951  -36.590625763     0.2378     0.1087    -4.6030     0.1360     4.3890     0.1850    17.8196     0.0012    18.2536     0.0156    17.2197     0.0089
138.988159180  -36.528789520     0.2725     0.0330    -4.3450     0.0480     4.6140     0.0540    15.4298     0.0005    15.6576     0.0027    15.0434     0.0045
138.977554321  -36.530036926     0.2843     0.1010    -4.2770     0.1390     4.4600     0.1520    17.5848     0.0011    18.0449     0.0135    16.9684     0.0090
139.060058594  -36.717563629     0.2852     0.0945    -4.1830     0.1270     4.5070     0.1450    17.5885     0.0011    18.0336     0.0143    17.0039     0.0088
139.117736816  -36.676174164     0.2994     0.0794    -4.3820     0.1020     4.5620     0.1230    17.2658     0.0008    17.6707     0.0072    16.7108     0.0060
139.064071655  -36.718803406     0.2843     0.0444    -4.3610     0.0600     4.5690     0.0690    16.1780     0.0005    16.4852     0.0042    15.7075     0.0032
139.005569458  -36.732646942     0.2605     0.0321    -4.5780     0.0400     4.6170     0.0460    12.7915     0.0002    13.3047     0.0008    12.1292     0.0008
139.080474854  -36.714733124     0.2942     0.0340    -4.3880     0.0450     4.4840     0.0510    15.5430     0.0004    15.7904     0.0025    15.1394     0.0012
139.111236572  -36.693531036     0.2698     0.0342    -4.2930     0.0460     4.4730     0.0550    15.6204     0.0004    15.8947     0.0026    15.1837     0.0020
139.036178589  -36.734455109     0.3612     0.1059    -4.2570     0.1400     4.7500     0.1640    17.6942     0.0012    18.2197     0.0160    17.0567     0.0095
139.140274048  -36.598011017     0.3568     0.0605    -4.3170     0.0800     4.3440     0.0920    16.6989     0.0007    17.0554     0.0059    16.1813     0.0041
138.907135010  -36.548740387     0.2617     0.0187    -4.4310     0.0260     4.4030     0.0290    14.1408     0.0002    14.3149     0.0017    13.8405     0.0008
139.094543457  -36.540142059     0.3128     0.0346    -4.5660     0.0480     4.4830     0.0570    15.7268     0.0005    16.0110     0.0027    15.2821     0.0016
139.001266479  -36.514545441     0.2173     0.0274    -4.4370     0.0370     4.6440     0.0450    14.9520     0.0003    15.1558     0.0023    14.5982     0.0022
139.128799438  -36.572353363     0.2591     0.0254    -4.4250     0.0340     4.5810     0.0450    12.0968     0.0002    12.8275     0.0010    11.2853     0.0009
139.145370483  -36.610614777     0.2954     0.0467    -4.5010     0.0610     4.5450     0.0720    16.2591     0.0005    16.5867     0.0042    15.7786     0.0029
139.101318359  -36.543804169     0.2686     0.0494    -4.3990     0.0690     4.3890     0.0950    16.3135     0.0006    16.6326     0.0045    15.8370     0.0035
138.873245239  -36.589260101     0.2871     0.0178    -4.4050     0.0240     4.6120     0.0300    13.7537     0.0002    13.9685     0.0010    13.4045     0.0011
139.121566772  -36.561588287     0.2961     0.0890    -4.4580     0.1200     4.5790     0.1430    17.5055     0.0009    17.9205     0.0079    16.9205     0.0058
139.144302368  -36.651504517     0.1944     0.0369    -4.3590     0.0480     4.4990     0.0590    15.7594     0.0005    16.0232     0.0025    15.3397     0.0023
138.976089478  -36.513935089     0.2784     0.0171    -4.4220     0.0230     4.5740     0.0280    13.0341     0.0003    13.5991     0.0010    12.3355     0.0007
139.065994263  -36.520988464     0.2740     0.0343    -4.3660     0.0470     4.4330     0.0550    15.6128     0.0006    15.8815     0.0031    15.1771     0.0018
139.040390015  -36.513076782     0.3143     0.0419    -4.4350     0.0580     4.5630     0.0670    15.9498     0.0005    16.2409     0.0036    15.4940     0.0031
138.922073364  -36.527114868     0.2828     0.1026    -4.4280     0.1430     4.7070     0.1540    17.5921     0.0010    18.0058     0.0104    17.0291     0.0048
139.150604248  -36.661441803     0.2955     0.0737    -4.2730     0.0970     4.5220     0.1300    16.9660     0.0007    17.3489     0.0053    16.4372     0.0054
138.878005981  -36.563106537     0.2425     0.0600    -4.5070     0.0840     4.5250     0.1000    16.7419     0.0007    17.1242     0.0069    16.2058     0.0038
139.104309082  -36.534217834     0.2731     0.0393    -4.4820     0.0530     4.5400     0.0650    15.9242     0.0007    16.2063     0.0023    15.4838     0.0022
139.140609741  -36.684574127     0.2475     0.0238    -4.4370     0.0310     4.4680     0.0410    14.5274     0.0003    14.7274     0.0016    14.1828     0.0016
139.043746948  -36.506778717     0.2325     0.0224    -4.4590     0.0300     4.4670     0.0380    14.4453     0.0003    14.6605     0.0012    14.0829     0.0011
138.939193726  -36.514968872     0.2291     0.0790    -4.5850     0.1110     4.5710     0.1200    17.2999     0.0010    17.6876     0.0092    16.7498     0.0078
139.107223511  -36.531391144     0.3409     0.0307    -4.5660     0.0410     4.5260     0.0500    15.3450     0.0004    15.5792     0.0022    14.9638     0.0018
138.950546265  -36.745883942     0.2181     0.0706    -4.3110     0.0940     4.4600     0.1030    16.7864     0.0007    17.1515     0.0062    16.2651     0.0037
139.163940430  -36.597705841     0.3015     0.0339    -4.4430     0.0450     4.5850     0.0570    15.5939     0.0004    15.8497     0.0030    15.1887     0.0018
139.135650635  -36.708480835     0.3042     0.0296    -4.2940     0.0360     4.5520     0.0440    14.8558     0.0003    15.0511     0.0011    14.5179     0.0013
138.841629028  -36.630352020     0.2468     0.0288    -4.2230     0.0360     4.5840     0.0440    14.9376     0.0003    15.1326     0.0019    14.6009     0.0016
139.170883179  -36.626014709     0.3338     0.0453    -4.4230     0.0620     4.5220     0.0690    16.1003     0.0005    16.4154     0.0038    15.6250     0.0021
139.079818726  -36.508762360     0.2643     0.0648    -4.2950     0.0880     4.3950     0.1020    16.8303     0.0007    17.1852     0.0072    16.2988     0.0080
138.895858765  -36.528537750     0.2650     0.1117    -4.3110     0.1580     4.2860     0.1850    18.0120     0.0012    18.4950     0.0158    17.3924     0.0108
139.165924072  -36.662960052     0.2866     0.0481    -4.4150     0.0670     4.6400     0.0830    16.3049     0.0005    16.6360     0.0052    15.7722     0.0065
139.044387817  -36.757354736     0.2103     0.0424    -4.6070     0.0580     4.3870     0.0640    15.9697     0.0006    16.2123     0.0058    15.4048     0.0058
138.866531372  -36.700500488     0.3095     0.1608    -4.3610     0.2120     4.7440     0.2380    18.2536     0.0017    18.7302     0.0261    17.5794     0.0187
139.166976929  -36.589527130     0.2570     0.0673    -4.3170     0.0870     4.6230     0.1060    16.8336     0.0007    17.2171     0.0045    16.2957     0.0031
139.078796387  -36.748477936     0.2114     0.1040    -4.3200     0.1390     4.4670     0.1550    17.7048     0.0011    18.1915     0.0130    17.1082     0.0062
139.113815308  -36.736331940     0.2414     0.0401    -4.3320     0.0540     4.5210     0.0630    15.7120     0.0004    16.0095     0.0022    15.2524     0.0018
139.103347778  -36.510784149     0.3489     0.0295    -4.4730     0.0440     4.5700     0.0500    15.2987     0.0004    15.5463     0.0022    14.8975     0.0024
139.090301514  -36.750568390     0.2782     0.0559    -4.3530     0.0750     4.5600     0.0840    16.5448     0.0006    16.9026     0.0035    16.0385     0.0027
138.910873413  -36.506870270     0.2637     0.0275    -4.3710     0.0380     4.5620     0.0430    14.9750     0.0003    15.2015     0.0013    14.6023     0.0021
138.854598999  -36.552291870     0.3574     0.0570    -4.3610     0.0810     4.7290     0.0880    16.7480     0.0007    17.1115     0.0067    16.2419     0.0040
139.184982300  -36.622097015     0.2645     0.0168    -4.6240     0.0220     4.4060     0.0280    13.4129     0.0002    13.9929     0.0013    12.6984     0.0009
138.845611572  -36.694664001     0.2434     0.0253    -4.2140     0.0320     4.6750     0.0380    14.5915     0.0003    14.8198     0.0012    14.2124     0.0014
138.893249512  -36.513057709     0.3033     0.0797    -4.5170     0.1160     4.5840     0.1160    17.2647     0.0008    17.6547     0.0085    16.7146     0.0048
138.826644897  -36.588851929     0.2838     0.0375    -4.3840     0.0500     4.4940     0.0610    15.7696     0.0005    16.0251     0.0034    15.3532     0.0026
138.906646729  -36.500537872     0.2124     0.0501    -4.3170     0.0680     4.2950     0.0750    16.3228     0.0006    16.6721     0.0043    15.8012     0.0038
139.159362793  -36.538051605     0.2857     0.0672    -4.4940     0.0880     4.4390     0.1100    16.7859     0.0007    17.1516     0.0055    16.2631     0.0045
139.093688965  -36.491729736     0.2894     0.0520    -4.4230     0.0740     4.5220     0.0770    16.2329     0.0006    16.5499     0.0042    15.7615     0.0025
139.195449829  -36.611648560     0.2827     0.0780    -4.5260     0.1000     4.7670     0.1190    17.2077     0.0008    17.6077     0.0095    16.6367     0.0045
139.182220459  -36.567970276     0.2368     0.0452    -4.5450     0.0630     4.4810     0.0760    16.2504     0.0005    16.6299     0.0034    15.7038     0.0032
139.023239136  -36.470623016     0.2684     0.0270    -4.4720     0.0350     4.5010     0.0490    12.0036     0.0002    12.7350     0.0009    11.1918     0.0006
139.185317993  -36.563209534     0.2524     0.0712    -4.4410     0.0890     4.5500     0.1080    16.8850     0.0007    17.2708     0.0055    16.3357     0.0064
139.132781982  -36.751338959     0.2423     0.0309    -4.3740     0.0430     4.6160     0.0480    15.3078     0.0004    15.5658     0.0020    14.8947     0.0017
138.815704346  -36.676368713     0.2376     0.0553    -4.3660     0.0690     4.5650     0.0840    16.4720     0.0006    16.8698     0.0050    15.9153     0.0025
138.990676880  -36.465900421     0.3134     0.0341    -4.4500     0.0450     4.5690     0.0510    15.6663     0.0006    15.9201     0.0028    15.2489     0.0026
138.900192261  -36.764968872     0.1968     0.0524    -4.4470     0.0730     4.4830     0.0800    16.3592     0.0005    16.6961     0.0049    15.8689     0.0026
139.197860718  -36.680763245     0.2888     0.0252    -4.4780     0.0320     4.3960     0.0410    14.7567     0.0003    14.9703     0.0014    14.3969     0.0014
139.030044556  -36.790027618     0.2504     0.2601    -4.2520     0.3460     4.3850     0.3650    19.0088     0.0026    19.4525     0.0362    18.3653     0.0246
139.187408447  -36.546733856     0.2786     0.0578    -4.3340     0.0850     4.5520     0.0910    16.6636     0.0006    17.0026     0.0043    16.1638     0.0037
138.881896973  -36.494182587     0.3456     0.0425    -4.4400     0.0590     4.5470     0.0620    16.1039     0.0005    16.3956     0.0031    15.6455     0.0034
139.206634521  -36.670616150     0.3082     0.1467    -4.3820     0.1950     4.3310     0.2300    18.3593     0.0016    18.9265     0.0216    17.7047     0.0107
