      RA_ICRS        e         DE_ICRS        e            Source            Plx       e        pmRA      e       pmDE      e   Dup       FG          e         Gmag     e        FBP          e        BPmag     e        FRP          e        RPmag     e     BP-RP      RV     e      Teff      AG   E(BP-RP)    Rad      Lum
        deg         mas          deg         mas                             mas      mas      mas/yr  mas/yr    mas/yr  mas/yr          e-/s        e-/s       mag     mag       e-/s        e-/s       mag     mag       e-/s        e-/s       mag     mag     mag      km/s   km/s     K       mag      mag    solRad    solLum

289.70596212473 	0.2954	+21.73567607250 	0.4541	4517101771923721984 	1.8217 	0.6020 	3.763 	0.626 	0.652 	1.012	0 	2.7391e+02 	9.7926e-01	19.5943	0.0039 	5.4021e+01 	5.2753e+00	21.0200	0.1060 	4.0406e+02 	9.2251e+00	18.2458	0.0248 	2.7742
289.54592441045 	0.2048	+21.63035316984 	0.3305	4517093697373399296 	1.5839 	0.3902 	5.150 	0.437 	3.800 	0.762	0 	3.4033e+02 	8.8978e-01	19.3586	0.0028 	7.1556e+01 	6.3128e+00	20.7148	0.0958 	5.1733e+02 	7.7645e+00	17.9775	0.0163 	2.7373
289.90004235947 	0.1337	+21.63693100606 	0.1595	4517085073089541888 	1.1048 	0.2200 	3.747 	0.267 	2.956 	0.299	0 	6.7305e+02 	1.1461e+00	18.6182	0.0018 	1.4924e+02 	6.3585e+00	19.9167	0.0463 	8.0887e+02 	7.7816e+00	17.4922	0.0104 	2.4245
289.89426221901 	0.2449	+21.58207610354 	0.5045	4517084209778674176 	0.7339 	0.4973 	3.441 	0.516 	5.745 	1.064	0 	2.9414e+02 	9.1559e-01	19.5170	0.0034 	4.6417e+01 	3.2371e+00	21.1847	0.0757 	3.9277e+02 	1.1201e+01	18.2766	0.0310 	2.9081
289.80130458255 	0.1921	+21.55783532238 	0.3181	4517078368623119360 	1.1184 	0.3838 	5.001 	0.422 	2.746 	0.707	0 	3.7988e+02 	9.1318e-01	19.2393	0.0026 	5.0626e+01 	6.2890e+00	21.0904	0.1349 	5.5618e+02 	6.1858e+00	17.8989	0.0121 	3.1916
289.91909023385 	0.3331	+21.50544481802 	0.5734	4517036007359843712 	0.9489 	0.6204 	2.014 	0.777 	2.574 	1.153	1 	2.4721e+02 	1.1761e+00	19.7057	0.0052 	4.3827e+01 	5.7654e+00	21.2470	0.1428 	4.2271e+02 	7.1154e+00	18.1968	0.0183 	3.0502
290.06045910075 	0.2585	+21.52692804723 	0.4841	4517034839130770048 	0.4639 	0.5169 	3.139 	0.535 	4.239 	1.059	0 	2.4056e+02 	8.0114e-01	19.7353	0.0036 	3.9339e+01 	4.7877e+00	21.3643	0.1321 	3.1341e+02 	6.0252e+00	18.5216	0.0209 	2.8427
289.92231500306 	0.3100	+21.42703478540 	0.5201	4517026661510963584 	1.2200 	0.6159 	2.217 	0.661 	2.212 	1.155	0 	2.1340e+02 	8.1596e-01	19.8654	0.0042 	3.9940e+01 	7.3352e+00	21.3479	0.1994 	2.9845e+02 	6.6568e+00	18.5747	0.0242 	2.7731
289.86913271325 	0.2329	+21.30775485954 	0.3394	4517024118889673216 	0.7607 	0.3634 	2.927 	0.516 	4.564 	0.756	0 	4.0555e+02 	1.0276e+00	19.1682	0.0028 	1.2440e+02 	1.2530e+01	20.1143	0.1094 	8.2374e+02 	3.7448e+01	17.4724	0.0494 	2.6419
289.92484619825 	0.2165	+21.31406242757 	0.3130	4517023255602334592 	1.4554 	0.3766 	3.629 	0.446 	4.175 	0.675	0 	3.2755e+02 	1.0028e+00	19.4002	0.0033 	4.5503e+01 	5.6612e+00	21.2063	0.1351 	4.6211e+02 	5.8965e+00	18.1001	0.0139 	3.1062
290.18831208445 	0.2508	+21.46403179161 	0.3808	4517021571975482880 	1.6972 	0.4321 	4.910 	0.516 	1.621 	0.917	0 	3.0168e+02 	1.0209e+00	19.4895	0.0037 	5.1620e+01 	5.9975e+00	21.0693	0.1261 	3.5650e+02 	6.2024e+00	18.3818	0.0189 	2.6876
290.24051338015 	0.1048	+21.44093558112 	0.1201	4517020884777090560 	1.7354 	0.1612 	3.157 	0.204 	3.111 	0.242	0 	1.0206e+03 	1.3019e+00	18.1662	0.0014 	2.0228e+02 	8.0501e+00	19.5865	0.0432 	1.3013e+03 	7.5107e+00	16.9760	0.0063 	2.6105
290.33405316331 	0.1868	+21.34116279792 	0.2826	4517016040057393408 	2.3076 	0.3385 	3.103 	0.392 	2.254 	0.707	0 	3.6284e+02 	9.8500e-01	19.2891	0.0029 	4.3625e+01 	4.8350e+00	21.2521	0.1203 	5.1547e+02 	8.0700e+00	17.9814	0.0170 	3.2706
290.21169352045 	0.1489	+21.37775507547 	0.2559	4517015838192959744 	1.4047 	0.2714 	4.620 	0.303 	3.754 	0.467	0 	4.5464e+02 	1.0715e+00	19.0442	0.0026 	8.5913e+01 	1.4587e+01	20.5162	0.1843 	6.5183e+02 	1.2241e+01	17.7266	0.0204 	2.7896
289.97563116506 	0.2484	+21.19077367478 	0.3786	4517009511706519552 	2.3844 	0.4366 	5.378 	0.544 	3.899 	0.908	0 	2.5906e+02 	9.1381e-01	19.6549	0.0038 	3.5464e+01 	5.1768e+00	21.4769	0.1585 	3.7940e+02 	5.5808e+00	18.3142	0.0160 	3.1628
289.97133175502 	0.0757	+21.14518838559 	0.0993	4517006354926547584 	1.9683 	0.1292 	3.671 	0.156 	2.943 	0.190	0 	1.2614e+03 	1.2545e+00	17.9363	0.0011 	3.0270e+02 	8.7897e+00	19.1489	0.0315 	1.4947e+03 	8.6264e+00	16.8256	0.0063 	2.3233
290.03633350412 	0.0351	+21.12682855222 	0.0518	4517005392853836160 	1.7330 	0.0644 	3.657 	0.073 	3.218 	0.100	0 	4.4023e+03 	2.2623e+00	16.5792	0.0006 	1.3570e+03 	1.1927e+01	17.5199	0.0095 	4.5616e+03 	1.2164e+01	15.6141	0.0029 	1.9058 	  	 	3851.50 	1.1682 	0.6050 	0.73 	0.107
289.74856781668 	0.3281	+21.31612690650 	0.4920	4517003464392978432 	1.2681 	0.5799 	4.524 	0.702 	5.595 	1.106	0 	2.1000e+02 	8.7871e-01	19.8828	0.0045 	4.0804e+01 	4.3396e+00	21.3246	0.1155 	2.8768e+02 	6.2522e+00	18.6146	0.0236 	2.7100
289.66581756448 	0.2447	+21.21316390177 	0.3903	4517001162290237824 	1.3224 	0.4446 	3.913 	0.520 	5.761 	0.943	0 	2.2171e+02 	8.4472e-01	19.8239	0.0041 	3.5626e+01 	4.7008e+00	21.4720	0.1433 	3.3244e+02 	1.1015e+01	18.4576	0.0360 	3.0143
289.96704329540 	0.2686	+21.04849013694 	0.4444	4516981512834199808 	0.4948 	0.4736 	3.369 	0.547 	2.824 	0.932	0 	2.6783e+02 	8.6757e-01	19.6187	0.0035 	4.8410e+01 	5.6973e+00	21.1391	0.1278 	3.6518e+02 	8.7258e+00	18.3557	0.0259 	2.7834
289.91988999350 	0.0720	+21.00709678471 	0.0971	4516979481294296448 	1.6293 	0.1240 	3.849 	0.148 	3.179 	0.187	0 	1.2722e+03 	1.4371e+00	17.9270	0.0012 	2.7199e+02 	5.2200e+00	19.2650	0.0208 	1.5523e+03 	8.4394e+00	16.7845	0.0059 	2.4805
290.34313482717 	0.0986	+21.24328193222 	0.1208	4516825588343646336 	1.7676 	0.1517 	3.770 	0.208 	3.708 	0.260	0 	8.4509e+02 	1.1408e+00	18.3711	0.0015 	1.7777e+02 	7.1504e+00	19.7268	0.0437 	1.1436e+03 	7.5255e+00	17.1162	0.0071 	2.6105
290.23496404898 	0.0587	+21.16610867079 	0.0763	4516819747187634944 	1.8384 	0.0939 	3.882 	0.124 	3.932 	0.155	0 	1.8078e+03 	1.4557e+00	17.5455	0.0009 	4.3597e+02 	6.6876e+00	18.7528	0.0167 	2.0836e+03 	7.4768e+00	16.4649	0.0039 	2.2878
290.23969361175 	0.0216	+21.10625497751 	0.0292	4516818200999385088 	1.6799 	0.0375 	4.047 	0.045 	3.803 	0.059	0 	9.0955e+03 	4.7649e+00	15.7913	0.0006 	3.3016e+03 	8.2336e+00	16.5546	0.0027 	8.4421e+03 	1.3972e+01	14.9458	0.0018 	1.6088 	  	 	4275.00 	0.7810 	0.3883 	0.78 	0.181
290.55543837380 	0.1867	+21.10362296487 	0.2525	4516809469309554048 	1.1972 	0.3289 	4.725 	0.388 	4.835 	0.559	0 	4.1383e+02 	9.2949e-01	19.1463	0.0024 	6.5533e+01 	7.5676e+00	20.8102	0.1254 	5.9967e+02 	8.0559e+00	17.8171	0.0146 	2.9931
290.54971570929 	0.3015	+20.96382185921 	0.4329	4516803044040375680 	2.1465 	0.5331 	4.483 	0.637 	1.885 	0.970	0 	2.3667e+02 	8.9618e-01	19.7530	0.0041 	4.4226e+01 	4.7306e+00	21.2372	0.1161 	4.0029e+02 	6.9166e+00	18.2560	0.0188 	2.9812
290.02402012007 	0.1175	+21.03674686610 	0.1552	4516793698189595008 	1.3993 	0.1982 	4.491 	0.240 	3.826 	0.293	0 	5.9609e+02 	9.0690e-01	18.7501	0.0017 	9.8949e+01 	5.3032e+00	20.3629	0.0582 	8.1897e+02 	7.7219e+00	17.4788	0.0102 	2.8841
289.95854635050 	0.2327	+23.18615568374 	0.3870	2022333489320350976 	0.4616 	0.4978 	3.186 	0.664 	4.934 	0.971	0 	2.6500e+02 	1.2013e+00	19.6302	0.0049 	6.2984e+01 	4.0744e+00	20.8533	0.0702 	4.2480e+02 	7.9872e+00	18.1915	0.0204 	2.6619
290.76058808880 	0.2210	+23.34288968949 	0.3547	2022318680274810752 	0.7838 	0.5652 	2.414 	0.697 	3.382 	0.813	0 	2.6693e+02 	7.9327e-01	19.6224	0.0032 	5.1850e+01 	4.3590e+00	21.0645	0.0913 	3.9299e+02 	7.5969e+00	18.2760	0.0210 	2.7886
290.92607216163 	0.2164	+23.19029116921 	0.3377	2022301161136027520 	2.4658 	0.5235 	4.504 	0.714 	3.322 	0.780	0 	2.7004e+02 	8.1811e-01	19.6098	0.0033 	4.7619e+01 	5.2640e+00	21.1569	0.1200 	4.3914e+02 	9.1417e+00	18.1554	0.0226 	3.0015
290.91890114752 	0.0630	+23.17532375101 	0.1009	2022300985004210560 	1.4556 	0.1582 	2.895 	0.207 	4.002 	0.238	0 	1.1699e+03 	1.7411e+00	18.0180	0.0016 	1.4620e+02 	4.6441e+00	19.9390	0.0345 	1.6389e+03 	6.5747e+00	16.7255	0.0044 	3.2135
290.63611535476 	0.0166	+23.10987327253 	0.0256	2022296831808686720 	1.6730 	0.0384 	3.699 	0.049 	4.369 	0.057	0 	1.0643e+04 	3.2759e+00	15.6207	0.0003 	3.8865e+03 	7.7915e+00	16.3775	0.0022 	9.8739e+03 	1.3328e+01	14.7757	0.0015 	1.6018 	  	 	4510.91 	1.1707 	0.5800 	0.72 	0.192
290.78928189619 	0.0977	+23.06145738570 	0.1601	2022292811719152896 	1.6300 	0.2217 	4.194 	0.313 	3.338 	0.383	0 	6.5819e+02 	1.2208e+00	18.6425	0.0020 	1.2383e+02 	5.5624e+00	20.1193	0.0488 	9.5988e+02 	5.7648e+00	17.3064	0.0065 	2.8130
290.17891035820 	0.2034	+23.08313135406 	0.3755	2022282675564107648 	1.4691 	0.4981 	4.000 	0.602 	6.019 	1.013	0 	2.3179e+02 	6.4756e-01	19.7756	0.0030 	4.4605e+01 	1.5276e+01	21.2279	0.3718 	3.8111e+02 	8.9717e+00	18.3093	0.0256 	2.9187
290.63674633363 	0.1058	+23.04160730146 	0.1619	2022269992523823488 	1.5191 	0.2361 	2.685 	0.330 	3.006 	0.379	0 	5.4714e+02 	8.4514e-01	18.8431	0.0017 	1.1018e+02 	4.7222e+00	20.2462	0.0465 	7.1635e+02 	6.2136e+00	17.6241	0.0094 	2.6221
290.60616766340 	0.0192	+22.91624563911 	0.0262	2022266732676212224 	1.6728 	0.0380 	3.850 	0.057 	3.825 	0.059	0 	9.4041e+03 	4.2650e+00	15.7551	0.0005 	3.4414e+03 	1.0300e+01	16.5096	0.0032 	8.7639e+03 	1.4855e+01	14.9052	0.0018 	1.6044 	  	 	4280.53 	0.4730 	0.2305 	0.79 	0.188
290.49192165616 	0.1944	+22.85738952988 	0.2305	2022260857160396032 	1.7634 	0.3436 	3.198 	0.432 	3.777 	0.522	1 	5.2021e+02 	1.2212e+00	18.8979	0.0025 	7.8614e+01 	7.6770e+00	20.6126	0.1060 	6.9182e+02 	7.6711e+00	17.6619	0.0120 	2.9507
289.72179396044 	0.0798	+23.08003372894 	0.1241	2022249037405812864 	1.6176 	0.1569 	4.036 	0.210 	4.416 	0.302	0 	4.8293e+03 	5.6436e+00	16.4787	0.0013 	2.5905e+03 	1.6261e+01	16.8179	0.0068 	7.6510e+03 	3.5108e+01	15.0526	0.0050 	1.7653 	  	 	4981.50
289.87043000287 	0.1930	+22.85217264154 	0.3179	2022230620583271424 	1.8140 	0.4234 	2.431 	0.622 	1.855 	0.850	0 	2.5446e+02 	7.0859e-01	19.6743	0.0030 	5.0094e+01 	3.5449e+00	21.1019	0.0768 	3.6201e+02 	6.8507e+00	18.3651	0.0205 	2.7368
289.64426859009 	0.1940	+22.67961185441 	0.3492	2022198558623901952 	1.2936 	0.4973 	4.738 	0.588 	1.471 	1.014	0 	2.5259e+02 	6.4533e-01	19.6823	0.0028 	4.7351e+01 	3.4763e+00	21.1631	0.0797 	3.5291e+02 	6.2888e+00	18.3928	0.0193 	2.7703
290.01081814308 	0.2296	+22.84514986440 	0.3705	2022182997994163200 	0.3711 	0.4965 	4.306 	0.694 	2.236 	0.943	0 	2.7818e+02 	8.8283e-01	19.5776	0.0034 	5.9855e+01 	5.6437e+00	20.9086	0.1024 	4.2836e+02 	6.0793e+00	18.1824	0.0154 	2.7262
289.86669112755 	0.2063	+22.76230040755 	0.3567	2022177255592756096 	1.3546 	0.4737 	4.343 	0.644 	3.407 	0.961	0 	2.4336e+02 	6.3258e-01	19.7227	0.0028 	5.5032e+01 	5.5522e+00	20.9999	0.1095 	3.7415e+02 	7.5933e+00	18.3293	0.0220 	2.6705
290.24343061105 	0.0137	+22.69265094407 	0.0226	2022163997057918080 	1.5335 	0.0328 	4.073 	0.037 	3.560 	0.044	0 	3.3711e+04 	6.0990e+00	14.3689	0.0002 	1.2561e+04 	1.4881e+01	15.1038	0.0013 	3.0993e+04 	1.7837e+01	13.5338	0.0006 	1.5701 	  	 	4419.77 	2.0690 	1.0295 	1.48 	0.752
289.98422346908 	0.1548	+22.45505452256 	0.2514	2022153001940840064 	1.9931 	0.3132 	3.166 	0.448 	3.170 	0.700	0 	4.2581e+02 	9.1829e-01	19.1153	0.0023 	7.2394e+01 	5.4688e+00	20.7021	0.0820 	6.2668e+02 	7.7661e+00	17.7693	0.0135 	2.9328
289.63643580450 	0.0231	+22.59347303151 	0.0370	2022150626790098176 	1.5821 	0.0601 	4.187 	0.068 	4.214 	0.079	0 	6.2153e+03 	2.6266e+00	16.2047	0.0005 	2.1034e+03 	6.3754e+00	17.0441	0.0033 	6.1179e+03 	1.0183e+01	15.2954	0.0018 	1.7487 	  	 	3980.00 	  	  	0.86 	0.166
289.83636535415 	0.2513	+22.48308633679 	0.3955	2022133653084320896 	1.5184 	0.5140 	5.459 	0.745 	3.633 	1.127	0 	2.0937e+02 	7.0882e-01	19.8861	0.0037 	4.3346e+01 	4.5460e+00	21.2590	0.1139 	3.1744e+02 	5.3664e+00	18.5078	0.0184 	2.7512
291.44066728380 	0.1205	+23.34364498935 	0.1909	2019679818003018752 	1.5445 	0.2495 	3.963 	0.375 	3.200 	0.481	0 	5.1010e+02 	9.0480e-01	18.9192	0.0019 	9.4128e+01 	4.0951e+00	20.4171	0.0472 	6.7151e+02 	6.5394e+00	17.6943	0.0106 	2.7228
291.30298394188 	0.2614	+23.30443145188 	0.5972	2019674286083735552 	1.3112 	0.4566 	4.174 	0.589 	3.854 	1.047	1 	4.7888e+02 	1.2354e+00	18.9878	0.0028 	1.1855e+02 	1.3596e+01	20.1666	0.1245 	6.9451e+02 	1.7922e+01	17.6577	0.0280 	2.5089
291.67487106215 	0.1946	+23.33395696600 	0.2853	2019665867956430976 	2.4070 	0.3954 	2.258 	0.587 	3.960 	0.672	0 	3.2418e+02 	9.7462e-01	19.4114	0.0033 	7.8412e+01 	6.0605e+00	20.6154	0.0839 	5.9087e+02 	6.9794e+00	17.8332	0.0128 	2.7822
291.48044877693 	0.2071	+23.22727586479 	0.2736	2019660576556488064 	1.3058 	0.4545 	2.876 	0.584 	3.381 	0.635	0 	3.2684e+02 	8.1468e-01	19.4025	0.0027 	5.5550e+01 	5.1448e+00	20.9897	0.1006 	4.4423e+02 	7.5164e+00	18.1429	0.0184 	2.8468
291.44162468517 	0.2098	+23.22867123033 	0.3065	2019660443432368640 	2.0980 	0.4950 	2.431 	0.660 	2.780 	0.758	0 	3.2542e+02 	8.1116e-01	19.4072	0.0027 	5.5485e+01 	5.1394e+00	20.9909	0.1006 	4.9509e+02 	7.1129e+00	18.0252	0.0156 	2.9657
291.31142408615 	0.0870	+23.15341318956 	0.1568	2019658927288466048 	1.2651 	0.2313 	3.728 	0.249 	4.508 	0.302	0 	8.1622e+02 	1.0001e+00	18.4088	0.0013 	1.7384e+02 	5.9647e+00	19.7510	0.0373 	1.0501e+03 	6.6268e+00	17.2088	0.0069 	2.5422
291.40504760433 	0.1592	+23.17665567737 	0.2548	2019658725445300352 	1.6908 	0.3912 	3.588 	0.458 	2.762 	0.618	0 	3.6411e+02 	8.1424e-01	19.2853	0.0024 	5.3857e+01 	5.2830e+00	21.0233	0.1065 	5.1709e+02 	1.0133e+01	17.9780	0.0213 	3.0453
291.39886861720 	0.3123	+23.08025406248 	0.6150	2019654842792827008 	1.2918 	1.0027 	1.078 	1.034 	1.597 	1.149	1 	2.0063e+02 	8.0662e-01	19.9324	0.0044 	3.5564e+01 	5.2161e+00	21.4739	0.1592 	3.1136e+02 	6.6952e+00	18.5288	0.0233 	2.9451
291.72863853587 	0.2398	+23.21000703315 	0.3281	2019615634018748032 	0.9647 	0.4845 	5.112 	0.648 	2.290 	0.797	0 	2.3975e+02 	9.1811e-01	19.7390	0.0042 	4.8915e+01 	5.4490e+00	21.1278	0.1209 	3.2632e+02 	6.9448e+00	18.4778	0.0231 	2.6500
291.62948906139 	0.2097	+23.05583567491 	0.2932	2019607598133344000 	2.4419 	0.4541 	3.441 	0.557 	3.734 	0.659	0 	2.9017e+02 	8.7234e-01	19.5317	0.0033 	5.6686e+01 	6.9545e+00	20.9677	0.1332 	4.6002e+02 	6.3710e+00	18.1050	0.0150 	2.8627
291.63969928652 	0.0238	+22.88600662863 	0.0302	2019600790605390208 	1.7045 	0.0407 	3.767 	0.056 	3.594 	0.063	0 	1.3066e+04 	6.5624e+00	15.3980	0.0005 	4.2203e+03 	1.3857e+01	16.2880	0.0036 	1.3161e+04 	2.3156e+01	14.4637	0.0019 	1.8243 	  	 	3915.74 	  	  	1.22 	0.313
291.64509599316 	0.0801	+22.86973258745 	0.0952	2019600687530920576 	1.6126 	0.1474 	3.886 	0.185 	3.736 	0.197	1 	1.3762e+03 	1.6331e+00	17.8417	0.0013 	2.9498e+02 	6.5100e+00	19.1769	0.0240 	1.7058e+03 	9.3100e+00	16.6821	0.0059 	2.4948
291.70766442065 	0.2907	+22.87345114659 	0.3853	2019589417536777088 	1.0642 	0.5377 	3.356 	0.684 	2.197 	0.853	0 	2.4304e+02 	1.0121e+00	19.7242	0.0045 	5.0574e+01 	5.8126e+00	21.0916	0.1248 	3.4325e+02 	9.4715e+00	18.4229	0.0300 	2.6687
291.68901736847 	0.1530	+22.79805783189 	0.1824	2019587733905585408 	1.2007 	0.2666 	4.423 	0.333 	4.197 	0.379	0 	6.0298e+02 	1.2629e+00	18.7376	0.0023 	1.1077e+02 	6.5214e+00	20.2403	0.0639 	8.1885e+02 	6.4001e+00	17.4789	0.0085 	2.7614
291.89988066279 	0.2537	+22.79003378718 	0.2983	2019585363083629056 	1.8070 	0.4008 	4.241 	0.574 	4.264 	0.647	0 	2.8042e+02 	8.4693e-01	19.5688	0.0033 	5.9038e+01 	8.4109e+00	20.9236	0.1547 	3.9993e+02 	6.6565e+00	18.2570	0.0181 	2.6666
291.12030448078 	0.0829	+23.14141570014 	0.1313	2019296260242426496 	1.5178 	0.1876 	4.025 	0.243 	3.478 	0.267	0 	9.0029e+02 	1.0316e+00	18.3024	0.0012 	1.0893e+02 	5.5889e+00	20.2585	0.0557 	1.2783e+03 	6.6471e+00	16.9954	0.0056 	3.2631
291.11177188031 	0.2368	+23.08812980374 	0.3627	2019293614549784320 	1.0929 	0.5181 	3.013 	0.753 	3.987 	0.827	0 	2.1683e+02 	6.8588e-01	19.8481	0.0034 	3.0977e+01 	6.2859e+00	21.6238	0.2203 	3.3999e+02 	8.3743e+00	18.4333	0.0267 	3.1905
290.93772356527 	0.2203	+23.03450400167 	0.3627	2019290693971950720 	2.1072 	0.5009 	5.254 	0.677 	1.611 	0.828	0 	1.9562e+02 	7.1136e-01	19.9598	0.0039 	2.7726e+01 	3.0058e+00	21.7442	0.1177 	3.2612e+02 	7.2016e+00	18.4785	0.0240 	3.2657
291.23288994964 	0.1755	+23.10673768234 	0.2853	2019283306620892544 	0.9824 	0.4278 	4.668 	0.507 	2.233 	0.598	0 	2.8663e+02 	8.2395e-01	19.5451	0.0031 	3.5424e+01 	7.1871e+00	21.4781	0.2203 	4.4705e+02 	6.6093e+00	18.1360	0.0161 	3.3421
291.21270678197 	0.1663	+23.00508638582 	0.3019	2019280420402830720 	2.1349 	0.4168 	4.082 	0.485 	4.821 	0.609	0 	2.9992e+02 	7.6482e-01	19.4958	0.0028 	5.6890e+01 	5.9444e+00	20.9638	0.1134 	4.1702e+02 	5.2601e+00	18.2115	0.0137 	2.7523
291.31149004031 	0.0309	+22.99088254075 	0.0487	2019278500588468352 	1.7473 	0.0714 	3.807 	0.087 	4.250 	0.105	0 	4.5890e+03 	2.5504e+00	16.5341	0.0006 	9.2674e+02 	5.8381e+00	17.9340	0.0068 	5.7490e+03 	8.7394e+00	15.3629	0.0017 	2.5710 	  	 	3279.00
291.25970935574 	0.2392	+22.96051448295 	0.4238	2019277053155626752 	1.5841 	0.6079 	2.592 	0.695 	2.261 	0.779	0 	2.3137e+02 	7.6469e-01	19.7776	0.0036 	3.3486e+01 	4.7099e+00	21.5392	0.1527 	3.5618e+02 	1.3441e+01	18.3827	0.0410 	3.1565
291.25930270056 	0.0572	+22.89546854020 	0.0762	2019275580010287744 	1.5982 	0.1057 	4.093 	0.159 	2.600 	0.167	0 	1.9602e+03 	1.9998e+00	17.4576	0.0011 	3.5145e+02 	6.1645e+00	18.9867	0.0190 	2.5707e+03 	7.5442e+00	16.2368	0.0032 	2.7499
291.15744082748 	0.0721	+22.90317548627 	0.1026	2019273587145551488 	1.7271 	0.1344 	3.688 	0.200 	3.352 	0.227	0 	1.3207e+03 	1.3355e+00	17.8863	0.0011 	2.7540e+02 	4.5208e+00	19.2515	0.0178 	1.6526e+03 	6.7659e+00	16.7165	0.0044 	2.5350
291.16295863194 	0.1969	+22.86237426435 	0.2680	2019270426049600512 	1.4241 	0.3650 	2.998 	0.523 	3.256 	0.610	1 	3.1237e+02 	8.3310e-01	19.4517	0.0029 	5.5979e+01 	7.7766e+00	20.9813	0.1508 	4.5532e+02 	5.4849e+00	18.1161	0.0131 	2.8652
290.69845736650 	0.1210	+22.90079303351 	0.1626	2019265302119556352 	1.6590 	0.2430 	4.088 	0.357 	3.605 	0.385	0 	4.7737e+02 	9.6708e-01	18.9912	0.0022 	9.0743e+01 	5.8716e+00	20.4569	0.0703 	7.1128e+02 	6.6544e+00	17.6318	0.0102 	2.8250
290.70343874858 	0.0317	+22.87316754643 	0.0425	2019264447461279360 	1.6399 	0.0611 	4.167 	0.093 	3.918 	0.106	0 	3.7320e+03 	2.2112e+00	16.7585	0.0006 	1.1252e+03 	6.3348e+00	17.7234	0.0061 	3.9532e+03 	7.8879e+00	15.7696	0.0022 	1.9538 	  	 	3924.52 	1.4893 	0.6840 	0.67 	0.096
290.76476901565 	0.0188	+22.86136826208 	0.0257	2019264241302760320 	1.6495 	0.0348 	3.749 	0.051 	3.536 	0.059	0 	1.0607e+04 	3.6567e+00	15.6244	0.0004 	3.7353e+03 	1.8167e+01	16.4206	0.0053 	1.0243e+04 	1.0625e+01	14.7359	0.0011 	1.6847 	  	 	4241.00 	  	  	0.87 	0.223
290.59915724816 	0.0935	+22.83843269415 	0.1317	2019263309254704640 	1.6956 	0.1913 	3.973 	0.277 	4.057 	0.335	0 	6.6455e+02 	9.9549e-01	18.6320	0.0016 	1.2963e+02 	4.9294e+00	20.0696	0.0413 	9.1830e+02 	6.7128e+00	17.3545	0.0079 	2.7152
290.74949144455 	0.1824	+22.82078744626 	0.2199	2019259667122426368 	1.7935 	0.3181 	3.384 	0.456 	2.075 	0.557	1 	3.8955e+02 	8.7528e-01	19.2120	0.0024 	8.1784e+01 	8.3597e+00	20.5697	0.1110 	5.5664e+02 	1.1425e+01	17.8980	0.0223 	2.6717
290.77157388198 	0.0496	+22.78498953504 	0.0682	2019259327860114688 	1.6863 	0.0975 	3.921 	0.132 	4.017 	0.158	0 	2.0707e+03 	1.5080e+00	17.3981	0.0008 	5.2028e+02 	5.1177e+00	18.5608	0.0107 	2.3657e+03 	6.4930e+00	16.3270	0.0030 	2.2338
290.71025598564 	0.1871	+22.72987655100 	0.2444	2019258636334648192 	1.5580 	0.3449 	3.522 	0.469 	4.594 	0.629	0 	3.0885e+02 	9.2342e-01	19.4640	0.0032 	6.4896e+01 	5.7412e+00	20.8208	0.0961 	4.2825e+02 	6.8481e+00	18.1827	0.0174 	2.6382
290.41692988581 	0.1716	+22.67843790088 	0.2840	2019254581884806016 	2.4004 	0.4132 	2.906 	0.467 	2.743 	0.616	0 	3.3229e+02 	8.2872e-01	19.3846	0.0027 	5.5307e+01 	5.7674e+00	20.9944	0.1132 	4.6013e+02 	6.6962e+00	18.1047	0.0158 	2.8897
290.61437582000 	0.0558	+22.68570010992 	0.0830	2019252421534503936 	1.6877 	0.1137 	3.409 	0.144 	3.596 	0.190	0 	1.5685e+03 	1.3602e+00	17.6997	0.0009 	4.2307e+02 	7.4642e+00	18.7854	0.0192 	1.9183e+03 	1.1159e+01	16.5546	0.0063 	2.2307
290.54895791081 	0.1934	+22.58108647838 	0.3166	2019249947633378688 	3.0593 	0.5133 	3.283 	0.522 	3.986 	0.607	0 	3.6338e+02 	9.7526e-01	19.2875	0.0029 	8.3736e+01 	5.6114e+00	20.5441	0.0728 	5.6921e+02 	7.2183e+00	17.8737	0.0138 	2.6704
290.78480301548 	0.0164	+22.63304036104 	0.0223	2019245412164968704 	1.7073 	0.0303 	4.123 	0.041 	3.325 	0.050	0 	1.3697e+04 	4.1375e+00	15.3468	0.0003 	5.3773e+03 	1.0270e+01	16.0250	0.0021 	1.2049e+04 	1.5143e+01	14.5596	0.0014 	1.4654 	  	 	4569.61 	  	  	0.77 	0.232
290.99039047599 	0.1392	+22.61563658679 	0.1778	2019242384177111808 	1.9863 	0.2238 	3.603 	0.302 	3.138 	0.404	0 	4.8117e+02 	9.8703e-01	18.9826	0.0022 	4.6013e+01 	4.4095e+00	21.1942	0.1040 	7.4432e+02 	9.2063e+00	17.5825	0.0134 	3.6117
290.88067001562 	0.0202	+22.63077924381 	0.0305	2019241907471553920 	1.6530 	0.0400 	3.850 	0.049 	3.719 	0.060	0 	1.0919e+04 	6.4056e+00	15.5929	0.0006 	3.8778e+03 	1.1066e+01	16.3799	0.0031 	1.0398e+04 	1.5831e+01	14.7196	0.0017 	1.6603 	  	 	4260.67 	  	  	0.87 	0.226
290.97069928078 	0.0294	+22.60428632730 	0.0371	2019240911039028480 	1.6427 	0.0482 	3.710 	0.067 	3.657 	0.076	0 	5.2557e+03 	3.6551e+00	16.3868	0.0008 	1.5040e+03 	1.0649e+01	17.4083	0.0077 	5.7330e+03 	1.6798e+01	15.3660	0.0032 	2.0423 	  	 	4320.73 	2.1390 	1.0670 	0.58 	0.107
290.97664045290 	0.1778	+22.59172424834 	0.2344	2019240666190189952 	1.2723 	0.2964 	3.486 	0.397 	2.943 	0.561	0 	3.8240e+02 	1.0643e+00	19.2321	0.0030 	7.5625e+01 	6.8568e+00	20.6547	0.0984 	5.0624e+02 	5.3891e+00	18.0010	0.0116 	2.6537
290.91463363273 	0.0229	+22.51956825595 	0.0305	2019239914606621696 	1.6363 	0.0391 	3.645 	0.048 	3.718 	0.060	0 	9.1493e+03 	4.7518e+00	15.7849	0.0006 	3.2837e+03 	1.0562e+01	16.5605	0.0035 	8.6893e+03 	1.9681e+01	14.9145	0.0025 	1.6460 	  	 	4274.00 	1.2767 	0.6267 	0.80 	0.192
290.69855278806 	0.0694	+22.50780902390 	0.0830	2019236268142837888 	1.7009 	0.1178 	3.461 	0.152 	3.331 	0.182	0 	1.6053e+03 	2.0048e+00	17.6745	0.0014 	3.3503e+02 	6.7757e+00	19.0387	0.0220 	2.0107e+03 	1.2220e+01	16.5036	0.0066 	2.5351
290.65443215097 	0.1862	+22.47891168134 	0.1988	2019235924546208000 	1.4451 	0.2775 	3.024 	0.424 	2.923 	0.416	0 	5.4016e+02 	1.0611e+00	18.8571	0.0021 	1.0491e+02 	5.4089e+00	20.2993	0.0560 	7.6786e+02 	5.6666e+00	17.5487	0.0080 	2.7506
290.61831681059 	0.2088	+22.46422240228 	0.2650	2019235855826727936 	0.9129 	0.3031 	4.490 	0.455 	4.329 	0.535	0 	4.6612e+02 	1.2759e+00	19.0171	0.0030 	1.0662e+02 	5.9241e+00	20.2818	0.0603 	5.9876e+02 	7.5828e+00	17.8188	0.0138 	2.4630
290.77312880700 	0.0171	+22.50432511167 	0.0217	2019234726285469952 	1.6779 	0.0304 	3.946 	0.038 	3.384 	0.044	0 	2.2343e+04 	2.5261e+01	14.8155	0.0012 	9.4471e+03 	4.1311e+01	15.4131	0.0047 	1.8895e+04 	8.0470e+01	14.0710	0.0046 	1.3421 	  	 	4703.32 	0.8705 	0.3990 	0.92 	0.374
290.71150399228 	0.0207	+22.43831102394 	0.0224	2019232458543019520 	1.6974 	0.0328 	3.716 	0.045 	3.535 	0.045	0 	2.4879e+04 	1.2505e+01	14.6988	0.0005 	1.0681e+04 	2.9391e+01	15.2799	0.0030 	2.0578e+04 	2.3558e+01	13.9784	0.0012 	1.3014 	  	 	4842.82 	0.7893 	0.3800 	0.89 	0.391
290.78152300925 	0.1501	+22.44076805118 	0.1589	2019232076255845248 	1.6501 	0.2406 	3.690 	0.311 	4.344 	0.337	0 	6.2368e+02 	1.1428e+00	18.7010	0.0020 	1.3557e+02 	6.2693e+00	20.0210	0.0502 	8.1927e+02 	8.8219e+00	17.4784	0.0117 	2.5426
290.75612598457 	0.0315	+22.38808275950 	0.0324	2019231324671600128 	1.6559 	0.0441 	3.930 	0.063 	3.597 	0.061	0 	1.9963e+05 	3.5272e+01	12.4378	0.0002 	1.0511e+05 	1.0792e+02	12.7973	0.0011 	1.3756e+05 	8.7890e+01	11.9157	0.0007 	0.8816 	  	 	5930.00 	  	  	1.60 	2.852
291.28493579190 	0.1993	+22.72649576130 	0.2615	2019220565738470272 	0.7356 	0.3398 	3.395 	0.449 	3.015 	0.545	0 	3.3182e+02 	9.1227e-01	19.3861	0.0030 	4.3464e+01 	4.6174e+00	21.2561	0.1153 	5.1247e+02 	5.7110e+00	17.9878	0.0121 	3.2683
291.11582609549 	0.0685	+22.68636854307 	0.0945	2019219401837049344 	1.5912 	0.1174 	3.849 	0.153 	3.844 	0.197	0 	1.3659e+03 	1.4953e+00	17.8498	0.0012 	2.8706e+02 	5.7976e+00	19.2064	0.0219 	1.8065e+03 	1.0764e+01	16.6198	0.0065 	2.5866
291.20099589874 	0.0403	+22.60007697434 	0.0534	2019215003790463872 	1.6045 	0.0648 	4.441 	0.086 	3.940 	0.114	0 	3.6804e+03 	4.5594e+00	16.7736	0.0013 	9.7400e+02 	8.7938e+00	17.8800	0.0098 	4.1815e+03 	1.5557e+01	15.7086	0.0040 	2.1714 	  	 	3538.67 	  	  	0.96 	0.130
291.21965844918 	0.0976	+22.56005404037 	0.1266	2019214621526323584 	1.3722 	0.1536 	4.209 	0.205 	3.730 	0.252	0 	1.0655e+03 	1.4152e+00	18.1195	0.0014 	2.0522e+02 	6.5670e+00	19.5708	0.0347 	1.5201e+03 	1.2930e+01	16.8072	0.0092 	2.7636
291.72769456847 	0.0630	+22.64192824470 	0.0819	2019207169769600640 	1.7021 	0.1036 	4.124 	0.130 	4.044 	0.160	0 	1.6774e+03 	2.4317e+00	17.6268	0.0016 	3.4386e+02 	8.6906e+00	19.0104	0.0274 	2.1130e+03 	9.8538e+00	16.4497	0.0051 	2.5607
291.37436535233 	0.0135	+22.57833926140 	0.0163	2019203905595126656 	1.6892 	0.0214 	4.105 	0.028 	3.531 	0.032	0 	1.1222e+05 	3.3035e+01	13.0632	0.0003 	4.4734e+04 	7.1065e+01	13.7248	0.0017 	9.9256e+04 	7.7390e+01	12.2700	0.0008 	1.4548 	  	 	4474.53 	  	  	2.36 	2.015
291.50149396736 	0.2310	+22.61658767301 	0.3277	2019203523308955008 	1.5788 	0.3970 	4.629 	0.464 	4.781 	0.628	0 	3.4833e+02 	9.5542e-01	19.3334	0.0030 	3.8995e+01 	4.0612e+00	21.3739	0.1131 	5.0507e+02 	6.5945e+00	18.0035	0.0142 	3.3703
291.12545001739 	0.2294	+22.55350890871 	0.2906	2019193902586265088 	1.4016 	0.3470 	4.297 	0.464 	3.305 	0.621	0 	3.2628e+02 	9.4407e-01	19.4044	0.0031 	6.0629e+01 	5.3113e+00	20.8947	0.0951 	5.3486e+02 	7.7561e+00	17.9413	0.0157 	2.9534
291.01363450975 	0.2291	+22.53659579738 	0.3035	2019193284111415040 	1.4637 	0.3989 	3.994 	0.472 	3.267 	0.609	0 	3.0366e+02 	9.2951e-01	19.4824	0.0033 	5.4852e+01 	6.4517e+00	21.0034	0.1277 	4.5616e+02 	5.7545e+00	18.1141	0.0137 	2.8893
290.92982217427 	0.2678	+22.50475512991 	0.3353	2019192974873256064 	1.7842 	0.4203 	4.400 	0.557 	3.960 	0.649	0 	5.6202e+02 	2.5872e+00	18.8140	0.0050 	1.0525e+02 	7.3697e+00	20.2958	0.0760 	8.8037e+02 	1.1595e+01	17.4003	0.0143 	2.8955
290.97483547181 	0.4738	+22.48312822613 	0.4188	2019192669929172864 	2.3184 	0.5054 	4.554 	0.950 	2.752 	0.925	0 	2.2495e+02 	8.6803e-01	19.8081	0.0042 	4.7100e+01 	4.8893e+00	21.1688	0.1127 	3.5554e+02 	8.6899e+00	18.3847	0.0265 	2.7841
291.04412009971 	0.3928	+22.52450531799 	0.4771	2019192562556914944 	0.9082 	0.6067 	3.181 	0.795 	3.656 	1.042	0 	2.1228e+02 	9.5188e-01	19.8711	0.0049 	4.6508e+01 	1.1014e+01	21.1826	0.2571 	3.8762e+02 	1.7630e+01	18.2909	0.0494 	2.8917
291.04600454926 	0.0831	+22.49851424925 	0.0975	2019192184598450176 	1.4736 	0.1205 	3.769 	0.167 	3.862 	0.203	0 	1.4788e+03 	1.5837e+00	17.7636	0.0012 	2.9825e+02 	6.9632e+00	19.1649	0.0253 	1.8860e+03 	8.2143e+00	16.5731	0.0047 	2.5919
291.00237551257 	0.0247	+22.48468480557 	0.0261	2019192017130230528 	1.6478 	0.0337 	3.568 	0.050 	3.664 	0.050	0 	5.2494e+05 	2.3635e+02	11.3881	0.0005 	2.4584e+05 	2.6261e+02	11.8747	0.0012 	4.0412e+05 	2.6815e+02	10.7456	0.0007 	1.1291 	  	 	5436.26 	  	  	3.16 	7.861
291.16231075518 	0.1061	+22.49196729923 	0.1255	2019190569690707328 	1.6716 	0.1569 	3.231 	0.215 	2.677 	0.259	0 	9.7150e+02 	1.4510e+00	18.2198	0.0016 	2.0162e+02 	1.5979e+01	19.5901	0.0861 	1.2809e+03 	7.3747e+00	16.9932	0.0063 	2.5969
291.16415011084 	0.0128	+22.44414562260 	0.0145	2019189405789907328 	1.6503 	0.0187 	3.896 	0.026 	3.639 	0.029	0 	8.5992e+04 	1.5112e+01	13.3522	0.0002 	3.9577e+04 	4.7833e+01	13.8578	0.0013 	6.7676e+04 	5.0047e+01	12.6858	0.0008 	1.1719 	  	 	4923.22 	1.4113 	0.7010 	1.63 	1.401
291.11940974042 	0.0212	+22.46504711233 	0.0235	2019188959113381632 	1.6848 	0.0305 	3.737 	0.043 	3.457 	0.046	0 	1.5974e+04 	9.6617e+00	15.1798	0.0007 	5.7633e+03 	2.2656e+01	15.9497	0.0043 	1.5083e+04 	3.3347e+01	14.3157	0.0024 	1.6340 	  	 	4336.50 	1.3355 	0.6518 	0.98 	0.307
291.12047453910 	0.2708	+22.41841898190 	0.3743	2019187958351818368 	1.1230 	0.4511 	3.460 	0.556 	4.947 	0.874	0 	2.9399e+02 	1.1275e+00	19.5176	0.0042 	5.1168e+01 	7.2506e+00	21.0789	0.1539 	4.3241e+02 	7.4624e+00	18.1722	0.0187 	2.9067
291.15329264332 	0.1187	+22.40864468430 	0.1340	2019187717832004480 	1.7575 	0.1790 	4.117 	0.241 	3.913 	0.275	0 	8.3891e+02 	1.4154e+00	18.3791	0.0018 	1.8806e+02 	6.8463e+00	19.6656	0.0395 	1.0773e+03 	7.7604e+00	17.1811	0.0078 	2.4846
291.08123634048 	0.0143	+22.41101441796 	0.0154	2019187619083594112 	1.6863 	0.0213 	3.884 	0.029 	3.173 	0.030	0 	7.2418e+04 	1.1198e+01	13.5387	0.0002 	3.1861e+04 	3.1085e+01	14.0932	0.0011 	5.9249e+04 	3.3931e+01	12.8302	0.0006 	1.2630 	  	 	4931.20 	1.4425 	0.7003 	1.46 	1.128
290.91915190779 	0.3173	+22.46252230282 	0.3493	2019186691334890496 	2.2164 	0.4597 	4.035 	0.652 	4.728 	0.864	0 	2.3431e+02 	9.0059e-01	19.7639	0.0042 	4.9349e+01 	6.8585e+00	21.1182	0.1509 	3.3331e+02 	6.3136e+00	18.4548	0.0206 	2.6634
290.87323069685 	0.1265	+22.46676210688 	0.1362	2019186549602170112 	1.7042 	0.1796 	4.445 	0.254 	3.477 	0.285	0 	7.1310e+02 	1.3659e+00	18.5555	0.0021 	1.1431e+02 	6.5841e+00	20.2062	0.0625 	9.7682e+02 	1.0415e+01	17.2874	0.0116 	2.9188
290.95086554875 	0.0320	+22.38474854313 	0.0343	2019185110821862144 	1.6795 	0.0476 	3.432 	0.064 	3.738 	0.068	0 	9.5177e+03 	4.4339e+00	15.7420	0.0005 	3.0689e+03 	1.0588e+01	16.6339	0.0037 	9.5159e+03 	1.6347e+01	14.8158	0.0019 	1.8181 	  	 	4120.45 	1.6160 	0.7850 	0.89 	0.206
290.91680862124 	0.0575	+22.36182274387 	0.0757	2019184939023184640 	1.7386 	0.0946 	3.656 	0.119 	3.494 	0.168	0 	2.5327e+03 	2.1373e+00	17.1794	0.0009 	6.9911e+02 	8.5757e+00	18.2400	0.0133 	2.7769e+03 	1.0233e+01	16.1530	0.0040 	2.0870
290.82180190825 	0.0420	+22.40084600990 	0.0471	2019184865973699072 	1.7193 	0.0675 	3.840 	0.087 	3.601 	0.101	0 	5.0786e+03 	3.1853e+00	16.4240	0.0007 	1.6656e+03 	9.1365e+00	17.2975	0.0060 	5.0733e+03 	1.1839e+01	15.4987	0.0025 	1.7988 	  	 	3928.00 	0.9497 	0.4653 	0.74 	0.119
290.81989003235 	0.0538	+22.39716006608 	0.0472	2019184801584631680 	1.7149 	0.0732 	3.993 	0.110 	3.389 	0.100	0 	4.4823e+03 	3.0401e+00	16.5596	0.0007 	1.4415e+03 	1.1707e+01	17.4544	0.0088 	4.5571e+03 	1.6999e+01	15.6152	0.0040 	1.8392 	  	 	3964.00 	0.8253 	0.3958 	0.68 	0.103
290.80760199772 	0.1624	+22.36839020602 	0.1899	2019184664145651328 	1.5052 	0.3164 	3.936 	0.336 	3.535 	0.401	0 	6.1020e+02 	1.5911e+00	18.7247	0.0028 	1.4156e+02 	1.0041e+01	19.9740	0.0770 	8.0827e+02 	1.1658e+01	17.4930	0.0157 	2.4810
290.86542840897 	0.0344	+22.38442122242 	0.0414	2019184561066442624 	1.7599 	0.0569 	3.959 	0.072 	3.546 	0.087	0 	7.4156e+03 	1.9722e+01	16.0130	0.0029 	2.5881e+03 	2.9212e+01	16.8190	0.0123 	7.2988e+03 	6.4895e+01	15.1038	0.0097 	1.7152 	  	 	4153.88 	  	  	0.73 	0.144
290.85460154383 	0.0236	+22.37073644102 	0.0278	2019184522377714816 	1.6761 	0.0416 	3.555 	0.048 	3.471 	0.059	1 	2.6061e+05 	4.5190e+01	12.1484	0.0002 	1.4098e+05 	1.3667e+02	12.4785	0.0011 	1.7475e+05 	8.2384e+01	11.6559	0.0005 	0.8226 	-20.86 	5.20	5820.00 	  	  	1.88 	3.654
290.82747262606 	0.0985	+22.34762331418 	0.1162	2019184006979991168 	1.4377 	0.1793 	4.430 	0.203 	3.389 	0.253	0 	9.6653e+02 	1.4020e+00	18.2253	0.0016 	2.0048e+02 	5.8960e+00	19.5962	0.0319 	1.2029e+03 	6.6288e+00	17.0614	0.0060 	2.5348
290.79168468135 	0.0337	+22.32971081545 	0.0382	2019183873840978176 	1.5902 	0.0501 	3.466 	0.071 	3.641 	0.071	1 	8.6877e+05 	2.4487e+02	10.8411	0.0003 	5.2989e+05 	1.0343e+03	11.0409	0.0021 	4.9515e+05 	3.0832e+02	10.5251	0.0007 	0.5159 	  	 	6878.00 	  	  	2.57 	13.312
290.87262052527 	0.1061	+22.34797793734 	0.1202	2019183697756229120 	1.4369 	0.1895 	4.149 	0.217 	3.879 	0.283	0 	9.3538e+02 	1.6654e+00	18.2609	0.0019 	1.9329e+02 	6.6363e+00	19.6359	0.0373 	1.1731e+03 	7.8563e+00	17.0886	0.0073 	2.5473
290.90433337982 	0.0843	+22.33587243806 	0.0939	2019183427194989568 	1.6114 	0.1419 	3.471 	0.171 	4.020 	0.218	0 	1.5804e+03 	2.0448e+00	17.6915	0.0014 	3.8680e+02 	1.1726e+01	18.8827	0.0329 	1.8320e+03 	1.1256e+01	16.6046	0.0067 	2.2781
290.84803485763 	0.0815	+22.32902526042 	0.1008	2019183186676825344 	1.8414 	0.1580 	3.575 	0.167 	3.908 	0.225	0 	1.3299e+03 	1.7178e+00	17.8789	0.0014 	2.9541e+02 	7.2308e+00	19.1753	0.0266 	1.5816e+03 	1.0640e+01	16.7642	0.0073 	2.4112
290.82162580612 	0.0278	+22.27408130278 	0.0372	2019182740000143232 	1.7795 	0.0598 	3.697 	0.054 	3.528 	0.069	0 	9.1462e+03 	6.1123e+00	15.7853	0.0007 	3.4040e+03 	1.0111e+01	16.5214	0.0032 	8.3863e+03 	2.1245e+01	14.9530	0.0028 	1.5684 	  	 	4276.26 	0.5610 	0.2753 	0.73 	0.162
290.96903901116 	0.0241	+22.30144382103 	0.0305	2019180884574272640 	1.5944 	0.0461 	3.653 	0.047 	3.769 	0.063	0 	1.4474e+05 	2.7159e+01	12.7869	0.0002 	7.3690e+04 	7.1861e+01	13.1829	0.0011 	1.0361e+05 	7.1750e+01	12.2234	0.0008 	0.9595 	-18.76 	7.12	5370.00 	1.4995 	0.7600 	1.76 	2.334
291.04068468282 	0.0759	+22.30387612737 	0.0925	2019180712775269504 	1.6244 	0.1273 	3.794 	0.156 	3.810 	0.200	0 	1.3777e+03 	1.4994e+00	17.8404	0.0012 	3.1674e+02 	6.4697e+00	19.0996	0.0222 	1.6360e+03 	9.7246e+00	16.7275	0.0065 	2.3722
290.90217713123 	0.0244	+22.29067255620 	0.0298	2019180059940553600 	1.5853 	0.0453 	3.448 	0.049 	3.695 	0.066	0 	3.9507e+05 	1.2983e+02	11.6967	0.0004 	2.2586e+05 	2.1379e+02	11.9668	0.0010 	2.4751e+05 	1.6664e+02	11.2779	0.0007 	0.6889 	  	 	6366.25 	0.6840 	0.4410 	2.03 	6.088
290.88605852219 	0.0152	+22.26806787052 	0.0191	2019179647623655424 	1.6746 	0.0309 	3.798 	0.030 	3.500 	0.040	1 	6.3249e+04 	1.4861e+01	13.6857	0.0003 	2.9753e+04 	3.1839e+01	14.1676	0.0012 	4.8591e+04 	3.9027e+01	13.0455	0.0009 	1.1220 	  	 	4938.31 	0.7005 	0.3422 	1.36 	0.997
290.87475013141 	0.0228	+22.24808087732 	0.0293	2019179540215658624 	1.6892 	0.0432 	3.687 	0.045 	3.517 	0.057	0 	3.3189e+05 	8.5601e+01	11.8859	0.0003 	1.8493e+05 	2.1241e+02	12.1838	0.0012 	2.1426e+05 	1.3799e+02	11.4346	0.0007 	0.7493 	  	 	6025.00 	  	  	1.96 	4.539
290.88100089601 	0.1073	+22.25854489510 	0.1316	2019179540213660928 	1.2565 	0.1981 	3.931 	0.214 	4.044 	0.274	0 	9.2117e+02 	1.3247e+00	18.2775	0.0016 	2.1709e+02 	8.3735e+00	19.5098	0.0419 	1.1428e+03 	9.3654e+00	17.1170	0.0089 	2.3928
290.92738461470 	0.0301	+22.27390971193 	0.0391	2019179235306791168 	1.6288 	0.0589 	3.644 	0.063 	3.549 	0.094	0 	7.5978e+03 	4.2930e+00	15.9866	0.0006 	2.7627e+03 	1.1893e+01	16.7481	0.0047 	7.3014e+03 	1.3050e+01	15.1034	0.0019 	1.6447 	  	 	4307.75 	  	  	0.71 	0.158
290.98725683090 	0.0657	+22.27292644038 	0.0810	2019179132227552384 	1.7621 	0.1169 	4.094 	0.132 	3.275 	0.179	0 	2.1776e+03 	2.2143e+00	17.3434	0.0011 	5.9501e+02 	9.2476e+00	18.4151	0.0169 	2.4791e+03 	1.0097e+01	16.2762	0.0044 	2.1389
290.97815308139 	0.0606	+22.26630077551 	0.0716	2019179097867807744 	1.5680 	0.1079 	4.015 	0.121 	3.768 	0.160	0 	2.1206e+03 	1.9791e+00	17.3722	0.0010 	5.8357e+02 	7.6756e+00	18.4362	0.0143 	2.4422e+03 	8.9030e+00	16.2925	0.0040 	2.1437
290.93486189799 	0.0398	+22.24181305158 	0.0505	2019178788630137728 	1.7160 	0.0767 	4.266 	0.082 	4.154 	0.118	0 	5.1794e+03 	1.6403e+01	16.4027	0.0034 	1.8019e+03 	2.8742e+01	17.2120	0.0173 	5.3566e+03 	5.3489e+01	15.4397	0.0108 	1.7723 	  	 	4168.00 	  	  	0.62 	0.105
290.90241289632 	0.0270	+22.22309185504 	0.0356	2019178651191167360 	1.6054 	0.0521 	3.850 	0.054 	3.779 	0.073	0 	9.0089e+03 	5.8301e+00	15.8017	0.0007 	3.3193e+03 	1.3134e+01	16.5488	0.0043 	8.2907e+03 	1.7695e+01	14.9654	0.0023 	1.5833 	  	 	4341.25 	0.9985 	0.4825 	0.77 	0.190
290.90539347237 	0.0159	+22.21811913614 	0.0210	2019178651191163904 	1.7195 	0.0293 	4.002 	0.032 	3.525 	0.042	0 	3.8216e+04 	1.1386e+01	14.2328	0.0003 	1.7212e+04 	2.4356e+01	14.7618	0.0015 	3.0372e+04 	3.1058e+01	13.5557	0.0011 	1.2061 	  	 	4997.57 	0.7290 	0.3587 	1.00 	0.564
291.21425028004 	0.0707	+22.42112744678 	0.0873	2019177547349510272 	1.6475 	0.1078 	3.673 	0.144 	3.817 	0.178	0 	1.4633e+03 	1.6825e+00	17.7750	0.0012 	3.5283e+02 	9.5580e+00	18.9825	0.0294 	1.7520e+03 	7.7321e+00	16.6531	0.0048 	2.3294
291.30183957284 	0.3159	+22.45045023991 	0.3797	2019177173684944000 	2.3859 	0.4734 	4.069 	0.635 	1.720 	0.750	0 	2.7209e+02 	1.1155e+00	19.6016	0.0045 	5.8587e+01 	6.6040e+00	20.9319	0.1224 	5.9714e+02 	7.3274e+00	17.8217	0.0133 	3.1102
291.18395737989 	0.1503	+22.38735251749 	0.1765	2019175795004344320 	1.4449 	0.2351 	3.629 	0.306 	3.444 	0.356	0 	6.6325e+02 	1.1783e+00	18.6342	0.0019 	1.3554e+02 	7.3694e+00	20.0212	0.0590 	8.8928e+02 	7.1343e+00	17.3893	0.0087 	2.6319
291.13399206225 	0.0440	+22.33387362544 	0.0559	2019175146497273728 	1.6313 	0.0743 	3.622 	0.088 	3.472 	0.121	0 	3.6523e+03 	2.6768e+00	16.7820	0.0008 	1.0790e+03 	8.8019e+00	17.7688	0.0089 	3.8738e+03 	7.7754e+00	15.7916	0.0022 	1.9772 	  	 	3720.67 	1.2105 	0.6350 	0.80 	0.109
291.13565024982 	0.0133	+22.30962511762 	0.0177	2019175043418041728 	1.7298 	0.0221 	3.913 	0.027 	3.381 	0.037	0 	5.4604e+04 	1.3769e+01	13.8453	0.0003 	2.3850e+04 	3.3980e+01	14.4077	0.0015 	4.5009e+04 	4.5284e+01	13.1287	0.0011 	1.2790 	  	 	4940.00 	  	  	1.23 	0.807
291.27531391329 	0.3628	+22.30713818445 	0.4865	2019171401257284224 	1.6963 	0.7324 	2.923 	0.729 	2.696 	0.986	0 	2.1343e+02 	1.0605e+00	19.8652	0.0054 	3.8844e+01 	5.9964e+00	21.3781	0.1676 	3.1549e+02 	9.0859e+00	18.5145	0.0313 	2.8636
291.29739154183 	0.1490	+22.27437296628 	0.1913	2019170473535445120 	1.8777 	0.2378 	3.050 	0.306 	3.300 	0.385	0 	6.0215e+02 	1.1878e+00	18.7391	0.0021 	1.0157e+02 	1.4831e+01	20.3345	0.1585 	8.7477e+02 	1.3647e+01	17.4072	0.0169 	2.9273
291.27829611215 	0.3281	+22.23253844465 	0.4415	2019169752018110720 	2.9180 	0.5347 	2.973 	0.684 	2.027 	0.959	0 	1.9895e+02 	9.4215e-01	19.9415	0.0051 	4.6707e+01 	6.8441e+00	21.1779	0.1591 	3.3759e+02 	1.2072e+01	18.4410	0.0388 	2.7370
291.27878609522 	0.1999	+22.20986383448 	0.2695	2019169575891644160 	2.2063 	0.3487 	3.560 	0.412 	3.996 	0.602	0 	3.6935e+02 	9.7030e-01	19.2698	0.0029 	6.4676e+01 	5.5166e+00	20.8245	0.0926 	5.2801e+02 	8.3508e+00	17.9553	0.0172 	2.8692
291.10386322712 	0.0981	+22.31809089715 	0.1245	2019169438450798464 	1.6650 	0.1644 	4.336 	0.201 	3.711 	0.254	0 	8.4080e+02 	1.3198e+00	18.3766	0.0017 	1.8141e+02 	7.6227e+00	19.7047	0.0456 	1.0695e+03 	5.2693e+00	17.1890	0.0053 	2.5157
291.09279112474 	0.1113	+22.23824754238 	0.1168	2019167754823324800 	1.6297 	0.1916 	4.044 	0.217 	3.823 	0.266	0 	9.2549e+02 	1.4240e+00	18.2724	0.0017 	2.2149e+02 	1.2047e+01	19.4880	0.0591 	1.3851e+03 	2.3584e+01	16.9082	0.0185 	2.5798
290.95686349085 	0.0414	+22.22045664453 	0.0544	2019166762720540160 	1.5942 	0.0797 	3.871 	0.086 	3.442 	0.130	0 	3.8198e+03 	2.7583e+00	16.7333	0.0008 	1.1794e+03 	7.9317e+00	17.6722	0.0073 	3.9754e+03 	9.7289e+00	15.7635	0.0027 	1.9088 	  	 	3853.50 	1.2050 	0.5910 	0.74 	0.109
290.97480607101 	0.2397	+22.20037867682 	0.2904	2019166689673593472 	1.7887 	0.4332 	4.436 	0.490 	3.769 	0.739	0 	2.9800e+02 	8.7551e-01	19.5028	0.0032 	5.6594e+01 	7.1813e+00	20.9695	0.1378 	4.1855e+02 	7.7249e+00	18.2076	0.0200 	2.7619
290.95026418556 	0.3127	+22.19143036251 	0.4435	2019166552234597248 	1.5889 	0.5936 	3.672 	0.655 	5.469 	1.134	0 	2.1391e+02 	8.9475e-01	19.8628	0.0045 	3.2709e+01 	3.9743e+00	21.5647	0.1319 	3.0548e+02 	8.2241e+00	18.5494	0.0292 	3.0153
290.95196273808 	0.0723	+22.17279783330 	0.0856	2019166316043882624 	1.5689 	0.1219 	3.284 	0.146 	3.718 	0.188	0 	1.4678e+03 	1.5072e+00	17.7717	0.0011 	3.6688e+02 	5.2897e+00	18.9401	0.0157 	1.7180e+03 	7.3554e+00	16.6743	0.0046 	2.2657
291.00420919840 	0.2755	+22.17372871772 	0.3147	2019165663181355264 	1.2595 	0.4652 	4.871 	0.579 	3.649 	0.840	0 	2.4837e+02 	1.0284e+00	19.7006	0.0045 	4.0123e+01 	5.0201e+00	21.3429	0.1358 	3.8038e+02 	7.4601e+00	18.3114	0.0213 	3.0315
291.15348766591 	0.1428	+22.23184253359 	0.1754	2019164975983577984 	1.3430 	0.2470 	4.487 	0.287 	3.471 	0.370	0 	7.0376e+02 	1.3754e+00	18.5698	0.0021 	1.7282e+02 	8.3809e+00	19.7574	0.0527 	9.3158e+02 	1.5889e+01	17.3389	0.0185 	2.4185
291.15535980919 	0.2905	+22.16467804162 	0.3593	2019164082628108160 	1.1820 	0.5344 	2.740 	0.604 	1.811 	0.851	0 	2.3346e+02 	8.6283e-01	19.7679	0.0040 	3.2092e+01 	7.8200e+00	21.5854	0.2646 	4.8066e+02 	2.6407e+01	18.0573	0.0596 	3.5280
291.18930524066 	0.0177	+22.17503592080 	0.0190	2019163464185346432 	1.6133 	0.0283 	3.824 	0.036 	3.681 	0.037	0 	5.0100e+04 	1.5645e+01	13.9388	0.0003 	2.3183e+04 	3.2088e+01	14.4385	0.0015 	3.9152e+04 	3.8193e+01	13.2800	0.0011 	1.1584 	  	 	4864.19 	0.8717 	0.4320 	1.31 	0.867
291.08449799316 	0.0261	+22.13858436643 	0.0298	2019162708271068928 	1.6010 	0.0451 	3.337 	0.053 	3.322 	0.063	0 	1.0907e+04 	6.8115e+00	15.5941	0.0007 	4.0692e+03 	1.3083e+01	16.3276	0.0035 	1.0077e+04 	2.1588e+01	14.7536	0.0023 	1.5740 	  	 	4472.50 	1.1178 	0.5482 	0.78 	0.218
291.09718086729 	0.0288	+22.08275044836 	0.0323	2019161196442385280 	1.6488 	0.0459 	4.128 	0.061 	3.594 	0.071	0 	8.3800e+03 	5.4457e+00	15.8803	0.0007 	3.0420e+03 	1.1432e+01	16.6435	0.0041 	7.8725e+03 	1.5326e+01	15.0216	0.0021 	1.6218 	  	 	4369.77 	  	  	0.71 	0.165
290.34303515718 	0.2621	+22.60843121478 	0.4590	2019160126963200512 	2.1879 	0.5843 	3.843 	0.680 	1.373 	0.961	0 	2.5149e+02 	8.2800e-01	19.6871	0.0036 	5.5181e+01 	5.6418e+00	20.9969	0.1110 	3.7800e+02 	5.6863e+00	18.3182	0.0163 	2.6787
290.39325856754 	0.2098	+22.54035622354 	0.3174	2019158649497453696 	2.6906 	0.4295 	3.154 	0.523 	2.727 	0.657	0 	3.4100e+02 	9.9915e-01	19.3565	0.0032 	6.7060e+01 	5.4912e+00	20.7852	0.0889 	4.7729e+02 	5.1860e+00	18.0650	0.0118 	2.7203
290.49777835936 	0.1579	+22.54755945639 	0.2481	2019156003793900800 	1.6210 	0.3368 	3.281 	0.387 	2.748 	0.500	0 	4.6450e+02 	9.3858e-01	19.0209	0.0022 	9.5694e+01 	6.6337e+00	20.3992	0.0753 	7.0859e+02 	1.1417e+01	17.6359	0.0175 	2.7632
290.56175092569 	0.0217	+22.50791284157 	0.0289	2019154874252873984 	1.6838 	0.0443 	3.771 	0.051 	3.688 	0.059	0 	1.4817e+04 	7.7005e+00	15.2614	0.0006 	5.9416e+03 	1.2041e+01	15.9166	0.0022 	1.2920e+04 	1.7421e+01	14.4838	0.0015 	1.4329 	  	 	4443.78 	  	  	0.88 	0.271
290.37143446829 	0.3244	+22.37005557102 	0.4964	2019152224226232064 	2.6099 	0.6032 	3.523 	0.733 	2.942 	1.035	0 	1.9695e+02 	7.9393e-01	19.9525	0.0044 	3.9784e+01 	5.0380e+00	21.3521	0.1375 	3.0588e+02 	7.6785e+00	18.5481	0.0273 	2.8041
290.22171304729 	0.3442	+22.50021644751 	0.4523	2019151919314880384 	1.7192 	0.7450 	3.616 	0.913 	3.087 	0.934	1 	7.6719e+03 	3.5668e+01	15.9761	0.0050 	2.8730e+03 	8.2252e+00	16.7056	0.0031 	8.7839e+03 	1.0661e+01	14.9027	0.0013 	1.8029 	  	 	4274.33
290.18280361477 	0.1085	+22.45319709344 	0.1365	2019151300825796992 	1.6989 	0.2132 	3.614 	0.279 	4.269 	0.280	0 	8.4371e+02 	1.2415e+00	18.3729	0.0016 	1.9822e+02 	5.4678e+00	19.6085	0.0299 	1.1871e+03 	7.3585e+00	17.0757	0.0067 	2.5328
290.27923903836 	0.0136	+22.31186935393 	0.0179	2019145734561743232 	1.6406 	0.0242 	3.784 	0.030 	3.530 	0.035	0 	3.1182e+04 	9.1441e+00	14.4536	0.0003 	1.2626e+04 	2.3007e+01	15.0982	0.0020 	2.7110e+04 	2.6120e+01	13.6791	0.0010 	1.4191 	  	 	4588.74 	  	  	1.19 	0.568
290.18212220706 	0.2189	+22.30674836018 	0.2999	2019145150430449152 	1.9350 	0.3689 	4.621 	0.521 	2.589 	0.688	0 	3.5013e+02 	9.4091e-01	19.3278	0.0029 	5.9103e+01 	4.2048e+00	20.9224	0.0772 	4.8798e+02 	7.3526e+00	18.0409	0.0164 	2.8814
290.23381284394 	0.0371	+22.30394442446 	0.0479	2019145013007255296 	1.5897 	0.0627 	3.904 	0.083 	3.750 	0.098	0 	3.7767e+03 	2.4527e+00	16.7456	0.0007 	1.1341e+03 	6.4986e+00	17.7148	0.0062 	3.9540e+03 	1.0285e+01	15.7693	0.0028 	1.9454 	  	 	3778.00 	1.4385 	0.7538 	0.79 	0.114
290.15721407180 	0.2682	+22.29207348624 	0.4094	2019144738129524480 	2.0396 	0.4806 	5.567 	0.620 	4.127 	0.919	0 	2.1096e+02 	8.5271e-01	19.8779	0.0044 	3.5408e+01 	3.7477e+00	21.4786	0.1149 	3.1705e+02 	8.4194e+00	18.5091	0.0288 	2.9696
290.52380466621 	0.1625	+22.44720807792 	0.2048	2019142504733870336 	1.6760 	0.2898 	3.818 	0.352 	3.770 	0.374	0 	5.2624e+02 	1.0981e+00	18.8854	0.0023 	8.2448e+01 	6.1471e+00	20.5609	0.0809 	7.4460e+02 	7.6572e+00	17.5821	0.0112 	2.9788
290.41973407802 	0.0489	+22.36184809660 	0.0694	2019140340082308096 	1.6438 	0.0889 	3.761 	0.108 	3.503 	0.137	0 	2.3707e+03 	1.8904e+00	17.2512	0.0009 	6.3653e+02 	9.6425e+00	18.3418	0.0164 	2.6342e+03 	9.8502e+00	16.2103	0.0041 	2.1315
290.42286052783 	0.1685	+22.36842057015 	0.2144	2019140335753787264 	1.9590 	0.3106 	4.510 	0.369 	3.659 	0.398	0 	4.8908e+02 	1.3622e+00	18.9649	0.0030 	7.6610e+01 	6.8251e+00	20.6407	0.0967 	6.7918e+02 	7.4219e+00	17.6820	0.0119 	2.9587
290.43052593782 	0.0175	+22.35933898583 	0.0238	2019140271362826880 	1.5270 	0.0325 	3.804 	0.039 	3.675 	0.046	0 	1.8549e+04 	9.7182e+00	15.0176	0.0006 	7.6095e+03 	1.7896e+01	15.6480	0.0026 	1.5962e+04 	2.1676e+01	14.2542	0.0015 	1.3938 	  	 	4438.53 	0.9510 	0.4698 	1.09 	0.414
