f218w filter: 
log(z) = -1.0, log(g) = 0.0
	 Damped-oscillator fit coefficients: 
1.000e-01  1.900e+00  1.733e+00  1.821e+00  3.000e+00 
	 Covariance matrix: 
1.390e+03  3.004e+03  -1.977e+07  1.976e+07  9.383e+03 
3.004e+03  6.498e+03  -4.457e+07  4.454e+07  2.030e+04 
-1.977e+07  -4.457e+07  2.249e+13  -2.249e+13  -1.400e+08 
1.976e+07  4.454e+07  -2.249e+13  2.249e+13  1.399e+08 
9.383e+03  2.030e+04  -1.400e+08  1.399e+08  6.341e+04 

f218w filter: 
log(z) = -1.0, log(g) = 0.5
	 Damped-oscillator fit coefficients: 
8.035e-01  2.090e+00  1.357e+00  1.421e+00  -3.000e+00 
	 Covariance matrix: 
2.795e-01  2.506e+00  -3.293e+05  3.293e+05  1.896e+01 
2.506e+00  2.248e+01  -2.944e+06  2.944e+06  1.703e+02 
-3.293e+05  -2.944e+06  1.941e+12  -1.941e+12  -2.206e+07 
3.293e+05  2.944e+06  -1.941e+12  1.941e+12  2.206e+07 
1.896e+01  1.703e+02  -2.206e+07  2.206e+07  1.293e+03 

f218w filter: 
log(z) = -1.0, log(g) = 1.0
	 Damped-oscillator fit coefficients: 
9.447e-01  5.201e+00  1.516e-02  1.695e-02  2.487e+00 
	 Covariance matrix: 
2.387e-03  1.630e-01  -3.464e-03  -3.464e-03  4.896e-02 
1.630e-01  1.123e+01  -2.398e-01  -2.398e-01  3.428e+00 
-3.464e-03  -2.398e-01  5.131e-03  5.131e-03  -7.371e-02 
-3.464e-03  -2.398e-01  5.131e-03  5.131e-03  -7.371e-02 
4.896e-02  3.428e+00  -7.371e-02  -7.371e-02  1.073e+00 

f218w filter: 
log(z) = -1.0, log(g) = 1.5
	 Damped-oscillator fit coefficients: 
9.748e-01  8.746e+00  2.153e-04  2.153e-04  2.839e+00 
	 Covariance matrix: 
1.698e-04  5.438e-02  -1.447e-05  -1.447e-05  1.552e-03 
5.438e-02  1.922e+01  -5.197e-03  -5.197e-03  6.128e-01 
-1.447e-05  -5.197e-03  1.409e-06  1.409e-06  -1.682e-04 
-1.447e-05  -5.197e-03  1.409e-06  1.409e-06  -1.682e-04 
1.552e-03  6.128e-01  -1.682e-04  -1.682e-04  2.231e-02 

f218w filter: 
log(z) = -1.0, log(g) = 2.0
	 Damped-oscillator fit coefficients: 
9.776e-01  1.500e+01  1.343e-07  1.837e-07  2.897e+00 
	 Covariance matrix: 
1.830e-03  -1.417e+00  2.145e-07  2.145e-07  1.453e-04 
-1.417e+00  1.124e+03  -1.703e-04  -1.703e-04  -1.637e-01 
2.145e-07  -1.703e-04  2.581e-11  2.581e-11  2.511e-08 
2.145e-07  -1.703e-04  2.581e-11  2.581e-11  2.511e-08 
1.453e-04  -1.637e-01  2.511e-08  2.511e-08  4.975e-04 

f218w filter: 
log(z) = -1.0, log(g) = 2.5
	 Damped-oscillator fit coefficients: 
9.853e-01  1.500e+01  1.551e-07  1.409e-07  2.902e+00 
	 Covariance matrix: 
1.729e-03  -1.009e+00  1.751e-07  1.745e-07  -4.876e-04 
-1.009e+00  6.048e+02  -1.048e-04  -1.044e-04  2.647e-01 
1.751e-07  -1.048e-04  1.817e-11  1.810e-11  -4.606e-08 
1.745e-07  -1.044e-04  1.810e-11  1.804e-11  -4.589e-08 
-4.876e-04  2.647e-01  -4.606e-08  -4.589e-08  4.385e-04 

f218w filter: 
log(z) = -1.0, log(g) = 3.0
	 Damped-oscillator fit coefficients: 
1.917e+00  5.410e+00  -1.415e-02  -2.355e-09  2.932e+00 
	 Covariance matrix: 
7.829e+00  -2.765e+01  -2.014e-01  -1.587e-08  1.696e-01 
-2.765e+01  9.839e+01  7.064e-01  6.245e-08  -5.914e-01 
-2.014e-01  7.064e-01  5.387e-03  3.629e-10  -4.745e-03 
-1.587e-08  6.245e-08  3.629e-10  8.831e-17  -2.753e-10 
1.696e-01  -5.914e-01  -4.745e-03  -2.753e-10  4.619e-03 

f218w filter: 
log(z) = -1.0, log(g) = 3.5
	 Damped-oscillator fit coefficients: 
1.990e+00  5.440e+00  -1.435e-02  -8.301e-10  2.933e+00 
	 Covariance matrix: 
6.086e+00  -2.067e+01  -1.382e-01  -4.766e-09  1.006e-01 
-2.067e+01  7.099e+01  4.654e-01  1.864e-08  -3.366e-01 
-1.382e-01  4.654e-01  3.312e-03  9.442e-11  -2.569e-03 
-4.766e-09  1.864e-08  9.442e-11  1.163e-17  -6.139e-11 
1.006e-01  -3.366e-01  -2.569e-03  -6.139e-11  2.339e-03 

f218w filter: 
log(z) = -1.0, log(g) = 4.0
	 Damped-oscillator fit coefficients: 
2.024e+00  5.415e+00  -1.406e-02  -6.035e-10  2.933e+00 
	 Covariance matrix: 
4.682e+00  -1.557e+01  -9.206e-02  -2.860e-09  5.395e-02 
-1.557e+01  5.255e+01  3.027e-01  1.130e-08  -1.760e-01 
-9.206e-02  3.027e-01  1.950e-03  4.758e-11  -1.256e-03 
-2.860e-09  1.130e-08  4.758e-11  6.006e-18  -2.457e-11 
5.395e-02  -1.760e-01  -1.256e-03  -2.457e-11  1.072e-03 

f218w filter: 
log(z) = -1.0, log(g) = 4.5
	 Damped-oscillator fit coefficients: 
2.040e+00  5.277e+00  -1.391e-02  -8.597e-10  2.933e+00 
	 Covariance matrix: 
4.135e+00  -1.329e+01  -7.148e-02  -3.572e-09  3.335e-02 
-1.329e+01  4.337e+01  2.264e-01  1.384e-08  -1.048e-01 
-7.148e-02  2.264e-01  1.361e-03  5.032e-11  -7.205e-04 
-3.572e-09  1.384e-08  5.032e-11  1.120e-17  -2.062e-11 
3.335e-02  -1.048e-01  -7.205e-04  -2.062e-11  5.864e-04 

f218w filter: 
log(z) = -1.0, log(g) = 5.0
	 Damped-oscillator fit coefficients: 
2.069e+00  4.916e+00  -1.423e-02  -2.613e-09  2.934e+00 
	 Covariance matrix: 
5.396e+00  -1.572e+01  -8.532e-02  -1.169e-08  4.115e-02 
-1.572e+01  4.638e+01  2.450e-01  4.025e-08  -1.177e-01 
-8.532e-02  2.450e-01  1.505e-03  1.464e-10  -8.135e-04 
-1.169e-08  4.025e-08  1.464e-10  9.079e-17  -6.547e-11 
4.115e-02  -1.177e-01  -8.135e-04  -6.547e-11  6.361e-04 

f225w filter: 
log(z) = -1.0, log(g) = 0.0
	 Damped-oscillator fit coefficients: 
9.835e-01  1.000e+01  6.751e-05  4.886e-05  2.350e+00 
	 Covariance matrix: 
2.282e-02  1.479e+01  -5.065e+06  5.065e+06  7.866e-01 
1.479e+01  9.671e+03  -3.179e+09  3.179e+09  5.193e+02 
-5.065e+06  -3.179e+09  1.379e+15  -1.379e+15  -1.635e+08 
5.065e+06  3.179e+09  -1.379e+15  1.379e+15  1.635e+08 
7.866e-01  5.193e+02  -1.635e+08  1.635e+08  2.818e+01 

f225w filter: 
log(z) = -1.0, log(g) = 0.5
	 Damped-oscillator fit coefficients: 
9.781e-01  1.000e+01  3.405e-05  3.403e-05  2.489e+00 
	 Covariance matrix: 
1.252e-04  8.525e-02  1.291e+04  -1.291e+04  7.691e-04 
8.525e-02  4.063e+02  4.945e+07  -4.945e+07  7.566e+00 
1.291e+04  4.945e+07  6.692e+13  -6.692e+13  8.803e+05 
-1.291e+04  -4.945e+07  -6.692e+13  6.692e+13  -8.803e+05 
7.691e-04  7.566e+00  8.803e+05  -8.803e+05  1.485e-01 

f225w filter: 
log(z) = -1.0, log(g) = 1.0
	 Damped-oscillator fit coefficients: 
9.760e-01  1.000e+01  -2.155e-05  7.660e-05  2.519e+00 
	 Covariance matrix: 
1.637e-04  -3.714e-02  7.065e+03  -7.065e+03  -1.203e-03 
-3.714e-02  2.893e+02  3.851e+06  -3.851e+06  3.134e+00 
7.065e+03  3.851e+06  2.817e+12  -2.817e+12  -3.835e+04 
-7.065e+03  -3.851e+06  -2.817e+12  2.817e+12  3.835e+04 
-1.203e-03  3.134e+00  -3.835e+04  3.835e+04  3.969e-02 

f225w filter: 
log(z) = -1.0, log(g) = 1.5
	 Damped-oscillator fit coefficients: 
9.748e-01  1.000e+01  2.308e-05  2.355e-05  2.535e+00 
	 Covariance matrix: 
1.784e-04  -5.607e-02  1.797e-06  1.797e-06  -8.571e-04 
-5.607e-02  2.322e+02  -6.839e-03  -6.839e-03  1.709e+00 
1.797e-06  -6.839e-03  2.016e-07  2.016e-07  -5.071e-05 
1.797e-06  -6.839e-03  2.016e-07  2.016e-07  -5.071e-05 
-8.571e-04  1.709e+00  -5.071e-05  -5.071e-05  1.454e-02 

f225w filter: 
log(z) = -1.0, log(g) = 2.0
	 Damped-oscillator fit coefficients: 
9.689e-01  1.000e+01  1.820e-05  1.828e-05  2.562e+00 
	 Covariance matrix: 
5.146e-04  -2.135e-01  1.810e+04  -1.810e+04  -7.067e-04 
-2.135e-01  2.012e+02  5.407e+05  -5.407e+05  4.491e-01 
1.810e+04  5.407e+05  1.286e+13  -1.286e+13  -3.566e+03 
-1.810e+04  -5.407e+05  -1.286e+13  1.286e+13  3.566e+03 
-7.067e-04  4.491e-01  -3.566e+03  3.566e+03  1.601e-03 

f225w filter: 
log(z) = -1.0, log(g) = 2.5
	 Damped-oscillator fit coefficients: 
9.655e-01  1.000e+01  1.620e-05  1.621e-05  2.575e+00 
	 Covariance matrix: 
8.279e-04  -3.653e-01  6.777e-06  6.777e-06  -5.657e-04 
-3.653e-01  2.723e+02  -5.016e-03  -5.016e-03  2.991e-01 
6.777e-06  -5.016e-03  9.240e-08  9.240e-08  -5.522e-06 
6.777e-06  -5.016e-03  9.240e-08  9.240e-08  -5.522e-06 
-5.657e-04  2.991e-01  -5.522e-06  -5.522e-06  6.995e-04 

f225w filter: 
log(z) = -1.0, log(g) = 3.0
	 Damped-oscillator fit coefficients: 
1.537e+00  5.862e+00  -1.495e-02  -3.752e-08  2.615e+00 
	 Covariance matrix: 
7.055e-01  -4.827e+00  -3.840e-02  -1.446e-07  3.285e-02 
-4.827e+00  3.921e+01  2.735e-01  1.655e-06  -2.204e-01 
-3.840e-02  2.735e-01  2.162e-03  8.996e-09  -1.927e-03 
-1.446e-07  1.655e-06  8.996e-09  1.013e-13  -6.195e-09 
3.285e-02  -2.204e-01  -1.927e-03  -6.195e-09  2.170e-03 

f225w filter: 
log(z) = -1.0, log(g) = 3.5
	 Damped-oscillator fit coefficients: 
1.633e+00  5.451e+00  -1.997e-02  -3.375e-08  2.622e+00 
	 Covariance matrix: 
6.482e-01  -3.685e+00  -3.578e-02  -1.034e-07  2.501e-02 
-3.685e+00  2.589e+01  2.140e-01  1.104e-06  -1.414e-01 
-3.578e-02  2.140e-01  2.076e-03  6.788e-09  -1.539e-03 
-1.034e-07  1.104e-06  6.788e-09  7.040e-14  -3.866e-09 
2.501e-02  -1.414e-01  -1.539e-03  -3.866e-09  1.505e-03 

f225w filter: 
log(z) = -1.0, log(g) = 4.0
	 Damped-oscillator fit coefficients: 
1.682e+00  5.333e+00  -2.266e-02  -2.601e-08  2.626e+00 
	 Covariance matrix: 
4.732e-01  -2.502e+00  -2.545e-02  -5.560e-08  1.396e-02 
-2.502e+00  1.784e+01  1.461e-01  6.784e-07  -7.498e-02 
-2.545e-02  1.461e-01  1.473e-03  3.935e-09  -8.805e-04 
-5.560e-08  6.784e-07  3.935e-09  3.859e-14  -1.715e-09 
1.396e-02  -7.498e-02  -8.805e-04  -1.715e-09  8.031e-04 

f225w filter: 
log(z) = -1.0, log(g) = 4.5
	 Damped-oscillator fit coefficients: 
1.696e+00  5.368e+00  -2.377e-02  -1.965e-08  2.628e+00 
	 Covariance matrix: 
3.428e-01  -1.785e+00  -1.822e-02  -2.968e-08  7.754e-03 
-1.785e+00  1.399e+01  1.081e-01  4.533e-07  -4.213e-02 
-1.822e-02  1.081e-01  1.070e-03  2.402e-09  -5.087e-04 
-2.968e-08  4.533e-07  2.402e-09  2.157e-14  -7.699e-10 
7.754e-03  -4.213e-02  -5.087e-04  -7.699e-10  4.576e-04 

f225w filter: 
log(z) = -1.0, log(g) = 5.0
	 Damped-oscillator fit coefficients: 
1.665e+00  5.397e+00  -2.340e-02  -2.576e-08  2.629e+00 
	 Covariance matrix: 
2.988e-01  -1.621e+00  -1.651e-02  -3.556e-08  6.830e-03 
-1.621e+00  1.390e+01  1.047e-01  6.098e-07  -3.916e-02 
-1.651e-02  1.047e-01  1.016e-03  3.178e-09  -4.685e-04 
-3.556e-08  6.098e-07  3.178e-09  3.828e-14  -9.666e-10 
6.830e-03  -3.916e-02  -4.685e-04  -9.666e-10  4.281e-04 

f275w filter: 
log(z) = -1.0, log(g) = 0.0
	 Damped-oscillator fit coefficients: 
9.712e-01  1.081e+01  1.572e-07  2.763e-06  1.971e+00 
	 Covariance matrix: 
4.214e+03  -1.561e+06  2.636e+00  2.643e+00  -1.410e+03 
-1.561e+06  5.781e+08  -9.765e+02  -9.791e+02  5.222e+05 
2.636e+00  -9.765e+02  1.649e-03  1.654e-03  -8.820e-01 
2.643e+00  -9.791e+02  1.654e-03  1.658e-03  -8.844e-01 
-1.410e+03  5.222e+05  -8.820e-01  -8.844e-01  4.718e+02 

f275w filter: 
log(z) = -1.0, log(g) = 0.5
	 Damped-oscillator fit coefficients: 
8.823e-01  5.126e+00  9.522e-04  9.532e-04  2.017e+00 
	 Covariance matrix: 
1.229e+02  2.110e+04  -2.422e+01  -2.422e+01  2.146e+02 
2.110e+04  3.628e+06  -4.163e+03  -4.163e+03  3.692e+04 
-2.422e+01  -4.163e+03  4.778e+00  4.778e+00  -4.237e+01 
-2.422e+01  -4.163e+03  4.778e+00  4.778e+00  -4.237e+01 
2.146e+02  3.692e+04  -4.237e+01  -4.237e+01  3.757e+02 

f275w filter: 
log(z) = -1.0, log(g) = 1.0
	 Damped-oscillator fit coefficients: 
8.493e-01  4.591e+00  1.681e-03  1.679e-03  2.022e+00 
	 Covariance matrix: 
1.506e+02  1.219e+04  -2.439e+01  -2.439e+01  1.465e+02 
1.219e+04  9.883e+05  -1.977e+03  -1.977e+03  1.188e+04 
-2.439e+01  -1.977e+03  3.955e+00  3.955e+00  -2.376e+01 
-2.439e+01  -1.977e+03  3.955e+00  3.955e+00  -2.376e+01 
1.465e+02  1.188e+04  -2.376e+01  -2.376e+01  1.427e+02 

f275w filter: 
log(z) = -1.0, log(g) = 1.5
	 Damped-oscillator fit coefficients: 
8.434e-01  4.701e+00  1.359e-03  1.360e-03  2.025e+00 
	 Covariance matrix: 
5.122e+01  3.699e+03  -5.743e+00  -5.743e+00  3.205e+01 
3.699e+03  2.678e+05  -4.157e+02  -4.157e+02  2.322e+03 
-5.743e+00  -4.157e+02  6.454e-01  6.454e-01  -3.605e+00 
-5.743e+00  -4.157e+02  6.454e-01  6.454e-01  -3.605e+00 
3.205e+01  2.322e+03  -3.605e+00  -3.605e+00  2.014e+01 

f275w filter: 
log(z) = -1.0, log(g) = 2.0
	 Damped-oscillator fit coefficients: 
8.413e-01  5.684e+00  4.887e-04  4.888e-04  2.034e+00 
	 Covariance matrix: 
1.279e+00  6.609e+01  -3.092e-02  -3.092e-02  1.262e-01 
6.609e+01  3.496e+03  -1.631e+00  -1.631e+00  6.840e+00 
-3.092e-02  -1.631e+00  7.613e-04  7.613e-04  -3.180e-03 
-3.092e-02  -1.631e+00  7.613e-04  7.613e-04  -3.180e-03 
1.262e-01  6.840e+00  -3.180e-03  -3.180e-03  1.422e-02 

f275w filter: 
log(z) = -1.0, log(g) = 2.5
	 Damped-oscillator fit coefficients: 
1.000e-01  1.012e+00  1.382e-01  1.382e-01  1.779e+00 
	 Covariance matrix: 
8.776e+00  7.723e+01  -2.080e+01  -2.080e+01  4.157e+01 
7.723e+01  6.853e+02  -1.848e+02  -1.848e+02  3.692e+02 
-2.080e+01  -1.848e+02  4.981e+01  4.981e+01  -9.955e+01 
-2.080e+01  -1.848e+02  4.981e+01  4.981e+01  -9.955e+01 
4.157e+01  3.692e+02  -9.955e+01  -9.955e+01  1.989e+02 

f275w filter: 
log(z) = -1.0, log(g) = 3.0
	 Damped-oscillator fit coefficients: 
2.213e+00  1.307e+00  -4.482e-02  -4.138e-04  2.093e+00 
	 Covariance matrix: 
3.597e+03  -2.554e+03  -1.542e+02  -3.607e-01  1.533e+02 
-2.554e+03  1.817e+03  1.093e+02  2.632e-01  -1.088e+02 
-1.542e+02  1.093e+02  6.624e+00  1.523e-02  -6.586e+00 
-3.607e-01  2.632e-01  1.523e-02  4.948e-05  -1.520e-02 
1.533e+02  -1.088e+02  -6.586e+00  -1.520e-02  6.548e+00 

f275w filter: 
log(z) = -1.0, log(g) = 3.5
	 Damped-oscillator fit coefficients: 
1.758e+00  1.678e+00  -2.588e-02  -4.317e-04  2.074e+00 
	 Covariance matrix: 
2.674e+02  -3.643e+02  -8.084e+00  -9.082e-02  7.927e+00 
-3.643e+02  5.037e+02  1.095e+01  1.348e-01  -1.078e+01 
-8.084e+00  1.095e+01  2.477e-01  2.632e-03  -2.425e-01 
-9.082e-02  1.348e-01  2.632e-03  4.742e-05  -2.649e-03 
7.927e+00  -1.078e+01  -2.425e-01  -2.649e-03  2.379e-01 

f275w filter: 
log(z) = -1.0, log(g) = 4.0
	 Damped-oscillator fit coefficients: 
1.540e+00  1.932e+00  -1.863e-02  -4.780e-04  2.068e+00 
	 Covariance matrix: 
3.719e+01  -8.128e+01  -8.065e-01  -3.185e-02  7.712e-01 
-8.128e+01  1.897e+02  1.701e+00  8.674e-02  -1.688e+00 
-8.065e-01  1.701e+00  1.875e-02  5.957e-04  -1.754e-02 
-3.185e-02  8.674e-02  5.957e-04  5.162e-05  -6.586e-04 
7.712e-01  -1.688e+00  -1.754e-02  -6.586e-04  1.694e-02 

f275w filter: 
log(z) = -1.0, log(g) = 4.5
	 Damped-oscillator fit coefficients: 
1.475e+00  1.930e+00  -1.653e-02  -6.415e-04  2.067e+00 
	 Covariance matrix: 
1.524e+01  -3.788e+01  -2.358e-01  -2.214e-02  2.304e-01 
-3.788e+01  1.072e+02  5.145e-01  7.860e-02  -5.777e-01 
-2.358e-01  5.145e-01  4.676e-03  2.052e-04  -4.000e-03 
-2.214e-02  7.860e-02  2.052e-04  7.502e-05  -3.401e-04 
2.304e-01  -5.777e-01  -4.000e-03  -3.401e-04  4.004e-03 

f275w filter: 
log(z) = -1.0, log(g) = 5.0
	 Damped-oscillator fit coefficients: 
1.499e+00  1.710e+00  -1.621e-02  -1.058e-03  2.068e+00 
	 Covariance matrix: 
2.686e+01  -5.457e+01  -3.507e-01  -4.694e-02  3.867e-01 
-5.457e+01  1.199e+02  6.321e-01  1.230e-01  -7.821e-01 
-3.507e-01  6.321e-01  6.099e-03  3.528e-04  -5.644e-03 
-4.694e-02  1.230e-01  3.528e-04  1.669e-04  -6.578e-04 
3.867e-01  -7.821e-01  -5.644e-03  -6.578e-04  6.146e-03 

f218w filter: 
log(z) = -2.0, log(g) = 0.0
	 Damped-oscillator fit coefficients: 
6.410e-01  1.584e+00  2.000e+00  2.000e+00  -2.036e+00 
	 Covariance matrix: 
4.970e+02  3.274e+03  1.566e+07  -1.568e+07  3.525e+04 
3.274e+03  2.157e+04  1.043e+08  -1.045e+08  2.323e+05 
1.566e+07  1.043e+08  1.692e+12  -1.693e+12  1.129e+09 
-1.568e+07  -1.045e+08  -1.693e+12  1.694e+12  -1.131e+09 
3.525e+04  2.323e+05  1.129e+09  -1.131e+09  2.502e+06 

f218w filter: 
log(z) = -2.0, log(g) = 0.5
	 Damped-oscillator fit coefficients: 
9.418e-01  4.835e+00  2.716e-02  2.716e-02  2.237e+00 
	 Covariance matrix: 
8.044e-03  4.835e-01  1.909e+04  -1.909e+04  2.320e-01 
4.835e-01  2.919e+01  1.326e+06  -1.326e+06  1.412e+01 
1.909e+04  1.326e+06  1.232e+13  -1.232e+13  7.981e+05 
-1.909e+04  -1.326e+06  -1.232e+13  1.232e+13  -7.981e+05 
2.320e-01  1.412e+01  7.981e+05  -7.981e+05  6.927e+00 

f218w filter: 
log(z) = -2.0, log(g) = 1.0
	 Damped-oscillator fit coefficients: 
9.726e-01  1.500e+01  1.696e-07  1.965e-07  2.857e+00 
	 Covariance matrix: 
7.251e-05  1.094e-01  -1.835e-08  -1.844e-08  -3.807e-04 
1.094e-01  3.534e+02  -5.811e-05  -5.839e-05  -7.223e-01 
-1.835e-08  -5.811e-05  9.558e-12  9.606e-12  1.204e-07 
-1.844e-08  -5.839e-05  9.606e-12  9.653e-12  1.210e-07 
-3.807e-04  -7.223e-01  1.204e-07  1.210e-07  3.095e-03 

f218w filter: 
log(z) = -2.0, log(g) = 1.5
	 Damped-oscillator fit coefficients: 
9.837e-01  1.500e+01  1.598e-07  9.926e-08  2.859e+00 
	 Covariance matrix: 
2.878e-02  -1.462e+01  2.102e-06  2.123e-06  -1.193e-02 
-1.462e+01  7.446e+03  -1.071e-03  -1.081e-03  5.983e+00 
2.102e-06  -1.071e-03  1.540e-10  1.555e-10  -8.607e-07 
2.123e-06  -1.081e-03  1.555e-10  1.571e-10  -8.691e-07 
-1.193e-02  5.983e+00  -8.607e-07  -8.691e-07  5.902e-03 

f218w filter: 
log(z) = -2.0, log(g) = 2.0
	 Damped-oscillator fit coefficients: 
9.877e-01  1.500e+01  1.192e-06  -9.245e-07  2.884e+00 
	 Covariance matrix: 
4.596e-04  -3.873e-01  8.328e+02  -8.328e+02  -3.828e-04 
-3.873e-01  3.630e+02  -1.312e+06  1.312e+06  2.946e-01 
8.328e+02  -1.312e+06  7.646e+11  -7.646e+11  -7.261e+02 
-8.328e+02  1.312e+06  -7.646e+11  7.646e+11  7.261e+02 
-3.828e-04  2.946e-01  -7.261e+02  7.261e+02  7.194e-04 

f218w filter: 
log(z) = -2.0, log(g) = 2.5
	 Damped-oscillator fit coefficients: 
9.890e-01  1.500e+01  9.742e-08  1.589e-07  2.896e+00 
	 Covariance matrix: 
1.061e-04  -1.316e-01  -2.583e-08  6.892e-08  -1.215e-04 
-1.316e-01  2.448e+02  4.891e-05  -1.274e-04  1.460e-01 
-2.583e-08  4.891e-05  9.779e-12  -2.544e-11  2.867e-08 
6.892e-08  -1.274e-04  -2.544e-11  6.627e-11  -7.646e-08 
-1.215e-04  1.460e-01  2.867e-08  -7.646e-08  4.128e-04 

f218w filter: 
log(z) = -2.0, log(g) = 3.0
	 Damped-oscillator fit coefficients: 
1.668e+00  7.928e+00  -8.073e-03  -1.138e-11  2.928e+00 
	 Covariance matrix: 
8.343e-01  -6.217e+00  -2.638e-02  -4.681e-11  2.695e-02 
-6.217e+00  5.340e+01  2.040e-01  6.036e-10  -1.956e-01 
-2.638e-02  2.040e-01  8.598e-04  1.743e-12  -9.179e-04 
-4.681e-11  6.036e-10  1.743e-12  1.181e-20  -1.312e-12 
2.695e-02  -1.956e-01  -9.179e-04  -1.312e-12  1.386e-03 

f218w filter: 
log(z) = -2.0, log(g) = 3.5
	 Damped-oscillator fit coefficients: 
1.711e+00  7.630e+00  -8.901e-03  -1.193e-11  2.930e+00 
	 Covariance matrix: 
8.002e-01  -5.553e+00  -2.448e-02  -4.635e-11  1.979e-02 
-5.553e+00  4.670e+01  1.794e-01  6.397e-10  -1.342e-01 
-2.448e-02  1.794e-01  7.819e-04  1.784e-12  -6.716e-04 
-4.635e-11  6.397e-10  1.784e-12  1.508e-20  -1.011e-12 
1.979e-02  -1.342e-01  -6.716e-04  -1.011e-12  9.173e-04 

f218w filter: 
log(z) = -2.0, log(g) = 4.0
	 Damped-oscillator fit coefficients: 
1.719e+00  7.470e+00  -9.155e-03  -1.575e-11  2.931e+00 
	 Covariance matrix: 
6.825e-01  -4.646e+00  -2.012e-02  -5.355e-11  1.241e-02 
-4.646e+00  4.094e+01  1.485e-01  8.471e-10  -8.281e-02 
-2.012e-02  1.485e-01  6.287e-04  2.173e-12  -4.201e-04 
-5.355e-11  8.471e-10  2.173e-12  2.919e-20  -8.754e-13 
1.241e-02  -8.281e-02  -4.201e-04  -8.754e-13  5.490e-04 

f218w filter: 
log(z) = -2.0, log(g) = 4.5
	 Damped-oscillator fit coefficients: 
1.705e+00  7.363e+00  -9.139e-03  -2.716e-11  2.931e+00 
	 Covariance matrix: 
5.862e-01  -4.023e+00  -1.697e-02  -8.221e-11  8.086e-03 
-4.023e+00  3.776e+01  1.295e-01  1.461e-09  -5.449e-02 
-1.697e-02  1.295e-01  5.274e-04  3.518e-12  -2.761e-04 
-8.221e-11  1.461e-09  3.518e-12  9.082e-20  -1.028e-12 
8.086e-03  -5.449e-02  -2.761e-04  -1.028e-12  3.565e-04 

f218w filter: 
log(z) = -2.0, log(g) = 5.0
	 Damped-oscillator fit coefficients: 
1.672e+00  7.323e+00  -8.787e-03  -5.366e-11  2.932e+00 
	 Covariance matrix: 
5.526e-01  -3.933e+00  -1.615e-02  -1.613e-10  7.568e-03 
-3.933e+00  3.866e+01  1.285e-01  2.967e-09  -5.275e-02 
-1.615e-02  1.285e-01  5.073e-04  6.992e-12  -2.604e-04 
-1.613e-10  2.967e-09  6.992e-12  3.572e-19  -1.987e-12 
7.568e-03  -5.275e-02  -2.604e-04  -1.987e-12  3.415e-04 

f225w filter: 
log(z) = -2.0, log(g) = 0.0
	 Damped-oscillator fit coefficients: 
9.862e-01  1.000e+01  7.746e-05  7.742e-05  2.233e+00 
	 Covariance matrix: 
5.493e-03  2.744e+00  -2.233e+05  2.233e+05  2.129e-01 
2.744e+00  1.376e+03  -1.029e+08  1.029e+08  1.076e+02 
-2.233e+05  -1.029e+08  7.754e+13  -7.754e+13  -6.427e+06 
2.233e+05  1.029e+08  -7.754e+13  7.754e+13  6.427e+06 
2.129e-01  1.076e+02  -6.427e+06  6.427e+06  8.595e+00 

f225w filter: 
log(z) = -2.0, log(g) = 0.5
	 Damped-oscillator fit coefficients: 
9.808e-01  1.000e+01  4.367e-05  2.235e-05  2.467e+00 
	 Covariance matrix: 
5.155e-04  3.714e-01  -1.566e-05  -1.566e-05  6.468e-03 
3.714e-01  3.085e+02  -1.317e-02  -1.317e-02  5.935e+00 
-1.566e-05  -1.317e-02  5.627e-07  5.627e-07  -2.552e-04 
-1.566e-05  -1.317e-02  5.627e-07  5.627e-07  -2.552e-04 
6.468e-03  5.935e+00  -2.552e-04  -2.552e-04  1.221e-01 

f225w filter: 
log(z) = -2.0, log(g) = 1.0
	 Damped-oscillator fit coefficients: 
9.771e-01  1.000e+01  2.251e-05  2.258e-05  2.510e+00 
	 Covariance matrix: 
1.975e-04  8.044e-02  -2.127e-06  -2.127e-06  9.114e-05 
8.044e-02  3.740e+02  -1.085e-02  -1.085e-02  3.555e+00 
-2.127e-06  -1.085e-02  3.148e-07  3.148e-07  -1.038e-04 
-2.127e-06  -1.085e-02  3.148e-07  3.148e-07  -1.038e-04 
9.114e-05  3.555e+00  -1.038e-04  -1.038e-04  3.727e-02 

f225w filter: 
log(z) = -2.0, log(g) = 1.5
	 Damped-oscillator fit coefficients: 
9.727e-01  1.000e+01  1.650e-05  1.638e-05  2.532e+00 
	 Covariance matrix: 
1.027e-03  -6.336e-01  3.451e+04  -3.451e+04  -3.698e-03 
-6.336e-01  6.631e+02  -1.977e+07  1.977e+07  3.160e+00 
3.451e+04  -1.977e+07  1.311e+13  -1.311e+13  -9.665e+04 
-3.451e+04  1.977e+07  -1.311e+13  1.311e+13  9.665e+04 
-3.698e-03  3.160e+00  -9.665e+04  9.665e+04  1.697e-02 

f225w filter: 
log(z) = -2.0, log(g) = 2.0
	 Damped-oscillator fit coefficients: 
9.583e-01  1.000e+01  1.289e-05  1.285e-05  2.562e+00 
	 Covariance matrix: 
9.712e-03  -5.730e+00  7.663e-05  7.663e-05  -4.858e-03 
-5.730e+00  3.640e+03  -4.869e-02  -4.869e-02  2.874e+00 
7.663e-05  -4.869e-02  6.514e-07  6.514e-07  -3.841e-05 
7.663e-05  -4.869e-02  6.514e-07  6.514e-07  -3.841e-05 
-4.858e-03  2.874e+00  -3.841e-05  -3.841e-05  2.849e-03 

f225w filter: 
log(z) = -2.0, log(g) = 2.5
	 Damped-oscillator fit coefficients: 
9.469e-01  9.517e+00  2.058e-05  2.041e-05  2.576e+00 
	 Covariance matrix: 
8.029e-04  -9.720e-02  1.781e-06  1.781e-06  -2.735e-04 
-9.720e-02  2.683e+03  -5.335e-02  -5.335e-02  9.577e-01 
1.781e-06  -5.335e-02  1.061e-06  1.061e-06  -1.898e-05 
1.781e-06  -5.335e-02  1.061e-06  1.061e-06  -1.898e-05 
-2.735e-04  9.577e-01  -1.898e-05  -1.898e-05  7.149e-04 

f225w filter: 
log(z) = -2.0, log(g) = 3.0
	 Damped-oscillator fit coefficients: 
1.477e+00  6.246e+00  -1.362e-02  -1.853e-08  2.616e+00 
	 Covariance matrix: 
3.031e-01  -2.220e+00  -1.843e-02  -2.753e-08  1.771e-02 
-2.220e+00  4.764e+01  2.405e-01  1.802e-06  -1.942e-01 
-1.843e-02  2.405e-01  1.508e-03  7.031e-09  -1.399e-03 
-2.753e-08  1.802e-06  7.031e-09  8.410e-14  -4.845e-09 
1.771e-02  -1.942e-01  -1.399e-03  -4.845e-09  1.744e-03 

f225w filter: 
log(z) = -2.0, log(g) = 3.5
	 Damped-oscillator fit coefficients: 
1.533e+00  5.489e+00  -1.903e-02  -6.224e-08  2.622e+00 
	 Covariance matrix: 
3.297e-01  -1.925e+00  -2.086e-02  -7.670e-08  1.530e-02 
-1.925e+00  3.428e+01  2.164e-01  4.592e-06  -1.364e-01 
-2.086e-02  2.164e-01  1.768e-03  2.177e-08  -1.295e-03 
-7.670e-08  4.592e-06  2.177e-08  7.633e-13  -1.188e-08 
1.530e-02  -1.364e-01  -1.295e-03  -1.188e-08  1.318e-03 

f225w filter: 
log(z) = -2.0, log(g) = 4.0
	 Damped-oscillator fit coefficients: 
1.553e+00  5.183e+00  -2.182e-02  -1.082e-07  2.626e+00 
	 Covariance matrix: 
2.725e-01  -1.196e+00  -1.577e-02  -1.924e-08  8.997e-03 
-1.196e+00  2.655e+01  1.638e-01  6.865e-06  -7.835e-02 
-1.577e-02  1.638e-01  1.397e-03  3.106e-08  -8.069e-04 
-1.924e-08  6.865e-06  3.106e-08  2.161e-12  -1.280e-08 
8.997e-03  -7.835e-02  -8.069e-04  -1.280e-08  7.482e-04 

f225w filter: 
log(z) = -2.0, log(g) = 4.5
	 Damped-oscillator fit coefficients: 
1.552e+00  5.120e+00  -2.299e-02  -1.244e-07  2.628e+00 
	 Covariance matrix: 
2.206e-01  -5.805e-01  -1.092e-02  1.179e-07  4.970e-03 
-5.805e-01  2.318e+01  1.297e-01  7.635e-06  -4.641e-02 
-1.092e-02  1.297e-01  1.070e-03  3.103e-08  -4.862e-04 
1.179e-07  7.635e-06  3.103e-08  2.980e-12  -9.396e-09 
4.970e-03  -4.641e-02  -4.862e-04  -9.396e-09  4.405e-04 

f225w filter: 
log(z) = -2.0, log(g) = 5.0
	 Damped-oscillator fit coefficients: 
1.537e+00  5.441e+00  -2.163e-02  -5.699e-08  2.629e+00 
	 Covariance matrix: 
1.981e-01  1.350e-03  -7.294e-03  1.450e-07  3.610e-03 
1.350e-03  2.564e+01  1.245e-01  4.271e-06  -4.200e-02 
-7.294e-03  1.245e-01  9.179e-04  1.532e-08  -4.071e-04 
1.450e-07  4.271e-06  1.532e-08  8.177e-13  -4.273e-09 
3.610e-03  -4.200e-02  -4.071e-04  -4.273e-09  3.960e-04 

f275w filter: 
log(z) = -2.0, log(g) = 0.0
	 Damped-oscillator fit coefficients: 
9.671e-01  1.006e+01  2.574e-06  3.585e-06  1.991e+00 
	 Covariance matrix: 
5.109e+03  -1.855e+06  6.653e+00  6.653e+00  -2.034e+03 
-1.855e+06  6.735e+08  -2.415e+03  -2.415e+03  7.384e+05 
6.653e+00  -2.415e+03  8.663e-03  8.663e-03  -2.648e+00 
6.653e+00  -2.415e+03  8.663e-03  8.663e-03  -2.648e+00 
-2.034e+03  7.384e+05  -2.648e+00  -2.648e+00  8.096e+02 

f275w filter: 
log(z) = -2.0, log(g) = 0.5
	 Damped-oscillator fit coefficients: 
9.266e-01  6.836e+00  1.132e-04  1.145e-04  2.020e+00 
	 Covariance matrix: 
5.313e-01  -1.485e+03  1.931e-01  1.931e-01  -4.409e+00 
-1.485e+03  4.999e+06  -6.501e+02  -6.501e+02  1.472e+04 
1.931e-01  -6.501e+02  8.455e-02  8.455e-02  -1.915e+00 
1.931e-01  -6.501e+02  8.455e-02  8.455e-02  -1.915e+00 
-4.409e+00  1.472e+04  -1.915e+00  -1.915e+00  4.338e+01 

f275w filter: 
log(z) = -2.0, log(g) = 1.0
	 Damped-oscillator fit coefficients: 
9.149e-01  6.525e+00  1.498e-04  1.506e-04  2.025e+00 
	 Covariance matrix: 
2.037e+00  1.514e+03  -2.527e-01  -2.527e-01  3.950e+00 
1.514e+03  1.168e+06  -1.949e+02  -1.949e+02  3.063e+03 
-2.527e-01  -1.949e+02  3.253e-02  3.253e-02  -5.114e-01 
-2.527e-01  -1.949e+02  3.253e-02  3.253e-02  -5.114e-01 
3.950e+00  3.063e+03  -5.114e-01  -5.114e-01  8.046e+00 

f275w filter: 
log(z) = -2.0, log(g) = 1.5
	 Damped-oscillator fit coefficients: 
9.082e-01  6.449e+00  1.507e-04  1.507e-04  2.028e+00 
	 Covariance matrix: 
2.662e+00  1.038e+03  -1.695e-01  -1.695e-01  2.180e+00 
1.038e+03  4.149e+05  -6.772e+01  -6.772e+01  8.767e+02 
-1.695e-01  -6.772e+01  1.105e-02  1.105e-02  -1.431e-01 
-1.695e-01  -6.772e+01  1.105e-02  1.105e-02  -1.431e-01 
2.180e+00  8.767e+02  -1.431e-01  -1.431e-01  1.856e+00 

f275w filter: 
log(z) = -2.0, log(g) = 2.0
	 Damped-oscillator fit coefficients: 
8.738e-01  6.157e+00  2.206e-04  2.202e-04  2.036e+00 
	 Covariance matrix: 
1.358e+00  1.289e+02  4.917e+06  -4.917e+06  1.632e-01 
1.289e+02  1.276e+04  6.140e+08  -6.140e+08  1.659e+01 
4.917e+06  6.140e+08  1.223e+14  -1.223e+14  8.722e+05 
-4.917e+06  -6.140e+08  -1.223e+14  1.223e+14  -8.722e+05 
1.632e-01  1.659e+01  8.722e+05  -8.722e+05  2.244e-02 

f275w filter: 
log(z) = -2.0, log(g) = 2.5
	 Damped-oscillator fit coefficients: 
1.000e-01  1.031e+00  1.070e-01  1.070e-01  1.841e+00 
	 Covariance matrix: 
1.267e+01  1.125e+02  -1.952e+06  1.952e+06  4.594e+01 
1.125e+02  1.008e+03  -1.673e+07  1.673e+07  4.120e+02 
-1.952e+06  -1.673e+07  1.212e+13  -1.212e+13  -6.775e+06 
1.952e+06  1.673e+07  -1.212e+13  1.212e+13  6.775e+06 
4.594e+01  4.120e+02  -6.775e+06  6.775e+06  1.685e+02 

f275w filter: 
log(z) = -2.0, log(g) = 3.0
	 Damped-oscillator fit coefficients: 
1.480e+00  3.016e+00  -1.475e-02  -2.544e-05  2.064e+00 
	 Covariance matrix: 
2.188e+01  -9.975e+01  -7.863e-01  -3.063e-03  6.804e-01 
-9.975e+01  5.460e+02  3.760e+00  2.051e-02  -3.255e+00 
-7.863e-01  3.760e+00  2.918e-02  1.222e-04  -2.556e-02 
-3.063e-03  2.051e-02  1.222e-04  8.997e-07  -1.057e-04 
6.804e-01  -3.255e+00  -2.556e-02  -1.057e-04  2.283e-02 

f275w filter: 
log(z) = -2.0, log(g) = 3.5
	 Damped-oscillator fit coefficients: 
1.512e+00  2.638e+00  -1.628e-02  -5.629e-05  2.066e+00 
	 Covariance matrix: 
2.117e+01  -7.794e+01  -6.520e-01  -5.143e-03  5.522e-01 
-7.794e+01  3.473e+02  2.485e+00  2.878e-02  -2.146e+00 
-6.520e-01  2.485e+00  2.084e-02  1.712e-04  -1.791e-02 
-5.143e-03  2.878e-02  1.712e-04  2.858e-06  -1.516e-04 
5.522e-01  -2.146e+00  -1.791e-02  -1.516e-04  1.572e-02 

f275w filter: 
log(z) = -2.0, log(g) = 4.0
	 Damped-oscillator fit coefficients: 
1.475e+00  2.494e+00  -1.548e-02  -1.023e-04  2.066e+00 
	 Covariance matrix: 
1.077e+01  -3.930e+01  -2.702e-01  -4.716e-03  2.124e-01 
-3.930e+01  2.002e+02  1.023e+00  3.359e-02  -8.669e-01 
-2.702e-01  1.023e+00  7.298e-03  1.274e-04  -5.864e-03 
-4.716e-03  3.359e-02  1.274e-04  6.804e-06  -1.184e-04 
2.124e-01  -8.669e-01  -5.864e-03  -1.184e-04  5.001e-03 

f275w filter: 
log(z) = -2.0, log(g) = 4.5
	 Damped-oscillator fit coefficients: 
1.447e+00  2.305e+00  -1.501e-02  -1.991e-04  2.066e+00 
	 Covariance matrix: 
7.158e+00  -2.417e+01  -1.383e-01  -5.368e-03  1.040e-01 
-2.417e+01  1.288e+02  4.414e-01  4.412e-02  -4.103e-01 
-1.383e-01  4.414e-01  3.116e-03  8.662e-05  -2.310e-03 
-5.368e-03  4.412e-02  8.662e-05  1.840e-05  -1.091e-04 
1.040e-01  -4.103e-01  -2.310e-03  -1.091e-04  2.018e-03 

f275w filter: 
log(z) = -2.0, log(g) = 5.0
	 Damped-oscillator fit coefficients: 
1.444e+00  2.043e+00  -1.489e-02  -4.110e-04  2.067e+00 
	 Covariance matrix: 
1.130e+01  -3.354e+01  -1.779e-01  -1.490e-02  1.593e-01 
-3.354e+01  1.317e+02  4.513e-01  8.079e-02  -5.066e-01 
-1.779e-01  4.513e-01  3.532e-03  1.404e-04  -2.822e-03 
-1.490e-02  8.079e-02  1.404e-04  6.143e-05  -2.452e-04 
1.593e-01  -5.066e-01  -2.822e-03  -2.452e-04  2.743e-03 

f218w filter: 
log(z) = 0.0, log(g) = 0.0
	 Damped-oscillator fit coefficients: 
1.000e-01  2.002e+00  1.493e+00  1.571e+00  3.000e+00 
	 Covariance matrix: 
3.094e+03  6.224e+03  5.824e+08  -5.825e+08  1.555e+04 
6.224e+03  1.253e+04  1.155e+09  -1.155e+09  3.130e+04 
5.824e+08  1.155e+09  1.991e+14  -1.991e+14  2.877e+09 
-5.825e+08  -1.155e+09  -1.991e+14  1.991e+14  -2.877e+09 
1.555e+04  3.130e+04  2.877e+09  -2.877e+09  7.822e+04 

f218w filter: 
log(z) = 0.0, log(g) = 0.5
	 Damped-oscillator fit coefficients: 
6.483e-01  1.586e+00  2.000e+00  2.000e+00  -2.436e+00 
	 Covariance matrix: 
3.667e+00  2.159e+01  -1.612e+06  1.612e+06  2.220e+02 
2.159e+01  1.272e+02  -9.797e+06  9.795e+06  1.310e+03 
-1.612e+06  -9.797e+06  6.708e+12  -6.708e+12  -1.029e+08 
1.612e+06  9.795e+06  -6.708e+12  6.708e+12  1.029e+08 
2.220e+02  1.310e+03  -1.029e+08  1.029e+08  1.349e+04 

f218w filter: 
log(z) = 0.0, log(g) = 1.0
	 Damped-oscillator fit coefficients: 
7.473e-01  1.849e+00  1.809e+00  1.627e+00  -3.000e+00 
	 Covariance matrix: 
1.579e-01  1.086e+00  -4.456e+04  4.455e+04  9.406e+00 
1.086e+00  7.478e+00  -3.065e+05  3.064e+05  6.487e+01 
-4.456e+04  -3.065e+05  1.402e+12  -1.402e+12  -2.673e+06 
4.455e+04  3.064e+05  -1.402e+12  1.402e+12  2.673e+06 
9.406e+00  6.487e+01  -2.673e+06  2.673e+06  5.641e+02 

f218w filter: 
log(z) = 0.0, log(g) = 1.5
	 Damped-oscillator fit coefficients: 
8.268e-01  2.509e+00  6.146e-01  5.605e-01  1.519e-01 
	 Covariance matrix: 
1.778e-02  2.075e-01  -2.161e+04  2.161e+04  6.455e-01 
2.075e-01  2.428e+00  -3.012e+05  3.012e+05  7.589e+00 
-2.161e+04  -3.012e+05  4.088e+12  -4.088e+12  -1.149e+06 
2.161e+04  3.012e+05  -4.088e+12  4.088e+12  1.149e+06 
6.455e-01  7.589e+00  -1.149e+06  1.149e+06  2.391e+01 

f218w filter: 
log(z) = 0.0, log(g) = 2.0
	 Damped-oscillator fit coefficients: 
9.409e-01  6.203e+00  3.339e-03  3.339e-03  2.866e+00 
	 Covariance matrix: 
2.372e-04  1.912e-02  1.432e+04  -1.432e+04  7.974e-04 
1.912e-02  1.820e+00  7.008e+05  -7.008e+05  9.123e-02 
1.432e+04  7.008e+05  6.114e+13  -6.114e+13  9.244e+03 
-1.432e+04  -7.008e+05  -6.114e+13  6.114e+13  -9.244e+03 
7.974e-04  9.123e-02  9.244e+03  -9.244e+03  5.669e-03 

f218w filter: 
log(z) = 0.0, log(g) = 2.5
	 Damped-oscillator fit coefficients: 
9.513e-01  7.153e+00  1.075e-03  1.075e-03  2.904e+00 
	 Covariance matrix: 
1.304e-04  1.371e-02  1.149e+04  -1.149e+04  1.484e-04 
1.371e-02  1.974e+00  7.656e+05  -7.656e+05  3.298e-02 
1.149e+04  7.656e+05  1.300e+13  -1.300e+13  5.292e+03 
-1.149e+04  -7.656e+05  -1.300e+13  1.300e+13  -5.292e+03 
1.484e-04  3.298e-02  5.292e+03  -5.292e+03  1.027e-03 

