f218w filter: 
log(z) = -2.0, log(g) = 0.0
	 Damped-oscillator fit coefficients: 
9.929e-01  8.357e+00  -1.432e-05  -1.432e-05  5.000e-01 
	 Covariance matrix: 
3.297e-03  2.084e+00  -7.409e+05  7.409e+05  -3.916e-01 
2.084e+00  1.317e+03  -4.707e+08  4.707e+08  -2.477e+02 
-7.409e+05  -4.707e+08  3.587e+14  -3.587e+14  9.598e+07 
7.409e+05  4.707e+08  -3.587e+14  3.587e+14  -9.598e+07 
-3.916e-01  -2.477e+02  9.598e+07  -9.598e+07  4.715e+01 

f218w filter: 
log(z) = -2.0, log(g) = 0.5
	 Damped-oscillator fit coefficients: 
2.458e+00  5.375e+00  4.775e-02  2.031e-18  -2.305e-01 
	 Covariance matrix: 
7.012e-70  -0.000e+00  1.445e-69  2.144e-53  2.427e-70 
-0.000e+00  0.000e+00  -0.000e+00  -0.000e+00  -0.000e+00 
1.445e-69  -0.000e+00  2.978e-69  4.418e-53  5.002e-70 
2.144e-53  -0.000e+00  4.418e-53  6.554e-37  7.420e-54 
2.427e-70  -0.000e+00  5.002e-70  7.420e-54  8.401e-71 

f218w filter: 
log(z) = -2.0, log(g) = 1.0
	 Damped-oscillator fit coefficients: 
1.033e+00  1.920e+00  -2.000e-01  4.450e-02  2.827e-01 
	 Covariance matrix: 
8.507e+04  -2.599e+05  -2.192e+03  -8.187e+04  1.131e+05 
-2.599e+05  7.948e+05  6.951e+03  2.501e+05  -3.461e+05 
-2.192e+03  6.951e+03  1.930e+02  2.075e+03  -3.112e+03 
-8.187e+04  2.501e+05  2.075e+03  7.881e+04  -1.088e+05 
1.131e+05  -3.461e+05  -3.112e+03  -1.088e+05  1.508e+05 

f218w filter: 
log(z) = -2.0, log(g) = 1.5
	 Damped-oscillator fit coefficients: 
1.029e+00  2.131e+00  -2.000e-01  4.267e-02  3.757e-01 
	 Covariance matrix: 
5.772e+03  -1.910e+04  1.726e+02  -6.340e+03  8.840e+03 
-1.910e+04  6.329e+04  -5.344e+02  2.097e+04  -2.931e+04 
1.726e+02  -5.344e+02  2.322e+01  -1.941e+02  2.353e+02 
-6.340e+03  2.097e+04  -1.941e+02  6.966e+03  -9.702e+03 
8.840e+03  -2.931e+04  2.353e+02  -9.702e+03  1.358e+04 

f218w filter: 
log(z) = -2.0, log(g) = 2.0
	 Damped-oscillator fit coefficients: 
1.000e+00  3.155e+00  -2.000e-01  1.717e-01  1.287e-01 
	 Covariance matrix: 
6.163e+00  -2.819e+01  3.564e+03  -3.566e+03  2.890e+00 
-2.819e+01  1.316e+02  -1.630e+04  1.631e+04  -1.368e+01 
3.564e+03  -1.630e+04  2.061e+06  -2.062e+06  1.671e+03 
-3.566e+03  1.631e+04  -2.062e+06  2.063e+06  -1.672e+03 
2.890e+00  -1.368e+01  1.671e+03  -1.672e+03  1.442e+00 

f218w filter: 
log(z) = -2.0, log(g) = 2.5
	 Damped-oscillator fit coefficients: 
9.612e-01  4.633e+00  -1.043e-03  -1.043e-03  9.137e-03 
	 Covariance matrix: 
4.317e-04  2.883e-02  1.753e+05  -1.753e+05  -7.244e-04 
2.883e-02  2.026e+00  1.073e+07  -1.073e+07  -5.924e-02 
1.753e+05  1.073e+07  2.552e+14  -2.552e+14  -2.017e+05 
-1.753e+05  -1.073e+07  -2.552e+14  2.552e+14  2.017e+05 
-7.244e-04  -5.924e-02  -2.017e+05  2.017e+05  2.659e-03 

f218w filter: 
log(z) = -2.0, log(g) = 3.0
	 Damped-oscillator fit coefficients: 
1.000e+00  4.918e+00  -3.737e-02  3.567e-02  4.240e-04 
	 Covariance matrix: 
2.791e-01  -2.118e+00  6.687e+02  -6.687e+02  1.202e-02 
-2.118e+00  1.728e+01  -5.073e+03  5.074e+03  -1.122e-01 
6.687e+02  -5.073e+03  1.602e+06  -1.602e+06  2.879e+01 
-6.687e+02  5.074e+03  -1.602e+06  1.602e+06  -2.879e+01 
1.202e-02  -1.122e-01  2.879e+01  -2.879e+01  1.415e-03 

f218w filter: 
log(z) = -2.0, log(g) = 3.5
	 Damped-oscillator fit coefficients: 
1.000e+00  5.248e+00  -2.459e-02  2.349e-02  -1.330e-03 
	 Covariance matrix: 
2.193e-01  -1.824e+00  4.014e+02  -4.014e+02  6.461e-03 
-1.824e+00  1.636e+01  -3.339e+03  3.339e+03  -6.862e-02 
4.014e+02  -3.339e+03  7.345e+05  -7.345e+05  1.182e+01 
-4.014e+02  3.339e+03  -7.345e+05  7.345e+05  -1.182e+01 
6.461e-03  -6.862e-02  1.182e+01  -1.182e+01  7.773e-04 

f218w filter: 
log(z) = -2.0, log(g) = 4.0
	 Damped-oscillator fit coefficients: 
1.000e+00  5.482e+00  -1.724e-02  1.643e-02  -1.913e-03 
	 Covariance matrix: 
1.941e-01  -1.714e+00  2.488e+02  -2.488e+02  3.859e-03 
-1.714e+00  1.631e+01  -2.198e+03  2.198e+03  -4.456e-02 
2.488e+02  -2.198e+03  3.190e+05  -3.190e+05  4.947e+00 
-2.488e+02  2.198e+03  -3.190e+05  3.190e+05  -4.947e+00 
3.859e-03  -4.456e-02  4.947e+00  -4.947e+00  4.661e-04 

f218w filter: 
log(z) = -2.0, log(g) = 4.5
	 Damped-oscillator fit coefficients: 
1.000e+00  5.636e+00  -1.358e-02  1.292e-02  -1.818e-03 
	 Covariance matrix: 
1.824e-01  -1.674e+00  1.842e+02  -1.842e+02  2.605e-03 
-1.674e+00  1.653e+01  -1.690e+03  1.690e+03  -3.169e-02 
1.842e+02  -1.690e+03  1.860e+05  -1.860e+05  2.630e+00 
-1.842e+02  1.690e+03  -1.860e+05  1.860e+05  -2.630e+00 
2.605e-03  -3.169e-02  2.630e+00  -2.630e+00  3.142e-04 

f218w filter: 
log(z) = -2.0, log(g) = 5.0
	 Damped-oscillator fit coefficients: 
1.000e+00  5.728e+00  -1.321e-02  1.264e-02  -1.768e-03 
	 Covariance matrix: 
1.834e-01  -1.739e+00  2.331e+02  -2.331e+02  2.529e-03 
-1.739e+00  1.772e+01  -2.209e+03  2.210e+03  -3.175e-02 
2.331e+02  -2.209e+03  2.962e+05  -2.962e+05  3.213e+00 
-2.331e+02  2.210e+03  -2.962e+05  2.962e+05  -3.214e+00 
2.529e-03  -3.175e-02  3.213e+00  -3.214e+00  3.026e-04 

f225w filter: 
log(z) = -2.0, log(g) = 0.0
	 Damped-oscillator fit coefficients: 
3.000e+00  2.138e-01  -1.000e-01  7.373e-02  -3.000e-01 
	 Covariance matrix: 
2.337e+15  -1.766e+14  -1.642e+14  -1.159e+11  1.644e+14 
-1.766e+14  1.334e+13  1.241e+13  8.759e+09  -1.242e+13 
-1.642e+14  1.241e+13  1.154e+13  8.107e+09  -1.155e+13 
-1.159e+11  8.759e+09  8.107e+09  6.485e+06  -8.115e+09 
1.644e+14  -1.242e+13  -1.155e+13  -8.115e+09  1.157e+13 

f225w filter: 
log(z) = -2.0, log(g) = 0.5
	 Damped-oscillator fit coefficients: 
1.028e+00  2.092e+00  -1.000e-01  2.414e-02  6.742e-02 
	 Covariance matrix: 
7.024e+05  -2.647e+06  6.551e+03  -4.136e+05  6.039e+05 
-2.647e+06  9.976e+06  -2.373e+04  1.558e+06  -2.277e+06 
6.551e+03  -2.373e+04  3.257e+02  -3.927e+03  5.188e+03 
-4.136e+05  1.558e+06  -3.927e+03  2.435e+05  -3.554e+05 
6.039e+05  -2.277e+06  5.188e+03  -3.554e+05  5.199e+05 

f225w filter: 
log(z) = -2.0, log(g) = 1.0
	 Damped-oscillator fit coefficients: 
1.003e+00  2.878e+00  -1.000e-01  4.825e-02  3.000e-01 
	 Covariance matrix: 
4.250e+03  -1.893e+04  3.754e+04  -3.982e+04  5.043e+03 
-1.893e+04  8.447e+04  -1.672e+05  1.773e+05  -2.253e+04 
3.754e+04  -1.672e+05  3.317e+05  -3.518e+05  4.453e+04 
-3.982e+04  1.773e+05  -3.518e+05  3.731e+05  -4.724e+04 
5.043e+03  -2.253e+04  4.453e+04  -4.724e+04  6.013e+03 

f225w filter: 
log(z) = -2.0, log(g) = 1.5
	 Damped-oscillator fit coefficients: 
9.492e-01  3.327e+00  -2.262e-02  -2.733e-03  3.000e-01 
	 Covariance matrix: 
2.087e-02  8.775e-01  -6.848e+05  6.848e+05  -2.921e-01 
8.775e-01  3.695e+01  -2.873e+07  2.873e+07  -1.236e+01 
-6.848e+05  -2.873e+07  4.201e+14  -4.201e+14  9.462e+06 
6.848e+05  2.873e+07  -4.201e+14  4.201e+14  -9.462e+06 
-2.921e-01  -1.236e+01  9.462e+06  -9.462e+06  4.204e+00 

f225w filter: 
log(z) = -2.0, log(g) = 2.0
	 Damped-oscillator fit coefficients: 
1.000e+00  5.433e+00  -1.159e-02  1.089e-02  -9.670e-04 
	 Covariance matrix: 
2.698e+00  -2.472e+01  1.579e+03  -1.579e+03  3.321e-01 
-2.472e+01  2.351e+02  -1.446e+04  1.446e+04  -3.283e+00 
1.579e+03  -1.446e+04  9.238e+05  -9.238e+05  1.943e+02 
-1.579e+03  1.446e+04  -9.238e+05  9.238e+05  -1.943e+02 
3.321e-01  -3.283e+00  1.943e+02  -1.943e+02  4.929e-02 

f225w filter: 
log(z) = -2.0, log(g) = 2.5
	 Damped-oscillator fit coefficients: 
1.000e+00  5.816e+00  -7.675e-03  7.267e-03  -6.514e-03 
	 Covariance matrix: 
6.662e-01  -5.754e+00  3.789e+02  -3.789e+02  3.619e-02 
-5.754e+00  5.383e+01  -3.273e+03  3.273e+03  -3.707e-01 
3.789e+02  -3.273e+03  2.155e+05  -2.155e+05  2.058e+01 
-3.789e+02  3.273e+03  -2.155e+05  2.155e+05  -2.058e+01 
3.619e-02  -3.707e-01  2.058e+01  -2.058e+01  3.449e-03 

f225w filter: 
log(z) = -2.0, log(g) = 3.0
	 Damped-oscillator fit coefficients: 
1.127e+00  4.972e+00  -2.581e-03  3.008e-06  4.416e-03 
	 Covariance matrix: 
7.191e-01  -3.704e+00  -1.580e-02  -2.757e-05  2.403e-02 
-3.704e+00  2.055e+01  8.645e-02  1.305e-04  -1.457e-01 
-1.580e-02  8.645e-02  3.659e-04  5.658e-07  -6.235e-04 
-2.757e-05  1.305e-04  5.658e-07  1.148e-09  -7.435e-07 
2.403e-02  -1.457e-01  -6.235e-04  -7.435e-07  1.707e-03 

f225w filter: 
log(z) = -2.0, log(g) = 3.5
	 Damped-oscillator fit coefficients: 
1.271e+00  4.377e+00  -6.621e-03  8.111e-07  1.213e-02 
	 Covariance matrix: 
9.864e-01  -3.652e+00  -3.083e-02  -5.147e-06  2.747e-02 
-3.652e+00  1.435e+01  1.207e-01  1.690e-05  -1.146e-01 
-3.083e-02  1.207e-01  1.024e-03  1.436e-07  -1.014e-03 
-5.147e-06  1.690e-05  1.436e-07  3.247e-11  -1.087e-07 
2.747e-02  -1.146e-01  -1.014e-03  -1.087e-07  1.509e-03 

f225w filter: 
log(z) = -2.0, log(g) = 4.0
	 Damped-oscillator fit coefficients: 
1.348e+00  4.154e+00  -9.175e-03  4.661e-07  1.613e-02 
	 Covariance matrix: 
9.062e-01  -2.841e+00  -2.957e-02  -2.282e-06  1.843e-02 
-2.841e+00  9.525e+00  9.885e-02  6.145e-06  -6.549e-02 
-2.957e-02  9.885e-02  1.041e-03  6.433e-08  -7.342e-04 
-2.282e-06  6.145e-06  6.433e-08  7.385e-12  -3.349e-08 
1.843e-02  -6.549e-02  -7.342e-04  -3.349e-08  8.760e-04 

f225w filter: 
log(z) = -2.0, log(g) = 4.5
	 Damped-oscillator fit coefficients: 
1.379e+00  4.100e+00  -1.027e-02  3.495e-07  1.839e-02 
	 Covariance matrix: 
7.559e-01  -2.193e+00  -2.426e-02  -1.423e-06  1.104e-02 
-2.193e+00  6.905e+00  7.594e-02  3.449e-06  -3.707e-02 
-2.426e-02  7.594e-02  8.506e-04  3.856e-08  -4.510e-04 
-1.423e-06  3.449e-06  3.856e-08  3.531e-12  -1.426e-08 
1.104e-02  -3.707e-02  -4.510e-04  -1.426e-08  5.015e-04 

f225w filter: 
log(z) = -2.0, log(g) = 5.0
	 Damped-oscillator fit coefficients: 
1.354e+00  4.215e+00  -9.450e-03  3.495e-07  1.886e-02 
	 Covariance matrix: 
6.607e-01  -1.984e+00  -2.099e-02  -1.381e-06  9.302e-03 
-1.984e+00  6.514e+00  6.828e-02  3.462e-06  -3.285e-02 
-2.099e-02  6.828e-02  7.281e-04  3.734e-08  -3.797e-04 
-1.381e-06  3.462e-06  3.734e-08  3.722e-12  -1.322e-08 
9.302e-03  -3.285e-02  -3.797e-04  -1.322e-08  4.536e-04 

f275w filter: 
log(z) = -2.0, log(g) = 0.0
	 Damped-oscillator fit coefficients: 
9.947e-01  1.000e+01  7.905e-08  7.900e-08  1.204e-03 
	 Covariance matrix: 
1.124e-01  1.147e+02  -3.740e-05  7.258e-06  9.157e-01 
1.147e+02  1.170e+05  -3.816e-02  7.403e-03  9.362e+02 
-3.740e-05  -3.816e-02  1.245e-08  -2.414e-09  -3.056e-04 
7.258e-06  7.403e-03  -2.414e-09  4.689e-10  5.896e-05 
9.157e-01  9.362e+02  -3.056e-04  5.896e-05  7.632e+00 

f275w filter: 
log(z) = -2.0, log(g) = 0.5
	 Damped-oscillator fit coefficients: 
9.946e-01  1.000e+01  5.389e-08  5.394e-08  1.586e-02 
	 Covariance matrix: 
1.141e-02  1.106e+01  -1.275e-07  -1.754e-06  3.257e-02 
1.106e+01  1.073e+04  -1.241e-04  -1.702e-03  3.176e+01 
-1.275e-07  -1.241e-04  1.518e-12  1.976e-11  -3.914e-07 
-1.754e-06  -1.702e-03  1.976e-11  2.700e-10  -5.061e-06 
3.257e-02  3.176e+01  -3.914e-07  -5.061e-06  1.027e-01 

f275w filter: 
log(z) = -2.0, log(g) = 1.0
	 Damped-oscillator fit coefficients: 
9.927e-01  8.336e+00  8.000e-07  7.998e-07  8.645e-03 
	 Covariance matrix: 
9.376e-03  5.576e+00  -1.358e+06  1.358e+06  2.440e-02 
5.576e+00  3.317e+03  -7.974e+08  7.974e+08  1.454e+01 
-1.358e+06  -7.974e+08  3.746e+16  -3.746e+16  -4.328e+06 
1.358e+06  7.974e+08  -3.746e+16  3.746e+16  4.328e+06 
2.440e-02  1.454e+01  -4.328e+06  4.328e+06  7.022e-02 

f275w filter: 
log(z) = -2.0, log(g) = 1.5
	 Damped-oscillator fit coefficients: 
9.908e-01  7.274e+00  4.396e-06  4.396e-06  1.041e-03 
	 Covariance matrix: 
8.020e-03  3.393e+00  2.481e+06  -2.481e+06  1.872e-02 
3.393e+00  1.436e+03  1.072e+09  -1.072e+09  7.909e+00 
2.481e+06  1.072e+09  2.212e+16  -2.212e+16  5.105e+06 
-2.481e+06  -1.072e+09  -2.212e+16  2.212e+16  -5.105e+06 
1.872e-02  7.909e+00  5.105e+06  -5.105e+06  4.846e-02 

f275w filter: 
log(z) = -2.0, log(g) = 2.0
	 Damped-oscillator fit coefficients: 
9.882e-01  6.252e+00  2.042e-05  2.042e-05  -6.573e-03 
	 Covariance matrix: 
2.769e-03  8.391e-01  1.957e+06  -1.957e+06  3.127e-03 
8.391e-01  2.555e+02  6.449e+08  -6.449e+08  9.314e-01 
1.957e+06  6.449e+08  1.169e+16  -1.169e+16  1.222e+06 
-1.957e+06  -6.449e+08  -1.169e+16  1.169e+16  -1.222e+06 
3.127e-03  9.314e-01  1.222e+06  -1.222e+06  4.795e-03 

f275w filter: 
log(z) = -2.0, log(g) = 2.5
	 Damped-oscillator fit coefficients: 
1.084e+00  8.682e-01  -1.000e-01  3.309e-02  6.319e-02 
	 Covariance matrix: 
3.060e+04  -3.399e+04  7.629e+02  -6.515e+03  5.772e+03 
-3.399e+04  3.782e+04  -8.191e+02  7.227e+03  -6.430e+03 
7.629e+02  -8.191e+02  3.018e+01  -1.663e+02  1.363e+02 
-6.515e+03  7.227e+03  -1.663e+02  1.389e+03  -1.226e+03 
5.772e+03  -6.430e+03  1.363e+02  -1.226e+03  1.094e+03 

f275w filter: 
log(z) = -2.0, log(g) = 3.0
	 Damped-oscillator fit coefficients: 
1.009e+00  1.148e+00  -1.000e-01  6.797e-02  2.711e-02 
	 Covariance matrix: 
5.848e+02  -9.105e+02  2.427e+03  -2.480e+03  5.161e+01 
-9.105e+02  1.437e+03  -3.774e+03  3.857e+03  -8.195e+01 
2.427e+03  -3.774e+03  1.008e+04  -1.030e+04  2.138e+02 
-2.480e+03  3.857e+03  -1.030e+04  1.052e+04  -2.185e+02 
5.161e+01  -8.195e+01  2.138e+02  -2.185e+02  4.691e+00 

f275w filter: 
log(z) = -2.0, log(g) = 3.5
	 Damped-oscillator fit coefficients: 
1.002e+00  1.426e+00  -1.000e-01  8.373e-02  1.148e-02 
	 Covariance matrix: 
1.111e+02  -2.135e+02  2.896e+03  -2.900e+03  4.375e+00 
-2.135e+02  4.236e+02  -5.563e+03  5.572e+03  -8.809e+00 
2.896e+03  -5.563e+03  7.548e+04  -7.560e+04  1.139e+02 
-2.900e+03  5.572e+03  -7.560e+04  7.572e+04  -1.141e+02 
4.375e+00  -8.809e+00  1.139e+02  -1.141e+02  1.863e-01 

f275w filter: 
log(z) = -2.0, log(g) = 4.0
	 Damped-oscillator fit coefficients: 
1.001e+00  1.609e+00  -1.000e-01  8.916e-02  6.595e-03 
	 Covariance matrix: 
3.200e+01  -6.290e+01  2.249e+03  -2.249e+03  5.791e-01 
-6.290e+01  1.327e+02  -4.417e+03  4.419e+03  -1.260e+00 
2.249e+03  -4.417e+03  1.580e+05  -1.580e+05  4.066e+01 
-2.249e+03  4.419e+03  -1.580e+05  1.581e+05  -4.067e+01 
5.791e-01  -1.260e+00  4.066e+01  -4.067e+01  1.285e-02 

f275w filter: 
log(z) = -2.0, log(g) = 4.5
	 Damped-oscillator fit coefficients: 
1.000e+00  1.690e+00  -1.000e-01  9.065e-02  5.687e-03 
	 Covariance matrix: 
1.513e+01  -2.732e+01  1.549e+03  -1.549e+03  1.466e-01 
-2.732e+01  5.631e+01  -2.795e+03  2.795e+03  -3.172e-01 
1.549e+03  -2.795e+03  1.585e+05  -1.586e+05  1.499e+01 
-1.549e+03  2.795e+03  -1.586e+05  1.586e+05  -1.500e+01 
1.466e-01  -3.172e-01  1.499e+01  -1.500e+01  2.238e-03 

f275w filter: 
log(z) = -2.0, log(g) = 5.0
	 Damped-oscillator fit coefficients: 
1.000e+00  1.733e+00  -1.000e-01  9.115e-02  5.736e-03 
	 Covariance matrix: 
1.418e+01  -2.622e+01  1.716e+03  -1.716e+03  1.239e-01 
-2.622e+01  5.576e+01  -3.172e+03  3.172e+03  -2.780e-01 
1.716e+03  -3.172e+03  2.077e+05  -2.077e+05  1.499e+01 
-1.716e+03  3.172e+03  -2.077e+05  2.078e+05  -1.499e+01 
1.239e-01  -2.780e-01  1.499e+01  -1.499e+01  1.808e-03 

