f218w filter: 
	 Damped-oscillator fit coefficients: 
2.942068144324857561e-03
4.775618146622410097e-03
9.828311322498340941e-01
1.980167702979518038e-03
2.924857693551821125e-01
-1.999999999647962198e-02
	 Covariance matrix: 
1.604953414672447991e+02 2.605190190919706197e+02 5.361511954914130183e+04 -1.080276661040501693e+02 -3.399849736604202199e+00 3.103444813959197954e-02
2.605190190919706765e+02 4.228793118878186874e+02 8.702905798906028213e+04 -1.753525143032038329e+02 -5.518699244678190396e+00 5.037569421482845922e-02
5.361511954914130183e+04 8.702905798906026757e+04 1.791068216313529387e+07 -3.608775301892332209e+04 -1.135754393298759624e+03 1.036739177130105283e+01
-1.080276661040501693e+02 -1.753525143032038045e+02 -3.608775301892332209e+04 7.271224546939075140e+01 2.288401938196518159e+00 -2.088891758267612947e-02
-3.399849736604202199e+00 -5.518699244678190396e+00 -1.135754393298759851e+03 2.288401938196518159e+00 7.293618677437412046e-02 -5.966394178783995719e-04
3.103444813959197954e-02 5.037569421482845922e-02 1.036739177130105283e+01 -2.088891758267612947e-02 -5.966394178783995719e-04 3.845198692150341194e-05

f225w filter: 
	 Damped-oscillator fit coefficients: 
7.993489976721140922e-03
1.803323730824510363e-02
9.510890418632740317e-01
2.315096978564670262e-03
3.079315474127904961e-01
-1.999999999999999695e-02
	 Covariance matrix: 
8.792740289600944930e-07 5.507433799624450331e-08 -4.392680675798341031e-06 -6.201078049797278352e-09 -1.313428229199883481e-05 -1.628052793300394402e-07
5.507433799624452978e-08 2.335748287068036936e-06 -1.404353377092042643e-06 -1.967813006777989507e-08 -2.962633810369124437e-05 -3.655865458736168055e-07
-4.392680675798341031e-06 -1.404353377092042643e-06 2.251493802702405847e-05 4.095658344876396830e-08 8.023014969833269165e-05 9.930040625367819070e-07
-6.201078049797277525e-09 -1.967813006777989507e-08 4.095658344876396168e-08 3.971660052545267759e-09 4.296470386021449636e-06 9.847112064779183973e-08
-1.313428229199883481e-05 -2.962633810369124437e-05 8.023014969833267809e-05 4.296470386021449636e-06 4.740493198216772994e-03 1.007509384161950887e-04
-1.628052793300393872e-07 -3.655865458736168055e-07 9.930040625367810600e-07 9.847112064779185296e-08 1.007509384161950887e-04 1.993282254112232289e-05

f275w filter: 
	 Damped-oscillator fit coefficients: 
3.585452881233804068e-02
2.417855307460371472e-01
6.295865461743637148e-01
4.500048218482320672e-02
1.053332050692299584e-08
-1.999999999998244155e-02
	 Covariance matrix: 
0.000000000000000000e+00 0.000000000000000000e+00 0.000000000000000000e+00 0.000000000000000000e+00 0.000000000000000000e+00 0.000000000000000000e+00
0.000000000000000000e+00 0.000000000000000000e+00 0.000000000000000000e+00 0.000000000000000000e+00 0.000000000000000000e+00 0.000000000000000000e+00
0.000000000000000000e+00 0.000000000000000000e+00 0.000000000000000000e+00 0.000000000000000000e+00 0.000000000000000000e+00 0.000000000000000000e+00
0.000000000000000000e+00 0.000000000000000000e+00 0.000000000000000000e+00 0.000000000000000000e+00 0.000000000000000000e+00 0.000000000000000000e+00
0.000000000000000000e+00 0.000000000000000000e+00 0.000000000000000000e+00 0.000000000000000000e+00 1.917723396335960007e+10 -2.107806962305953746e+01
0.000000000000000000e+00 0.000000000000000000e+00 0.000000000000000000e+00 0.000000000000000000e+00 -2.107806962305953746e+01 1.990184298107231770e-05

f300x filter: 
	 Damped-oscillator fit coefficients: 
8.212019190209379760e-02
1.813566493109146083e-01
4.937536998150856560e-01
6.851543407986422293e-04
2.641322927424934183e-05
-1.999999999999999695e-02
	 Covariance matrix: 
1.369525588449975185e+05 3.024493271816653432e+05 8.234373071998703526e+05 -1.142663751336378027e+03 -4.272479672208064961e-04 4.077868467055131285e-01
3.024493271816653432e+05 6.679363737427545711e+05 1.818498768355486682e+06 -2.523486130796372436e+03 -9.435446901434461258e-04 9.005673033700802854e-01
8.234373071998703526e+05 1.818498768355486915e+06 4.950977219827771187e+06 -6.870349633921975510e+03 -2.568836844481817063e-03 2.451856997710898600e+00
-1.142663751336377800e+03 -2.523486130796372436e+03 -6.870349633921974601e+03 9.533815649777208634e+00 3.564766106563448673e-06 -3.402349921574449824e-03
-4.272479672208064961e-04 -9.435446901434463426e-04 -2.568836844481816629e-03 3.564766106563448673e-06 4.157692887334518519e-12 -4.341505625629795864e-10
4.077868467055130730e-01 9.005673033700802854e-01 2.451856997710898156e+00 -3.402349921574449824e-03 -4.341505625629796898e-10 2.828923559770244059e-06

