 0.0 -2.0  300  9.803e-01 4.766e+00 -2.084e-06 1.359e+00 -4.322e-02
 0.5 -2.0  300  8.083e-01 1.419e+00 -4.648e-02 7.511e-01 3.000e-01
 1.0 -2.0  300  1.442e+00 1.828e+00 1.119e-06 1.401e+00 -1.239e-02
 1.5 -2.0  300  8.285e-01 1.314e+00 -5.061e-02 8.771e-01 3.000e-01
 2.0 -2.0  300  9.055e-01 2.226e+00 -2.820e-03 8.764e-01 4.395e-02
 2.5 -2.0  300  9.377e-01 2.908e+00 -2.934e-04 1.080e+00 6.388e-03
 3.0 -2.0  300  1.506e+00 7.670e-01 5.182e-05 3.022e+00 -1.469e-03
 3.5 -2.0  300  2.981e+00 1.099e-01 1.114e-04 1.000e+01 -1.670e-03
 4.0 -2.0  300  1.429e+00 7.578e-01 2.158e-04 2.595e+00 -1.709e-03
 4.5 -2.0  300  1.351e+00 9.418e-01 3.722e-04 1.797e+00 -1.604e-03
 5.0 -2.0  300  1.359e+00 8.325e-01 5.924e-04 1.862e+00 -1.312e-03
 0.0 -1.0  300  9.502e-01 2.073e+00 -1.470e-02 1.049e+00 3.000e-01
 0.5 -1.0  300  9.278e-01 2.377e+00 -9.739e-03 7.764e-01 3.000e-01
 1.0 -1.0  300  9.139e-01 2.364e+00 -1.031e-02 7.198e-01 3.000e-01
 1.5 -1.0  300  8.905e-01 2.020e+00 -1.818e-02 7.411e-01 3.000e-01
 2.0 -1.0  300  1.676e+00 2.387e+00 4.483e-11 1.958e+00 -1.191e-03
 2.5 -1.0  300  1.509e+00 1.896e+00 9.153e-08 1.759e+00 -1.162e-03
 3.0 -1.0  300  1.486e+00 1.008e+00 4.610e-06 2.939e+00 -1.933e-03
 3.5 -1.0  300  3.000e+00 1.204e-01 3.545e-05 1.000e+01 -2.093e-03
 4.0 -1.0  300  1.613e+00 5.235e-01 1.428e-04 3.357e+00 -2.162e-03
 4.5 -1.0  300  1.352e+00 7.668e-01 3.846e-04 2.170e+00 -2.134e-03
 5.0 -1.0  300  1.378e+00 6.064e-01 8.506e-04 2.234e+00 -2.393e-03
 0.0  0.0  300  3.000e-01 1.201e-01 -1.786e-01 1.000e+01 -3.000e-01
 0.5  0.0  300  9.384e-01 2.347e+00 -1.093e-02 8.503e-01 3.000e-01
 1.0  0.0  300  9.222e-01 2.679e+00 -6.921e-03 6.753e-01 3.000e-01
 1.5  0.0  300  9.410e-01 2.403e+00 -9.591e-03 8.543e-01 3.000e-01
 2.0  0.0  300  9.909e-01 5.307e+00 -9.411e-06 1.082e+00 2.755e-03
 2.5  0.0  300  9.951e-01 5.851e+00 -2.233e-06 1.362e+00 -5.203e-03
 3.0  0.0  300  9.951e-01 5.931e+00 -1.391e-06 1.352e+00 -4.836e-03
 3.5  0.0  300  9.956e-01 6.444e+00 -3.538e-07 1.332e+00 -3.877e-03
 4.0  0.0  300  9.975e-01 8.047e+00 -1.011e-08 1.410e+00 -2.544e-03
 4.5  0.0  300  9.023e-01 1.136e+00 -7.299e-04 1.777e+00 -2.047e-04
 5.0  0.0  300  9.641e-01 2.488e+00 5.129e-05 1.236e+00 -4.377e-04
 0.0  0.5  300  3.000e-01 1.290e-01 -1.387e-01 1.000e+01 -3.000e-01
 0.5  0.5  300  8.378e-01 1.947e+00 -2.778e-02 6.200e-01 3.000e-01
 1.0  0.5  300  8.998e-01 2.409e+00 -1.167e-02 6.517e-01 3.000e-01
 1.5  0.5  300  9.367e-01 2.307e+00 -1.171e-02 8.497e-01 3.000e-01
 2.0  0.5  300  9.896e-01 4.559e+00 -4.876e-05 1.157e+00 3.210e-03
 2.5  0.5  300  9.912e-01 5.074e+00 -1.444e-05 1.145e+00 -7.793e-03
 3.0  0.5  300  9.939e-01 5.035e+00 -1.290e-05 1.383e+00 -6.685e-03
 3.5  0.5  300  9.929e-01 5.176e+00 -8.650e-06 1.246e+00 -5.232e-03
 4.0  0.5  300  9.922e-01 5.584e+00 -3.692e-06 1.100e+00 -3.737e-03
 4.5  0.5  300  9.936e-01 6.263e+00 -1.005e-06 1.084e+00 -2.359e-03
 5.0  0.5  300  9.944e-01 7.035e+00 -2.491e-07 1.028e+00 -1.328e-03
