 0.0 -2.0  225  9.956e-01 6.077e+00 7.596e-06 1.254e+00 -3.000e-01
 0.5 -2.0  225  8.962e-01 1.927e+00 -3.495e-02 8.785e-01 3.000e-01
 1.0 -2.0  225  9.484e-01 2.992e+00 -5.557e-03 8.159e-01 3.000e-01
 1.5 -2.0  225  9.707e-01 3.289e+00 -3.260e-03 9.930e-01 3.000e-01
 2.0 -2.0  225  1.654e+00 2.431e+00 4.892e-10 1.941e+00 -4.350e-02
 2.5 -2.0  225  1.686e+00 2.489e+00 1.308e-10 1.994e+00 -3.204e-02
 3.0 -2.0  225  1.751e+00 2.476e+00 4.950e-11 1.995e+00 -2.332e-02
 3.5 -2.0  225  1.699e+00 2.638e+00 2.505e-11 2.018e+00 -1.768e-02
 4.0 -2.0  225  1.712e+00 2.677e+00 1.143e-11 2.045e+00 -1.134e-02
 4.5 -2.0  225  1.756e+00 2.643e+00 5.202e-12 2.080e+00 -5.694e-03
 5.0 -2.0  225  1.762e+00 2.660e+00 3.614e-12 2.091e+00 -5.031e-03
 0.0 -1.0  225  1.974e+00 3.193e+00 -6.466e-20 2.630e+00 5.720e-04
 0.5 -1.0  225  9.997e-01 1.000e+01 -7.668e-10 1.000e+01 -1.020e-01
 1.0 -1.0  225  1.417e+00 1.249e+00 6.647e-05 1.809e+00 -1.132e-01
 1.5 -1.0  225  1.515e+00 1.904e+00 5.792e-07 1.662e+00 -7.337e-02
 2.0 -1.0  225  9.827e-01 4.177e+00 -2.043e-04 1.111e+00 1.324e-02
 2.5 -1.0  225  9.886e-01 4.731e+00 -6.565e-05 1.235e+00 -2.517e-03
 3.0 -1.0  225  9.878e-01 4.718e+00 -7.470e-05 1.197e+00 2.353e-03
 3.5 -1.0  225  1.658e+00 2.394e+00 7.056e-10 1.901e+00 -1.751e-02
 4.0 -1.0  225  9.898e-01 4.546e+00 -1.127e-04 1.349e+00 1.148e-02
 4.5 -1.0  225  9.876e-01 4.485e+00 -1.320e-04 1.237e+00 1.484e-02
 5.0 -1.0  225  1.690e+00 2.468e+00 1.257e-10 1.977e+00 -4.001e-03
 0.0  0.0  225  1.599e+00 2.271e+00 -8.793e-09 1.819e+00 6.641e-02
 0.5  0.0  225  1.790e+00 2.713e+00 -2.498e-13 2.210e+00 -2.396e-02
 1.0  0.0  225  1.855e+00 3.006e+00 -1.462e-16 2.498e+00 -2.735e-02
 1.5  0.0  225  1.000e+00 1.000e+01 1.831e-09 9.957e+00 -4.673e-02
 2.0  0.0  225  1.000e+00 1.000e+01 1.570e-09 9.983e+00 -3.605e-02
 2.5  0.0  225  2.018e+00 3.094e+00 -3.848e-21 2.886e+00 -1.802e-02
 3.0  0.0  225  4.001e-01 2.840e-01 -1.468e-01 1.027e+00 3.000e-01
 3.5  0.0  225  7.848e-01 1.205e+00 -1.130e-02 9.005e-01 2.951e-02
 4.0  0.0  225  8.363e-01 1.557e+00 -6.565e-03 8.573e-01 2.167e-02
 4.5  0.0  225  8.508e-01 1.696e+00 -5.526e-03 8.341e-01 2.143e-02
 5.0  0.0  225  8.668e-01 1.868e+00 -4.480e-03 8.094e-01 2.130e-02
 0.0  0.5  225  1.458e+00 1.215e+00 -5.725e-05 2.323e+00 3.000e-01
 0.5  0.5  225  1.512e+00 2.017e+00 -8.074e-07 1.603e+00 1.031e-01
 1.0  0.5  225  1.605e+00 2.283e+00 -1.317e-08 1.742e+00 2.526e-02
 1.5  0.5  225  1.636e+00 2.465e+00 -7.867e-10 1.862e+00 -1.461e-03
 2.0  0.5  225  9.954e-01 6.660e+00 1.385e-06 1.375e+00 -3.802e-02
 2.5  0.5  225  9.969e-01 7.706e+00 1.054e-07 1.505e+00 -2.308e-02
 3.0  0.5  225  1.674e+00 2.448e+00 -2.091e-10 1.924e+00 -1.289e-02
 3.5  0.5  225  1.603e+00 2.360e+00 -3.003e-09 1.785e+00 -7.135e-03
 4.0  0.5  225  1.852e+00 3.584e+00 -8.725e-08 1.227e-01 4.913e-04
 4.5  0.5  225  1.655e+00 2.923e+00 -2.930e-06 1.823e-01 8.162e-03
 5.0  0.5  225  1.447e+00 2.506e+00 -2.862e-05 2.798e-01 1.162e-02
