 0.0 -2.0  218  9.941e-01 6.785e+00 -5.587e-06 1.019e+00 4.999e-01
 0.5 -2.0  218  1.934e+00 3.052e+00 1.061e-18 2.705e+00 -1.265e-02
 1.0 -2.0  218  1.421e+00 1.469e+00 6.027e-05 1.554e+00 -1.504e-01
 1.5 -2.0  218  1.443e+00 1.555e+00 2.819e-05 1.639e+00 -1.414e-01
 2.0 -2.0  218  1.660e+00 1.881e+00 3.480e-07 1.598e+00 -5.345e-02
 2.5 -2.0  218  1.579e+00 2.167e+00 6.685e-08 1.728e+00 -3.704e-02
 3.0 -2.0  218  1.657e+00 2.180e+00 2.037e-08 1.746e+00 -2.880e-02
 3.5 -2.0  218  1.598e+00 2.378e+00 8.856e-09 1.787e+00 -2.390e-02
 4.0 -2.0  218  1.613e+00 2.407e+00 4.652e-09 1.821e+00 -1.899e-02
 4.5 -2.0  218  1.645e+00 2.373e+00 2.915e-09 1.862e+00 -1.506e-02
 5.0 -2.0  218  1.627e+00 2.439e+00 2.373e-09 1.854e+00 -1.428e-02
 0.0 -1.0  218  9.941e-01 6.974e+00 -4.742e-06 9.982e-01 4.996e-01
 0.5 -1.0  218  1.000e+00 1.000e+01 -5.292e-09 9.770e+00 1.117e-01
 1.0 -1.0  218  1.000e+00 1.000e+01 -6.744e-10 9.176e+00 -2.541e-03
 1.5 -1.0  218  7.970e-01 1.063e+00 -1.556e-01 1.070e+00 5.000e-01
 2.0 -1.0  218  1.441e+00 1.560e+00 1.252e-05 1.740e+00 -5.259e-02
 2.5 -1.0  218  1.565e+00 1.625e+00 3.493e-06 1.661e+00 -3.679e-02
 3.0 -1.0  218  1.516e+00 1.702e+00 1.886e-06 1.850e+00 -2.967e-02
 3.5 -1.0  218  1.657e+00 8.090e-01 1.355e-06 4.701e+00 -2.539e-02
 4.0 -1.0  218  3.000e+00 2.074e-01 1.076e-06 1.000e+01 -2.047e-02
 4.5 -1.0  218  1.857e+00 6.154e-01 9.529e-07 5.608e+00 -1.753e-02
 5.0 -1.0  218  1.835e+00 6.849e-01 7.412e-07 5.133e+00 -1.636e-02
 0.0  0.0  218  9.943e-01 6.864e+00 -7.836e-06 1.031e+00 4.994e-01
 0.5  0.0  218  9.945e-01 7.012e+00 -4.791e-06 1.021e+00 4.994e-01
 1.0  0.0  218  1.000e+00 1.000e+01 -9.425e-09 9.921e+00 1.731e-01
 1.5  0.0  218  9.997e-01 1.000e+01 1.978e-09 1.000e+01 8.254e-02
 2.0  0.0  218  8.754e-01 1.956e+00 1.601e-02 7.999e-01 -1.787e-01
 2.5  0.0  218  9.776e-01 3.839e+00 1.393e-04 1.040e+00 -2.550e-02
 3.0  0.0  218  9.905e-01 4.887e+00 1.724e-05 1.217e+00 -1.639e-02
 3.5  0.0  218  9.938e-01 5.415e+00 6.625e-06 1.330e+00 -1.324e-02
 4.0  0.0  218  9.946e-01 5.705e+00 3.745e-06 1.338e+00 -1.001e-02
 4.5  0.0  218  9.949e-01 5.814e+00 2.810e-06 1.339e+00 -7.413e-03
 5.0  0.0  218  2.034e+00 1.317e-01 9.239e-04 5.364e+00 -7.843e-03
 0.0  0.5  218  9.964e-01 7.757e+00 -1.684e-06 1.146e+00 4.992e-01
 0.5  0.5  218  9.971e-01 7.299e+00 -3.199e-06 1.361e+00 4.962e-01
 1.0  0.5  218  1.000e+00 1.000e+01 -1.561e-08 9.934e+00 2.678e-01
 1.5  0.5  218  1.000e+00 1.000e+01 -1.239e-08 9.961e+00 1.736e-01
 2.0  0.5  218  1.404e+00 8.357e-01 -6.408e-04 2.437e+00 7.291e-02
 2.5  0.5  218  1.429e+00 1.193e+00 -5.639e-05 2.106e+00 1.912e-02
 3.0  0.5  218  1.449e+00 1.372e+00 -2.100e-05 1.887e+00 9.184e-03
 3.5  0.5  218  1.491e+00 1.037e+00 -1.390e-05 2.902e+00 7.094e-03
 4.0  0.5  218  1.911e+00 4.924e-01 -1.119e-05 4.999e+00 5.711e-03
 4.5  0.5  218  1.667e+00 6.685e-01 -1.127e-05 4.271e+00 5.318e-03
 5.0  0.5  218  1.645e+00 6.913e-01 -1.326e-05 4.079e+00 5.251e-03
