 0.0 -1.0  218  9.941e-01 6.974e+00 -4.742e-06 9.982e-01 4.996e-01
 0.5 -1.0  218  1.000e+00 1.000e+01 -5.292e-09 9.770e+00 1.117e-01
 1.0 -1.0  218  1.000e+00 1.000e+01 -6.744e-10 9.176e+00 -2.541e-03
 1.5 -1.0  218  7.970e-01 1.063e+00 -1.556e-01 1.070e+00 5.000e-01
 2.0 -1.0  218  1.441e+00 1.560e+00 1.252e-05 1.740e+00 -5.259e-02
 2.5 -1.0  218  1.565e+00 1.625e+00 3.493e-06 1.661e+00 -3.679e-02
 3.0 -1.0  218  1.516e+00 1.702e+00 1.886e-06 1.850e+00 -2.967e-02
 3.5 -1.0  218  1.657e+00 8.090e-01 1.355e-06 4.701e+00 -2.539e-02
 4.0 -1.0  218  3.000e+00 2.074e-01 1.076e-06 1.000e+01 -2.047e-02
 4.5 -1.0  218  1.857e+00 6.154e-01 9.529e-07 5.608e+00 -1.753e-02
 5.0 -1.0  218  1.835e+00 6.849e-01 7.412e-07 5.133e+00 -1.636e-02
 0.0 -1.0  225  1.974e+00 3.193e+00 -6.466e-20 2.630e+00 5.720e-04
 0.5 -1.0  225  9.997e-01 1.000e+01 -7.668e-10 1.000e+01 -1.020e-01
 1.0 -1.0  225  1.417e+00 1.249e+00 6.647e-05 1.809e+00 -1.132e-01
 1.5 -1.0  225  1.515e+00 1.904e+00 5.792e-07 1.662e+00 -7.337e-02
 2.0 -1.0  225  9.827e-01 4.177e+00 -2.043e-04 1.111e+00 1.324e-02
 2.5 -1.0  225  9.886e-01 4.731e+00 -6.565e-05 1.235e+00 -2.517e-03
 3.0 -1.0  225  9.878e-01 4.718e+00 -7.470e-05 1.197e+00 2.353e-03
 3.5 -1.0  225  1.658e+00 2.394e+00 7.056e-10 1.901e+00 -1.751e-02
 4.0 -1.0  225  9.898e-01 4.546e+00 -1.127e-04 1.349e+00 1.148e-02
 4.5 -1.0  225  9.876e-01 4.485e+00 -1.320e-04 1.237e+00 1.484e-02
 5.0 -1.0  225  1.690e+00 2.468e+00 1.257e-10 1.977e+00 -4.001e-03
 0.0 -1.0  275  1.971e+00 3.171e+00 -1.555e-19 2.508e+00 1.011e-02
 0.5 -1.0  275  1.000e+00 1.000e+01 1.397e-10 9.640e+00 1.421e-02
 1.0 -1.0  275  9.959e-01 7.802e+00 1.598e-08 1.130e+00 1.164e-02
 1.5 -1.0  275  9.807e-01 4.037e+00 5.618e-05 9.305e-01 -1.520e-02
 2.0 -1.0  275  9.852e-01 4.305e+00 3.295e-05 9.766e-01 -1.568e-02
 2.5 -1.0  275  6.534e-01 2.877e-01 -1.412e-01 2.008e+00 3.000e-01
 3.0 -1.0  275  2.964e+00 9.224e-02 1.661e-04 1.000e+01 -7.117e-03
 3.5 -1.0  275  3.000e+00 1.034e-01 7.905e-05 1.000e+01 -4.651e-03
 4.0 -1.0  275  3.000e+00 1.118e-01 4.722e-05 1.000e+01 -2.675e-03
 4.5 -1.0  275  1.827e+00 3.622e-01 2.871e-05 5.572e+00 -1.377e-03
 5.0 -1.0  275  1.810e+00 4.126e-01 1.773e-05 5.226e+00 -7.055e-04
 0.0 -1.0  300  9.502e-01 2.073e+00 -1.470e-02 1.049e+00 3.000e-01
 0.5 -1.0  300  9.278e-01 2.377e+00 -9.739e-03 7.764e-01 3.000e-01
 1.0 -1.0  300  9.139e-01 2.364e+00 -1.031e-02 7.198e-01 3.000e-01
 1.5 -1.0  300  8.905e-01 2.020e+00 -1.818e-02 7.411e-01 3.000e-01
 2.0 -1.0  300  1.676e+00 2.387e+00 4.483e-11 1.958e+00 -1.191e-03
 2.5 -1.0  300  1.509e+00 1.896e+00 9.153e-08 1.759e+00 -1.162e-03
 3.0 -1.0  300  1.486e+00 1.008e+00 4.610e-06 2.939e+00 -1.933e-03
 3.5 -1.0  300  3.000e+00 1.204e-01 3.545e-05 1.000e+01 -2.093e-03
 4.0 -1.0  300  1.613e+00 5.235e-01 1.428e-04 3.357e+00 -2.162e-03
 4.5 -1.0  300  1.352e+00 7.668e-01 3.846e-04 2.170e+00 -2.134e-03
 5.0 -1.0  300  1.378e+00 6.064e-01 8.506e-04 2.234e+00 -2.393e-03
 0.0 -2.0  218  9.941e-01 6.785e+00 -5.587e-06 1.019e+00 4.999e-01
 0.5 -2.0  218  1.934e+00 3.052e+00 1.061e-18 2.705e+00 -1.265e-02
 1.0 -2.0  218  1.421e+00 1.469e+00 6.027e-05 1.554e+00 -1.504e-01
 1.5 -2.0  218  1.443e+00 1.555e+00 2.819e-05 1.639e+00 -1.414e-01
 2.0 -2.0  218  1.660e+00 1.881e+00 3.480e-07 1.598e+00 -5.345e-02
 2.5 -2.0  218  1.579e+00 2.167e+00 6.685e-08 1.728e+00 -3.704e-02
 3.0 -2.0  218  1.657e+00 2.180e+00 2.037e-08 1.746e+00 -2.880e-02
 3.5 -2.0  218  1.598e+00 2.378e+00 8.856e-09 1.787e+00 -2.390e-02
 4.0 -2.0  218  1.613e+00 2.407e+00 4.652e-09 1.821e+00 -1.899e-02
 4.5 -2.0  218  1.645e+00 2.373e+00 2.915e-09 1.862e+00 -1.506e-02
 5.0 -2.0  218  1.627e+00 2.439e+00 2.373e-09 1.854e+00 -1.428e-02
 0.0 -2.0  225  9.956e-01 6.077e+00 7.596e-06 1.254e+00 -3.000e-01
 0.5 -2.0  225  8.962e-01 1.927e+00 -3.495e-02 8.785e-01 3.000e-01
 1.0 -2.0  225  9.484e-01 2.992e+00 -5.557e-03 8.159e-01 3.000e-01
 1.5 -2.0  225  9.707e-01 3.289e+00 -3.260e-03 9.930e-01 3.000e-01
 2.0 -2.0  225  1.654e+00 2.431e+00 4.892e-10 1.941e+00 -4.350e-02
 2.5 -2.0  225  1.686e+00 2.489e+00 1.308e-10 1.994e+00 -3.204e-02
 3.0 -2.0  225  1.751e+00 2.476e+00 4.950e-11 1.995e+00 -2.332e-02
 3.5 -2.0  225  1.699e+00 2.638e+00 2.505e-11 2.018e+00 -1.768e-02
 4.0 -2.0  225  1.712e+00 2.677e+00 1.143e-11 2.045e+00 -1.134e-02
 4.5 -2.0  225  1.756e+00 2.643e+00 5.202e-12 2.080e+00 -5.694e-03
 5.0 -2.0  225  1.762e+00 2.660e+00 3.614e-12 2.091e+00 -5.031e-03
 0.0 -2.0  275  1.000e+00 1.000e+01 6.491e-10 9.033e+00 1.534e-03
 0.5 -2.0  275  1.000e+00 1.000e+01 4.449e-10 9.762e+00 1.596e-02
 1.0 -2.0  275  9.957e-01 8.319e+00 1.661e-08 9.941e-01 8.537e-03
 1.5 -2.0  275  9.844e-01 7.147e+00 -7.223e-08 1.786e+00 2.519e-03
 2.0 -2.0  275  9.786e-01 5.883e+00 -9.004e-07 1.816e+00 -5.401e-03
 2.5 -2.0  275  1.622e+00 3.760e-01 5.252e-04 3.867e+00 -1.317e-02
 3.0 -2.0  275  2.547e+00 1.232e-01 1.375e-04 9.768e+00 -6.388e-03
 3.5 -2.0  275  3.000e+00 1.095e-01 7.839e-05 1.000e+01 -4.095e-03
 4.0 -2.0  275  3.000e+00 1.156e-01 5.387e-05 1.000e+01 -2.308e-03
 4.5 -2.0  275  1.788e+00 4.236e-01 3.735e-05 4.848e+00 -1.015e-03
 5.0 -2.0  275  1.773e+00 4.636e-01 2.935e-05 4.573e+00 -4.299e-04
 0.0 -2.0  300  9.803e-01 4.766e+00 -2.084e-06 1.359e+00 -4.322e-02
 0.5 -2.0  300  8.083e-01 1.419e+00 -4.648e-02 7.511e-01 3.000e-01
 1.0 -2.0  300  1.442e+00 1.828e+00 1.119e-06 1.401e+00 -1.239e-02
 1.5 -2.0  300  8.285e-01 1.314e+00 -5.061e-02 8.771e-01 3.000e-01
 2.0 -2.0  300  9.055e-01 2.226e+00 -2.820e-03 8.764e-01 4.395e-02
 2.5 -2.0  300  9.377e-01 2.908e+00 -2.934e-04 1.080e+00 6.388e-03
 3.0 -2.0  300  1.506e+00 7.670e-01 5.182e-05 3.022e+00 -1.469e-03
 3.5 -2.0  300  2.981e+00 1.099e-01 1.114e-04 1.000e+01 -1.670e-03
 4.0 -2.0  300  1.429e+00 7.578e-01 2.158e-04 2.595e+00 -1.709e-03
 4.5 -2.0  300  1.351e+00 9.418e-01 3.722e-04 1.797e+00 -1.604e-03
 5.0 -2.0  300  1.359e+00 8.325e-01 5.924e-04 1.862e+00 -1.312e-03
 0.0  0.0  218  9.943e-01 6.864e+00 -7.836e-06 1.031e+00 4.994e-01
 0.5  0.0  218  9.945e-01 7.012e+00 -4.791e-06 1.021e+00 4.994e-01
 1.0  0.0  218  1.000e+00 1.000e+01 -9.425e-09 9.921e+00 1.731e-01
 1.5  0.0  218  9.997e-01 1.000e+01 1.978e-09 1.000e+01 8.254e-02
 2.0  0.0  218  8.754e-01 1.956e+00 1.601e-02 7.999e-01 -1.787e-01
 2.5  0.0  218  9.776e-01 3.839e+00 1.393e-04 1.040e+00 -2.550e-02
 3.0  0.0  218  9.905e-01 4.887e+00 1.724e-05 1.217e+00 -1.639e-02
 3.5  0.0  218  9.938e-01 5.415e+00 6.625e-06 1.330e+00 -1.324e-02
 4.0  0.0  218  9.946e-01 5.705e+00 3.745e-06 1.338e+00 -1.001e-02
 4.5  0.0  218  9.949e-01 5.814e+00 2.810e-06 1.339e+00 -7.413e-03
 5.0  0.0  218  2.034e+00 1.317e-01 9.239e-04 5.364e+00 -7.843e-03
 0.0  0.0  225  1.599e+00 2.271e+00 -8.793e-09 1.819e+00 6.641e-02
 0.5  0.0  225  1.790e+00 2.713e+00 -2.498e-13 2.210e+00 -2.396e-02
 1.0  0.0  225  1.855e+00 3.006e+00 -1.462e-16 2.498e+00 -2.735e-02
 1.5  0.0  225  1.000e+00 1.000e+01 1.831e-09 9.957e+00 -4.673e-02
 2.0  0.0  225  1.000e+00 1.000e+01 1.570e-09 9.983e+00 -3.605e-02
 2.5  0.0  225  2.018e+00 3.094e+00 -3.848e-21 2.886e+00 -1.802e-02
 3.0  0.0  225  4.001e-01 2.840e-01 -1.468e-01 1.027e+00 3.000e-01
 3.5  0.0  225  7.848e-01 1.205e+00 -1.130e-02 9.005e-01 2.951e-02
 4.0  0.0  225  8.363e-01 1.557e+00 -6.565e-03 8.573e-01 2.167e-02
 4.5  0.0  225  8.508e-01 1.696e+00 -5.526e-03 8.341e-01 2.143e-02
 5.0  0.0  225  8.668e-01 1.868e+00 -4.480e-03 8.094e-01 2.130e-02
 0.0  0.0  275  1.943e+00 3.213e+00 -9.850e-20 2.666e+00 5.133e-04
 0.5  0.0  275  2.001e+00 3.149e+00 -2.815e-20 2.690e+00 -5.633e-03
 1.0  0.0  275  1.908e+00 3.055e+00 -2.649e-18 2.579e+00 -2.525e-03
 1.5  0.0  275  1.974e+00 3.124e+00 -4.131e-20 2.700e+00 -1.931e-03
 2.0  0.0  275  1.944e+00 3.183e+00 -1.678e-19 2.535e+00 -3.533e-03
 2.5  0.0  275  9.947e-01 6.057e+00 8.901e-07 1.275e+00 -1.058e-02
 3.0  0.0  275  9.973e-01 7.479e+00 4.934e-08 1.441e+00 -6.902e-03
 3.5  0.0  275  4.222e-01 5.666e-02 -1.514e-01 3.255e+00 3.000e-01
 4.0  0.0  275  6.706e-01 4.950e-01 -7.224e-03 1.620e+00 1.163e-02
 4.5  0.0  275  7.303e-01 7.349e-01 -4.074e-03 1.412e+00 5.946e-03
 5.0  0.0  275  7.543e-01 7.653e-01 -4.024e-03 1.451e+00 6.083e-03
 0.0  0.0  300  3.000e-01 1.201e-01 -1.786e-01 1.000e+01 -3.000e-01
 0.5  0.0  300  9.384e-01 2.347e+00 -1.093e-02 8.503e-01 3.000e-01
 1.0  0.0  300  9.222e-01 2.679e+00 -6.921e-03 6.753e-01 3.000e-01
 1.5  0.0  300  9.410e-01 2.403e+00 -9.591e-03 8.543e-01 3.000e-01
 2.0  0.0  300  9.909e-01 5.307e+00 -9.411e-06 1.082e+00 2.755e-03
 2.5  0.0  300  9.951e-01 5.851e+00 -2.233e-06 1.362e+00 -5.203e-03
 3.0  0.0  300  9.951e-01 5.931e+00 -1.391e-06 1.352e+00 -4.836e-03
 3.5  0.0  300  9.956e-01 6.444e+00 -3.538e-07 1.332e+00 -3.877e-03
 4.0  0.0  300  9.975e-01 8.047e+00 -1.011e-08 1.410e+00 -2.544e-03
 4.5  0.0  300  9.023e-01 1.136e+00 -7.299e-04 1.777e+00 -2.047e-04
 5.0  0.0  300  9.641e-01 2.488e+00 5.129e-05 1.236e+00 -4.377e-04
 0.0  0.5  218  9.964e-01 7.757e+00 -1.684e-06 1.146e+00 4.992e-01
 0.5  0.5  218  9.971e-01 7.299e+00 -3.199e-06 1.361e+00 4.962e-01
 1.0  0.5  218  1.000e+00 1.000e+01 -1.561e-08 9.934e+00 2.678e-01
 1.5  0.5  218  1.000e+00 1.000e+01 -1.239e-08 9.961e+00 1.736e-01
 2.0  0.5  218  1.404e+00 8.357e-01 -6.408e-04 2.437e+00 7.291e-02
 2.5  0.5  218  1.429e+00 1.193e+00 -5.639e-05 2.106e+00 1.912e-02
 3.0  0.5  218  1.449e+00 1.372e+00 -2.100e-05 1.887e+00 9.184e-03
 3.5  0.5  218  1.491e+00 1.037e+00 -1.390e-05 2.902e+00 7.094e-03
 4.0  0.5  218  1.911e+00 4.924e-01 -1.119e-05 4.999e+00 5.711e-03
 4.5  0.5  218  1.667e+00 6.685e-01 -1.127e-05 4.271e+00 5.318e-03
 5.0  0.5  218  1.645e+00 6.913e-01 -1.326e-05 4.079e+00 5.251e-03
 0.0  0.5  225  1.458e+00 1.215e+00 -5.725e-05 2.323e+00 3.000e-01
 0.5  0.5  225  1.512e+00 2.017e+00 -8.074e-07 1.603e+00 1.031e-01
 1.0  0.5  225  1.605e+00 2.283e+00 -1.317e-08 1.742e+00 2.526e-02
 1.5  0.5  225  1.636e+00 2.465e+00 -7.867e-10 1.862e+00 -1.461e-03
 2.0  0.5  225  9.954e-01 6.660e+00 1.385e-06 1.375e+00 -3.802e-02
 2.5  0.5  225  9.969e-01 7.706e+00 1.054e-07 1.505e+00 -2.308e-02
 3.0  0.5  225  1.674e+00 2.448e+00 -2.091e-10 1.924e+00 -1.289e-02
 3.5  0.5  225  1.603e+00 2.360e+00 -3.003e-09 1.785e+00 -7.135e-03
 4.0  0.5  225  1.852e+00 3.584e+00 -8.725e-08 1.227e-01 4.913e-04
 4.5  0.5  225  1.655e+00 2.923e+00 -2.930e-06 1.823e-01 8.162e-03
 5.0  0.5  225  1.447e+00 2.506e+00 -2.862e-05 2.798e-01 1.162e-02
 0.0  0.5  275  1.937e+00 3.166e+00 -1.362e-18 2.575e+00 2.962e-02
 0.5  0.5  275  1.961e+00 3.063e+00 -1.077e-18 2.638e+00 -4.851e-03
 1.0  0.5  275  1.000e+00 1.000e+01 2.211e-09 9.848e+00 -5.199e-02
 1.5  0.5  275  1.000e+00 1.000e+01 1.364e-09 9.868e+00 -2.930e-02
 2.0  0.5  275  1.000e+00 1.000e+01 8.211e-10 9.921e+00 -1.694e-02
 2.5  0.5  275  1.988e+00 3.151e+00 -3.216e-20 2.700e+00 -1.138e-02
 3.0  0.5  275  1.906e+00 3.144e+00 -1.298e-18 2.546e+00 -9.320e-03
 3.5  0.5  275  1.913e+00 3.170e+00 -1.089e-18 2.500e+00 -7.752e-03
 4.0  0.5  275  1.923e+00 3.114e+00 -1.003e-18 2.539e+00 -5.893e-03
 4.5  0.5  275  1.933e+00 3.084e+00 -5.421e-19 2.596e+00 -4.081e-03
 5.0  0.5  275  1.134e+00 1.361e+00 -3.073e-04 9.214e-01 1.459e-03
 0.0  0.5  300  3.000e-01 1.290e-01 -1.387e-01 1.000e+01 -3.000e-01
 0.5  0.5  300  8.378e-01 1.947e+00 -2.778e-02 6.200e-01 3.000e-01
 1.0  0.5  300  8.998e-01 2.409e+00 -1.167e-02 6.517e-01 3.000e-01
 1.5  0.5  300  9.367e-01 2.307e+00 -1.171e-02 8.497e-01 3.000e-01
 2.0  0.5  300  9.896e-01 4.559e+00 -4.876e-05 1.157e+00 3.210e-03
 2.5  0.5  300  9.912e-01 5.074e+00 -1.444e-05 1.145e+00 -7.793e-03
 3.0  0.5  300  9.939e-01 5.035e+00 -1.290e-05 1.383e+00 -6.685e-03
 3.5  0.5  300  9.929e-01 5.176e+00 -8.650e-06 1.246e+00 -5.232e-03
 4.0  0.5  300  9.922e-01 5.584e+00 -3.692e-06 1.100e+00 -3.737e-03
 4.5  0.5  300  9.936e-01 6.263e+00 -1.005e-06 1.084e+00 -2.359e-03
 5.0  0.5  300  9.944e-01 7.035e+00 -2.491e-07 1.028e+00 -1.328e-03
