f218w filter: 
log(z) = 0.5, log(g) = 0.0
	 Damped-oscillator fit coefficients: 
9.964e-01  7.757e+00  -1.684e-06  1.146e+00  4.992e-01 
	 Covariance matrix: 
7.374e+06  -5.743e+07  -8.601e-02  1.171e+09  9.439e+03 
-5.743e+07  4.473e+08  6.708e-01  -9.120e+09  -7.360e+04 
-8.601e-02  6.708e-01  4.198e-09  -1.366e+01  -4.339e-04 
1.171e+09  -9.120e+09  -1.366e+01  1.860e+11  1.499e+06 
9.439e+03  -7.360e+04  -4.339e-04  1.499e+06  4.519e+01 

f218w filter: 
log(z) = 0.5, log(g) = 0.5
	 Damped-oscillator fit coefficients: 
9.971e-01  7.299e+00  -3.199e-06  1.361e+00  4.962e-01 
	 Covariance matrix: 
1.944e+07  -1.423e+08  1.209e-02  4.651e+09  8.116e+02 
-1.423e+08  1.042e+09  -8.844e-02  -3.404e+10  -5.943e+03 
1.209e-02  -8.844e-02  5.957e-10  2.893e+00  -1.731e-05 
4.651e+09  -3.404e+10  2.893e+00  1.112e+12  1.941e+05 
8.116e+02  -5.943e+03  -1.731e-05  1.941e+05  5.922e-01 

f218w filter: 
log(z) = 0.5, log(g) = 1.0
	 Damped-oscillator fit coefficients: 
1.000e+00  1.000e+01  -1.561e-08  9.934e+00  2.678e-01 
	 Covariance matrix: 
1.368e-10  2.397e-05  7.450e-13  7.169e-10  -1.813e-06 
2.397e-05  4.202e+00  1.306e-07  1.256e-04  -3.178e-01 
7.450e-13  1.306e-07  4.060e-15  3.904e-12  -9.976e-09 
7.169e-10  1.256e-04  3.904e-12  3.757e-09  -9.504e-06 
-1.813e-06  -3.178e-01  -9.976e-09  -9.504e-06  2.801e-02 

f218w filter: 
log(z) = 0.5, log(g) = 1.5
	 Damped-oscillator fit coefficients: 
1.000e+00  1.000e+01  -1.239e-08  9.961e+00  1.736e-01 
	 Covariance matrix: 
1.245e-10  2.190e-05  5.334e-13  6.471e-10  -1.018e-06 
2.190e-05  3.854e+00  9.385e-08  1.139e-04  -1.792e-01 
5.334e-13  9.385e-08  2.288e-15  2.773e-12  -4.424e-09 
6.471e-10  1.139e-04  2.773e-12  3.365e-09  -5.294e-06 
-1.018e-06  -1.792e-01  -4.424e-09  -5.294e-06  1.058e-02 

f218w filter: 
log(z) = 0.5, log(g) = 2.0
	 Damped-oscillator fit coefficients: 
1.404e+00  8.357e-01  -6.408e-04  2.437e+00  7.291e-02 
	 Covariance matrix: 
9.809e+12  -5.843e+12  -6.433e+02  -1.753e+13  -2.557e+06 
-5.843e+12  3.480e+12  3.318e+02  1.044e+13  1.566e+06 
-6.433e+02  3.318e+02  5.561e-05  1.387e+03  -4.228e-02 
-1.753e+13  1.044e+13  1.387e+03  3.133e+13  4.371e+06 
-2.557e+06  1.566e+06  -4.228e-02  4.371e+06  3.612e+01 

f218w filter: 
log(z) = 0.5, log(g) = 2.5
	 Damped-oscillator fit coefficients: 
1.429e+00  1.193e+00  -5.639e-05  2.106e+00  1.912e-02 
	 Covariance matrix: 
6.097e+12  -5.095e+12  -1.547e+02  -8.633e+12  -5.369e+04 
-5.095e+12  4.257e+12  1.291e+02  7.214e+12  4.867e+04 
-1.547e+02  1.291e+02  4.128e-08  2.197e+02  -1.795e-05 
-8.633e+12  7.214e+12  2.197e+02  1.223e+13  6.484e+04 
-5.369e+04  4.867e+04  -1.795e-05  6.484e+04  2.579e-01 

f218w filter: 
log(z) = 0.5, log(g) = 3.0
	 Damped-oscillator fit coefficients: 
1.449e+00  1.372e+00  -2.100e-05  1.887e+00  9.184e-03 
	 Covariance matrix: 
7.177e+12  -6.797e+12  -1.117e+02  -8.500e+12  -2.473e+03 
-6.797e+12  6.437e+12  1.059e+02  8.051e+12  2.431e+03 
-1.117e+02  1.059e+02  8.996e-09  1.321e+02  5.735e-07 
-8.500e+12  8.051e+12  1.321e+02  1.007e+13  2.717e+03 
-2.473e+03  2.431e+03  5.735e-07  2.717e+03  2.459e-03 

f218w filter: 
log(z) = 0.5, log(g) = 3.5
	 Damped-oscillator fit coefficients: 
1.491e+00  1.037e+00  -1.390e-05  2.902e+00  7.094e-03 
	 Covariance matrix: 
7.185e+12  -4.998e+12  -9.958e+00  -1.145e+13  -4.375e+03 
-4.998e+12  3.476e+12  6.939e+00  7.965e+12  3.040e+03 
-9.958e+00  6.939e+00  2.950e-09  1.582e+01  -7.158e-07 
-1.145e+13  7.965e+12  1.582e+01  1.825e+13  6.987e+03 
-4.375e+03  3.040e+03  -7.158e-07  6.987e+03  4.406e-04 

f218w filter: 
log(z) = 0.5, log(g) = 4.0
	 Damped-oscillator fit coefficients: 
1.911e+00  4.924e-01  -1.119e-05  4.999e+00  5.711e-03 
	 Covariance matrix: 
7.480e+13  -1.928e+13  2.442e+02  -7.381e+13  -1.307e+04 
-1.928e+13  4.967e+12  -6.291e+01  1.902e+13  3.367e+03 
2.442e+02  -6.291e+01  2.812e-09  -2.409e+02  -5.608e-07 
-7.381e+13  1.902e+13  -2.409e+02  7.283e+13  1.289e+04 
-1.307e+04  3.367e+03  -5.608e-07  1.289e+04  3.753e-04 

f218w filter: 
log(z) = 0.5, log(g) = 4.5
	 Damped-oscillator fit coefficients: 
1.667e+00  6.685e-01  -1.127e-05  4.271e+00  5.318e-03 
	 Covariance matrix: 
2.721e+13  -1.091e+13  -1.349e+01  -3.922e+13  6.544e+02 
-1.091e+13  4.378e+12  5.411e+00  1.573e+13  -2.625e+02 
-1.349e+01  5.411e+00  2.065e-09  1.944e+01  -4.271e-07 
-3.922e+13  1.573e+13  1.944e+01  5.652e+13  -9.430e+02 
6.544e+02  -2.625e+02  -4.271e-07  -9.430e+02  2.873e-04 

f218w filter: 
log(z) = 0.5, log(g) = 5.0
	 Damped-oscillator fit coefficients: 
1.645e+00  6.913e-01  -1.326e-05  4.079e+00  5.251e-03 
	 Covariance matrix: 
4.077e+13  -1.714e+13  -3.186e+01  -5.930e+13  -1.244e+03 
-1.714e+13  7.202e+12  1.339e+01  2.492e+13  5.228e+02 
-3.186e+01  1.339e+01  2.987e-09  4.634e+01  -5.120e-07 
-5.930e+13  2.492e+13  4.634e+01  8.626e+13  1.809e+03 
-1.244e+03  5.228e+02  -5.120e-07  1.809e+03  2.860e-04 

f225w filter: 
log(z) = 0.5, log(g) = 0.0
	 Damped-oscillator fit coefficients: 
1.458e+00  1.215e+00  -5.725e-05  2.323e+00  3.000e-01 
	 Covariance matrix: 
1.397e+12  -2.493e+12  6.802e+03  2.071e+12  -5.290e+07 
-2.493e+12  6.333e+12  -2.124e+04  -9.426e+12  1.685e+08 
6.802e+03  -2.124e+04  7.884e-05  3.779e+04  -6.177e-01 
2.071e+12  -9.426e+12  3.779e+04  2.050e+13  -3.038e+08 
-5.290e+07  1.685e+08  -6.177e-01  -3.038e+08  4.918e+03 

f225w filter: 
log(z) = 0.5, log(g) = 0.5
	 Damped-oscillator fit coefficients: 
1.512e+00  2.017e+00  -8.074e-07  1.603e+00  1.031e-01 
	 Covariance matrix: 
1.348e+12  -2.456e+12  2.803e+00  -1.508e+11  -1.034e+06 
-2.456e+12  7.819e+12  -1.109e+01  -4.591e+12  6.864e+06 
2.803e+00  -1.109e+01  5.364e-11  8.392e+00  -1.210e-05 
-1.508e+11  -4.591e+12  8.392e+00  7.098e+12  -7.132e+06 
-1.034e+06  6.864e+06  -1.210e-05  -7.132e+06  8.242e+00 

f225w filter: 
log(z) = 0.5, log(g) = 1.0
	 Damped-oscillator fit coefficients: 
1.605e+00  2.283e+00  -1.317e-08  1.742e+00  2.526e-02 
	 Covariance matrix: 
9.967e-02  5.129e-02  2.818e-08  3.876e-02  -2.119e-02 
5.129e-02  2.639e-02  1.450e-08  1.994e-02  -1.090e-02 
2.818e-08  1.450e-08  7.971e-15  1.096e-08  -6.038e-09 
3.876e-02  1.994e-02  1.096e-08  1.507e-02  -8.239e-03 
-2.119e-02  -1.090e-02  -6.038e-09  -8.239e-03  5.876e-03 

f225w filter: 
log(z) = 0.5, log(g) = 1.5
	 Damped-oscillator fit coefficients: 
1.636e+00  2.465e+00  -7.867e-10  1.862e+00  -1.461e-03 
	 Covariance matrix: 
8.778e-02  4.297e-02  1.620e-09  3.388e-02  -1.101e-02 
4.297e-02  2.103e-02  7.929e-10  1.658e-02  -5.390e-03 
1.620e-09  7.929e-10  2.990e-17  6.251e-10  -2.053e-10 
3.388e-02  1.658e-02  6.251e-10  1.307e-02  -4.249e-03 
-1.101e-02  -5.390e-03  -2.053e-10  -4.249e-03  2.284e-03 

f225w filter: 
log(z) = 0.5, log(g) = 2.0
	 Damped-oscillator fit coefficients: 
9.954e-01  6.660e+00  1.385e-06  1.375e+00  -3.802e-02 
	 Covariance matrix: 
4.682e+08  -3.132e+09  -1.006e-01  7.068e+10  -1.316e+02 
-3.132e+09  2.095e+10  6.729e-01  -4.729e+11  8.806e+02 
-1.006e-01  6.729e-01  2.295e-10  -1.519e+01  -7.540e-07 
7.068e+10  -4.729e+11  -1.519e+01  1.067e+13  -1.986e+04 
-1.316e+02  8.806e+02  -7.540e-07  -1.986e+04  3.967e-03 

f225w filter: 
log(z) = 0.5, log(g) = 2.5
	 Damped-oscillator fit coefficients: 
9.969e-01  7.706e+00  1.054e-07  1.505e+00  -2.308e-02 
	 Covariance matrix: 
2.604e-05  3.450e-02  -8.057e-09  1.104e-03  8.383e-05 
3.450e-02  4.717e+01  -1.113e-05  1.510e+00  1.318e-01 
-8.057e-09  -1.113e-05  2.634e-12  -3.562e-07  -3.229e-08 
1.104e-03  1.510e+00  -3.562e-07  4.832e-02  4.220e-03 
8.383e-05  1.318e-01  -3.229e-08  4.220e-03  8.508e-04 

f225w filter: 
log(z) = 0.5, log(g) = 3.0
	 Damped-oscillator fit coefficients: 
1.674e+00  2.448e+00  -2.091e-10  1.924e+00  -1.289e-02 
	 Covariance matrix: 
1.012e-01  5.176e-02  5.047e-10  3.996e-02  -2.434e-03 
5.176e-02  2.648e-02  2.582e-10  2.045e-02  -1.246e-03 
5.047e-10  2.582e-10  2.519e-18  1.994e-10  -1.238e-11 
3.996e-02  2.045e-02  1.994e-10  1.579e-02  -9.617e-04 
-2.434e-03  -1.246e-03  -1.238e-11  -9.617e-04  3.068e-04 

f225w filter: 
log(z) = 0.5, log(g) = 3.5
	 Damped-oscillator fit coefficients: 
1.603e+00  2.360e+00  -3.003e-09  1.785e+00  -7.135e-03 
	 Covariance matrix: 
1.076e-01  5.329e-02  7.026e-09  4.105e-02  -2.461e-03 
5.329e-02  2.639e-02  3.479e-09  2.033e-02  -1.219e-03 
7.026e-09  3.479e-09  4.590e-16  2.680e-09  -1.642e-10 
4.105e-02  2.033e-02  2.680e-09  1.566e-02  -9.387e-04 
-2.461e-03  -1.219e-03  -1.642e-10  -9.387e-04  2.828e-04 

f225w filter: 
log(z) = 0.5, log(g) = 4.0
	 Damped-oscillator fit coefficients: 
1.852e+00  3.584e+00  -8.725e-08  1.227e-01  4.913e-04 
	 Covariance matrix: 
8.826e+04  4.659e+04  1.855e-02  -7.023e+04  5.525e-01 
4.659e+04  2.459e+04  9.791e-03  -3.707e+04  2.917e-01 
1.855e-02  9.791e-03  3.898e-09  -1.476e-02  1.132e-07 
-7.023e+04  -3.707e+04  -1.476e-02  5.588e+04  -4.429e-01 
5.525e-01  2.917e-01  1.132e-07  -4.429e-01  2.588e-04 

f225w filter: 
log(z) = 0.5, log(g) = 4.5
	 Damped-oscillator fit coefficients: 
1.655e+00  2.923e+00  -2.930e-06  1.823e-01  8.162e-03 
	 Covariance matrix: 
5.567e+13  -9.834e+13  -1.799e+03  -3.528e+12  6.593e+03 
-9.834e+13  1.737e+14  3.179e+03  6.232e+12  -1.165e+04 
-1.799e+03  3.179e+03  1.356e-06  1.138e+02  -1.119e-06 
-3.528e+12  6.232e+12  1.138e+02  2.236e+11  -4.177e+02 
6.593e+03  -1.165e+04  -1.119e-06  -4.177e+02  2.310e-04 

f225w filter: 
log(z) = 0.5, log(g) = 5.0
	 Damped-oscillator fit coefficients: 
1.447e+00  2.506e+00  -2.862e-05  2.798e-01  1.162e-02 
	 Covariance matrix: 
5.336e+13  -9.240e+13  -7.942e+02  -9.430e+12  -3.264e+03 
-9.240e+13  1.600e+14  1.377e+03  1.633e+13  5.650e+03 
-7.942e+02  1.377e+03  2.867e-05  1.395e+02  -1.877e-05 
-9.430e+12  1.633e+13  1.395e+02  1.666e+12  5.772e+02 
-3.264e+03  5.650e+03  -1.877e-05  5.772e+02  2.623e-04 

f275w filter: 
log(z) = 0.5, log(g) = 0.0
	 Damped-oscillator fit coefficients: 
1.937e+00  3.166e+00  -1.362e-18  2.575e+00  2.962e-02 
	 Covariance matrix: 
7.538e-71  0.000e+00  -2.143e-54  3.121e-71  -1.034e-71 
0.000e+00  0.000e+00  -0.000e+00  0.000e+00  -0.000e+00 
-2.143e-54  -0.000e+00  6.093e-38  -8.875e-55  2.940e-55 
3.121e-71  0.000e+00  -8.875e-55  1.293e-71  -4.282e-72 
-1.034e-71  -0.000e+00  2.940e-55  -4.282e-72  1.418e-72 

f275w filter: 
log(z) = 0.5, log(g) = 0.5
	 Damped-oscillator fit coefficients: 
1.961e+00  3.063e+00  -1.077e-18  2.638e+00  -4.851e-03 
	 Covariance matrix: 
4.923e-71  0.000e+00  -1.804e-54  2.043e-71  -9.325e-72 
0.000e+00  0.000e+00  -0.000e+00  0.000e+00  -0.000e+00 
-1.804e-54  -0.000e+00  6.609e-38  -7.486e-55  3.417e-55 
2.043e-71  0.000e+00  -7.486e-55  8.479e-72  -3.870e-72 
-9.325e-72  -0.000e+00  3.417e-55  -3.870e-72  1.766e-72 

f275w filter: 
log(z) = 0.5, log(g) = 1.0
	 Damped-oscillator fit coefficients: 
1.000e+00  1.000e+01  2.211e-09  9.848e+00  -5.199e-02 
	 Covariance matrix: 
7.589e-09  1.203e-03  -5.540e-12  4.463e-08  1.342e-05 
1.203e-03  1.907e+02  -8.793e-07  7.079e-03  2.150e+00 
-5.540e-12  -8.793e-07  4.057e-15  -3.263e-11  -1.001e-08 
4.463e-08  7.079e-03  -3.263e-11  2.627e-07  7.981e-05 
1.342e-05  2.150e+00  -1.001e-08  7.981e-05  2.821e-02 

f275w filter: 
log(z) = 0.5, log(g) = 1.5
	 Damped-oscillator fit coefficients: 
1.000e+00  1.000e+01  1.364e-09  9.868e+00  -2.930e-02 
	 Covariance matrix: 
1.169e-08  1.815e-03  -5.156e-12  6.954e-08  9.740e-06 
1.815e-03  2.822e+02  -8.025e-07  1.081e-02  1.541e+00 
-5.156e-12  -8.025e-07  2.285e-15  -3.074e-11  -4.443e-09 
6.954e-08  1.081e-02  -3.074e-11  4.141e-07  5.904e-05 
9.740e-06  1.541e+00  -4.443e-09  5.904e-05  1.066e-02 

f275w filter: 
log(z) = 0.5, log(g) = 2.0
	 Damped-oscillator fit coefficients: 
1.000e+00  1.000e+01  8.211e-10  9.921e+00  -1.694e-02 
	 Covariance matrix: 
1.208e-08  1.801e-03  -3.035e-12  7.225e-08  2.535e-06 
1.801e-03  2.693e+02  -4.550e-07  1.080e-02  3.963e-01 
-3.035e-12  -4.550e-07  7.704e-16  -1.826e-11  -6.887e-10 
7.225e-08  1.080e-02  -1.826e-11  4.335e-07  1.590e-05 
2.535e-06  3.963e-01  -6.887e-10  1.590e-05  1.243e-03 

f275w filter: 
log(z) = 0.5, log(g) = 2.5
	 Damped-oscillator fit coefficients: 
1.988e+00  3.151e+00  -3.216e-20  2.700e+00  -1.138e-02 
	 Covariance matrix: 
3.035e-76  0.000e+00  -3.565e-58  1.265e-76  -1.428e-76 
0.000e+00  0.000e+00  -0.000e+00  0.000e+00  -0.000e+00 
-3.565e-58  -0.000e+00  4.187e-40  -1.485e-58  1.677e-58 
1.265e-76  0.000e+00  -1.485e-58  5.268e-77  -5.947e-77 
-1.428e-76  -0.000e+00  1.677e-58  -5.947e-77  6.715e-77 

f275w filter: 
log(z) = 0.5, log(g) = 3.0
	 Damped-oscillator fit coefficients: 
1.906e+00  3.144e+00  -1.298e-18  2.546e+00  -9.320e-03 
	 Covariance matrix: 
1.071e-69  0.000e+00  -3.234e-53  4.357e-70  -6.538e-70 
0.000e+00  0.000e+00  -0.000e+00  0.000e+00  -0.000e+00 
-3.234e-53  -0.000e+00  9.763e-37  -1.315e-53  1.974e-53 
4.357e-70  0.000e+00  -1.315e-53  1.772e-70  -2.659e-70 
-6.538e-70  -0.000e+00  1.974e-53  -2.659e-70  3.991e-70 

f275w filter: 
log(z) = 0.5, log(g) = 3.5
	 Damped-oscillator fit coefficients: 
1.913e+00  3.170e+00  -1.089e-18  2.500e+00  -7.752e-03 
	 Covariance matrix: 
7.062e-70  0.000e+00  -2.557e-53  2.929e-70  -5.032e-70 
0.000e+00  0.000e+00  -0.000e+00  0.000e+00  -0.000e+00 
-2.557e-53  -0.000e+00  9.257e-37  -1.060e-53  1.822e-53 
2.929e-70  0.000e+00  -1.060e-53  1.215e-70  -2.087e-70 
-5.032e-70  -0.000e+00  1.822e-53  -2.087e-70  3.586e-70 

f275w filter: 
log(z) = 0.5, log(g) = 4.0
	 Damped-oscillator fit coefficients: 
1.923e+00  3.114e+00  -1.003e-18  2.539e+00  -5.893e-03 
	 Covariance matrix: 
6.484e-70  0.000e+00  -2.569e-53  2.680e-70  -5.305e-70 
0.000e+00  0.000e+00  -0.000e+00  0.000e+00  -0.000e+00 
-2.569e-53  -0.000e+00  1.018e-36  -1.062e-53  2.102e-53 
2.680e-70  0.000e+00  -1.062e-53  1.108e-70  -2.193e-70 
-5.305e-70  -0.000e+00  2.102e-53  -2.193e-70  4.340e-70 

f275w filter: 
log(z) = 0.5, log(g) = 4.5
	 Damped-oscillator fit coefficients: 
1.933e+00  3.084e+00  -5.421e-19  2.596e+00  -4.081e-03 
	 Covariance matrix: 
7.187e-71  0.000e+00  -5.238e-54  2.949e-71  -6.586e-71 
0.000e+00  0.000e+00  -0.000e+00  0.000e+00  -0.000e+00 
-5.238e-54  -0.000e+00  3.818e-37  -2.149e-54  4.800e-54 
2.949e-71  0.000e+00  -2.149e-54  1.210e-71  -2.702e-71 
-6.586e-71  -0.000e+00  4.800e-54  -2.702e-71  6.035e-71 

f275w filter: 
log(z) = 0.5, log(g) = 5.0
	 Damped-oscillator fit coefficients: 
1.134e+00  1.361e+00  -3.073e-04  9.214e-01  1.459e-03 
	 Covariance matrix: 
1.016e+14  -1.219e+14  -2.723e+03  -2.881e+14  9.111e+02 
-1.219e+14  1.463e+14  3.279e+03  3.457e+14  -1.112e+03 
-2.723e+03  3.279e+03  2.397e-03  7.700e+03  -3.898e-03 
-2.881e+14  3.457e+14  7.700e+03  8.169e+14  -2.549e+03 
9.111e+02  -1.112e+03  -3.898e-03  -2.549e+03  6.607e-03 

f300x filter: 
log(z) = 0.5, log(g) = 0.0
	 Damped-oscillator fit coefficients: 
3.000e-01  1.290e-01  -1.387e-01  1.000e+01  -3.000e-01 
	 Covariance matrix: 
1.453e+13  -6.243e+12  4.405e+08  5.320e+14  -1.575e+08 
-6.243e+12  2.682e+12  -1.818e+08  -2.285e+14  6.436e+07 
4.405e+08  -1.818e+08  6.966e+05  1.556e+10  -3.090e+05 
5.320e+14  -2.285e+14  1.556e+10  1.948e+16  -5.514e+09 
-1.575e+08  6.436e+07  -3.090e+05  -5.514e+09  1.374e+05 

f300x filter: 
log(z) = 0.5, log(g) = 0.5
	 Damped-oscillator fit coefficients: 
8.378e-01  1.947e+00  -2.778e-02  6.200e-01  3.000e-01 
	 Covariance matrix: 
3.166e+12  -7.359e+12  4.917e+05  7.860e+12  -2.390e+06 
-7.359e+12  1.711e+13  -1.142e+06  -1.827e+13  5.550e+06 
4.917e+05  -1.142e+06  5.014e+01  1.221e+06  -3.452e+02 
7.860e+12  -1.827e+13  1.221e+06  1.951e+13  -5.932e+06 
-2.390e+06  5.550e+06  -3.452e+02  -5.932e+06  2.379e+03 

f300x filter: 
log(z) = 0.5, log(g) = 1.0
	 Damped-oscillator fit coefficients: 
8.998e-01  2.409e+00  -1.167e-02  6.517e-01  3.000e-01 
	 Covariance matrix: 
1.538e+12  -4.117e+12  -1.561e+05  5.850e+12  1.999e+06 
-4.117e+12  1.102e+13  4.179e+05  -1.566e+13  -5.351e+06 
-1.561e+05  4.179e+05  7.783e-01  -5.937e+05  -9.560e+00 
5.850e+12  -1.566e+13  -5.937e+05  2.225e+13  7.603e+06 
1.999e+06  -5.351e+06  -9.560e+00  7.603e+06  1.177e+02 

f300x filter: 
log(z) = 0.5, log(g) = 1.5
	 Damped-oscillator fit coefficients: 
9.367e-01  2.307e+00  -1.171e-02  8.497e-01  3.000e-01 
	 Covariance matrix: 
1.026e+11  -2.526e+11  6.896e+04  7.583e+11  -7.954e+05 
-2.526e+11  6.221e+11  -1.698e+05  -1.868e+12  1.959e+06 
6.896e+04  -1.698e+05  3.039e-01  5.100e+05  -3.507e+00 
7.583e+11  -1.868e+12  5.100e+05  5.608e+12  -5.882e+06 
-7.954e+05  1.959e+06  -3.507e+00  -5.882e+06  4.061e+01 

f300x filter: 
log(z) = 0.5, log(g) = 2.0
	 Damped-oscillator fit coefficients: 
9.896e-01  4.559e+00  -4.876e-05  1.157e+00  3.210e-03 
	 Covariance matrix: 
3.462e+10  -1.595e+11  7.185e+01  1.957e+12  -2.687e+03 
-1.595e+11  7.348e+11  -3.310e+02  -9.014e+12  1.238e+04 
7.185e+01  -3.310e+02  6.642e-07  4.061e+03  -9.048e-05 
1.957e+12  -9.014e+12  4.061e+03  1.106e+14  -1.519e+05 
-2.687e+03  1.238e+04  -9.048e-05  -1.519e+05  1.610e-02 

f300x filter: 
log(z) = 0.5, log(g) = 2.5
	 Damped-oscillator fit coefficients: 
9.912e-01  5.074e+00  -1.444e-05  1.145e+00  -7.793e-03 
	 Covariance matrix: 
1.907e+10  -9.759e+10  2.733e+00  1.263e+12  9.189e+02 
-9.759e+10  4.996e+11  -1.399e+01  -6.462e+12  -4.704e+03 
2.733e+00  -1.399e+01  2.759e-08  1.809e+02  -5.737e-06 
1.263e+12  -6.462e+12  1.809e+02  8.360e+13  6.085e+04 
9.189e+02  -4.704e+03  -5.737e-06  6.085e+04  1.986e-03 

f300x filter: 
log(z) = 0.5, log(g) = 3.0
	 Damped-oscillator fit coefficients: 
9.939e-01  5.035e+00  -1.290e-05  1.383e+00  -6.685e-03 
	 Covariance matrix: 
1.290e+10  -6.536e+10  1.082e+01  1.477e+12  -1.193e+02 
-6.536e+10  3.311e+11  -5.483e+01  -7.484e+12  6.041e+02 
1.082e+01  -5.483e+01  2.794e-08  1.239e+03  -2.800e-06 
1.477e+12  -7.484e+12  1.239e+03  1.692e+14  -1.366e+04 
-1.193e+02  6.041e+02  -2.800e-06  -1.366e+04  8.485e-04 

f300x filter: 
log(z) = 0.5, log(g) = 3.5
	 Damped-oscillator fit coefficients: 
9.929e-01  5.176e+00  -8.650e-06  1.246e+00  -5.232e-03 
	 Covariance matrix: 
1.172e+10  -6.111e+10  9.155e+00  1.042e+12  -3.930e+02 
-6.111e+10  3.186e+11  -4.772e+01  -5.432e+12  2.048e+03 
9.155e+00  -4.772e+01  1.770e-08  8.137e+02  -1.812e-06 
1.042e+12  -5.432e+12  8.137e+02  9.262e+13  -3.493e+04 
-3.930e+02  2.048e+03  -1.812e-06  -3.493e+04  5.963e-04 

f300x filter: 
log(z) = 0.5, log(g) = 4.0
	 Damped-oscillator fit coefficients: 
9.922e-01  5.584e+00  -3.692e-06  1.100e+00  -3.737e-03 
	 Covariance matrix: 
2.612e+10  -1.470e+11  4.797e+00  1.871e+12  -7.072e+01 
-1.470e+11  8.275e+11  -2.700e+01  -1.053e+13  3.979e+02 
4.797e+00  -2.700e+01  3.423e-09  3.435e+02  -5.341e-07 
1.871e+12  -1.053e+13  3.435e+02  1.339e+14  -5.064e+03 
-7.072e+01  3.979e+02  -5.341e-07  -5.064e+03  3.816e-04 

f300x filter: 
log(z) = 0.5, log(g) = 4.5
	 Damped-oscillator fit coefficients: 
9.936e-01  6.263e+00  -1.005e-06  1.084e+00  -2.359e-03 
	 Covariance matrix: 
3.879e+10  -2.445e+11  2.960e+00  3.342e+12  -3.986e+01 
-2.445e+11  1.541e+12  -1.866e+01  -2.107e+13  2.512e+02 
2.960e+00  -1.866e+01  4.742e-10  2.550e+02  -1.213e-07 
3.342e+12  -2.107e+13  2.550e+02  2.879e+14  -3.434e+03 
-3.986e+01  2.512e+02  -1.213e-07  -3.434e+03  2.630e-04 

f300x filter: 
log(z) = 0.5, log(g) = 5.0
	 Damped-oscillator fit coefficients: 
9.944e-01  7.035e+00  -2.491e-07  1.028e+00  -1.328e-03 
	 Covariance matrix: 
8.535e+09  -6.037e+10  2.045e-01  7.901e+11  3.662e+00 
-6.037e+10  4.271e+11  -1.447e+00  -5.589e+12  -2.597e+01 
2.045e-01  -1.447e+00  2.323e-11  1.893e+01  -2.977e-08 
7.901e+11  -5.589e+12  1.893e+01  7.314e+13  3.390e+02 
3.662e+00  -2.597e+01  -2.977e-08  3.390e+02  2.433e-04 

