 0.0 -2.0  275  1.000e+00 1.000e+01 6.491e-10 9.033e+00 1.534e-03
 0.5 -2.0  275  1.000e+00 1.000e+01 4.449e-10 9.762e+00 1.596e-02
 1.0 -2.0  275  9.957e-01 8.319e+00 1.661e-08 9.941e-01 8.537e-03
 1.5 -2.0  275  9.844e-01 7.147e+00 -7.223e-08 1.786e+00 2.519e-03
 2.0 -2.0  275  9.786e-01 5.883e+00 -9.004e-07 1.816e+00 -5.401e-03
 2.5 -2.0  275  1.622e+00 3.760e-01 5.252e-04 3.867e+00 -1.317e-02
 3.0 -2.0  275  2.547e+00 1.232e-01 1.375e-04 9.768e+00 -6.388e-03
 3.5 -2.0  275  3.000e+00 1.095e-01 7.839e-05 1.000e+01 -4.095e-03
 4.0 -2.0  275  3.000e+00 1.156e-01 5.387e-05 1.000e+01 -2.308e-03
 4.5 -2.0  275  1.788e+00 4.236e-01 3.735e-05 4.848e+00 -1.015e-03
 5.0 -2.0  275  1.773e+00 4.636e-01 2.935e-05 4.573e+00 -4.299e-04
 0.0 -1.0  275  1.971e+00 3.171e+00 -1.555e-19 2.508e+00 1.011e-02
 0.5 -1.0  275  1.000e+00 1.000e+01 1.397e-10 9.640e+00 1.421e-02
 1.0 -1.0  275  9.959e-01 7.802e+00 1.598e-08 1.130e+00 1.164e-02
 1.5 -1.0  275  9.807e-01 4.037e+00 5.618e-05 9.305e-01 -1.520e-02
 2.0 -1.0  275  9.852e-01 4.305e+00 3.295e-05 9.766e-01 -1.568e-02
 2.5 -1.0  275  6.534e-01 2.877e-01 -1.412e-01 2.008e+00 3.000e-01
 3.0 -1.0  275  2.964e+00 9.224e-02 1.661e-04 1.000e+01 -7.117e-03
 3.5 -1.0  275  3.000e+00 1.034e-01 7.905e-05 1.000e+01 -4.651e-03
 4.0 -1.0  275  3.000e+00 1.118e-01 4.722e-05 1.000e+01 -2.675e-03
 4.5 -1.0  275  1.827e+00 3.622e-01 2.871e-05 5.572e+00 -1.377e-03
 5.0 -1.0  275  1.810e+00 4.126e-01 1.773e-05 5.226e+00 -7.055e-04
 0.0  0.0  275  1.943e+00 3.213e+00 -9.850e-20 2.666e+00 5.133e-04
 0.5  0.0  275  2.001e+00 3.149e+00 -2.815e-20 2.690e+00 -5.633e-03
 1.0  0.0  275  1.908e+00 3.055e+00 -2.649e-18 2.579e+00 -2.525e-03
 1.5  0.0  275  1.974e+00 3.124e+00 -4.131e-20 2.700e+00 -1.931e-03
 2.0  0.0  275  1.944e+00 3.183e+00 -1.678e-19 2.535e+00 -3.533e-03
 2.5  0.0  275  9.947e-01 6.057e+00 8.901e-07 1.275e+00 -1.058e-02
 3.0  0.0  275  9.973e-01 7.479e+00 4.934e-08 1.441e+00 -6.902e-03
 3.5  0.0  275  4.222e-01 5.666e-02 -1.514e-01 3.255e+00 3.000e-01
 4.0  0.0  275  6.706e-01 4.950e-01 -7.224e-03 1.620e+00 1.163e-02
 4.5  0.0  275  7.303e-01 7.349e-01 -4.074e-03 1.412e+00 5.946e-03
 5.0  0.0  275  7.543e-01 7.653e-01 -4.024e-03 1.451e+00 6.083e-03
 0.0  0.5  275  1.937e+00 3.166e+00 -1.362e-18 2.575e+00 2.962e-02
 0.5  0.5  275  1.961e+00 3.063e+00 -1.077e-18 2.638e+00 -4.851e-03
 1.0  0.5  275  1.000e+00 1.000e+01 2.211e-09 9.848e+00 -5.199e-02
 1.5  0.5  275  1.000e+00 1.000e+01 1.364e-09 9.868e+00 -2.930e-02
 2.0  0.5  275  1.000e+00 1.000e+01 8.211e-10 9.921e+00 -1.694e-02
 2.5  0.5  275  1.988e+00 3.151e+00 -3.216e-20 2.700e+00 -1.138e-02
 3.0  0.5  275  1.906e+00 3.144e+00 -1.298e-18 2.546e+00 -9.320e-03
 3.5  0.5  275  1.913e+00 3.170e+00 -1.089e-18 2.500e+00 -7.752e-03
 4.0  0.5  275  1.923e+00 3.114e+00 -1.003e-18 2.539e+00 -5.893e-03
 4.5  0.5  275  1.933e+00 3.084e+00 -5.421e-19 2.596e+00 -4.081e-03
 5.0  0.5  275  1.134e+00 1.361e+00 -3.073e-04 9.214e-01 1.459e-03
