f218w filter: 
	 Damped-oscillator fit coefficients: 
-1.144e-01 
2.747e-04 
7.010e+00 
3.826e-02 
-1.584e-01 
	 Covariance matrix: 
6.935e-04  2.444e-07  -1.100e-03  1.835e-05  -1.031e-04 
2.444e-07  5.401e-09  -1.970e-05  1.802e-08  -1.200e-07 
-1.100e-03  -1.970e-05  7.229e-02  -6.611e-05  4.401e-04 
1.835e-05  1.802e-08  -6.611e-05  3.938e-06  -1.472e-05 
-1.031e-04  -1.200e-07  4.401e-04  -1.472e-05  6.341e-05 

f225w filter: 
	 Damped-oscillator fit coefficients: 
-3.496e-01 
5.581e-06 
1.071e+01 
2.355e-02 
-9.632e-02 
	 Covariance matrix: 
7.518e-04  4.777e-09  -9.962e-04  1.614e-05  -8.755e-05 
4.777e-09  8.340e-12  -1.469e-06  4.132e-10  -2.437e-09 
-9.962e-04  -1.469e-06  2.593e-01  -7.294e-05  4.302e-04 
1.614e-05  4.132e-10  -7.294e-05  3.731e-06  -1.345e-05 
-8.755e-05  -2.437e-09  4.302e-04  -1.345e-05  5.572e-05 

f275w filter: 
	 Damped-oscillator fit coefficients: 
-6.270e-01 
1.715e-04 
5.713e+00 
3.978e-03 
-1.288e-02 
	 Covariance matrix: 
2.082e-02  -2.340e-08  1.669e-04  1.132e-04  -6.415e-04 
-2.340e-08  5.512e-08  -3.265e-04  -2.365e-10  1.716e-09 
1.669e-04  -3.265e-04  1.947e+00  1.411e-06  -1.023e-05 
1.132e-04  -2.365e-10  1.411e-06  3.970e-06  -1.489e-05 
-6.415e-04  1.716e-09  -1.023e-05  -1.489e-05  6.431e-05 

f300x filter: 
	 Damped-oscillator fit coefficients: 
1.000e-02 
4.994e-03 
2.245e+00 
1.195e-02 
-5.341e-02 
	 Covariance matrix: 
3.568e-02  8.493e-05  -2.692e-02  1.768e-04  -1.214e-03 
8.493e-05  5.738e-06  -1.249e-03  3.062e-07  -4.714e-06 
-2.692e-02  -1.249e-03  2.847e-01  -6.980e-05  1.075e-03 
1.768e-04  3.062e-07  -6.980e-05  4.373e-06  -1.821e-05 
-1.214e-03  -4.714e-06  1.075e-03  -1.821e-05  9.140e-05 

