f218w filter: 
	 R2 product exponential fit coefficients: 
5.934e-07 
2.685e-06 
3.881e-06 
2.000e+01 
2.010e+00 
-1.730e+00 
	 Covariance matrix: 
1.217e-14  5.203e-14  7.467e-14  -3.565e-08  -7.152e-10  -4.437e-10 
5.203e-14  2.347e-13  3.393e-13  -1.611e-07  -2.146e-09  -1.081e-09 
7.467e-14  3.393e-13  4.918e-13  -2.327e-07  -2.836e-09  -1.341e-09 
-3.565e-08  -1.611e-07  -2.327e-07  1.108e-01  1.039e-03  4.658e-04 
-7.152e-10  -2.146e-09  -2.836e-09  1.039e-03  1.216e-03  6.942e-04 
-4.437e-10  -1.081e-09  -1.341e-09  4.658e-04  6.942e-04  5.609e-04 
	 Standard deviation: 
1.103e-07 
4.845e-07 
7.013e-07 
3.329e-01 
3.487e-02 
2.368e-02 

f225w filter: 
	 R2 product exponential fit coefficients: 
-6.007e-07 
1.623e-06 
4.478e-06 
2.000e+01 
1.397e+00 
-2.440e+00 
	 Covariance matrix: 
6.990e-14  -1.866e-13  -5.160e-13  2.086e-07  5.313e-09  1.473e-09 
-1.866e-13  5.058e-13  1.395e-12  -5.649e-07  -1.453e-08  -3.860e-09 
-5.160e-13  1.395e-12  3.852e-12  -1.558e-06  -4.039e-08  -1.090e-08 
2.086e-07  -5.649e-07  -1.558e-06  6.345e-01  1.226e-02  3.266e-03 
5.313e-09  -1.453e-08  -4.039e-08  1.226e-02  5.370e-03  1.413e-03 
1.473e-09  -3.860e-09  -1.090e-08  3.266e-03  1.413e-03  7.283e-04 
	 Standard deviation: 
2.644e-07 
7.112e-07 
1.963e-06 
7.966e-01 
7.328e-02 
2.699e-02 

f275w filter: 
	 R2 product exponential fit coefficients: 
-1.104e-06 
-1.919e-07 
-2.872e-07 
2.000e+01 
9.891e-01 
-1.383e+00 
	 Covariance matrix: 
2.720e-12  4.703e-13  7.085e-13  4.507e-06  2.945e-08  5.079e-08 
4.703e-13  8.195e-14  1.237e-13  7.821e-07  4.081e-09  7.441e-09 
7.085e-13  1.237e-13  1.889e-13  1.168e-06  1.202e-08  2.023e-08 
4.507e-06  7.821e-07  1.168e-06  7.634e+00  -5.935e-02  -8.700e-02 
2.945e-08  4.081e-09  1.202e-08  -5.935e-02  7.598e-02  1.215e-01 
5.079e-08  7.441e-09  2.023e-08  -8.700e-02  1.215e-01  1.957e-01 
	 Standard deviation: 
1.649e-06 
2.863e-07 
4.346e-07 
2.763e+00 
2.757e-01 
4.424e-01 

f300x filter: 
	 R2 product exponential fit coefficients: 
-8.538e-04 
6.562e-04 
1.035e-03 
6.928e+00 
7.130e-01 
-2.211e+00 
	 Covariance matrix: 
5.766e-07  -4.329e-07  -6.815e-07  1.203e-03  1.865e-05  1.959e-05 
-4.329e-07  3.303e-07  5.214e-07  -9.120e-04  -1.468e-05  -1.691e-05 
-6.815e-07  5.214e-07  8.279e-07  -1.435e-03  -2.323e-05  -2.725e-05 
1.203e-03  -9.120e-04  -1.435e-03  2.650e+00  -1.009e-02  -8.631e-03 
1.865e-05  -1.468e-05  -2.323e-05  -1.009e-02  2.193e-02  2.361e-02 
1.959e-05  -1.691e-05  -2.725e-05  -8.631e-03  2.361e-02  2.655e-02 
	 Standard deviation: 
7.593e-04 
5.747e-04 
9.099e-04 
1.628e+00 
1.481e-01 
1.630e-01 

