f218w filter: 
	 R2 product exponential fit coefficients: 
1.113e-02 
2.772e-03 
2.162e-01 
1.446e+01 
2.218e+00 
1.344e+01 
	 Covariance matrix: 
5.757e-08  1.246e-08  -1.184e-07  6.202e-07  9.451e-07  -1.756e-05 
1.246e-08  5.891e-05  -9.945e-09  1.307e-07  4.910e-08  -1.512e-04 
-1.184e-07  -9.945e-09  1.858e-05  8.820e-07  -6.219e-05  -2.335e-05 
6.202e-07  1.307e-07  8.820e-07  3.209e-05  -4.287e-06  -2.180e-04 
9.451e-07  4.910e-08  -6.219e-05  -4.287e-06  3.774e-04  -7.411e-05 
-1.756e-05  -1.512e-04  -2.335e-05  -2.180e-04  -7.411e-05  6.083e-03 
	 Standard deviation: 
2.399e-04 
7.675e-03 
4.310e-03 
5.664e-03 
1.943e-02 
7.799e-02 

f225w filter: 
	 R2 product exponential fit coefficients: 
9.948e-03 
-1.093e+00 
-2.443e-01 
1.334e+01 
3.652e+00 
1.196e+01 
	 Covariance matrix: 
4.026e-07  -1.490e-06  1.140e-07  -7.005e-06  4.153e-06  -1.532e-04 
-1.490e-06  1.972e-03  -7.211e-07  -5.574e-05  3.088e-05  -1.884e-03 
1.140e-07  -7.211e-07  4.842e-05  -5.358e-06  -2.852e-04  -2.849e-04 
-7.005e-06  -5.574e-05  -5.358e-06  1.211e-03  2.294e-04  3.936e-03 
4.153e-06  3.088e-05  -2.852e-04  2.294e-04  5.415e-03  2.118e-03 
-1.532e-04  -1.884e-03  -2.849e-04  3.936e-03  2.118e-03  6.801e-02 
	 Standard deviation: 
6.345e-04 
4.441e-02 
6.958e-03 
3.480e-02 
7.358e-02 
2.608e-01 

f275w filter: 
	 R2 product exponential fit coefficients: 
4.621e-05 
1.494e+00 
-1.309e+00 
1.420e+01 
9.115e+00 
1.706e+01 
	 Covariance matrix: 
1.027e-10  -1.097e-07  9.056e-07  8.018e-08  2.390e-07  -3.263e-06 
-1.097e-07  4.267e-03  -2.918e-03  -9.402e-06  -8.411e-03  -1.761e-02 
9.056e-07  -2.918e-03  4.610e-02  -2.185e-03  8.095e-02  8.689e-02 
8.018e-08  -9.402e-06  -2.185e-03  7.183e-04  -6.184e-03  -1.189e-02 
2.390e-07  -8.411e-03  8.095e-02  -6.184e-03  2.247e-01  2.240e-01 
-3.263e-06  -1.761e-02  8.689e-02  -1.189e-02  2.240e-01  5.271e-01 
	 Standard deviation: 
1.013e-05 
6.533e-02 
2.147e-01 
2.680e-02 
4.740e-01 
7.260e-01 

f300x filter: 
	 R2 product exponential fit coefficients: 
2.366e-04 
-6.276e-01 
2.000e+01 
5.428e+00 
-4.673e+00 
2.335e+00 
	 Covariance matrix: 
2.135e-07  2.970e-07  -1.722e-02  -7.701e-06  -7.330e-05  4.047e-05 
2.970e-07  9.289e-03  -3.555e-02  1.165e-04  6.099e-04  -1.118e-02 
-1.722e-02  -3.555e-02  1.393e+03  6.616e-01  6.254e+00  -3.425e+00 
-7.701e-06  1.165e-04  6.616e-01  3.540e-03  9.073e-03  -4.815e-03 
-7.330e-05  6.099e-04  6.254e+00  9.073e-03  7.515e-02  -1.355e-03 
4.047e-05  -1.118e-02  -3.425e+00  -4.815e-03  -1.355e-03  9.054e-02 
	 Standard deviation: 
4.620e-04 
9.638e-02 
3.732e+01 
5.950e-02 
2.741e-01 
3.009e-01 

