   3500.  0.00  -5.44845  -4.40653  -3.46577  -2.71827  -2.35439  -0.58587  -0.29256
   3500.  0.50  -5.43014  -4.46495  -3.58514  -2.84342  -2.48963  -0.62920  -0.32381
   3500.  1.00  -5.39496  -4.50933  -3.68448  -2.94591  -2.59939  -0.66632  -0.35012
   3500.  1.50  -5.34143  -4.53698  -3.76132  -3.02394  -2.68212  -0.69512  -0.36983
   3500.  2.00  -5.25682  -4.53244  -3.80161  -3.06655  -2.72801  -0.70742  -0.37602
   3500.  2.50  -5.13804  -4.48755  -3.79778  -3.06825  -2.73281  -0.69606  -0.36212
   3500.  3.00  -4.98690  -4.39547  -3.73999  -3.02107  -2.68940  -0.65340  -0.32128
   3500.  3.50  -4.80083  -4.24839  -3.61601  -2.91392  -2.58651  -0.57444  -0.24915
   3500.  4.00  -4.59575  -4.06075  -3.43280  -2.74930  -2.42408  -0.46477  -0.15056
   3500.  4.50  -4.39264  -3.85548  -3.20839  -2.53759  -2.20931  -0.33834  -0.03879
   3500.  5.00  -4.23619  -3.67759  -2.98566  -2.31471  -1.97573  -0.23083   0.05182
   3750.  0.00  -4.60486  -3.54792  -2.50299  -1.80878  -1.41994  -0.27116  -0.06211
   3750.  0.50  -4.55840  -3.56008  -2.55180  -1.86580  -1.48305  -0.28588  -0.07182
   3750.  1.00  -4.50654  -3.56847  -2.60197  -1.92549  -1.54995  -0.29920  -0.07944
   3750.  1.50  -4.44416  -3.57003  -2.65081  -1.98531  -1.61794  -0.31211  -0.08627
   3750.  2.00  -4.38115  -3.57032  -2.69901  -2.04377  -1.68449  -0.32409  -0.09213
   3750.  2.50  -4.31590  -3.56747  -2.74460  -2.09838  -1.74686  -0.33422  -0.09623
   3750.  3.00  -4.25969  -3.56682  -2.78613  -2.14537  -1.79992  -0.33916  -0.09561
   3750.  3.50  -4.19879  -3.55324  -2.80682  -2.16993  -1.82887  -0.33240  -0.08501
   3750.  4.00  -4.12939  -3.51877  -2.79378  -2.15882  -1.81981  -0.30454  -0.05571
   3750.  4.50  -4.03804  -3.44521  -2.72075  -2.08518  -1.74408  -0.24710  -0.00155
   3750.  5.00  -3.93621  -3.34659  -2.60488  -1.96530  -1.61822  -0.17342   0.06484
   4000.  0.00  -4.04469  -3.02115  -2.01923  -1.39553  -1.02063  -0.12054   0.04901
   4000.  0.50  -3.99878  -3.02180  -2.03894  -1.41738  -1.04433  -0.12876   0.04198
   4000.  1.00  -3.95072  -3.02320  -2.06061  -1.44046  -1.06908  -0.13525   0.03695
   4000.  1.50  -3.88526  -3.01375  -2.07765  -1.46259  -1.09420  -0.14131   0.03263
   4000.  2.00  -3.82169  -3.00550  -2.09711  -1.48764  -1.12247  -0.14747   0.02882
   4000.  2.50  -3.76062  -2.99758  -2.11924  -1.51642  -1.15514  -0.15356   0.02575
   4000.  3.00  -3.71550  -2.99992  -2.15017  -1.55149  -1.19368  -0.15841   0.02470
   4000.  3.50  -3.68394  -3.00880  -2.18487  -1.58822  -1.23335  -0.16043   0.02688
   4000.  4.00  -3.66085  -3.01824  -2.21557  -1.61855  -1.26576  -0.15601   0.03530
   4000.  4.50  -3.63885  -3.01899  -2.22791  -1.62595  -1.27293  -0.13683   0.05702
   4000.  5.00  -3.60657  -2.99403  -2.19757  -1.58514  -1.22808  -0.09745   0.09494
   4250.  0.00  -3.60912  -2.64823  -1.71462  -1.15850  -0.80518  -0.02727   0.11961
   4250.  0.50  -3.57033  -2.64475  -1.72665  -1.17257  -0.82093  -0.03424   0.11332
   4250.  1.00  -3.52814  -2.64196  -1.73992  -1.18630  -0.83577  -0.03945   0.10844
   4250.  1.50  -3.47515  -2.63353  -1.74979  -1.19776  -0.84860  -0.04411   0.10384
   4250.  2.00  -3.41498  -2.62189  -1.75828  -1.20854  -0.86081  -0.04907   0.09894
   4250.  2.50  -3.36214  -2.61523  -1.76834  -1.21918  -0.87179  -0.05327   0.09480
   4250.  3.00  -3.31881  -2.61408  -1.78321  -1.23357  -0.88626  -0.05705   0.09188
   4250.  3.50  -3.29553  -2.62632  -1.80655  -1.25285  -0.90419  -0.05865   0.09199
   4250.  4.00  -3.28363  -2.64376  -1.83248  -1.27354  -0.92317  -0.05824   0.09464
   4250.  4.50  -3.28158  -2.66485  -1.85922  -1.29287  -0.94026  -0.05272   0.10275
   4250.  5.00  -3.28326  -2.68057  -1.87540  -1.29828  -0.94252  -0.03512   0.12217
   4500.  0.00  -3.25640  -2.37373  -1.50426  -0.99841  -0.66380   0.03747   0.16674
   4500.  0.50  -3.22221  -2.36600  -1.51068  -1.00885  -0.67654   0.02992   0.16032
   4500.  1.00  -3.19055  -2.36246  -1.52040  -1.02004  -0.68915   0.02485   0.15597
   4500.  1.50  -3.15389  -2.35784  -1.53009  -1.03070  -0.70100   0.02054   0.15199
   4500.  2.00  -3.10602  -2.34727  -1.53637  -1.03942  -0.71134   0.01538   0.14674
   4500.  2.50  -3.05949  -2.33915  -1.54322  -1.04718  -0.71970   0.01074   0.14174
   4500.  3.00  -3.02081  -2.33649  -1.55207  -1.05457  -0.72642   0.00741   0.13794
   4500.  3.50  -2.99575  -2.34403  -1.56728  -1.06456  -0.73415   0.00632   0.13682
   4500.  4.00  -2.98425  -2.36052  -1.58691  -1.07586  -0.74178   0.00725   0.13815
   4500.  4.50  -2.98314  -2.38237  -1.60845  -1.08731  -0.74884   0.00999   0.14165
   4500.  5.00  -2.99181  -2.40915  -1.63174  -1.09804  -0.75446   0.01682   0.14947
   4750.  0.00  -2.95947  -2.15943  -1.35207  -0.88568  -0.56797   0.08389   0.19818
   4750.  0.50  -2.92855  -2.14971  -1.35514  -0.89358  -0.57832   0.07492   0.19056
   4750.  1.00  -2.90334  -2.14488  -1.36135  -0.90235  -0.58873   0.06888   0.18562
   4750.  1.50  -2.87778  -2.14108  -1.36872  -0.91151  -0.59928   0.06388   0.18145
   4750.  2.00  -2.84581  -2.13400  -1.37453  -0.91993  -0.60944   0.05836   0.17639
   4750.  2.50  -2.81020  -2.12545  -1.37918  -0.92721  -0.61827   0.05260   0.17073
   4750.  3.00  -2.77836  -2.12072  -1.38494  -0.93346  -0.62481   0.04813   0.16597
   4750.  3.50  -2.75261  -2.12152  -1.39374  -0.93997  -0.63024   0.04569   0.16313
   4750.  4.00  -2.73783  -2.13126  -1.40734  -0.94744  -0.63478   0.04594   0.16317
   4750.  4.50  -2.73257  -2.14816  -1.42409  -0.95493  -0.63779   0.04852   0.16567
   4750.  5.00  -2.73537  -2.17043  -1.44273  -0.96184  -0.63914   0.05299   0.17010
   5000.  0.00  -2.69773  -1.97849  -1.23432  -0.80525  -0.50525   0.11284   0.21578
   5000.  0.50  -2.67107  -1.97024  -1.23731  -0.81236  -0.51439   0.10269   0.20663
   5000.  1.00  -2.64973  -1.96564  -1.24223  -0.81984  -0.52335   0.09525   0.20017
   5000.  1.50  -2.63108  -1.96302  -1.24828  -0.82769  -0.53240   0.08917   0.19498
   5000.  2.00  -2.61083  -1.95942  -1.25385  -0.83540  -0.54150   0.08310   0.18965
   5000.  2.50  -2.58838  -1.95423  -1.25819  -0.84230  -0.54993   0.07679   0.18383
   5000.  3.00  -2.56621  -1.94951  -1.26215  -0.84824  -0.55699   0.07103   0.17825
   5000.  3.50  -2.54713  -1.94782  -1.26719  -0.85336  -0.56216   0.06715   0.17426
   5000.  4.00  -2.53258  -1.95108  -1.27510  -0.85862  -0.56605   0.06566   0.17256
   5000.  4.50  -2.52379  -1.96009  -1.28605  -0.86390  -0.56839   0.06671   0.17340
   5000.  5.00  -2.52120  -1.97472  -1.29942  -0.86860  -0.56860   0.07018   0.17661
   5250.  0.00  -2.45707  -1.81529  -1.13578  -0.74588  -0.46545   0.12072   0.21672
   5250.  0.50  -2.43932  -1.81263  -1.14169  -0.75377  -0.47440   0.11131   0.20738
   5250.  1.00  -2.42412  -1.81138  -1.14796  -0.76143  -0.48291   0.10361   0.19999
   5250.  1.50  -2.41135  -1.81151  -1.15474  -0.76914  -0.49130   0.09703   0.19386
   5250.  2.00  -2.39932  -1.81167  -1.16124  -0.77665  -0.49956   0.09078   0.18810
   5250.  2.50  -2.38740  -1.81113  -1.16676  -0.78348  -0.50726   0.08462   0.18237
   5250.  3.00  -2.37596  -1.81021  -1.17128  -0.78927  -0.51383   0.07893   0.17699
   5250.  3.50  -2.36596  -1.80991  -1.17524  -0.79381  -0.51868   0.07455   0.17274
   5250.  4.00  -2.35728  -1.81118  -1.17977  -0.79762  -0.52208   0.07193   0.17010
   5250.  4.50  -2.35078  -1.81540  -1.18581  -0.80089  -0.52380   0.07163   0.16970
   5250.  5.00  -2.34710  -1.82334  -1.19369  -0.80353  -0.52350   0.07376   0.17160
   5500.  0.00  -2.23235  -1.66547  -1.05107  -0.70138  -0.44196   0.10695   0.19950
   5500.  0.50  -2.22727  -1.67059  -1.06085  -0.71040  -0.45069   0.10035   0.19175
   5500.  1.00  -2.22106  -1.67471  -1.06967  -0.71877  -0.45896   0.09420   0.18492
   5500.  1.50  -2.21552  -1.67913  -1.07848  -0.72714  -0.46727   0.08837   0.17875
   5500.  2.00  -2.21098  -1.68365  -1.08689  -0.73518  -0.47530   0.08273   0.17303
   5500.  2.50  -2.20704  -1.68771  -1.09444  -0.74260  -0.48282   0.07718   0.16752
   5500.  3.00  -2.20404  -1.69141  -1.10096  -0.74905  -0.48935   0.07212   0.16258
   5500.  3.50  -2.20222  -1.69474  -1.10608  -0.75391  -0.49411   0.06812   0.15868
   5500.  4.00  -2.20078  -1.69777  -1.11021  -0.75739  -0.49720   0.06548   0.15611
   5500.  4.50  -2.19987  -1.70132  -1.11398  -0.75949  -0.49831   0.06480   0.15540
   5500.  5.00  -2.19923  -1.70600  -1.11795  -0.76038  -0.49733   0.06622   0.15668
   5750.  0.00  -2.02408  -1.53035  -0.98061  -0.67021  -0.43245   0.07470   0.16613
   5750.  0.50  -2.03397  -1.54354  -0.99306  -0.67910  -0.43941   0.07276   0.16175
   5750.  1.00  -2.03827  -1.55381  -1.00454  -0.68799  -0.44701   0.06969   0.15679
   5750.  1.50  -2.04113  -1.56315  -1.01550  -0.69687  -0.45491   0.06594   0.15172
   5750.  2.00  -2.04443  -1.57234  -1.02600  -0.70554  -0.46273   0.06193   0.14682
   5750.  2.50  -2.04781  -1.58090  -1.03573  -0.71380  -0.47033   0.05754   0.14191
   5750.  3.00  -2.05188  -1.58902  -1.04454  -0.72127  -0.47718   0.05341   0.13753
   5750.  3.50  -2.05659  -1.59633  -1.05180  -0.72720  -0.48244   0.05004   0.13408
   5750.  4.00  -2.06125  -1.60260  -1.05747  -0.73150  -0.48597   0.04776   0.13179
   5750.  4.50  -2.06596  -1.60806  -1.06149  -0.73371  -0.48709   0.04730   0.13132
   5750.  5.00  -2.06992  -1.61284  -1.06423  -0.73400  -0.48584   0.04874   0.13267
   6000.  0.00  -1.83295  -1.41103  -0.92617  -0.65325  -0.43755   0.02710   0.11909
   6000.  0.50  -1.85859  -1.43164  -0.93895  -0.65962  -0.44001   0.03172   0.12004
   6000.  1.00  -1.87453  -1.44780  -0.95155  -0.66745  -0.44511   0.03330   0.11842
   6000.  1.50  -1.88614  -1.46205  -0.96418  -0.67620  -0.45176   0.03290   0.11549
   6000.  2.00  -1.89697  -1.47564  -0.97647  -0.68521  -0.45901   0.03131   0.11206
   6000.  2.50  -1.90759  -1.48864  -0.98823  -0.69415  -0.46646   0.02883   0.10832
   6000.  3.00  -1.91828  -1.50090  -0.99907  -0.70247  -0.47346   0.02606   0.10475
   6000.  3.50  -1.92897  -1.51218  -1.00862  -0.70970  -0.47943   0.02346   0.10175
   6000.  4.00  -1.93928  -1.52218  -1.01649  -0.71534  -0.48382   0.02164   0.09976
   6000.  4.50  -1.94892  -1.53053  -1.02214  -0.71864  -0.48571   0.02138   0.09944
   6000.  5.00  -1.95720  -1.53720  -1.02567  -0.71959  -0.48505   0.02291   0.10093
   6250.  0.50  -1.69825  -1.33350  -0.89917  -0.65275  -0.45350  -0.02105   0.06801
   6250.  1.00  -1.72734  -1.35501  -0.91019  -0.65679  -0.45305  -0.01312   0.07146
   6250.  1.50  -1.74885  -1.37393  -0.92289  -0.66382  -0.45664  -0.00882   0.07191
   6250.  2.00  -1.76661  -1.39158  -0.93653  -0.67262  -0.46262  -0.00717   0.07055
   6250.  2.50  -1.78386  -1.40868  -0.95000  -0.68187  -0.46946  -0.00707   0.06845
   6250.  3.00  -1.80097  -1.42498  -0.96268  -0.69086  -0.47634  -0.00794   0.06607
   6250.  3.50  -1.81759  -1.44027  -0.97443  -0.69928  -0.48286  -0.00940   0.06376
   6250.  4.00  -1.83347  -1.45413  -0.98462  -0.70637  -0.48816  -0.01057   0.06215
   6250.  4.50  -1.84766  -1.46572  -0.99245  -0.71125  -0.49128  -0.01073   0.06184
   6250.  5.00  -1.86003  -1.47513  -0.99785  -0.71370  -0.49189  -0.00932   0.06323
   6500.  0.50  -1.56543  -1.25267  -0.86953  -0.65318  -0.47353  -0.07937   0.01120
   6500.  1.00  -1.59177  -1.27327  -0.88120  -0.65713  -0.47231  -0.06897   0.01615
   6500.  1.50  -1.62509  -1.29665  -0.89146  -0.65981  -0.46988  -0.05825   0.02181
   6500.  2.00  -1.65139  -1.31821  -0.90470  -0.66667  -0.47266  -0.05208   0.02370
   6500.  2.50  -1.67481  -1.33891  -0.91920  -0.67559  -0.47816  -0.04882   0.02363
   6500.  3.00  -1.69763  -1.35904  -0.93370  -0.68516  -0.48475  -0.04742   0.02268
   6500.  3.50  -1.71970  -1.37815  -0.94754  -0.69466  -0.49165  -0.04738   0.02124
   6500.  4.00  -1.74086  -1.39582  -0.96002  -0.70314  -0.49773  -0.04763   0.02014
   6500.  4.50  -1.76039  -1.41147  -0.97054  -0.70996  -0.50230  -0.04761   0.01986
   6500.  5.00  -1.77705  -1.42411  -0.97822  -0.71416  -0.50435  -0.04626   0.02116
   6750.  0.50  -1.45877  -1.18972  -0.85008  -0.65985  -0.49808  -0.13935  -0.04724
   6750.  1.00  -1.48030  -1.20683  -0.86057  -0.66313  -0.49633  -0.12809  -0.04177
   6750.  1.50  -1.50984  -1.22822  -0.87088  -0.66561  -0.49331  -0.11578  -0.03549
   6750.  2.00  -1.54753  -1.25372  -0.88097  -0.66767  -0.48971  -0.10323  -0.02843
   6750.  2.50  -1.57852  -1.27791  -0.89499  -0.67476  -0.49220  -0.09568  -0.02539
   6750.  3.00  -1.60711  -1.30161  -0.91067  -0.68425  -0.49774  -0.09142  -0.02449
   6750.  3.50  -1.63418  -1.32430  -0.92643  -0.69462  -0.50473  -0.08949  -0.02484
   6750.  4.00  -1.66056  -1.34590  -0.94123  -0.70448  -0.51147  -0.08857  -0.02525
   6750.  4.50  -1.68496  -1.36546  -0.95438  -0.71315  -0.51736  -0.08806  -0.02533
   6750.  5.00  -1.70631  -1.38196  -0.96487  -0.71949  -0.52110  -0.08674  -0.02417
   7000.  0.50  -1.37724  -1.14423  -0.84010  -0.67171  -0.52554  -0.19822  -0.10533
   7000.  1.00  -1.39232  -1.15628  -0.84838  -0.67389  -0.52330  -0.18757  -0.10016
   7000.  1.50  -1.41620  -1.17336  -0.85722  -0.67589  -0.52031  -0.17532  -0.09443
   7000.  2.00  -1.45024  -1.19659  -0.86696  -0.67761  -0.51613  -0.16148  -0.08693
   7000.  2.50  -1.49222  -1.22471  -0.87785  -0.68006  -0.51245  -0.14782  -0.07887
   7000.  3.00  -1.52739  -1.25154  -0.89317  -0.68805  -0.51544  -0.13979  -0.07531
   7000.  3.50  -1.55999  -1.27771  -0.91010  -0.69846  -0.52151  -0.13521  -0.07395
   7000.  4.00  -1.59126  -1.30309  -0.92716  -0.70959  -0.52878  -0.13284  -0.07351
   7000.  4.50  -1.62048  -1.32666  -0.94308  -0.72016  -0.53591  -0.13162  -0.07330
   7000.  5.00  -1.64633  -1.34703  -0.95639  -0.72865  -0.54129  -0.13024  -0.07224
   7250.  0.50  -1.32822  -1.11935  -0.83738  -0.68505  -0.55054  -0.25034  -0.15836
   7250.  1.00  -1.32463  -1.12040  -0.84473  -0.68970  -0.55345  -0.24650  -0.15861
   7250.  1.50  -1.34473  -1.13366  -0.85108  -0.69005  -0.54919  -0.23400  -0.15256
   7250.  2.00  -1.37217  -1.15217  -0.85966  -0.69188  -0.54589  -0.22108  -0.14645
   7250.  2.50  -1.41119  -1.17794  -0.86971  -0.69365  -0.54135  -0.20635  -0.13816
   7250.  3.00  -1.45698  -1.20869  -0.88199  -0.69723  -0.53846  -0.19250  -0.12990
   7250.  3.50  -1.49582  -1.23811  -0.89889  -0.70650  -0.54235  -0.18452  -0.12603
   7250.  4.00  -1.53117  -1.26626  -0.91719  -0.71815  -0.54948  -0.18047  -0.12469
   7250.  4.50  -1.56546  -1.29380  -0.93550  -0.73017  -0.55727  -0.17791  -0.12367
   7250.  5.00  -1.59615  -1.31841  -0.95188  -0.74089  -0.56426  -0.17620  -0.12249
   7500.  0.50  -1.33786  -1.13379  -0.84905  -0.69941  -0.56638  -0.28192  -0.19592
   7500.  1.00  -1.27984  -1.10090  -0.84977  -0.71003  -0.58543  -0.30234  -0.21486
   7500.  1.50  -1.29066  -1.10714  -0.85326  -0.70951  -0.58170  -0.29253  -0.21086
   7500.  2.00  -1.31516  -1.12204  -0.85907  -0.70942  -0.57688  -0.27937  -0.20472
   7500.  2.50  -1.34661  -1.14238  -0.86785  -0.71154  -0.57373  -0.26632  -0.19866
   7500.  3.00  -1.39100  -1.17149  -0.87894  -0.71395  -0.56936  -0.25091  -0.18952
   7500.  3.50  -1.43934  -1.20463  -0.89324  -0.71943  -0.56813  -0.23782  -0.18154
   7500.  4.00  -1.48092  -1.23625  -0.91184  -0.73027  -0.57340  -0.23057  -0.17791
   7500.  4.50  -1.51938  -1.26674  -0.93154  -0.74297  -0.58120  -0.22651  -0.17598
   7500.  5.00  -1.55465  -1.29525  -0.95058  -0.75561  -0.58945  -0.22419  -0.17451
   7750.  1.00  -1.26318  -1.10057  -0.86349  -0.73381  -0.61699  -0.35278  -0.26738
   7750.  1.50  -1.25587  -1.09510  -0.86420  -0.73422  -0.61721  -0.34958  -0.26851
   7750.  2.00  -1.27449  -1.10467  -0.86684  -0.73237  -0.61156  -0.33742  -0.26310
   7750.  2.50  -1.30275  -1.12152  -0.87305  -0.73284  -0.60725  -0.32433  -0.25713
   7750.  3.00  -1.33815  -1.14421  -0.88260  -0.73571  -0.60467  -0.31147  -0.25100
   7750.  3.50  -1.38731  -1.17646  -0.89488  -0.73906  -0.60084  -0.29613  -0.24160
   7750.  4.00  -1.43718  -1.21145  -0.91122  -0.74659  -0.60157  -0.28419  -0.23422
   7750.  4.50  -1.48069  -1.24498  -0.93145  -0.75895  -0.60817  -0.27767  -0.23043
   7750.  5.00  -1.52050  -1.27688  -0.95229  -0.77268  -0.61683  -0.27412  -0.22823
   8000.  1.00  -1.28031  -1.12513  -0.89062  -0.76373  -0.64907  -0.39468  -0.31408
   8000.  1.50  -1.24134  -1.09770  -0.88311  -0.76339  -0.65466  -0.40428  -0.32441
   8000.  2.00  -1.24922  -1.09959  -0.88288  -0.76108  -0.65041  -0.39599  -0.32205
   8000.  2.50  -1.27275  -1.11156  -0.88552  -0.75925  -0.64459  -0.38356  -0.31675
   8000.  3.00  -1.30541  -1.13103  -0.89272  -0.76065  -0.64100  -0.37062  -0.31099
   8000.  3.50  -1.34591  -1.15708  -0.90371  -0.76468  -0.63918  -0.35775  -0.30457
   8000.  4.00  -1.39919  -1.19255  -0.91742  -0.76912  -0.63602  -0.34246  -0.29448
   8000.  4.50  -1.44962  -1.22918  -0.93616  -0.77904  -0.63908  -0.33195  -0.28757
   8000.  5.00  -1.49416  -1.26401  -0.95769  -0.79270  -0.64689  -0.32624  -0.28381
   8250.  1.00  -1.33019  -1.17820  -0.94016  -0.80875  -0.69095  -0.43309  -0.36192
   8250.  1.50  -1.24735  -1.11535  -0.91062  -0.79728  -0.69380  -0.45608  -0.37865
   8250.  2.00  -1.24185  -1.10801  -0.90699  -0.79443  -0.69142  -0.45243  -0.37970
   8250.  2.50  -1.25964  -1.11545  -0.90750  -0.79170  -0.68563  -0.44123  -0.37539
   8250.  3.00  -1.28825  -1.13069  -0.91151  -0.79097  -0.68057  -0.42838  -0.36977
   8250.  3.50  -1.32248  -1.15115  -0.91919  -0.79341  -0.67830  -0.41693  -0.36488
   8250.  4.00  -1.36664  -1.17977  -0.93092  -0.79803  -0.67678  -0.40438  -0.35801
   8250.  4.50  -1.42199  -1.21729  -0.94591  -0.80367  -0.67464  -0.38955  -0.34768
   8250.  5.00  -1.47180  -1.25456  -0.96630  -0.81539  -0.67956  -0.38033  -0.34104
   8500.  1.50  -1.27234  -1.14786  -0.94799  -0.83724  -0.73607  -0.50524  -0.43164
   8500.  2.00  -1.24914  -1.12768  -0.93835  -0.83256  -0.73534  -0.50827  -0.43716
   8500.  2.50  -1.25831  -1.12891  -0.93629  -0.82920  -0.73050  -0.50003  -0.43508
   8500.  3.00  -1.28182  -1.13977  -0.93763  -0.82694  -0.72474  -0.48811  -0.43022
   8500.  3.50  -1.31384  -1.15730  -0.94249  -0.82704  -0.72035  -0.47555  -0.42459
   8500.  4.00  -1.35249  -1.18088  -0.95145  -0.83041  -0.71859  -0.46390  -0.41905
   8500.  4.50  -1.40069  -1.21241  -0.96387  -0.83540  -0.71702  -0.45103  -0.41109
   8500.  5.00  -1.45429  -1.24983  -0.97988  -0.84246  -0.71655  -0.43750  -0.40083
   8750.  1.50  -1.31047  -1.19109  -0.99368  -0.88328  -0.78262  -0.55448  -0.48590
   8750.  2.00  -1.27019  -1.15782  -0.97641  -0.87492  -0.78147  -0.56287  -0.49397
   8750.  2.50  -1.26969  -1.15229  -0.97153  -0.87095  -0.77793  -0.55852  -0.49469
   8750.  3.00  -1.28729  -1.15857  -0.97059  -0.86776  -0.77231  -0.54835  -0.49134
   8750.  3.50  -1.31509  -1.17205  -0.97264  -0.86608  -0.76685  -0.53617  -0.48625
   8750.  4.00  -1.35018  -1.19162  -0.97821  -0.86699  -0.76320  -0.52404  -0.48053
   8750.  4.50  -1.39175  -1.21764  -0.98819  -0.87125  -0.76209  -0.51262  -0.47418
   8750.  5.00  -1.44234  -1.25129  -1.00074  -0.87594  -0.75974  -0.49874  -0.46416
   9000.  1.50  -1.35459  -1.23917  -1.04361  -0.93291  -0.83224  -0.60506  -0.54191
   9000.  2.00  -1.30164  -1.19565  -1.01936  -0.92035  -0.82913  -0.61664  -0.55073
   9000.  2.50  -1.29229  -1.18409  -1.01210  -0.91617  -0.82727  -0.61668  -0.55442
   9000.  3.00  -1.30345  -1.18588  -1.00941  -0.91271  -0.82267  -0.60905  -0.55303
   9000.  3.50  -1.32633  -1.19547  -1.00936  -0.90997  -0.81699  -0.59777  -0.54859
   9000.  4.00  -1.35731  -1.21119  -1.01213  -0.90890  -0.81194  -0.58542  -0.54270
   9000.  4.50  -1.39480  -1.23278  -1.01850  -0.91061  -0.80894  -0.57360  -0.53643
   9000.  5.00  -1.43915  -1.26107  -1.02900  -0.91522  -0.80788  -0.56210  -0.52916
   9250.  2.00  -1.33869  -1.23763  -1.06512  -0.96763  -0.87781  -0.66963  -0.60710
   9250.  2.50  -1.32296  -1.22174  -1.05613  -0.96340  -0.87738  -0.67359  -0.61330
   9250.  3.00  -1.32905  -1.22050  -1.05290  -0.96071  -0.87473  -0.66933  -0.61435
   9250.  3.50  -1.34724  -1.22694  -1.05178  -0.95794  -0.86995  -0.66005  -0.61153
   9250.  4.00  -1.37368  -1.23875  -1.05206  -0.95535  -0.86411  -0.64818  -0.60621
   9250.  4.50  -1.40716  -1.25613  -1.05504  -0.95456  -0.85923  -0.63578  -0.59970
   9250.  5.00  -1.44727  -1.27986  -1.06204  -0.95684  -0.85661  -0.62395  -0.59248
   9500.  2.00  -1.37869  -1.28164  -1.11215  -1.01569  -0.92685  -0.72199  -0.66303
   9500.  2.50  -1.35847  -1.26274  -1.10196  -1.01152  -0.92756  -0.72929  -0.67135
   9500.  3.00  -1.36095  -1.25951  -1.09875  -1.01000  -0.92712  -0.72876  -0.67521
   9500.  3.50  -1.37598  -1.26408  -1.09749  -1.00802  -0.92395  -0.72215  -0.67463
   9500.  4.00  -1.39905  -1.27346  -1.09686  -1.00528  -0.91866  -0.71162  -0.67053
   9500.  4.50  -1.42851  -1.28725  -1.09744  -1.00290  -0.91281  -0.69921  -0.66407
   9500.  5.00  -1.46407  -1.30639  -1.10081  -1.00255  -0.90828  -0.68680  -0.65637
   9750.  2.00  -1.42038  -1.32679  -1.15997  -1.06439  -0.97638  -0.77420  -0.71875
   9750.  2.50  -1.39683  -1.30560  -1.14870  -1.05997  -0.97757  -0.78374  -0.72839
   9750.  3.00  -1.39673  -1.30107  -1.14574  -1.05962  -0.97912  -0.78671  -0.73487
   9750.  3.50  -1.40955  -1.30468  -1.14511  -1.05910  -0.97818  -0.78332  -0.73694
   9750.  4.00  -1.43020  -1.31275  -1.14466  -1.05726  -0.97444  -0.77501  -0.73471
   9750.  4.50  -1.45659  -1.32429  -1.14432  -1.05459  -0.96887  -0.76350  -0.72893
   9750.  5.00  -1.48829  -1.33990  -1.14516  -1.05238  -0.96300  -0.75065  -0.72096
  10000.  2.00  -1.46295  -1.37242  -1.20807  -1.11332  -1.02610  -0.82635  -0.77421
  10000.  2.50  -1.43695  -1.34951  -1.19585  -1.10846  -1.02728  -0.83715  -0.78447
  10000.  3.00  -1.43497  -1.34412  -1.19319  -1.10911  -1.03047  -0.84300  -0.79307
  10000.  3.50  -1.44606  -1.34715  -1.19339  -1.11015  -1.03177  -0.84288  -0.79773
  10000.  4.00  -1.46504  -1.35466  -1.19380  -1.10983  -1.03016  -0.83734  -0.79782
  10000.  4.50  -1.48954  -1.36514  -1.19362  -1.10788  -1.02582  -0.82765  -0.79372
  10000.  5.00  -1.51868  -1.37855  -1.19324  -1.10504  -1.01981  -0.81535  -0.78643
  10250.  2.00  -1.50684  -1.41914  -1.25724  -1.16348  -1.07718  -0.87996  -0.83075
  10250.  2.50  -1.47942  -1.39539  -1.24477  -1.15871  -1.07872  -0.89209  -0.84193
  10250.  3.00  -1.47706  -1.39029  -1.24322  -1.16098  -1.08400  -0.90107  -0.85304
  10250.  3.50  -1.48822  -1.39420  -1.24528  -1.16446  -1.08825  -0.90479  -0.86094
  10250.  4.00  -1.50763  -1.40289  -1.24788  -1.16683  -1.08980  -0.90300  -0.86441
  10250.  4.50  -1.53255  -1.41435  -1.24957  -1.16715  -1.08811  -0.89632  -0.86318
  10250.  5.00  -1.56150  -1.42785  -1.25003  -1.16552  -1.08362  -0.88581  -0.85765
  10500.  2.00  -1.55044  -1.46532  -1.30571  -1.21292  -1.12753  -0.93256  -0.88609
  10500.  2.50  -1.52105  -1.44000  -1.29195  -1.20692  -1.12789  -0.94403  -0.89643
  10500.  3.00  -1.51742  -1.43427  -1.29038  -1.20950  -1.13375  -0.95437  -0.90842
  10500.  3.50  -1.52729  -1.43777  -1.29300  -1.21404  -1.13955  -0.96054  -0.91818
  10500.  4.00  -1.54565  -1.44631  -1.29653  -1.21788  -1.14308  -0.96158  -0.92403
  10500.  4.50  -1.56969  -1.45766  -1.29921  -1.21971  -1.14337  -0.95754  -0.92521
  10500.  5.00  -1.59790  -1.47093  -1.30038  -1.21924  -1.14046  -0.94909  -0.92166
  10750.  2.00  -1.59448  -1.51179  -1.35445  -1.26273  -1.17832  -0.98566  -0.94165
  10750.  2.50  -1.56307  -1.48480  -1.33924  -1.25525  -1.17719  -0.99594  -0.95074
  10750.  3.00  -1.55832  -1.47837  -1.33733  -1.25766  -1.18302  -1.00684  -0.96300
  10750.  3.50  -1.56735  -1.48167  -1.34037  -1.26293  -1.18985  -1.01476  -0.97404
  10750.  4.00  -1.58487  -1.49019  -1.34483  -1.26815  -1.19519  -1.01834  -0.98196
  10750.  4.50  -1.60803  -1.50151  -1.34853  -1.27149  -1.19746  -1.01693  -0.98545
  10750.  5.00  -1.63557  -1.51474  -1.35066  -1.27241  -1.19634  -1.01080  -0.98404
  11000.  2.00  -1.63851  -1.55806  -1.40293  -1.31236  -1.22900  -1.03866  -0.99691
  11000.  2.50  -1.60482  -1.52913  -1.38587  -1.30287  -1.22573  -1.04676  -1.00385
  11000.  3.00  -1.59843  -1.52142  -1.38290  -1.30420  -1.23051  -1.05690  -1.01519
  11000.  3.50  -1.60587  -1.52365  -1.38533  -1.30907  -1.23711  -1.06516  -1.02622
  11000.  4.00  -1.62165  -1.53119  -1.38955  -1.31437  -1.24286  -1.06988  -1.03482
  11000.  4.50  -1.64289  -1.54158  -1.39337  -1.31825  -1.24608  -1.07008  -1.03947
  11000.  5.00  -1.66830  -1.55371  -1.39571  -1.31985  -1.24611  -1.06569  -1.03951
  11250.  2.00  -1.68332  -1.60497  -1.45200  -1.36266  -1.28042  -1.09258  -1.05281
  11250.  2.50  -1.64783  -1.57457  -1.43364  -1.35176  -1.27566  -1.09917  -1.05827
  11250.  3.00  -1.64050  -1.56621  -1.43018  -1.35258  -1.27991  -1.10897  -1.06916
  11250.  3.50  -1.64727  -1.56814  -1.43264  -1.35757  -1.28673  -1.11789  -1.08060
  11250.  4.00  -1.66251  -1.57565  -1.43734  -1.36361  -1.29345  -1.12413  -1.09037
  11250.  4.50  -1.68324  -1.58618  -1.44204  -1.36869  -1.29819  -1.12645  -1.09681
  11250.  5.00  -1.70820  -1.59855  -1.44545  -1.37169  -1.29996  -1.12427  -1.09880
  11500.  2.00  -1.72800  -1.65161  -1.50075  -1.41270  -1.33163  -1.14637  -1.10843
  11500.  2.50  -1.69091  -1.61996  -1.48135  -1.40067  -1.32568  -1.15170  -1.11264
  11500.  3.00  -1.68266  -1.61097  -1.47740  -1.40091  -1.32928  -1.16090  -1.12286
  11500.  3.50  -1.68880  -1.61258  -1.47974  -1.40583  -1.33606  -1.17004  -1.13435
  11500.  4.00  -1.70354  -1.62002  -1.48476  -1.41233  -1.34340  -1.17734  -1.14489
  11500.  4.50  -1.72387  -1.63070  -1.49021  -1.41840  -1.34937  -1.18137  -1.15268
  11500.  5.00  -1.74837  -1.64331  -1.49466  -1.42271  -1.35274  -1.18127  -1.15648
  11750.  2.00  -1.77269  -1.69814  -1.54928  -1.46251  -1.38261  -1.19990  -1.16363
  11750.  2.50  -1.73410  -1.66532  -1.52896  -1.44950  -1.37563  -1.20417  -1.16680
  11750.  3.00  -1.72494  -1.65569  -1.52448  -1.44912  -1.37853  -1.21263  -1.17624
  11750.  3.50  -1.73037  -1.65687  -1.52656  -1.45374  -1.38502  -1.22165  -1.18748
  11750.  4.00  -1.74458  -1.66411  -1.53165  -1.46043  -1.39262  -1.22956  -1.19841
  11750.  4.50  -1.76453  -1.67487  -1.53763  -1.46720  -1.39948  -1.23492  -1.20728
  11750.  5.00  -1.78872  -1.68774  -1.54298  -1.47266  -1.40424  -1.23668  -1.21267
  12000.  2.50  -1.77727  -1.71051  -1.57629  -1.49807  -1.42533  -1.25641  -1.22060
  12000.  3.00  -1.76728  -1.70031  -1.57136  -1.49714  -1.42760  -1.26416  -1.22929
  12000.  3.50  -1.77202  -1.70106  -1.57315  -1.50142  -1.43371  -1.27286  -1.24013
  12000.  4.00  -1.78567  -1.70804  -1.57819  -1.50807  -1.44130  -1.28100  -1.25113
  12000.  4.50  -1.80530  -1.71884  -1.58454  -1.51534  -1.44878  -1.28733  -1.26075
  12000.  5.00  -1.82924  -1.73198  -1.59070  -1.52179  -1.45474  -1.29068  -1.26744
  12250.  2.50  -1.82016  -1.75534  -1.62323  -1.54627  -1.47469  -1.30830  -1.27396
  12250.  3.00  -1.80944  -1.74469  -1.61801  -1.54496  -1.47653  -1.31553  -1.28209
  12250.  3.50  -1.81359  -1.74507  -1.61953  -1.54890  -1.48223  -1.32381  -1.29243
  12250.  4.00  -1.82656  -1.75164  -1.62433  -1.55529  -1.48957  -1.33186  -1.30320
  12250.  4.50  -1.84580  -1.76235  -1.63083  -1.56279  -1.49735  -1.33879  -1.31325
  12250.  5.00  -1.86949  -1.77567  -1.63757  -1.56995  -1.50415  -1.34335  -1.32094
  12500.  2.50  -1.86288  -1.79988  -1.66975  -1.59403  -1.52358  -1.35971  -1.32673
  12500.  3.00  -1.85158  -1.78889  -1.66436  -1.59248  -1.52514  -1.36655  -1.33445
  12500.  3.50  -1.85505  -1.78883  -1.66556  -1.59602  -1.53039  -1.37433  -1.34422
  12500.  4.00  -1.86737  -1.79500  -1.67010  -1.60212  -1.53740  -1.38214  -1.35466
  12500.  4.50  -1.88618  -1.80554  -1.67661  -1.60964  -1.54523  -1.38935  -1.36483
  12500.  5.00  -1.90971  -1.81903  -1.68382  -1.61737  -1.55270  -1.39487  -1.37331
  12750.  2.50  -1.90522  -1.84397  -1.71577  -1.64127  -1.57195  -1.41056  -1.37887
  12750.  3.00  -1.89336  -1.83265  -1.71023  -1.63955  -1.57331  -1.41715  -1.38631
  12750.  3.50  -1.89627  -1.83226  -1.71122  -1.64279  -1.57821  -1.42453  -1.39561
  12750.  4.00  -1.90791  -1.83798  -1.71544  -1.64853  -1.58484  -1.43198  -1.40561
  12750.  4.50  -1.92631  -1.84833  -1.72187  -1.65595  -1.59256  -1.43922  -1.41569
  12750.  5.00  -1.94974  -1.86198  -1.72945  -1.66409  -1.60048  -1.44542  -1.42470
  13000.  2.50  -1.94709  -1.88749  -1.76114  -1.68786  -1.61965  -1.46073  -1.43026
  13000.  3.00  -1.93488  -1.87605  -1.75566  -1.68616  -1.62103  -1.46727  -1.43761
  13000.  3.50  -1.93727  -1.87537  -1.75650  -1.68921  -1.62569  -1.47435  -1.44656
  13000.  4.00  -1.94832  -1.88071  -1.76046  -1.69462  -1.63195  -1.48143  -1.45611
  13000.  4.50  -1.96626  -1.89081  -1.76675  -1.70186  -1.63948  -1.48854  -1.46595
  13000.  5.00  -1.98952  -1.90454  -1.77455  -1.71022  -1.64762  -1.49515  -1.47524
  14000.  2.00  -2.15730  -2.09488  -1.95900  -1.88208  -1.81108  -1.64927  -1.62459
  14000.  2.50  -2.11014  -2.05655  -1.93683  -1.86811  -1.80412  -1.65458  -1.62843
  14000.  3.00  -2.09723  -2.04519  -1.93223  -1.86734  -1.80651  -1.66208  -1.63655
  14000.  3.50  -2.09813  -2.04382  -1.93304  -1.87028  -1.81104  -1.66885  -1.64499
  14000.  4.00  -2.10698  -2.04781  -1.93623  -1.87478  -1.81631  -1.67493  -1.65329
  14000.  4.50  -2.12349  -2.05718  -1.94207  -1.88131  -1.82291  -1.68115  -1.66196
  14000.  5.00  -2.14651  -2.07130  -1.95045  -1.89003  -1.83126  -1.68817  -1.67133
  15000.  2.50  -2.26434  -2.21588  -2.10173  -2.03723  -1.97714  -1.83649  -1.81397
  15000.  3.00  -2.25204  -2.20582  -2.09925  -2.03867  -1.98188  -1.84626  -1.82421
  15000.  3.50  -2.25189  -2.20410  -2.10042  -2.04205  -1.98696  -1.85367  -1.83309
  15000.  4.00  -2.25872  -2.20682  -2.10304  -2.04602  -1.99176  -1.85932  -1.84074
  15000.  4.50  -2.27335  -2.21501  -2.10818  -2.05171  -1.99745  -1.86455  -1.84817
  15000.  5.00  -2.29607  -2.22933  -2.11676  -2.06025  -2.00531  -1.87081  -1.85651
  16000.  2.50  -2.40884  -2.36465  -2.25495  -2.19430  -2.13779  -2.00572  -1.98634
  16000.  3.00  -2.39907  -2.35786  -2.25669  -2.20007  -2.14701  -2.01978  -2.00070
  16000.  3.50  -2.39895  -2.35667  -2.25892  -2.20457  -2.15329  -2.02844  -2.01068
  16000.  4.00  -2.40421  -2.35845  -2.26125  -2.20836  -2.15805  -2.03423  -2.01830
  16000.  4.50  -2.41673  -2.36524  -2.26565  -2.21339  -2.16319  -2.03902  -2.02507
  16000.  5.00  -2.43899  -2.37965  -2.27465  -2.22214  -2.17109  -2.04505  -2.03296
  17000.  2.50  -2.54435  -2.50336  -2.39660  -2.33908  -2.28550  -2.16109  -2.14455
  17000.  3.00  -2.53793  -2.50100  -2.40432  -2.35133  -2.30170  -2.18247  -2.16598
  17000.  3.50  -2.53875  -2.50119  -2.40839  -2.35768  -2.30985  -2.19296  -2.17767
  17000.  4.00  -2.54272  -2.50218  -2.41040  -2.36129  -2.31457  -2.19895  -2.18539
  17000.  4.50  -2.55238  -2.50680  -2.41341  -2.36514  -2.31874  -2.20319  -2.19149
  17000.  5.00  -2.57401  -2.52118  -2.42292  -2.37436  -2.32714  -2.20962  -2.19957
  18000.  2.50  -2.67209  -2.63332  -2.52789  -2.47230  -2.42060  -2.30157  -2.28770
  18000.  3.00  -2.66828  -2.63497  -2.54190  -2.49218  -2.44566  -2.33397  -2.31983
  18000.  3.50  -2.67183  -2.63834  -2.54960  -2.50213  -2.45742  -2.34793  -2.33483
  18000.  4.00  -2.67535  -2.63925  -2.55183  -2.50595  -2.46235  -2.35420  -2.34272
  18000.  4.50  -2.68280  -2.64221  -2.55368  -2.50878  -2.46563  -2.35786  -2.34817
  18000.  5.00  -2.70181  -2.65470  -2.56212  -2.51716  -2.47341  -2.36400  -2.35585
  19000.  2.50  -2.79456  -2.75751  -2.65229  -2.59735  -2.54640  -2.42929  -2.41782
  19000.  3.00  -2.79003  -2.75968  -2.66921  -2.62220  -2.57829  -2.47325  -2.46129
  19000.  3.50  -2.79819  -2.76818  -2.68272  -2.63813  -2.59618  -2.49344  -2.48232
  19000.  4.00  -2.80281  -2.77050  -2.68654  -2.64339  -2.60244  -2.50087  -2.49123
  19000.  4.50  -2.80827  -2.77193  -2.68721  -2.64507  -2.60463  -2.50357  -2.49566
  19000.  5.00  -2.82431  -2.78211  -2.69398  -2.65194  -2.61108  -2.50873  -2.50233
  20000.  3.00  -2.90421  -2.87630  -2.78757  -2.74254  -2.70062  -2.60054  -2.59060
  20000.  3.50  -2.91775  -2.89074  -2.80791  -2.76578  -2.72626  -2.62946  -2.62015
  20000.  4.00  -2.92480  -2.89578  -2.81459  -2.77378  -2.73513  -2.63928  -2.63130
  20000.  4.50  -2.92979  -2.89712  -2.81538  -2.77546  -2.73722  -2.64176  -2.63539
  20000.  5.00  -2.94209  -2.90419  -2.81956  -2.77985  -2.74132  -2.64482  -2.63993
  21000.  3.00  -3.01234  -2.98670  -2.89934  -2.85575  -2.81537  -2.71857  -2.71038
  21000.  3.50  -3.03048  -3.00612  -2.92540  -2.88534  -2.84789  -2.75605  -2.74841
  21000.  4.00  -3.04179  -3.01570  -2.93690  -2.89815  -2.86156  -2.77069  -2.76420
  21000.  4.50  -3.04747  -3.01807  -2.93880  -2.90074  -2.86440  -2.77360  -2.76854
  21000.  5.00  -3.05711  -3.02301  -2.94118  -2.90327  -2.86661  -2.77477  -2.77108
  22000.  3.00  -3.11596  -3.09276  -3.00712  -2.96497  -2.92606  -2.83188  -2.82516
  22000.  3.50  -3.13686  -3.11496  -3.03604  -2.99768  -2.96201  -2.87407  -2.86791
  22000.  4.00  -3.15331  -3.12991  -3.05320  -3.01628  -2.98158  -2.89503  -2.88987
  22000.  4.50  -3.16141  -3.13497  -3.05794  -3.02160  -2.98701  -2.90030  -2.89640
  22000.  5.00  -3.17014  -3.13945  -3.06012  -3.02382  -2.98882  -2.90092  -2.89822
  23000.  3.00  -3.21480  -3.19427  -3.11098  -3.07060  -3.03344  -2.94264  -2.93722
  23000.  3.50  -3.23776  -3.21832  -3.14126  -3.10450  -3.07050  -2.98580  -2.98092
  23000.  4.00  -3.25905  -3.23822  -3.16350  -3.12828  -3.09532  -3.01254  -3.00858
  23000.  4.50  -3.27100  -3.24731  -3.17244  -3.13776  -3.10491  -3.02205  -3.01918
  23000.  5.00  -3.28015  -3.25258  -3.17567  -3.14097  -3.10765  -3.02353  -3.02172
  24000.  3.00  -3.30776  -3.28970  -3.20890  -3.17032  -3.13495  -3.04807  -3.04391
  24000.  3.50  -3.33363  -3.31688  -3.24217  -3.20723  -3.17505  -3.09379  -3.09005
  24000.  4.00  -3.35924  -3.34093  -3.26824  -3.23465  -3.20339  -3.12401  -3.12111
  24000.  4.50  -3.37553  -3.35448  -3.28174  -3.24871  -3.21755  -3.13828  -3.13637
  24000.  5.00  -3.38673  -3.36205  -3.28749  -3.25441  -3.22278  -3.14233  -3.14135
  25000.  3.00  -3.39592  -3.37959  -3.30045  -3.26269  -3.22826  -3.14413  -3.14113
  25000.  3.50  -3.42378  -3.40986  -3.33803  -3.30520  -3.27514  -3.19800  -3.19535
  25000.  4.00  -3.45393  -3.43824  -3.36786  -3.33600  -3.30653  -3.23059  -3.22866
  25000.  4.50  -3.47453  -3.45607  -3.38552  -3.35412  -3.32467  -3.24886  -3.24783
  25000.  5.00  -3.48841  -3.46651  -3.39430  -3.36288  -3.33295  -3.25613  -3.25594
  26000.  3.00  -3.48566  -3.47032  -3.39168  -3.35285  -3.31768  -3.23281  -3.23059
  26000.  3.50  -3.50717  -3.49607  -3.42737  -3.39672  -3.36886  -3.29623  -3.29470
  26000.  4.00  -3.54279  -3.52984  -3.46217  -3.43231  -3.40485  -3.33279  -3.33179
  26000.  4.50  -3.56787  -3.55204  -3.48388  -3.45420  -3.42653  -3.35418  -3.35397
  26000.  5.00  -3.58500  -3.56578  -3.49596  -3.46622  -3.43803  -3.36473  -3.36529
  27000.  3.50  -3.58422  -3.57560  -3.50976  -3.48093  -3.45501  -3.38651  -3.38605
  27000.  4.00  -3.62518  -3.61508  -3.55048  -3.52277  -3.49746  -3.42971  -3.42970
  27000.  4.50  -3.65513  -3.64201  -3.57652  -3.54874  -3.52298  -3.45441  -3.45503
  27000.  5.00  -3.67576  -3.65923  -3.59193  -3.56395  -3.53756  -3.46788  -3.46918
  28000.  3.50  -3.65780  -3.65122  -3.58780  -3.55997  -3.53534  -3.46955  -3.47004
  28000.  4.00  -3.70103  -3.69368  -3.63225  -3.60661  -3.58346  -3.52001  -3.52098
  28000.  4.50  -3.73595  -3.72560  -3.66301  -3.63724  -3.61351  -3.54902  -3.55048
  28000.  5.00  -3.76051  -3.74669  -3.68208  -3.65593  -3.63144  -3.56550  -3.56754
  29000.  3.50  -3.73214  -3.72715  -3.66569  -3.63791  -3.61384  -3.54896  -3.55012
  29000.  4.00  -3.77180  -3.76698  -3.70853  -3.68458  -3.66331  -3.60355  -3.60544
  29000.  4.50  -3.81060  -3.80299  -3.74348  -3.71968  -3.69801  -3.63752  -3.63984
  29000.  5.00  -3.83911  -3.82804  -3.76628  -3.74204  -3.71947  -3.65744  -3.66021
  30000.  3.50  -3.81032  -3.80666  -3.74692  -3.71845  -3.69437  -3.62889  -3.63044
  30000.  4.00  -3.84010  -3.83746  -3.78173  -3.75888  -3.73909  -3.68192  -3.68459
  30000.  4.50  -3.88000  -3.87502  -3.81852  -3.79644  -3.77666  -3.71979  -3.72292
  30000.  5.00  -3.91174  -3.90339  -3.84456  -3.82214  -3.80148  -3.74320  -3.74672
  31000.  3.50  -3.89369  -3.89128  -3.83313  -3.80363  -3.77916  -3.71215  -3.71381
  31000.  4.00  -3.90844  -3.90760  -3.85431  -3.83194  -3.81319  -3.75745  -3.76073
  31000.  4.50  -3.94649  -3.94391  -3.89026  -3.86949  -3.85131  -3.79728  -3.80113
  31000.  5.00  -3.97983  -3.97410  -3.91822  -3.89741  -3.87852  -3.82354  -3.82775
  32000.  4.00  -3.97956  -3.98029  -3.92933  -3.90691  -3.88884  -3.83347  -3.83718
  32000.  4.50  -4.01160  -4.01110  -3.96013  -3.94023  -3.92339  -3.87134  -3.87578
  32000.  5.00  -4.04500  -4.04171  -3.98865  -3.96912  -3.95179  -3.89954  -3.90436
  33000.  4.00  -4.05365  -4.05577  -4.00706  -3.98424  -3.96661  -3.91079  -3.91477
  33000.  4.50  -4.07841  -4.07969  -4.03126  -4.01174  -3.99596  -3.94493  -3.94984
  33000.  5.00  -4.10871  -4.10764  -4.05732  -4.03873  -4.02278  -3.97252  -3.97786
  34000.  4.00  -4.13054  -4.13402  -4.08755  -4.06420  -4.04685  -3.99021  -3.99429
  34000.  4.50  -4.14731  -4.15012  -4.10415  -4.08463  -4.06964  -4.01883  -4.02409
  34000.  5.00  -4.17366  -4.17448  -4.12675  -4.10871  -4.09390  -4.04483  -4.05061
  35000.  4.00  -4.20968  -4.21450  -4.17027  -4.14648  -4.12939  -4.07206  -4.07618
  35000.  4.50  -4.21857  -4.22278  -4.17921  -4.15942  -4.14506  -4.09385  -4.09935
  35000.  5.00  -4.24011  -4.24259  -4.19739  -4.17952  -4.16565  -4.11703  -4.12316
  36000.  4.00  -4.29012  -4.29625  -4.25418  -4.23014  -4.21339  -4.15577  -4.15992
  36000.  4.50  -4.29204  -4.29757  -4.25643  -4.23626  -4.22243  -4.17059  -4.17622
  36000.  5.00  -4.30845  -4.31238  -4.26965  -4.25168  -4.23860  -4.18981  -4.19621
  37000.  4.00  -4.37063  -4.37800  -4.33794  -4.31387  -4.29750  -4.24006  -4.24429
  37000.  4.50  -4.36724  -4.37406  -4.33535  -4.31490  -4.30159  -4.24921  -4.25492
  37000.  5.00  -4.37877  -4.38403  -4.34377  -4.32555  -4.31314  -4.26382  -4.27039
  38000.  4.00  -4.45030  -4.45883  -4.42051  -4.39652  -4.38055  -4.32361  -4.32794
  38000.  4.50  -4.44327  -4.45135  -4.41500  -4.39442  -4.38169  -4.32912  -4.33493
  38000.  5.00  -4.45088  -4.45738  -4.41957  -4.40110  -4.38934  -4.33941  -4.34611
  39000.  4.00  -4.52863  -4.53826  -4.50138  -4.47753  -4.46187  -4.40561  -4.41005
  39000.  4.50  -4.51930  -4.52861  -4.49449  -4.47393  -4.46181  -4.40940  -4.41534
  39000.  5.00  -4.52400  -4.53173  -4.49634  -4.47770  -4.46659  -4.41625  -4.42310
  40000.  4.50  -4.59456  -4.60504  -4.57297  -4.55256  -4.54103  -4.48910  -4.49519
  40000.  5.00  -4.59760  -4.60650  -4.57343  -4.55474  -4.54430  -4.49384  -4.50082
  41000.  4.50  -4.66850  -4.68011  -4.64985  -4.62965  -4.61868  -4.56741  -4.57367
  41000.  5.00  -4.67085  -4.68089  -4.65002  -4.63140  -4.62163  -4.57133  -4.57849
  42000.  4.50  -4.74083  -4.75351  -4.72483  -4.70488  -4.69438  -4.64387  -4.65029
  42000.  5.00  -4.74317  -4.75431  -4.72543  -4.70697  -4.69785  -4.64796  -4.65530
  43000.  4.50  -4.81158  -4.82528  -4.79787  -4.77819  -4.76805  -4.71832  -4.72487
  43000.  5.00  -4.81414  -4.82634  -4.79927  -4.78103  -4.77250  -4.72316  -4.73068
  44000.  4.50  -4.88078  -4.89542  -4.86908  -4.84963  -4.83976  -4.79081  -4.79746
  44000.  5.00  -4.88360  -4.89682  -4.87132  -4.85332  -4.84529  -4.79660  -4.80431
  45000.  4.50  -4.94852  -4.96407  -4.93859  -4.91940  -4.90973  -4.86155  -4.86830
  45000.  5.00  -4.95152  -4.96570  -4.94154  -4.92379  -4.91618  -4.86818  -4.87603
  46000.  4.50  -5.01503  -5.03146  -5.00668  -4.98775  -4.97823  -4.93083  -4.93764
  46000.  5.00  -5.01801  -5.03313  -5.01010  -4.99259  -4.98530  -4.93799  -4.94596
  47000.  4.50  -5.08037  -5.09763  -5.07344  -5.05479  -5.04539  -4.99879  -5.00569
  47000.  5.00  -5.08319  -5.09920  -5.07711  -5.05984  -5.05280  -5.00620  -5.01427
  48000.  4.50  -5.14449  -5.16253  -5.13888  -5.12049  -5.11119  -5.06544  -5.07240
  48000.  5.00  -5.14724  -5.16409  -5.14280  -5.12578  -5.11894  -5.07306  -5.08121
  49000.  4.50  -5.20743  -5.22623  -5.20307  -5.18495  -5.17573  -5.13085  -5.13788
  49000.  5.00  -5.21016  -5.22783  -5.20725  -5.19050  -5.18384  -5.13871  -5.14692
  50000.  5.00  -5.27202  -5.29048  -5.27054  -5.25406  -5.24756  -5.20321  -5.21150
