   3500.  0.00  -4.16746  -3.28001  -2.45729  -1.84484  -1.51702   0.03960   0.27636
   3500.  0.50  -4.14069  -3.33249  -2.57454  -1.96961  -1.65314  -0.00447   0.24382
   3500.  1.00  -4.09677  -3.37030  -2.67216  -2.07185  -1.76362  -0.04212   0.21641
   3500.  1.50  -4.03432  -3.39084  -2.74774  -2.14975  -1.84690  -0.07125   0.19583
   3500.  2.00  -3.94133  -3.37899  -2.78711  -2.19210  -1.89309  -0.08371   0.18909
   3500.  2.50  -3.81539  -3.32713  -2.78260  -2.19331  -1.89795  -0.07241   0.20278
   3500.  3.00  -3.65954  -3.22944  -2.72432  -2.14526  -1.85432  -0.02971   0.24379
   3500.  3.50  -3.47194  -3.07890  -2.60013  -2.03677  -1.75083   0.04938   0.31653
   3500.  4.00  -3.26822  -2.89025  -2.41731  -1.87065  -1.58741   0.15927   0.41610
   3500.  4.50  -3.06852  -2.68621  -2.19409  -1.65779  -1.37135   0.28611   0.52922
   3500.  5.00  -2.91745  -2.51163  -1.97336  -1.43467  -1.13647   0.39433   0.62148
   3750.  0.00  -3.33931  -2.42336  -1.49832  -0.92975  -0.57700   0.36139   0.51715
   3750.  0.50  -3.28769  -2.43178  -1.54622  -0.98616  -0.64020   0.34589   0.50663
   3750.  1.00  -3.23037  -2.43600  -1.59525  -1.04512  -0.70723   0.33179   0.49815
   3750.  1.50  -3.16217  -2.43279  -1.64273  -1.10408  -0.77540   0.31815   0.49044
   3750.  2.00  -3.09317  -2.42801  -1.68960  -1.16173  -0.84218   0.30550   0.48375
   3750.  2.50  -3.02184  -2.41981  -1.73385  -1.21560  -0.90482   0.29480   0.47887
   3750.  3.00  -2.95994  -2.41412  -1.77436  -1.26216  -0.95820   0.28939   0.47880
   3750.  3.50  -2.89437  -2.39612  -1.79437  -1.28643  -0.98737   0.29581   0.48893
   3750.  4.00  -2.82188  -2.35842  -1.78116  -1.27519  -0.97835   0.32347   0.51803
   3750.  4.50  -2.72945  -2.28344  -1.70866  -1.20159  -0.90234   0.38099   0.57249
   3750.  5.00  -2.62841  -2.18496  -1.59378  -1.08192  -0.77602   0.45504   0.63965
   4000.  0.00  -2.78120  -1.89339  -1.01128  -0.51003  -0.17528   0.51616   0.63387
   4000.  0.50  -2.73180  -1.89119  -1.03075  -0.53167  -0.19896   0.50759   0.62655
   4000.  1.00  -2.67998  -1.88943  -1.05223  -0.55463  -0.22372   0.50071   0.62118
   4000.  1.50  -2.61058  -1.87622  -1.06890  -0.57630  -0.24875   0.49424   0.61647
   4000.  2.00  -2.54295  -1.86404  -1.08801  -0.60088  -0.27692   0.48762   0.61220
   4000.  2.50  -2.47779  -1.85210  -1.10972  -0.62912  -0.30949   0.48100   0.60859
   4000.  3.00  -2.42865  -1.85064  -1.14031  -0.66389  -0.34805   0.47557   0.60690
   4000.  3.50  -2.39341  -1.85612  -1.17477  -0.70052  -0.38781   0.47295   0.60841
   4000.  4.00  -2.36723  -1.86274  -1.20536  -0.73097  -0.42039   0.47683   0.61621
   4000.  4.50  -2.34286  -1.86150  -1.21786  -0.73886  -0.42780   0.49563   0.63752
   4000.  5.00  -2.30943  -1.83593  -1.18798  -0.69890  -0.38316   0.53506   0.67558
   4250.  0.00  -2.34217  -1.51541  -0.70299  -0.26664   0.04213   0.61156   0.70766
   4250.  0.50  -2.30070  -1.50964  -0.71471  -0.28049   0.02637   0.60437   0.70120
   4250.  1.00  -2.25555  -1.50423  -0.72777  -0.29413   0.01151   0.59898   0.69619
   4250.  1.50  -2.19957  -1.49278  -0.73743  -0.30541  -0.00131   0.59415   0.69149
   4250.  2.00  -2.13639  -1.47774  -0.74574  -0.31593  -0.01343   0.58902   0.68646
   4250.  2.50  -2.08083  -1.46782  -0.75593  -0.32653  -0.02430   0.58464   0.68219
   4250.  3.00  -2.03492  -1.46355  -0.77099  -0.34100  -0.03871   0.58060   0.67903
   4250.  3.50  -2.00936  -1.47313  -0.79482  -0.36073  -0.05666   0.57864   0.67878
   4250.  4.00  -1.99551  -1.48834  -0.82133  -0.38200  -0.07571   0.57864   0.68098
   4250.  4.50  -1.99178  -1.50766  -0.84870  -0.40212  -0.09298   0.58371   0.68862
   4250.  5.00  -1.99207  -1.52231  -0.86544  -0.40856  -0.09557   0.60098   0.70770
   4500.  0.00  -1.98417  -1.23490  -0.48978  -0.10155   0.18501   0.67770   0.75718
   4500.  0.50  -1.94785  -1.22531  -0.49580  -0.11155   0.17232   0.66994   0.75056
   4500.  1.00  -1.91386  -1.21980  -0.50523  -0.12255   0.15969   0.66469   0.74604
   4500.  1.50  -1.87474  -1.21289  -0.51468  -0.13307   0.14781   0.66024   0.74195
   4500.  2.00  -1.82447  -1.19963  -0.52069  -0.14150   0.13753   0.65496   0.73663
   4500.  2.50  -1.77578  -1.18872  -0.52748  -0.14912   0.12925   0.65024   0.73159
   4500.  3.00  -1.73537  -1.18344  -0.53656  -0.15665   0.12260   0.64683   0.72776
   4500.  3.50  -1.70882  -1.18859  -0.55227  -0.16718   0.11485   0.64561   0.72656
   4500.  4.00  -1.69622  -1.20307  -0.57269  -0.17935   0.10714   0.64639   0.72773
   4500.  4.50  -1.69436  -1.22333  -0.59517  -0.19188   0.09995   0.64894   0.73103
   4500.  5.00  -1.70243  -1.24893  -0.61950  -0.20391   0.09409   0.65554   0.73862
   4750.  0.00  -1.68149  -1.01404  -0.33511   0.01530   0.28197   0.72514   0.79054
   4750.  0.50  -1.64869  -1.00271  -0.33776   0.00795   0.27172   0.71596   0.78271
   4750.  1.00  -1.62153  -0.99636  -0.34369  -0.00051   0.26133   0.70974   0.77758
   4750.  1.50  -1.59399  -0.99094  -0.35080  -0.00945   0.25078   0.70458   0.77325
   4750.  2.00  -1.56007  -0.98198  -0.35630  -0.01755   0.24065   0.69892   0.76807
   4750.  2.50  -1.52272  -0.97137  -0.36071  -0.02452   0.23189   0.69307   0.76234
   4750.  3.00  -1.48957  -0.96460  -0.36647  -0.03068   0.22543   0.68855   0.75756
   4750.  3.50  -1.46283  -0.96340  -0.37548  -0.03741   0.22003   0.68606   0.75471
   4750.  4.00  -1.44740  -0.97133  -0.38960  -0.04552   0.21545   0.68625   0.75471
   4750.  4.50  -1.44184  -0.98666  -0.40715  -0.05398   0.21233   0.68876   0.75715
   4750.  5.00  -1.44464  -1.00765  -0.42683  -0.06215   0.21083   0.69318   0.76152
   5000.  0.00  -1.41397  -0.82628  -0.21487   0.09977   0.34569   0.75474   0.80949
   5000.  0.50  -1.38546  -0.81655  -0.21753   0.09316   0.33665   0.74442   0.80020
   5000.  1.00  -1.36229  -0.81063  -0.22220   0.08599   0.32774   0.73681   0.79359
   5000.  1.50  -1.34187  -0.80676  -0.22805   0.07837   0.31870   0.73058   0.78826
   5000.  2.00  -1.31997  -0.80185  -0.23339   0.07093   0.30964   0.72439   0.78279
   5000.  2.50  -1.29612  -0.79531  -0.23749   0.06434   0.30126   0.71799   0.77688
   5000.  3.00  -1.27291  -0.78923  -0.24128   0.05865   0.29427   0.71217   0.77125
   5000.  3.50  -1.25320  -0.78618  -0.24633   0.05356   0.28915   0.70825   0.76724
   5000.  4.00  -1.23833  -0.78807  -0.25444   0.04805   0.28527   0.70674   0.76553
   5000.  4.50  -1.22952  -0.79575  -0.26584   0.04218   0.28288   0.70776   0.76635
   5000.  5.00  -1.22721  -0.80916  -0.27991   0.03654   0.28258   0.71120   0.76954
   5250.  0.00  -1.16735  -0.65607  -0.11376   0.16349   0.38655   0.76308   0.81126
   5250.  0.50  -1.14790  -0.65218  -0.11948   0.15588   0.37765   0.75352   0.80188
   5250.  1.00  -1.13101  -0.64980  -0.12561   0.14841   0.36917   0.74569   0.79444
   5250.  1.50  -1.11662  -0.64891  -0.13227   0.14084   0.36079   0.73897   0.78823
   5250.  2.00  -1.10309  -0.64810  -0.13864   0.13347   0.35254   0.73261   0.78238
   5250.  2.50  -1.08996  -0.64666  -0.14402   0.12682   0.34486   0.72638   0.77658
   5250.  3.00  -1.07767  -0.64492  -0.14843   0.12120   0.33833   0.72062   0.77115
   5250.  3.50  -1.06726  -0.64386  -0.15234   0.11676   0.33352   0.71622   0.76688
   5250.  4.00  -1.05855  -0.64436  -0.15689   0.11290   0.33015   0.71358   0.76423
   5250.  4.50  -1.05232  -0.64775  -0.16313   0.10935   0.32843   0.71328   0.76382
   5250.  5.00  -1.04918  -0.65485  -0.17139   0.10616   0.32868   0.71541   0.76573
   5500.  0.00  -0.93635  -0.49910  -0.02651   0.21262   0.41119   0.74980   0.79457
   5500.  0.50  -0.92997  -0.50341  -0.03628   0.20356   0.40244   0.74305   0.78691
   5500.  1.00  -0.92236  -0.50672  -0.04507   0.19518   0.39414   0.73676   0.78012
   5500.  1.50  -0.91539  -0.51036  -0.05386   0.18679   0.38580   0.73079   0.77396
   5500.  2.00  -0.90954  -0.51418  -0.06225   0.17873   0.37775   0.72505   0.76821
   5500.  2.50  -0.90453  -0.51762  -0.06976   0.17132   0.37022   0.71941   0.76268
   5500.  3.00  -0.90076  -0.52081  -0.07625   0.16489   0.36369   0.71428   0.75771
   5500.  3.50  -0.89863  -0.52377  -0.08137   0.16002   0.35893   0.71026   0.75380
   5500.  4.00  -0.89727  -0.52649  -0.08551   0.15649   0.35585   0.70760   0.75122
   5500.  4.50  -0.89683  -0.52974  -0.08937   0.15424   0.35475   0.70692   0.75051
   5500.  5.00  -0.89696  -0.53405  -0.09354   0.15304   0.35571   0.70837   0.75181
   5750.  0.00  -0.72157  -0.35677   0.04639   0.24850   0.42192   0.71809   0.76157
   5750.  0.50  -0.73079  -0.36979   0.03375   0.23922   0.41483   0.71599   0.75740
   5750.  1.00  -0.73407  -0.37964   0.02216   0.23003   0.40713   0.71277   0.75259
   5750.  1.50  -0.73583  -0.38852   0.01112   0.22093   0.39915   0.70888   0.74762
   5750.  2.00  -0.73809  -0.39730   0.00054   0.21206   0.39127   0.70474   0.74277
   5750.  2.50  -0.74057  -0.40551  -0.00925   0.20364   0.38361   0.70026   0.73789
   5750.  3.00  -0.74399  -0.41337  -0.01811   0.19603   0.37672   0.69604   0.73351
   5750.  3.50  -0.74844  -0.42053  -0.02542   0.18997   0.37143   0.69263   0.73006
   5750.  4.00  -0.75319  -0.42673  -0.03115   0.18554   0.36787   0.69032   0.72778
   5750.  4.50  -0.75840  -0.43222  -0.03526   0.18314   0.36674   0.68986   0.72730
   5750.  5.00  -0.76320  -0.43702  -0.03813   0.18261   0.36796   0.69131   0.72867
   6000.  0.00  -0.52392  -0.23016   0.10318   0.27017   0.41802   0.67101   0.71476
   6000.  0.50  -0.54963  -0.25144   0.08998   0.26298   0.41536   0.67548   0.71604
   6000.  1.00  -0.56509  -0.26775   0.07710   0.25456   0.41008   0.67692   0.71469
   6000.  1.50  -0.57595  -0.28190   0.06426   0.24533   0.40330   0.67637   0.71197
   6000.  2.00  -0.58603  -0.29539   0.05179   0.23592   0.39592   0.67464   0.70868
   6000.  2.50  -0.59599  -0.30831   0.03988   0.22665   0.38837   0.67205   0.70503
   6000.  3.00  -0.60622  -0.32055   0.02892   0.21804   0.38129   0.66917   0.70151
   6000.  3.50  -0.61670  -0.33189   0.01926   0.21055   0.37524   0.66650   0.69853
   6000.  4.00  -0.62711  -0.34201   0.01128   0.20466   0.37080   0.66463   0.69655
   6000.  4.50  -0.63721  -0.35057   0.00552   0.20111   0.36885   0.66436   0.69624
   6000.  5.00  -0.64629  -0.35749   0.00185   0.19988   0.36947   0.66589   0.69774
   6250.  0.50  -0.38366  -0.14676   0.13183   0.27409   0.40296   0.62323   0.66421
   6250.  1.00  -0.41296  -0.16925   0.12031   0.26911   0.40319   0.63103   0.66807
   6250.  1.50  -0.43421  -0.18864   0.10724   0.26134   0.39940   0.63519   0.66885
   6250.  2.00  -0.45148  -0.20648   0.09332   0.25193   0.39324   0.63669   0.66775
   6250.  2.50  -0.46830  -0.22376   0.07960   0.24214   0.38625   0.63665   0.66581
   6250.  3.00  -0.48514  -0.24029   0.06671   0.23269   0.37924   0.63566   0.66355
   6250.  3.50  -0.50166  -0.25584   0.05479   0.22387   0.37260   0.63411   0.66129
   6250.  4.00  -0.51768  -0.27001   0.04443   0.21642   0.36721   0.63287   0.65971
   6250.  4.50  -0.53230  -0.28195   0.03646   0.21119   0.36401   0.63266   0.65941
   6250.  5.00  -0.54537  -0.29173   0.03091   0.20842   0.36333   0.63406   0.66080
   6500.  0.50  -0.24595  -0.06035   0.16335   0.27766   0.38398   0.56538   0.60751
   6500.  1.00  -0.27261  -0.08167   0.15115   0.27264   0.38493   0.57567   0.61297
   6500.  1.50  -0.30632  -0.10633   0.14030   0.26889   0.38712   0.58628   0.61909
   6500.  2.00  -0.33256  -0.12860   0.12663   0.26118   0.38411   0.59230   0.62136
   6500.  2.50  -0.35578  -0.14977   0.11178   0.25152   0.37841   0.59542   0.62157
   6500.  3.00  -0.37848  -0.17033   0.09698   0.24131   0.37164   0.59668   0.62081
   6500.  3.50  -0.40055  -0.18989   0.08290   0.23126   0.36459   0.59659   0.61947
   6500.  4.00  -0.42192  -0.20804   0.07021   0.22229   0.35838   0.59624   0.61843
   6500.  4.50  -0.44186  -0.22419   0.05949   0.21502   0.35369   0.59620   0.61817
   6500.  5.00  -0.45913  -0.23733   0.05164   0.21040   0.35154   0.59752   0.61947
   6750.  0.50  -0.13488   0.00734   0.18441   0.27454   0.36037   0.50584   0.54916
   6750.  1.00  -0.15694  -0.01025   0.17343   0.27024   0.36185   0.51702   0.55517
   6750.  1.50  -0.18702  -0.03265   0.16254   0.26664   0.36462   0.52922   0.56202
   6750.  2.00  -0.22533  -0.05972   0.15181   0.26343   0.36796   0.54167   0.56959
   6750.  2.50  -0.25650  -0.08485   0.13731   0.25538   0.36523   0.54906   0.57302
   6750.  3.00  -0.28515  -0.10925   0.12123   0.24505   0.35946   0.55317   0.57421
   6750.  3.50  -0.31233  -0.13255   0.10515   0.23396   0.35228   0.55494   0.57404
   6750.  4.00  -0.33896  -0.15479   0.09005   0.22347   0.34536   0.55575   0.57373
   6750.  4.50  -0.36375  -0.17498   0.07666   0.21423   0.33932   0.55616   0.57368
   6750.  5.00  -0.38566  -0.19209   0.06596   0.20738   0.33545   0.55741   0.57485
   7000.  0.50  -0.04937   0.05671   0.19573   0.26572   0.33374   0.44735   0.49123
   7000.  1.00  -0.06519   0.04445   0.18704   0.26265   0.33574   0.45797   0.49691
   7000.  1.50  -0.08987   0.02662   0.17770   0.25965   0.33849   0.47014   0.50326
   7000.  2.00  -0.12474   0.00206   0.16731   0.25674   0.34240   0.48387   0.51136
   7000.  2.50  -0.16750  -0.02785   0.15574   0.25305   0.34581   0.49741   0.51993
   7000.  3.00  -0.20305  -0.05579   0.13990   0.24403   0.34256   0.50528   0.52388
   7000.  3.50  -0.23594  -0.08283   0.12255   0.23272   0.33625   0.50968   0.52551
   7000.  4.00  -0.26750  -0.10899   0.10512   0.22079   0.32877   0.51191   0.52611
   7000.  4.50  -0.29709  -0.13331   0.08890   0.20952   0.32145   0.51300   0.52638
   7000.  5.00  -0.32344  -0.15438   0.07532   0.20042   0.31591   0.51430   0.52746
   7250.  0.50   0.00287   0.08406   0.19934   0.25463   0.30940   0.39558   0.43850
   7250.  1.00   0.00595   0.08383   0.19191   0.24960   0.30634   0.39942   0.43864
   7250.  1.50  -0.01522   0.06992   0.18509   0.24833   0.31038   0.41188   0.44530
   7250.  2.00  -0.04371   0.05040   0.17596   0.24547   0.31343   0.42470   0.45205
   7250.  2.50  -0.08381   0.02299   0.16522   0.24245   0.31771   0.43932   0.46094
   7250.  3.00  -0.13054  -0.00970   0.15223   0.23756   0.32032   0.45303   0.46972
   7250.  3.50  -0.16992  -0.04036   0.13478   0.22721   0.31615   0.46083   0.47395
   7250.  4.00  -0.20570  -0.06947   0.11604   0.21462   0.30879   0.46471   0.47551
   7250.  4.50  -0.24038  -0.09790   0.09734   0.20176   0.30077   0.46713   0.47665
   7250.  5.00  -0.27151  -0.12332   0.08065   0.19028   0.29358   0.46871   0.47785
   7500.  0.50  -0.00447   0.06965   0.18760   0.24055   0.29377   0.36427   0.40174
   7500.  1.00   0.05381   0.10604   0.18782   0.23148   0.27496   0.34388   0.38261
   7500.  1.50   0.04183   0.09953   0.18399   0.23135   0.27853   0.35371   0.38718
   7500.  2.00   0.01596   0.08364   0.17767   0.23050   0.28315   0.36681   0.39399
   7500.  2.50  -0.01683   0.06203   0.16830   0.22733   0.28606   0.37975   0.40070
   7500.  3.00  -0.06247   0.03101   0.15647   0.22358   0.29017   0.39503   0.41043
   7500.  3.50  -0.11181  -0.00412   0.14145   0.21677   0.29111   0.40796   0.41889
   7500.  4.00  -0.15402  -0.03705   0.12229   0.20480   0.28556   0.41503   0.42283
   7500.  4.50  -0.19299  -0.06860   0.10213   0.19112   0.27752   0.41893   0.42493
   7500.  5.00  -0.22868  -0.09803   0.08269   0.17759   0.26902   0.42109   0.42645
   7750.  1.00   0.07290   0.10797   0.17469   0.20916   0.24382   0.29370   0.33047
   7750.  1.50   0.07928   0.11406   0.17395   0.20866   0.24355   0.29694   0.32977
   7750.  2.00   0.05912   0.10368   0.17087   0.20975   0.24906   0.30909   0.33583
   7750.  2.50   0.02927   0.08561   0.16411   0.20832   0.25317   0.32210   0.34248
   7750.  3.00  -0.00764   0.06143   0.15393   0.20437   0.25554   0.33484   0.34924
   7750.  3.50  -0.05820   0.02702   0.14086   0.19961   0.25909   0.35004   0.35920
   7750.  4.00  -0.10907  -0.00995   0.12380   0.19075   0.25808   0.36180   0.36700
   7750.  4.50  -0.15322  -0.04480   0.10300   0.17723   0.25120   0.36814   0.37102
   7750.  5.00  -0.19352  -0.07779   0.08169   0.16249   0.24228   0.37153   0.37332
   8000.  1.00   0.05759   0.08389   0.14768   0.17964   0.21187   0.25195   0.28438
   8000.  1.50   0.09608   0.11325   0.15571   0.18103   0.20651   0.24247   0.27413
   8000.  2.00   0.08673   0.11101   0.15567   0.18293   0.21070   0.25079   0.27708
   8000.  2.50   0.06141   0.09790   0.15253   0.18395   0.21638   0.26318   0.28306
   8000.  3.00   0.02694   0.07697   0.14472   0.18156   0.21980   0.27602   0.28951
   8000.  3.50  -0.01525   0.04918   0.13305   0.17637   0.22139   0.28875   0.29654
   8000.  4.00  -0.06990   0.01136   0.11850   0.17046   0.22428   0.30390   0.30713
   8000.  4.50  -0.12123  -0.02712   0.09904   0.15919   0.22092   0.31424   0.31436
   8000.  5.00  -0.16638  -0.06327   0.07695   0.14437   0.21284   0.31977   0.31829
   8250.  1.00   0.00913   0.03078   0.09793   0.13401   0.16977   0.21358   0.23758
   8250.  1.50   0.09183   0.09671   0.12862   0.14812   0.16763   0.19086   0.22027
   8250.  2.00   0.09610   0.10428   0.13219   0.15099   0.17004   0.19457   0.21969
   8250.  2.50   0.07648   0.09593   0.13127   0.15309   0.17574   0.20577   0.22467
   8250.  3.00   0.04589   0.07928   0.12668   0.15294   0.18067   0.21855   0.23098
   8250.  3.50   0.00975   0.05725   0.11840   0.14956   0.18280   0.22988   0.23650
   8250.  4.00  -0.03613   0.02669   0.10594   0.14373   0.18411   0.24228   0.24392
   8250.  4.50  -0.09276  -0.01324   0.09008   0.13659   0.18597   0.25697   0.25469
   8250.  5.00  -0.14337  -0.05223   0.06899   0.12354   0.18076   0.26603   0.26157
   8500.  1.50   0.06819   0.06483   0.09146   0.10857   0.12545   0.14180   0.16776
   8500.  2.00   0.09047   0.08588   0.10133   0.11391   0.12638   0.13890   0.16251
   8500.  2.50   0.07962   0.08410   0.10310   0.11693   0.13120   0.14716   0.16519
   8500.  3.00   0.05409   0.07199   0.10127   0.11847   0.13688   0.15903   0.17073
   8500.  3.50   0.01997   0.05287   0.09579   0.11747   0.14115   0.17151   0.17704
   8500.  4.00  -0.02068   0.02749   0.08615   0.11307   0.14277   0.18303   0.18317
   8500.  4.50  -0.07058  -0.00623   0.07293   0.10679   0.14414   0.19577   0.19162
   8500.  5.00  -0.12525  -0.04589   0.05608   0.09830   0.14434   0.20916   0.20221
   8750.  1.50   0.03103   0.02196   0.04585   0.06263   0.07890   0.09263   0.11408
   8750.  2.00   0.07074   0.05663   0.06361   0.07225   0.08041   0.08440   0.10601
   8750.  2.50   0.06979   0.06199   0.06836   0.07621   0.08401   0.08882   0.10580
   8750.  3.00   0.05022   0.05469   0.06889   0.07888   0.08959   0.09897   0.10981
   8750.  3.50   0.02022   0.03971   0.06627   0.07978   0.09498   0.11109   0.11560
   8750.  4.00  -0.01709   0.01835   0.06003   0.07795   0.09854   0.12312   0.12195
   8750.  4.50  -0.06064  -0.00964   0.04932   0.07261   0.09951   0.13441   0.12881
   8750.  5.00  -0.11268  -0.04562   0.03592   0.06657   0.10166   0.14819   0.13923
   9000.  1.50  -0.01237  -0.02583  -0.00404   0.01300   0.02925   0.04210   0.05869
   9000.  2.00   0.04023   0.01938   0.02085   0.02723   0.03284   0.03074   0.04964
   9000.  2.50   0.04842   0.03114   0.02815   0.03175   0.03484   0.03079   0.04631
   9000.  3.00   0.03545   0.02860   0.03055   0.03491   0.03946   0.03841   0.04832
   9000.  3.50   0.01043   0.01769   0.03010   0.03703   0.04510   0.04964   0.05343
   9000.  4.00  -0.02283   0.00027   0.02671   0.03728   0.05009   0.06192   0.05996
   9000.  4.50  -0.06252  -0.02326   0.01962   0.03461   0.05301   0.07363   0.06680
   9000.  5.00  -0.10876  -0.05370   0.00832   0.02887   0.05394   0.08503   0.07452
   9250.  2.00   0.00391  -0.02216  -0.02476  -0.01977  -0.01578  -0.02217  -0.00632
   9250.  2.50   0.01869  -0.00582  -0.01560  -0.01494  -0.01514  -0.02604  -0.01229
   9250.  3.00   0.01102  -0.00506  -0.01257  -0.01234  -0.01244  -0.02175  -0.01282
   9250.  3.50  -0.00916  -0.01260  -0.01186  -0.01004  -0.00766  -0.01252  -0.00937
   9250.  4.00  -0.03788  -0.02597  -0.01271  -0.00813  -0.00184  -0.00071  -0.00340
   9250.  4.50  -0.07371  -0.04525  -0.01638  -0.00819   0.00299   0.01163   0.00373
   9250.  5.00  -0.11599  -0.07111  -0.02415  -0.01147   0.00555   0.02336   0.01144
   9500.  2.00  -0.03554  -0.06581  -0.07167  -0.06765  -0.06480  -0.07446  -0.06182
   9500.  2.50  -0.01609  -0.04628  -0.06123  -0.06268  -0.06524  -0.08164  -0.07003
   9500.  3.00  -0.01995  -0.04333  -0.05814  -0.06107  -0.06471  -0.08109  -0.07346
   9500.  3.50  -0.03684  -0.04882  -0.05722  -0.05940  -0.06151  -0.07450  -0.07229
   9500.  4.00  -0.06211  -0.05961  -0.05709  -0.05723  -0.05622  -0.06401  -0.06755
   9500.  4.50  -0.09396  -0.07520  -0.05832  -0.05559  -0.05038  -0.05168  -0.06047
   9500.  5.00  -0.13181  -0.09642  -0.06243  -0.05612  -0.04586  -0.03933  -0.05225
   9750.  2.00  -0.07675  -0.11064  -0.11940  -0.11618  -0.11430  -0.12661  -0.11713
   9750.  2.50  -0.05386  -0.08871  -0.10783  -0.11083  -0.11518  -0.13602  -0.12674
   9750.  3.00  -0.05499  -0.08430  -0.10490  -0.11024  -0.11661  -0.13894  -0.13288
   9750.  3.50  -0.06953  -0.08867  -0.10454  -0.10990  -0.11562  -0.13557  -0.13441
   9750.  4.00  -0.09226  -0.09798  -0.10454  -0.10852  -0.11185  -0.12730  -0.13158
   9750.  4.50  -0.12096  -0.11118  -0.10479  -0.10649  -0.10627  -0.11586  -0.12521
   9750.  5.00  -0.15498  -0.12878  -0.10633  -0.10506  -0.10040  -0.10307  -0.11671
  10000.  2.00  -0.11891  -0.15600  -0.16740  -0.16495  -0.16399  -0.17869  -0.17219
  10000.  2.50  -0.09349  -0.13226  -0.15485  -0.15908  -0.16484  -0.18935  -0.18248
  10000.  3.00  -0.09263  -0.12687  -0.15216  -0.15937  -0.16787  -0.19515  -0.19081
  10000.  3.50  -0.10528  -0.13051  -0.15257  -0.16047  -0.16910  -0.19504  -0.19501
  10000.  4.00  -0.12621  -0.13911  -0.15337  -0.16051  -0.16745  -0.18955  -0.19456
  10000.  4.50  -0.15294  -0.15111  -0.15373  -0.15910  -0.16309  -0.17992  -0.18989
  10000.  5.00  -0.18443  -0.16642  -0.15401  -0.15697  -0.15705  -0.16768  -0.18204
  10250.  2.00  -0.16243  -0.20245  -0.21648  -0.21494  -0.21503  -0.23224  -0.22837
  10250.  2.50  -0.13554  -0.17780  -0.20365  -0.20910  -0.21624  -0.24422  -0.23963
  10250.  3.00  -0.13422  -0.17262  -0.20203  -0.21093  -0.22132  -0.25314  -0.25052
  10250.  3.50  -0.14686  -0.17702  -0.20426  -0.21437  -0.22548  -0.25687  -0.25803
  10250.  4.00  -0.16814  -0.18671  -0.20720  -0.21701  -0.22698  -0.25513  -0.26100
  10250.  4.50  -0.19524  -0.19960  -0.20940  -0.21782  -0.22525  -0.24850  -0.25920
  10250.  5.00  -0.22654  -0.21493  -0.21049  -0.21684  -0.22072  -0.23804  -0.25313
  10500.  2.00  -0.20570  -0.24841  -0.26487  -0.26422  -0.26536  -0.28478  -0.28339
  10500.  2.50  -0.17679  -0.22213  -0.25073  -0.25713  -0.26537  -0.29609  -0.29381
  10500.  3.00  -0.17412  -0.21624  -0.24907  -0.25920  -0.27103  -0.30637  -0.30565
  10500.  3.50  -0.18536  -0.22014  -0.25181  -0.26362  -0.27670  -0.31255  -0.31507
  10500.  4.00  -0.20548  -0.22955  -0.25563  -0.26764  -0.28017  -0.31363  -0.32045
  10500.  4.50  -0.23161  -0.24221  -0.25876  -0.26987  -0.28041  -0.30964  -0.32111
  10500.  5.00  -0.26215  -0.25721  -0.26054  -0.26999  -0.27744  -0.30124  -0.31702
  10750.  2.00  -0.24942  -0.29465  -0.31351  -0.31385  -0.31612  -0.33784  -0.33866
  10750.  2.50  -0.21846  -0.26667  -0.29792  -0.30527  -0.31462  -0.34795  -0.34783
  10750.  3.00  -0.21462  -0.26004  -0.29591  -0.30714  -0.32026  -0.35878  -0.35995
  10750.  3.50  -0.22493  -0.26365  -0.29904  -0.31224  -0.32695  -0.36670  -0.37070
  10750.  4.00  -0.24411  -0.27295  -0.30373  -0.31755  -0.33220  -0.37032  -0.37821
  10750.  4.50  -0.26926  -0.28545  -0.30784  -0.32122  -0.33441  -0.36896  -0.38121
  10750.  5.00  -0.29908  -0.30030  -0.31054  -0.32265  -0.33323  -0.36287  -0.37929
  11000.  2.00  -0.29314  -0.34072  -0.36190  -0.36329  -0.36676  -0.39080  -0.39365
  11000.  2.50  -0.25988  -0.31075  -0.34446  -0.35271  -0.36314  -0.39872  -0.40066
  11000.  3.00  -0.25434  -0.30280  -0.34137  -0.35351  -0.36771  -0.40879  -0.41188
  11000.  3.50  -0.26299  -0.30530  -0.34387  -0.35816  -0.37417  -0.41705  -0.42265
  11000.  4.00  -0.28031  -0.31352  -0.34829  -0.36350  -0.37982  -0.42180  -0.43088
  11000.  4.50  -0.30341  -0.32497  -0.35247  -0.36761  -0.38297  -0.42205  -0.43510
  11000.  5.00  -0.33098  -0.33858  -0.35533  -0.36964  -0.38292  -0.41770  -0.43465
  11250.  2.00  -0.33767  -0.38743  -0.41088  -0.41340  -0.41814  -0.44467  -0.44931
  11250.  2.50  -0.30257  -0.35596  -0.39214  -0.40142  -0.41302  -0.45109  -0.45483
  11250.  3.00  -0.29607  -0.34733  -0.38857  -0.40170  -0.41706  -0.46081  -0.46561
  11250.  3.50  -0.30400  -0.34949  -0.39106  -0.40644  -0.42374  -0.46971  -0.47681
  11250.  4.00  -0.32071  -0.35761  -0.39594  -0.41248  -0.43036  -0.47599  -0.48625
  11250.  4.50  -0.34323  -0.36912  -0.40097  -0.41774  -0.43502  -0.47835  -0.49229
  11250.  5.00  -0.37026  -0.38287  -0.40485  -0.42111  -0.43670  -0.47622  -0.49384
  11500.  2.00  -0.38210  -0.43390  -0.45954  -0.46324  -0.46931  -0.49842  -0.50471
  11500.  2.50  -0.34536  -0.40113  -0.43976  -0.45013  -0.46300  -0.50357  -0.50898
  11500.  3.00  -0.33791  -0.39183  -0.43568  -0.44984  -0.46639  -0.51269  -0.51908
  11500.  3.50  -0.34517  -0.39363  -0.43806  -0.45449  -0.47303  -0.52181  -0.53035
  11500.  4.00  -0.36134  -0.40164  -0.44324  -0.46096  -0.48025  -0.52913  -0.54059
  11500.  4.50  -0.38336  -0.41323  -0.44898  -0.46717  -0.48614  -0.53320  -0.54802
  11500.  5.00  -0.40984  -0.42713  -0.45386  -0.47179  -0.48941  -0.53316  -0.55140
  11750.  2.00  -0.42654  -0.48026  -0.50798  -0.51286  -0.52024  -0.55191  -0.55970
  11750.  2.50  -0.38829  -0.44628  -0.48727  -0.49876  -0.51292  -0.55601  -0.56293
  11750.  3.00  -0.37989  -0.43631  -0.48266  -0.49785  -0.51561  -0.56438  -0.57226
  11750.  3.50  -0.38641  -0.43765  -0.48477  -0.50222  -0.52195  -0.57338  -0.58328
  11750.  4.00  -0.40199  -0.44542  -0.49002  -0.50884  -0.52943  -0.58130  -0.59393
  11750.  4.50  -0.42358  -0.45704  -0.49627  -0.51572  -0.53619  -0.58671  -0.60246
  11750.  5.00  -0.44967  -0.47111  -0.50201  -0.52144  -0.54086  -0.58852  -0.60748
  12000.  2.50  -0.43120  -0.49128  -0.53451  -0.54713  -0.56256  -0.60820  -0.61654
  12000.  3.00  -0.42194  -0.48071  -0.52945  -0.54567  -0.56464  -0.61586  -0.62512
  12000.  3.50  -0.42775  -0.48159  -0.53126  -0.54971  -0.57061  -0.62453  -0.63575
  12000.  4.00  -0.44272  -0.48907  -0.53645  -0.55628  -0.57808  -0.63269  -0.64647
  12000.  4.50  -0.46393  -0.50068  -0.54305  -0.56362  -0.58545  -0.63906  -0.65578
  12000.  5.00  -0.48970  -0.51496  -0.54957  -0.57030  -0.59131  -0.64246  -0.66213
  12250.  2.50  -0.47385  -0.53593  -0.58136  -0.59513  -0.61189  -0.66006  -0.66972
  12250.  3.00  -0.46384  -0.52487  -0.57600  -0.59330  -0.61352  -0.66719  -0.67774
  12250.  3.50  -0.46901  -0.52536  -0.57755  -0.59699  -0.61909  -0.67544  -0.68787
  12250.  4.00  -0.48327  -0.53239  -0.58247  -0.60331  -0.62630  -0.68350  -0.69839
  12250.  4.50  -0.50405  -0.54388  -0.58922  -0.61086  -0.63398  -0.69047  -0.70813
  12250.  5.00  -0.52951  -0.55828  -0.59630  -0.61822  -0.64068  -0.69508  -0.71550
  12500.  2.50  -0.51633  -0.58029  -0.62779  -0.64270  -0.66073  -0.71143  -0.72232
  12500.  3.00  -0.50572  -0.56887  -0.62226  -0.64063  -0.66209  -0.71818  -0.72993
  12500.  3.50  -0.51019  -0.56890  -0.62348  -0.64393  -0.66720  -0.72593  -0.73950
  12500.  4.00  -0.52377  -0.57550  -0.62815  -0.64995  -0.67410  -0.73373  -0.74969
  12500.  4.50  -0.54406  -0.58678  -0.63489  -0.65751  -0.68183  -0.74098  -0.75956
  12500.  5.00  -0.56931  -0.60132  -0.64243  -0.66542  -0.68919  -0.74656  -0.76775
  12750.  2.50  -0.55846  -0.62422  -0.67372  -0.68974  -0.70906  -0.76224  -0.77430
  12750.  3.00  -0.54725  -0.61244  -0.66804  -0.68750  -0.71022  -0.76875  -0.78163
  12750.  3.50  -0.55114  -0.61210  -0.66904  -0.69051  -0.71498  -0.77609  -0.79074
  12750.  4.00  -0.56401  -0.61823  -0.67339  -0.69617  -0.72150  -0.78354  -0.80050
  12750.  4.50  -0.58387  -0.62931  -0.68005  -0.70364  -0.72911  -0.79081  -0.81029
  12750.  5.00  -0.60897  -0.64397  -0.68794  -0.71193  -0.73693  -0.79705  -0.81901
  13000.  2.50  -0.60011  -0.66759  -0.71901  -0.73614  -0.75671  -0.81237  -0.82553
  13000.  3.00  -0.58854  -0.65565  -0.71339  -0.73392  -0.75789  -0.81883  -0.83278
  13000.  3.50  -0.59188  -0.65500  -0.71424  -0.73674  -0.76242  -0.82587  -0.84154
  13000.  4.00  -0.60413  -0.66074  -0.71832  -0.74207  -0.76857  -0.83295  -0.85085
  13000.  4.50  -0.62349  -0.67153  -0.72482  -0.74936  -0.77600  -0.84008  -0.86042
  13000.  5.00  -0.64839  -0.68625  -0.73293  -0.75787  -0.78403  -0.84673  -0.86944
  14000.  2.00  -0.80942  -0.87602  -0.91702  -0.93089  -0.94838  -1.00095  -1.01923
  14000.  2.50  -0.76240  -0.83610  -0.89437  -0.91567  -0.94102  -1.00608  -1.02316
  14000.  3.00  -0.75005  -0.82414  -0.88961  -0.91436  -0.94321  -1.01349  -1.03120
  14000.  3.50  -0.75182  -0.82271  -0.89042  -0.91705  -0.94760  -1.02024  -1.03945
  14000.  4.00  -0.76176  -0.82697  -0.89371  -0.92149  -0.95277  -1.02630  -1.04753
  14000.  4.50  -0.77959  -0.83698  -0.89976  -0.92809  -0.95929  -1.03254  -1.05594
  14000.  5.00  -0.80412  -0.85202  -0.90843  -0.93696  -0.96754  -1.03959  -1.06507
  15000.  2.50  -0.91592  -0.99499  -1.05898  -1.08412  -1.11388  -1.18787  -1.20823
  15000.  3.00  -0.90413  -0.98423  -1.05633  -1.08500  -1.11842  -1.19756  -1.21841
  15000.  3.50  -0.90477  -0.98235  -1.05748  -1.08811  -1.12336  -1.20493  -1.22712
  15000.  4.00  -0.91263  -0.98526  -1.06017  -1.09198  -1.12806  -1.21058  -1.23457
  15000.  4.50  -0.92848  -0.99400  -1.06550  -1.09774  -1.13367  -1.21581  -1.24176
  15000.  5.00  -0.95261  -1.00920  -1.07438  -1.10649  -1.14145  -1.22209  -1.24989
  16000.  2.50  -1.05984  -1.14342  -1.21194  -1.24057  -1.27439  -1.35697  -1.38019
  16000.  3.00  -1.05052  -1.13582  -1.21349  -1.24576  -1.28339  -1.37095  -1.39449
  16000.  3.50  -1.05113  -1.13440  -1.21569  -1.24998  -1.28954  -1.37958  -1.40434
  16000.  4.00  -1.05735  -1.13630  -1.21807  -1.25365  -1.29420  -1.38536  -1.41177
  16000.  4.50  -1.07102  -1.14354  -1.22264  -1.25872  -1.29924  -1.39015  -1.41833
  16000.  5.00  -1.09459  -1.15877  -1.23191  -1.26768  -1.30709  -1.39621  -1.42601
  17000.  2.50  -1.19483  -1.28195  -1.35337  -1.38484  -1.42197  -1.51221  -1.53802
  17000.  3.00  -1.18880  -1.27861  -1.36086  -1.39643  -1.43795  -1.53353  -1.55943
  17000.  3.50  -1.19031  -1.27851  -1.36489  -1.40248  -1.44596  -1.54398  -1.57099
  17000.  4.00  -1.19517  -1.27954  -1.36695  -1.40595  -1.45056  -1.54996  -1.57852
  17000.  4.50  -1.20591  -1.28453  -1.37010  -1.40980  -1.45464  -1.55420  -1.58442
  17000.  5.00  -1.22878  -1.29966  -1.37988  -1.41924  -1.46299  -1.56065  -1.59232
  18000.  2.50  -1.32209  -1.41185  -1.48451  -1.51775  -1.55700  -1.65260  -1.68081
  18000.  3.00  -1.31864  -1.41231  -1.49820  -1.53674  -1.58177  -1.68491  -1.71295
  18000.  3.50  -1.32284  -1.41532  -1.50586  -1.54641  -1.59340  -1.69884  -1.72784
  18000.  4.00  -1.32718  -1.41623  -1.50814  -1.55008  -1.59821  -1.70510  -1.73556
  18000.  4.50  -1.33564  -1.41949  -1.51012  -1.55288  -1.60140  -1.70875  -1.74081
  18000.  5.00  -1.35582  -1.43262  -1.51880  -1.56143  -1.60912  -1.71491  -1.74833
  19000.  2.50  -1.44410  -1.53601  -1.60884  -1.64268  -1.68280  -1.78026  -1.81064
  19000.  3.00  -1.43992  -1.53684  -1.62532  -1.66631  -1.71430  -1.82409  -1.85411
  19000.  3.50  -1.44869  -1.54490  -1.63878  -1.68193  -1.73205  -1.84425  -1.87505
  19000.  4.00  -1.45407  -1.54718  -1.64264  -1.68705  -1.73819  -1.85167  -1.88381
  19000.  4.50  -1.46047  -1.54887  -1.64343  -1.68870  -1.74028  -1.85436  -1.88805
  19000.  5.00  -1.47760  -1.55960  -1.65041  -1.69571  -1.74667  -1.85953  -1.89454
  20000.  3.00  -1.55366  -1.65335  -1.74352  -1.78632  -1.83657  -1.95129  -1.98314
  20000.  3.50  -1.56778  -1.66726  -1.76377  -1.80917  -1.86203  -1.98017  -2.01263
  20000.  4.00  -1.57555  -1.67223  -1.77052  -1.81705  -1.87079  -1.98999  -2.02364
  20000.  4.50  -1.58140  -1.67378  -1.77142  -1.81870  -1.87279  -1.99246  -2.02755
  20000.  5.00  -1.59470  -1.68133  -1.77579  -1.82320  -1.87682  -1.99553  -2.03192
  21000.  3.00  -1.66136  -1.76365  -1.85516  -1.89929  -1.95127  -2.06925  -2.10270
  21000.  3.50  -1.68007  -1.78249  -1.88111  -1.92838  -1.98359  -2.10669  -2.14065
  21000.  4.00  -1.69207  -1.79196  -1.89265  -1.94107  -1.99715  -2.12132  -2.15633
  21000.  4.50  -1.69855  -1.79449  -1.89468  -1.94366  -1.99991  -2.12422  -2.16050
  21000.  5.00  -1.70909  -1.79985  -1.89724  -1.94630  -2.00206  -2.12540  -2.16289
  22000.  3.00  -1.76455  -1.86954  -1.96281  -2.00825  -2.06191  -2.18252  -2.21729
  22000.  3.50  -1.78604  -1.89119  -1.99159  -2.04043  -2.09765  -2.22464  -2.25995
  22000.  4.00  -1.80316  -1.90599  -2.00880  -2.05889  -2.11710  -2.24559  -2.28181
  22000.  4.50  -1.81201  -1.91118  -2.01366  -2.06421  -2.12246  -2.25087  -2.28820
  22000.  5.00  -1.82157  -1.91604  -2.01603  -2.06655  -2.12421  -2.25150  -2.28988
  23000.  3.00  -1.86296  -1.97081  -2.06654  -2.11359  -2.16921  -2.29322  -2.32917
  23000.  3.50  -1.88652  -1.99438  -2.09667  -2.14697  -2.20608  -2.33631  -2.37278
  23000.  4.00  -1.90850  -2.01413  -2.11895  -2.17059  -2.23079  -2.36304  -2.40034
  23000.  4.50  -1.92116  -2.02333  -2.12801  -2.18008  -2.24030  -2.37255  -2.41083
  23000.  5.00  -1.93108  -2.02893  -2.13142  -2.18341  -2.24298  -2.37405  -2.41324
  24000.  3.00  -1.95555  -2.06598  -2.16435  -2.21302  -2.27065  -2.39859  -2.43568
  24000.  3.50  -1.98199  -2.09272  -2.19744  -2.24939  -2.31057  -2.44424  -2.48175
  24000.  4.00  -2.00828  -2.11666  -2.22355  -2.27668  -2.33879  -2.47445  -2.51272
  24000.  4.50  -2.02528  -2.13031  -2.23717  -2.29074  -2.35288  -2.48872  -2.52788
  24000.  5.00  -2.03721  -2.13818  -2.24310  -2.29657  -2.35806  -2.49279  -2.53275
  25000.  3.00  -2.04339  -2.15568  -2.25582  -2.30524  -2.36393  -2.49459  -2.53273
  25000.  3.50  -2.07174  -2.18542  -2.29315  -2.34701  -2.41056  -2.54839  -2.58690
  25000.  4.00  -2.10258  -2.21375  -2.32302  -2.37772  -2.44187  -2.58097  -2.62012
  25000.  4.50  -2.12389  -2.23170  -2.34081  -2.39587  -2.45995  -2.59924  -2.63920
  25000.  5.00  -2.13848  -2.24241  -2.34976  -2.40474  -2.46817  -2.60653  -2.64722
  26000.  3.00  -2.13291  -2.24631  -2.34706  -2.39553  -2.45343  -2.58324  -2.62208
  26000.  3.50  -2.15475  -2.27131  -2.38233  -2.43816  -2.50420  -2.64655  -2.68608
  26000.  4.00  -2.19106  -2.30509  -2.41719  -2.47370  -2.54011  -2.68311  -2.72313
  26000.  4.50  -2.21685  -2.32744  -2.43902  -2.49565  -2.56173  -2.70451  -2.74521
  26000.  5.00  -2.23468  -2.34146  -2.45128  -2.50779  -2.57319  -2.71508  -2.75645
  27000.  3.50  -2.23145  -2.35056  -2.46458  -2.52206  -2.59027  -2.73675  -2.77727
  27000.  4.00  -2.27308  -2.39003  -2.50534  -2.56379  -2.63262  -2.77997  -2.82088
  27000.  4.50  -2.30373  -2.41715  -2.53151  -2.58986  -2.65811  -2.80469  -2.84615
  27000.  5.00  -2.32506  -2.43467  -2.54710  -2.60521  -2.67265  -2.81817  -2.86022
  28000.  3.50  -2.30471  -2.42594  -2.54250  -2.60090  -2.67058  -2.81973  -2.86110
  28000.  4.00  -2.34856  -2.46832  -2.58696  -2.64729  -2.71854  -2.87019  -2.91201
  28000.  4.50  -2.38419  -2.50045  -2.61785  -2.67802  -2.74855  -2.89923  -2.94147
  28000.  5.00  -2.40944  -2.52185  -2.63710  -2.69689  -2.76645  -2.91574  -2.95847
  29000.  3.50  -2.37878  -2.50169  -2.62030  -2.67878  -2.74913  -2.89906  -2.94107
  29000.  4.00  -2.41899  -2.54132  -2.66309  -2.72496  -2.79833  -2.95366  -2.99632
  29000.  4.50  -2.45848  -2.57754  -2.69818  -2.76013  -2.83297  -2.98766  -3.03069
  29000.  5.00  -2.48768  -2.60292  -2.72116  -2.78266  -2.85440  -3.00761  -3.05102
  30000.  3.50  -2.45674  -2.58104  -2.70145  -2.75937  -2.82976  -2.97893  -3.02129
  30000.  4.00  -2.48696  -2.61155  -2.73616  -2.79904  -2.87410  -3.03196  -3.07534
  30000.  4.50  -2.52752  -2.64927  -2.77307  -2.83658  -2.91156  -3.06987  -3.11365
  30000.  5.00  -2.55995  -2.67797  -2.79929  -2.86245  -2.93634  -3.09331  -3.13741
  31000.  3.50  -2.53994  -2.66551  -2.78759  -2.84464  -2.91467  -3.06213  -3.10461
  31000.  4.00  -2.55502  -2.68147  -2.80860  -2.87196  -2.94824  -3.10742  -3.15137
  31000.  4.50  -2.59368  -2.71787  -2.84467  -2.90939  -2.98619  -3.14731  -3.19173
  31000.  5.00  -2.62769  -2.74839  -2.87281  -2.93742  -3.01332  -3.17360  -3.21833
  32000.  4.00  -2.62590  -2.75397  -2.88348  -2.94685  -3.02397  -3.18336  -3.22772
  32000.  4.50  -2.65849  -2.78481  -2.91439  -2.97992  -3.05827  -3.22129  -3.26628
  32000.  5.00  -2.69252  -2.81572  -2.94310  -3.00889  -3.08656  -3.24954  -3.29484
  33000.  4.00  -2.69978  -2.82927  -2.96109  -3.02417  -3.10185  -3.26062  -3.30523
  33000.  4.50  -2.72503  -2.85319  -2.98537  -3.05131  -3.13089  -3.29482  -3.34025
  33000.  5.00  -2.75592  -2.88138  -3.01162  -3.07830  -3.15755  -3.32246  -3.36824
  34000.  4.00  -2.77650  -2.90734  -3.04145  -3.10413  -3.18219  -3.33995  -3.38469
  34000.  4.50  -2.79369  -2.92343  -3.05810  -3.12411  -3.20466  -3.36864  -3.41441
  34000.  5.00  -2.82058  -2.94799  -3.08090  -3.14812  -3.22871  -3.39471  -3.44091
  35000.  4.00  -2.85550  -2.98765  -3.12407  -3.18641  -3.26484  -3.42174  -3.46653
  35000.  4.50  -2.86476  -2.99591  -3.13302  -3.19886  -3.28019  -3.44358  -3.48958
  35000.  5.00  -2.88678  -3.01588  -3.15137  -3.21881  -3.30054  -3.46684  -3.51338
  36000.  4.00  -2.93582  -3.06922  -3.20788  -3.27006  -3.34892  -3.50539  -3.55023
  36000.  4.50  -2.93805  -3.07051  -3.21008  -3.27567  -3.35767  -3.52025  -3.56640
  36000.  5.00  -2.95491  -3.08549  -3.22347  -3.29091  -3.37358  -3.53955  -3.58635
  37000.  4.00  -3.01622  -3.15081  -3.29155  -3.35374  -3.43307  -3.58963  -3.63455
  37000.  4.50  -3.01311  -3.14684  -3.28886  -3.35427  -3.43694  -3.59879  -3.64504
  37000.  5.00  -3.02504  -3.15696  -3.29744  -3.36473  -3.44824  -3.61348  -3.66047
  38000.  4.00  -3.09581  -3.23149  -3.37405  -3.43634  -3.51615  -3.67312  -3.71816
  38000.  4.50  -3.08902  -3.22395  -3.36840  -3.43375  -3.51712  -3.67863  -3.72499
  38000.  5.00  -3.09699  -3.23014  -3.37308  -3.44023  -3.52455  -3.68899  -3.73613
  39000.  4.00  -3.17406  -3.31079  -3.45487  -3.51731  -3.59748  -3.75507  -3.80022
  39000.  4.50  -3.16493  -3.30104  -3.44777  -3.51320  -3.59730  -3.75885  -3.80535
  39000.  5.00  -3.16999  -3.30432  -3.44971  -3.51678  -3.60190  -3.76577  -3.81305
  40000.  4.50  -3.24010  -3.37731  -3.52616  -3.59175  -3.67657  -3.83848  -3.88514
  40000.  5.00  -3.24346  -3.37893  -3.52666  -3.59376  -3.67970  -3.84329  -3.89073
  41000.  4.50  -3.31396  -3.45224  -3.60296  -3.66879  -3.75425  -3.91674  -3.96357
  41000.  5.00  -3.31662  -3.45316  -3.60313  -3.67035  -3.75708  -3.92072  -3.96833
  42000.  4.50  -3.38620  -3.52551  -3.67788  -3.74395  -3.82996  -3.99315  -4.04014
  42000.  5.00  -3.38883  -3.52642  -3.67844  -3.74585  -3.83335  -3.99729  -4.04509
  43000.  4.50  -3.45687  -3.59715  -3.75089  -3.81720  -3.90363  -4.06757  -4.11469
  43000.  5.00  -3.45971  -3.59831  -3.75220  -3.81984  -3.90803  -4.07243  -4.12042
  44000.  4.50  -3.52599  -3.66718  -3.82206  -3.88860  -3.97533  -4.14004  -4.18726
  44000.  5.00  -3.52910  -3.66866  -3.82418  -3.89206  -3.98084  -4.14583  -4.19399
  45000.  4.50  -3.59365  -3.73573  -3.89155  -3.95832  -4.04528  -4.21077  -4.25808
  45000.  5.00  -3.59694  -3.73743  -3.89435  -3.96247  -4.05173  -4.21737  -4.26569
  46000.  4.50  -3.66008  -3.80302  -3.95965  -4.02664  -4.11375  -4.28004  -4.32742
  46000.  5.00  -3.66335  -3.80474  -3.96287  -4.03122  -4.12085  -4.28716  -4.33559
  47000.  4.50  -3.72534  -3.86910  -4.02642  -4.09364  -4.18088  -4.34802  -4.39545
  47000.  5.00  -3.72845  -3.87071  -4.02986  -4.09843  -4.18834  -4.35536  -4.40387
  48000.  4.50  -3.78938  -3.93393  -4.09186  -4.15932  -4.24665  -4.41466  -4.46216
  48000.  5.00  -3.79242  -3.93550  -4.09554  -4.16433  -4.25446  -4.42221  -4.47080
  49000.  4.50  -3.85224  -3.99755  -4.15606  -4.22374  -4.31117  -4.48008  -4.52764
  49000.  5.00  -3.85526  -3.99916  -4.15998  -4.22901  -4.31934  -4.48785  -4.53650
  50000.  5.00  -3.91705  -4.06171  -4.22327  -4.29253  -4.38304  -4.55236  -4.60107
