   3500.  0.00  -5.029  -3.959  -2.842  -2.051  -1.636  -0.433  -0.209
   3500.  0.50  -4.762  -3.789  -2.733  -1.987  -1.584  -0.396  -0.174
   3500.  1.00  -4.534  -3.643  -2.641  -1.927  -1.533  -0.354  -0.133
   3500.  1.50  -4.340  -3.518  -2.557  -1.867  -1.480  -0.306  -0.087
   3500.  2.00  -4.175  -3.407  -2.479  -1.806  -1.425  -0.254  -0.037
   3500.  2.50  -4.054  -3.320  -2.410  -1.743  -1.364  -0.199   0.016
   3500.  3.00  -3.991  -3.262  -2.349  -1.673  -1.290  -0.140   0.071
   3500.  3.50  -3.959  -3.224  -2.298  -1.605  -1.217  -0.096   0.109
   3500.  4.00  -3.964  -3.224  -2.282  -1.570  -1.176  -0.076   0.125
   3500.  4.50  -4.001  -3.254  -2.292  -1.556  -1.156  -0.065   0.133
   3500.  5.00  -4.074  -3.315  -2.329  -1.559  -1.151  -0.061   0.136
   3750.  0.00  -4.443  -3.432  -2.400  -1.696  -1.303  -0.285  -0.098
   3750.  0.50  -4.254  -3.326  -2.339  -1.665  -1.281  -0.283  -0.098
   3750.  1.00  -4.101  -3.244  -2.293  -1.639  -1.261  -0.274  -0.091
   3750.  1.50  -3.971  -3.174  -2.253  -1.611  -1.237  -0.255  -0.072
   3750.  2.00  -3.856  -3.108  -2.211  -1.580  -1.208  -0.228  -0.045
   3750.  2.50  -3.761  -3.050  -2.171  -1.544  -1.174  -0.194  -0.011
   3750.  3.00  -3.700  -3.009  -2.136  -1.507  -1.137  -0.151   0.030
   3750.  3.50  -3.677  -2.984  -2.106  -1.465  -1.092  -0.101   0.079
   3750.  4.00  -3.657  -2.961  -2.076  -1.425  -1.048  -0.063   0.115
   3750.  4.50  -3.661  -2.963  -2.068  -1.404  -1.023  -0.041   0.135
   3750.  5.00  -3.691  -2.990  -2.079  -1.395  -1.009  -0.028   0.147
   4000.  0.00  -3.919  -2.982  -2.041  -1.425  -1.059  -0.149   0.015
   4000.  0.50  -3.754  -2.888  -1.993  -1.406  -1.051  -0.159   0.003
   4000.  1.00  -3.633  -2.828  -1.967  -1.397  -1.049  -0.167  -0.006
   4000.  1.50  -3.547  -2.793  -1.955  -1.394  -1.048  -0.171  -0.011
   4000.  2.00  -3.487  -2.773  -1.950  -1.390  -1.044  -0.171  -0.010
   4000.  2.50  -3.441  -2.759  -1.944  -1.381  -1.034  -0.163  -0.003
   4000.  3.00  -3.401  -2.744  -1.932  -1.364  -1.014  -0.143   0.016
   4000.  3.50  -3.381  -2.735  -1.919  -1.341  -0.987  -0.109   0.051
   4000.  4.00  -3.378  -2.729  -1.904  -1.313  -0.955  -0.066   0.093
   4000.  4.50  -3.370  -2.719  -1.887  -1.286  -0.925  -0.030   0.129
   4000.  5.00  -3.375  -2.724  -1.883  -1.270  -0.904  -0.007   0.151
   4250.  0.00  -3.502  -2.648  -1.780  -1.227  -0.883  -0.047   0.100
   4250.  0.50  -3.356  -2.561  -1.736  -1.212  -0.880  -0.063   0.082
   4250.  1.00  -3.249  -2.504  -1.713  -1.207  -0.883  -0.077   0.068
   4250.  1.50  -3.174  -2.469  -1.703  -1.208  -0.888  -0.087   0.058
   4250.  2.00  -3.124  -2.452  -1.701  -1.210  -0.892  -0.093   0.051
   4250.  2.50  -3.091  -2.446  -1.705  -1.213  -0.894  -0.096   0.048
   4250.  3.00  -3.070  -2.447  -1.710  -1.213  -0.892  -0.094   0.050
   4250.  3.50  -3.060  -2.454  -1.715  -1.210  -0.885  -0.087   0.056
   4250.  4.00  -3.068  -2.468  -1.719  -1.201  -0.870  -0.066   0.077
   4250.  4.50  -3.087  -2.482  -1.719  -1.185  -0.848  -0.033   0.110
   4250.  5.00  -3.097  -2.490  -1.715  -1.167  -0.824  -0.001   0.142
   4500.  0.00  -3.152  -2.384  -1.583  -1.080  -0.756   0.024   0.156
   4500.  0.50  -3.036  -2.314  -1.549  -1.071  -0.756   0.004   0.136
   4500.  1.00  -2.950  -2.266  -1.530  -1.068  -0.761  -0.012   0.119
   4500.  1.50  -2.889  -2.236  -1.521  -1.070  -0.768  -0.024   0.107
   4500.  2.00  -2.848  -2.220  -1.519  -1.073  -0.774  -0.033   0.098
   4500.  2.50  -2.821  -2.212  -1.521  -1.077  -0.779  -0.039   0.092
   4500.  3.00  -2.803  -2.211  -1.525  -1.080  -0.780  -0.040   0.091
   4500.  3.50  -2.793  -2.215  -1.530  -1.080  -0.778  -0.039   0.092
   4500.  4.00  -2.789  -2.224  -1.536  -1.079  -0.773  -0.032   0.098
   4500.  4.50  -2.798  -2.239  -1.543  -1.074  -0.762  -0.018   0.112
   4500.  5.00  -2.820  -2.258  -1.549  -1.064  -0.746   0.007   0.137
   4750.  0.00  -2.824  -2.151  -1.424  -0.970  -0.666   0.061   0.183
   4750.  0.50  -2.744  -2.104  -1.403  -0.967  -0.671   0.042   0.163
   4750.  1.00  -2.684  -2.071  -1.392  -0.968  -0.678   0.025   0.146
   4750.  1.50  -2.641  -2.050  -1.386  -0.971  -0.686   0.012   0.132
   4750.  2.00  -2.613  -2.038  -1.386  -0.976  -0.693   0.002   0.122
   4750.  2.50  -2.595  -2.032  -1.387  -0.980  -0.698  -0.005   0.116
   4750.  3.00  -2.584  -2.030  -1.389  -0.982  -0.701  -0.008   0.112
   4750.  3.50  -2.577  -2.030  -1.391  -0.983  -0.701  -0.008   0.112
   4750.  4.00  -2.574  -2.033  -1.394  -0.982  -0.697  -0.005   0.115
   4750.  4.50  -2.574  -2.040  -1.397  -0.979  -0.691   0.002   0.122
   4750.  5.00  -2.582  -2.053  -1.402  -0.974  -0.681   0.014   0.133
   5000.  0.00  -2.515  -1.940  -1.290  -0.886  -0.604   0.069   0.182
   5000.  0.50  -2.471  -1.917  -1.285  -0.890  -0.614   0.051   0.163
   5000.  1.00  -2.437  -1.901  -1.283  -0.896  -0.624   0.036   0.147
   5000.  1.50  -2.414  -1.892  -1.284  -0.903  -0.634   0.023   0.134
   5000.  2.00  -2.401  -1.888  -1.286  -0.909  -0.642   0.013   0.124
   5000.  2.50  -2.394  -1.887  -1.289  -0.914  -0.648   0.006   0.117
   5000.  3.00  -2.391  -1.887  -1.291  -0.917  -0.651   0.002   0.113
   5000.  3.50  -2.391  -1.888  -1.292  -0.917  -0.651   0.001   0.112
   5000.  4.00  -2.392  -1.889  -1.292  -0.915  -0.648   0.004   0.115
   5000.  4.50  -2.393  -1.892  -1.292  -0.911  -0.642   0.010   0.120
   5000.  5.00  -2.397  -1.896  -1.292  -0.906  -0.634   0.019   0.129
   5250.  0.00  -2.249  -1.760  -1.183  -0.824  -0.565   0.055   0.161
   5250.  0.50  -2.230  -1.755  -1.189  -0.834  -0.578   0.040   0.145
   5250.  1.00  -2.217  -1.754  -1.196  -0.845  -0.590   0.027   0.131
   5250.  1.50  -2.212  -1.756  -1.203  -0.854  -0.601   0.015   0.119
   5250.  2.00  -2.213  -1.761  -1.210  -0.863  -0.611   0.006   0.109
   5250.  2.50  -2.217  -1.767  -1.217  -0.870  -0.618  -0.002   0.102
   5250.  3.00  -2.224  -1.772  -1.221  -0.874  -0.623  -0.006   0.098
   5250.  3.50  -2.231  -1.776  -1.223  -0.876  -0.624  -0.007   0.097
   5250.  4.00  -2.237  -1.779  -1.222  -0.873  -0.621  -0.004   0.099
   5250.  4.50  -2.243  -1.780  -1.220  -0.869  -0.615   0.002   0.105
   5250.  5.00  -2.248  -1.782  -1.217  -0.862  -0.606   0.011   0.113
   5500.  0.00  -2.030  -1.612  -1.100  -0.780  -0.543   0.028   0.129
   5500.  0.50  -2.028  -1.620  -1.113  -0.794  -0.557   0.016   0.115
   5500.  1.00  -2.030  -1.629  -1.126  -0.807  -0.571   0.005   0.103
   5500.  1.50  -2.037  -1.640  -1.139  -0.820  -0.583  -0.006   0.092
   5500.  2.00  -2.049  -1.653  -1.151  -0.831  -0.594  -0.015   0.082
   5500.  2.50  -2.063  -1.666  -1.162  -0.841  -0.604  -0.022   0.075
   5500.  3.00  -2.079  -1.678  -1.170  -0.848  -0.610  -0.027   0.070
   5500.  3.50  -2.092  -1.686  -1.175  -0.852  -0.613  -0.029   0.068
   5500.  4.00  -2.104  -1.692  -1.176  -0.851  -0.611  -0.026   0.070
   5500.  4.50  -2.114  -1.695  -1.173  -0.847  -0.606  -0.020   0.076
   5500.  5.00  -2.122  -1.696  -1.169  -0.840  -0.597  -0.011   0.085
   5750.  0.00  -1.849  -1.490  -1.034  -0.751  -0.534  -0.010   0.089
   5750.  0.50  -1.861  -1.506  -1.051  -0.766  -0.547  -0.018   0.078
   5750.  1.00  -1.874  -1.523  -1.068  -0.780  -0.560  -0.026   0.068
   5750.  1.50  -1.891  -1.541  -1.085  -0.794  -0.573  -0.034   0.058
   5750.  2.00  -1.911  -1.561  -1.102  -0.809  -0.586  -0.042   0.049
   5750.  2.50  -1.933  -1.580  -1.118  -0.822  -0.598  -0.050   0.041
   5750.  3.00  -1.955  -1.598  -1.131  -0.833  -0.608  -0.056   0.034
   5750.  3.50  -1.975  -1.612  -1.140  -0.840  -0.614  -0.060   0.031
   5750.  4.00  -1.992  -1.623  -1.145  -0.842  -0.615  -0.059   0.032
   5750.  4.50  -2.006  -1.628  -1.144  -0.839  -0.611  -0.054   0.037
   5750.  5.00  -2.016  -1.631  -1.140  -0.833  -0.603  -0.045   0.045
   6000.  0.00  -1.694  -1.387  -0.984  -0.734  -0.537  -0.057   0.041
   6000.  0.50  -1.719  -1.409  -1.001  -0.746  -0.546  -0.058   0.036
   6000.  1.00  -1.742  -1.432  -1.020  -0.760  -0.557  -0.062   0.029
   6000.  1.50  -1.767  -1.455  -1.039  -0.775  -0.569  -0.067   0.021
   6000.  2.00  -1.794  -1.480  -1.059  -0.791  -0.583  -0.074   0.013
   6000.  2.50  -1.823  -1.505  -1.079  -0.807  -0.596  -0.081   0.004
   6000.  3.00  -1.851  -1.529  -1.098  -0.821  -0.609  -0.089  -0.004
   6000.  3.50  -1.878  -1.550  -1.113  -0.833  -0.619  -0.094  -0.009
   6000.  4.00  -1.900  -1.566  -1.122  -0.840  -0.624  -0.096  -0.011
   6000.  4.50  -1.918  -1.576  -1.126  -0.841  -0.624  -0.094  -0.009
   6000.  5.00  -1.931  -1.581  -1.124  -0.837  -0.618  -0.086  -0.001
   6250.  0.50  -1.594  -1.326  -0.963  -0.736  -0.553  -0.106  -0.012
   6250.  1.00  -1.627  -1.352  -0.980  -0.747  -0.560  -0.104  -0.014
   6250.  1.50  -1.659  -1.380  -1.000  -0.761  -0.570  -0.105  -0.020
   6250.  2.00  -1.693  -1.409  -1.022  -0.777  -0.583  -0.109  -0.027
   6250.  2.50  -1.727  -1.439  -1.045  -0.795  -0.597  -0.116  -0.035
   6250.  3.00  -1.762  -1.468  -1.067  -0.812  -0.612  -0.123  -0.043
   6250.  3.50  -1.795  -1.495  -1.088  -0.828  -0.625  -0.130  -0.050
   6250.  4.00  -1.823  -1.518  -1.104  -0.840  -0.635  -0.135  -0.055
   6250.  4.50  -1.846  -1.534  -1.113  -0.847  -0.640  -0.136  -0.056
   6250.  5.00  -1.862  -1.544  -1.116  -0.847  -0.638  -0.131  -0.051
   6500.  0.50  -1.480  -1.254  -0.936  -0.736  -0.572  -0.162  -0.067
   6500.  1.00  -1.522  -1.282  -0.949  -0.741  -0.571  -0.152  -0.063
   6500.  1.50  -1.563  -1.313  -0.967  -0.752  -0.577  -0.148  -0.064
   6500.  2.00  -1.602  -1.345  -0.990  -0.768  -0.588  -0.149  -0.069
   6500.  2.50  -1.642  -1.378  -1.014  -0.786  -0.602  -0.153  -0.075
   6500.  3.00  -1.683  -1.412  -1.040  -0.805  -0.617  -0.159  -0.083
   6500.  3.50  -1.722  -1.445  -1.065  -0.824  -0.633  -0.167  -0.092
   6500.  4.00  -1.757  -1.474  -1.086  -0.841  -0.647  -0.174  -0.099
   6500.  4.50  -1.786  -1.497  -1.102  -0.853  -0.656  -0.178  -0.103
   6500.  5.00  -1.807  -1.513  -1.111  -0.859  -0.660  -0.177  -0.102
   6750.  0.50  -1.393  -1.198  -0.915  -0.739  -0.590  -0.217  -0.121
   6750.  1.00  -1.425  -1.221  -0.929  -0.745  -0.592  -0.208  -0.118
   6750.  1.50  -1.474  -1.253  -0.943  -0.751  -0.591  -0.197  -0.113
   6750.  2.00  -1.520  -1.288  -0.963  -0.763  -0.597  -0.193  -0.114
   6750.  2.50  -1.565  -1.324  -0.988  -0.780  -0.609  -0.193  -0.119
   6750.  3.00  -1.611  -1.361  -1.015  -0.800  -0.625  -0.198  -0.125
   6750.  3.50  -1.655  -1.399  -1.043  -0.821  -0.642  -0.204  -0.134
   6750.  4.00  -1.697  -1.433  -1.069  -0.842  -0.658  -0.212  -0.142
   6750.  4.50  -1.733  -1.463  -1.091  -0.858  -0.672  -0.218  -0.148
   6750.  5.00  -1.761  -1.486  -1.107  -0.870  -0.681  -0.221  -0.151
   7000.  0.50  -1.331  -1.157  -0.901  -0.744  -0.610  -0.270  -0.172
   7000.  1.00  -1.353  -1.175  -0.914  -0.751  -0.612  -0.262  -0.171
   7000.  1.50  -1.391  -1.201  -0.928  -0.758  -0.613  -0.252  -0.168
   7000.  2.00  -1.444  -1.237  -0.943  -0.764  -0.613  -0.242  -0.164
   7000.  2.50  -1.496  -1.275  -0.966  -0.778  -0.621  -0.237  -0.164
   7000.  3.00  -1.546  -1.315  -0.993  -0.798  -0.635  -0.239  -0.169
   7000.  3.50  -1.595  -1.355  -1.023  -0.820  -0.652  -0.244  -0.177
   7000.  4.00  -1.642  -1.395  -1.053  -0.842  -0.670  -0.251  -0.185
   7000.  4.50  -1.684  -1.431  -1.080  -0.863  -0.687  -0.259  -0.193
   7000.  5.00  -1.720  -1.461  -1.102  -0.880  -0.701  -0.264  -0.199
   7250.  0.50  -1.296  -1.136  -0.895  -0.753  -0.630  -0.318  -0.221
   7250.  1.00  -1.303  -1.144  -0.906  -0.760  -0.635  -0.314  -0.223
   7250.  1.50  -1.331  -1.164  -0.918  -0.766  -0.636  -0.306  -0.221
   7250.  2.00  -1.374  -1.193  -0.933  -0.774  -0.637  -0.296  -0.218
   7250.  2.50  -1.431  -1.232  -0.951  -0.782  -0.639  -0.286  -0.214
   7250.  3.00  -1.486  -1.273  -0.976  -0.799  -0.649  -0.283  -0.216
   7250.  3.50  -1.539  -1.316  -1.006  -0.820  -0.664  -0.285  -0.221
   7250.  4.00  -1.591  -1.359  -1.038  -0.844  -0.683  -0.291  -0.229
   7250.  4.50  -1.640  -1.400  -1.069  -0.868  -0.702  -0.299  -0.238
   7250.  5.00  -1.682  -1.436  -1.096  -0.889  -0.719  -0.306  -0.245
   7500.  0.50  -1.309  -1.145  -0.902  -0.766  -0.646  -0.355  -0.262
   7500.  1.00  -1.274  -1.129  -0.907  -0.776  -0.660  -0.365  -0.274
   7500.  1.50  -1.292  -1.141  -0.916  -0.780  -0.661  -0.358  -0.273
   7500.  2.00  -1.325  -1.163  -0.929  -0.787  -0.663  -0.349  -0.271
   7500.  2.50  -1.372  -1.195  -0.945  -0.795  -0.665  -0.340  -0.269
   7500.  3.00  -1.432  -1.237  -0.965  -0.806  -0.668  -0.331  -0.266
   7500.  3.50  -1.489  -1.281  -0.993  -0.824  -0.680  -0.329  -0.268
   7500.  4.00  -1.545  -1.327  -1.025  -0.848  -0.698  -0.333  -0.274
   7500.  4.50  -1.598  -1.371  -1.058  -0.873  -0.717  -0.339  -0.282
   7500.  5.00  -1.646  -1.413  -1.089  -0.898  -0.737  -0.347  -0.290
   7750.  1.00  -1.272  -1.134  -0.921  -0.798  -0.688  -0.413  -0.324
   7750.  1.50  -1.271  -1.133  -0.925  -0.801  -0.691  -0.411  -0.326
   7750.  2.00  -1.295  -1.148  -0.933  -0.804  -0.691  -0.403  -0.325
   7750.  2.50  -1.332  -1.173  -0.946  -0.811  -0.693  -0.394  -0.323
   7750.  3.00  -1.382  -1.208  -0.964  -0.821  -0.696  -0.385  -0.321
   7750.  3.50  -1.444  -1.251  -0.986  -0.834  -0.701  -0.377  -0.319
   7750.  4.00  -1.503  -1.298  -1.016  -0.855  -0.715  -0.377  -0.322
   7750.  4.50  -1.560  -1.345  -1.050  -0.880  -0.734  -0.381  -0.328
   7750.  5.00  -1.614  -1.391  -1.084  -0.906  -0.755  -0.389  -0.336
   8000.  1.00  -1.305  -1.166  -0.950  -0.829  -0.721  -0.457  -0.372
   8000.  1.50  -1.271  -1.143  -0.944  -0.829  -0.726  -0.464  -0.380
   8000.  2.00  -1.282  -1.149  -0.948  -0.830  -0.725  -0.458  -0.380
   8000.  2.50  -1.311  -1.166  -0.957  -0.834  -0.725  -0.449  -0.378
   8000.  3.00  -1.351  -1.193  -0.971  -0.842  -0.728  -0.440  -0.377
   8000.  3.50  -1.405  -1.230  -0.989  -0.852  -0.731  -0.431  -0.374
   8000.  4.00  -1.467  -1.275  -1.012  -0.866  -0.738  -0.425  -0.372
   8000.  4.50  -1.527  -1.323  -1.045  -0.889  -0.754  -0.425  -0.376
   8000.  5.00  -1.584  -1.371  -1.080  -0.916  -0.774  -0.431  -0.382
   8250.  1.00  -1.369  -1.226  -1.000  -0.874  -0.763  -0.500  -0.422
   8250.  1.50  -1.291  -1.169  -0.975  -0.865  -0.766  -0.516  -0.435
   8250.  2.00  -1.287  -1.163  -0.974  -0.864  -0.765  -0.514  -0.437
   8250.  2.50  -1.307  -1.174  -0.978  -0.865  -0.764  -0.506  -0.436
   8250.  3.00  -1.340  -1.194  -0.988  -0.870  -0.764  -0.497  -0.434
   8250.  3.50  -1.383  -1.223  -1.002  -0.878  -0.767  -0.488  -0.432
   8250.  4.00  -1.438  -1.261  -1.020  -0.887  -0.769  -0.479  -0.428
   8250.  4.50  -1.499  -1.306  -1.045  -0.904  -0.778  -0.473  -0.426
   8250.  5.00  -1.559  -1.355  -1.078  -0.928  -0.796  -0.475  -0.430
   8500.  1.50  -1.330  -1.209  -1.017  -0.908  -0.810  -0.568  -0.490
   8500.  2.00  -1.308  -1.191  -1.009  -0.904  -0.809  -0.570  -0.495
   8500.  2.50  -1.318  -1.194  -1.009  -0.903  -0.807  -0.564  -0.495
   8500.  3.00  -1.344  -1.208  -1.014  -0.905  -0.806  -0.555  -0.494
   8500.  3.50  -1.379  -1.230  -1.024  -0.910  -0.807  -0.546  -0.491
   8500.  4.00  -1.424  -1.260  -1.039  -0.919  -0.809  -0.538  -0.488
   8500.  4.50  -1.479  -1.298  -1.055  -0.927  -0.811  -0.527  -0.482
   8500.  5.00  -1.538  -1.343  -1.082  -0.945  -0.821  -0.523  -0.481
   8750.  1.50  -1.380  -1.261  -1.067  -0.957  -0.859  -0.620  -0.547
   8750.  2.00  -1.340  -1.229  -1.050  -0.949  -0.857  -0.626  -0.553
   8750.  2.50  -1.340  -1.224  -1.047  -0.946  -0.855  -0.623  -0.555
   8750.  3.00  -1.359  -1.232  -1.049  -0.946  -0.853  -0.615  -0.555
   8750.  3.50  -1.388  -1.249  -1.055  -0.949  -0.852  -0.607  -0.553
   8750.  4.00  -1.427  -1.273  -1.066  -0.954  -0.853  -0.597  -0.550
   8750.  4.50  -1.473  -1.304  -1.079  -0.962  -0.854  -0.588  -0.545
   8750.  5.00  -1.526  -1.341  -1.095  -0.969  -0.855  -0.576  -0.537
   9000.  1.50  -1.434  -1.316  -1.122  -1.011  -0.912  -0.674  -0.607
   9000.  2.00  -1.381  -1.273  -1.097  -0.997  -0.907  -0.681  -0.612
   9000.  2.50  -1.372  -1.262  -1.090  -0.993  -0.905  -0.681  -0.615
   9000.  3.00  -1.384  -1.265  -1.090  -0.992  -0.903  -0.676  -0.616
   9000.  3.50  -1.407  -1.277  -1.093  -0.993  -0.900  -0.668  -0.615
   9000.  4.00  -1.441  -1.296  -1.100  -0.996  -0.900  -0.659  -0.612
   9000.  4.50  -1.481  -1.321  -1.110  -1.001  -0.901  -0.649  -0.608
   9000.  5.00  -1.528  -1.352  -1.122  -1.006  -0.899  -0.636  -0.599
   9250.  2.00  -1.426  -1.321  -1.147  -1.048  -0.959  -0.738  -0.672
   9250.  2.50  -1.410  -1.305  -1.137  -1.043  -0.956  -0.739  -0.676
   9250.  3.00  -1.416  -1.304  -1.134  -1.040  -0.954  -0.736  -0.678
   9250.  3.50  -1.435  -1.311  -1.135  -1.040  -0.951  -0.729  -0.677
   9250.  4.00  -1.463  -1.326  -1.139  -1.041  -0.950  -0.720  -0.675
   9250.  4.50  -1.498  -1.347  -1.147  -1.045  -0.949  -0.711  -0.671
   9250.  5.00  -1.540  -1.374  -1.157  -1.050  -0.950  -0.701  -0.665
   9500.  2.00  -1.474  -1.372  -1.199  -1.101  -1.012  -0.794  -0.732
   9500.  2.50  -1.452  -1.351  -1.187  -1.094  -1.009  -0.797  -0.736
   9500.  3.00  -1.453  -1.346  -1.183  -1.091  -1.007  -0.795  -0.739
   9500.  3.50  -1.467  -1.351  -1.182  -1.090  -1.005  -0.790  -0.739
   9500.  4.00  -1.491  -1.362  -1.183  -1.089  -1.002  -0.782  -0.738
   9500.  4.50  -1.522  -1.378  -1.188  -1.091  -1.000  -0.773  -0.734
   9500.  5.00  -1.560  -1.401  -1.195  -1.095  -1.000  -0.763  -0.729
   9750.  2.00  -1.523  -1.422  -1.252  -1.154  -1.066  -0.851  -0.792
   9750.  2.50  -1.497  -1.399  -1.238  -1.147  -1.063  -0.855  -0.796
   9750.  3.00  -1.494  -1.392  -1.233  -1.143  -1.061  -0.855  -0.800
   9750.  3.50  -1.504  -1.394  -1.230  -1.141  -1.059  -0.851  -0.801
   9750.  4.00  -1.524  -1.402  -1.230  -1.140  -1.056  -0.844  -0.801
   9750.  4.50  -1.552  -1.415  -1.232  -1.140  -1.053  -0.835  -0.798
   9750.  5.00  -1.586  -1.434  -1.237  -1.142  -1.052  -0.825  -0.793
  10000.  2.00  -1.571  -1.473  -1.304  -1.208  -1.120  -0.908  -0.852
  10000.  2.50  -1.544  -1.449  -1.290  -1.200  -1.117  -0.913  -0.857
  10000.  3.00  -1.538  -1.440  -1.284  -1.196  -1.116  -0.914  -0.861
  10000.  3.50  -1.545  -1.440  -1.281  -1.194  -1.114  -0.911  -0.863
  10000.  4.00  -1.562  -1.445  -1.280  -1.192  -1.111  -0.905  -0.863
  10000.  4.50  -1.586  -1.456  -1.280  -1.191  -1.108  -0.897  -0.860
  10000.  5.00  -1.616  -1.471  -1.282  -1.191  -1.105  -0.887  -0.856
  10250.  2.00  -1.619  -1.523  -1.356  -1.261  -1.174  -0.965  -0.912
  10250.  2.50  -1.591  -1.498  -1.341  -1.252  -1.171  -0.971  -0.916
  10250.  3.00  -1.584  -1.489  -1.335  -1.250  -1.171  -0.973  -0.921
  10250.  3.50  -1.589  -1.488  -1.332  -1.248  -1.169  -0.971  -0.924
  10250.  4.00  -1.602  -1.491  -1.331  -1.246  -1.167  -0.966  -0.925
  10250.  4.50  -1.623  -1.499  -1.329  -1.244  -1.163  -0.959  -0.923
  10250.  5.00  -1.650  -1.511  -1.330  -1.243  -1.159  -0.949  -0.919
  10500.  2.00  -1.667  -1.573  -1.407  -1.313  -1.228  -1.022  -0.971
  10500.  2.50  -1.638  -1.548  -1.393  -1.305  -1.225  -1.028  -0.976
  10500.  3.00  -1.630  -1.538  -1.387  -1.303  -1.225  -1.031  -0.981
  10500.  3.50  -1.634  -1.536  -1.384  -1.301  -1.224  -1.031  -0.985
  10500.  4.00  -1.645  -1.539  -1.382  -1.300  -1.222  -1.027  -0.986
  10500.  4.50  -1.663  -1.545  -1.380  -1.297  -1.219  -1.020  -0.985
  10500.  5.00  -1.687  -1.554  -1.379  -1.295  -1.214  -1.011  -0.981
  10750.  2.00  -1.714  -1.622  -1.459  -1.366  -1.281  -1.078  -1.029
  10750.  2.50  -1.685  -1.597  -1.444  -1.357  -1.278  -1.084  -1.035
  10750.  3.00  -1.676  -1.587  -1.438  -1.355  -1.279  -1.088  -1.041
  10750.  3.50  -1.679  -1.585  -1.436  -1.355  -1.279  -1.089  -1.045
  10750.  4.00  -1.689  -1.587  -1.434  -1.353  -1.278  -1.087  -1.047
  10750.  4.50  -1.705  -1.592  -1.432  -1.351  -1.274  -1.081  -1.047
  10750.  5.00  -1.726  -1.599  -1.430  -1.348  -1.270  -1.072  -1.043
  11000.  2.00  -1.762  -1.672  -1.510  -1.418  -1.334  -1.134  -1.087
  11000.  2.50  -1.731  -1.645  -1.495  -1.409  -1.331  -1.140  -1.093
  11000.  3.00  -1.723  -1.636  -1.490  -1.408  -1.332  -1.145  -1.099
  11000.  3.50  -1.725  -1.634  -1.488  -1.408  -1.333  -1.147  -1.104
  11000.  4.00  -1.734  -1.635  -1.486  -1.407  -1.333  -1.146  -1.107
  11000.  4.50  -1.749  -1.639  -1.484  -1.405  -1.330  -1.141  -1.107
  11000.  5.00  -1.768  -1.646  -1.481  -1.402  -1.325  -1.133  -1.104
  11250.  2.00  -1.808  -1.720  -1.561  -1.470  -1.387  -1.189  -1.145
  11250.  2.50  -1.777  -1.694  -1.545  -1.461  -1.384  -1.196  -1.150
  11250.  3.00  -1.769  -1.685  -1.540  -1.460  -1.385  -1.201  -1.157
  11250.  3.50  -1.771  -1.683  -1.539  -1.460  -1.387  -1.204  -1.163
  11250.  4.00  -1.780  -1.684  -1.538  -1.460  -1.387  -1.204  -1.166
  11250.  4.50  -1.793  -1.688  -1.536  -1.458  -1.385  -1.200  -1.167
  11250.  5.00  -1.810  -1.693  -1.533  -1.456  -1.381  -1.193  -1.165
  11500.  2.00  -1.855  -1.769  -1.611  -1.521  -1.439  -1.244  -1.202
  11500.  2.50  -1.823  -1.742  -1.595  -1.512  -1.436  -1.251  -1.207
  11500.  3.00  -1.815  -1.733  -1.591  -1.511  -1.438  -1.257  -1.214
  11500.  3.50  -1.817  -1.731  -1.589  -1.512  -1.440  -1.260  -1.220
  11500.  4.00  -1.825  -1.732  -1.589  -1.512  -1.441  -1.261  -1.225
  11500.  4.50  -1.838  -1.736  -1.587  -1.511  -1.439  -1.258  -1.226
  11500.  5.00  -1.854  -1.741  -1.585  -1.509  -1.436  -1.252  -1.225
  11750.  2.00  -1.901  -1.817  -1.661  -1.572  -1.491  -1.299  -1.258
  11750.  2.50  -1.869  -1.790  -1.645  -1.563  -1.488  -1.305  -1.263
  11750.  3.00  -1.861  -1.781  -1.640  -1.562  -1.490  -1.312  -1.271
  11750.  3.50  -1.863  -1.779  -1.639  -1.563  -1.492  -1.316  -1.277
  11750.  4.00  -1.871  -1.780  -1.639  -1.564  -1.494  -1.317  -1.282
  11750.  4.50  -1.882  -1.784  -1.638  -1.564  -1.493  -1.315  -1.284
  11750.  5.00  -1.898  -1.788  -1.636  -1.562  -1.490  -1.310  -1.283
  12000.  2.50  -1.914  -1.837  -1.694  -1.613  -1.539  -1.359  -1.319
  12000.  3.00  -1.906  -1.828  -1.690  -1.613  -1.541  -1.366  -1.326
  12000.  3.50  -1.908  -1.826  -1.689  -1.614  -1.544  -1.370  -1.333
  12000.  4.00  -1.916  -1.828  -1.689  -1.615  -1.546  -1.372  -1.339
  12000.  4.50  -1.927  -1.831  -1.688  -1.615  -1.546  -1.371  -1.341
  12000.  5.00  -1.942  -1.836  -1.686  -1.614  -1.544  -1.367  -1.341
  12250.  2.50  -1.959  -1.883  -1.743  -1.663  -1.590  -1.413  -1.374
  12250.  3.00  -1.951  -1.875  -1.739  -1.663  -1.592  -1.419  -1.382
  12250.  3.50  -1.953  -1.873  -1.738  -1.664  -1.595  -1.424  -1.389
  12250.  4.00  -1.961  -1.875  -1.738  -1.666  -1.598  -1.427  -1.394
  12250.  4.50  -1.972  -1.879  -1.738  -1.666  -1.598  -1.426  -1.397
  12250.  5.00  -1.985  -1.883  -1.736  -1.665  -1.596  -1.423  -1.398
  12500.  2.50  -2.003  -1.930  -1.791  -1.712  -1.640  -1.465  -1.428
  12500.  3.00  -1.995  -1.921  -1.787  -1.712  -1.643  -1.472  -1.436
  12500.  3.50  -1.997  -1.920  -1.787  -1.714  -1.646  -1.478  -1.443
  12500.  4.00  -2.005  -1.922  -1.787  -1.716  -1.648  -1.480  -1.449
  12500.  4.50  -2.016  -1.925  -1.787  -1.716  -1.649  -1.481  -1.453
  12500.  5.00  -2.029  -1.929  -1.786  -1.716  -1.648  -1.478  -1.453
  12750.  2.50  -2.047  -1.975  -1.838  -1.761  -1.690  -1.518  -1.482
  12750.  3.00  -2.039  -1.967  -1.835  -1.761  -1.693  -1.525  -1.490
  12750.  3.50  -2.042  -1.966  -1.835  -1.763  -1.696  -1.530  -1.497
  12750.  4.00  -2.049  -1.968  -1.835  -1.765  -1.699  -1.533  -1.503
  12750.  4.50  -2.060  -1.971  -1.836  -1.766  -1.700  -1.534  -1.507
  12750.  5.00  -2.073  -1.976  -1.834  -1.765  -1.699  -1.532  -1.508
  13000.  2.50  -2.090  -2.020  -1.885  -1.809  -1.739  -1.569  -1.534
  13000.  3.00  -2.082  -2.012  -1.882  -1.809  -1.742  -1.577  -1.543
  13000.  3.50  -2.085  -2.012  -1.882  -1.812  -1.746  -1.582  -1.550
  13000.  4.00  -2.093  -2.014  -1.883  -1.814  -1.748  -1.586  -1.556
  13000.  4.50  -2.103  -2.017  -1.883  -1.815  -1.750  -1.587  -1.560
  13000.  5.00  -2.116  -2.021  -1.882  -1.815  -1.749  -1.585  -1.562
  14000.  2.00  -2.292  -2.222  -2.080  -2.001  -1.928  -1.758  -1.729
  14000.  2.50  -2.256  -2.193  -2.065  -1.993  -1.927  -1.768  -1.737
  14000.  3.00  -2.251  -2.187  -2.064  -1.996  -1.933  -1.777  -1.747
  14000.  3.50  -2.254  -2.188  -2.066  -2.000  -1.938  -1.784  -1.756
  14000.  4.00  -2.262  -2.191  -2.068  -2.003  -1.941  -1.788  -1.762
  14000.  4.50  -2.272  -2.194  -2.069  -2.004  -1.943  -1.789  -1.766
  14000.  5.00  -2.284  -2.198  -2.068  -2.004  -1.943  -1.789  -1.768
  15000.  2.50  -2.413  -2.356  -2.234  -2.166  -2.104  -1.953  -1.927
  15000.  3.00  -2.409  -2.352  -2.236  -2.172  -2.112  -1.966  -1.940
  15000.  3.50  -2.415  -2.355  -2.240  -2.178  -2.119  -1.974  -1.949
  15000.  4.00  -2.424  -2.359  -2.243  -2.181  -2.123  -1.979  -1.956
  15000.  4.50  -2.434  -2.363  -2.244  -2.183  -2.126  -1.981  -1.961
  15000.  5.00  -2.445  -2.367  -2.244  -2.184  -2.126  -1.981  -1.963
  16000.  2.50  -2.559  -2.508  -2.392  -2.327  -2.268  -2.126  -2.103
  16000.  3.00  -2.558  -2.507  -2.397  -2.337  -2.280  -2.142  -2.119
  16000.  3.50  -2.566  -2.512  -2.404  -2.345  -2.290  -2.153  -2.132
  16000.  4.00  -2.576  -2.518  -2.408  -2.351  -2.296  -2.159  -2.140
  16000.  4.50  -2.587  -2.523  -2.411  -2.353  -2.299  -2.162  -2.144
  16000.  5.00  -2.598  -2.527  -2.411  -2.354  -2.299  -2.162  -2.147
  17000.  2.50  -2.697  -2.650  -2.539  -2.478  -2.421  -2.286  -2.266
  17000.  3.00  -2.697  -2.652  -2.547  -2.490  -2.437  -2.307  -2.287
  17000.  3.50  -2.708  -2.660  -2.557  -2.502  -2.450  -2.321  -2.302
  17000.  4.00  -2.720  -2.668  -2.564  -2.510  -2.458  -2.329  -2.312
  17000.  4.50  -2.732  -2.674  -2.568  -2.514  -2.462  -2.333  -2.318
  17000.  5.00  -2.743  -2.679  -2.569  -2.515  -2.464  -2.333  -2.320
  18000.  2.50  -2.825  -2.783  -2.676  -2.618  -2.563  -2.435  -2.418
  18000.  3.00  -2.828  -2.787  -2.688  -2.634  -2.584  -2.460  -2.443
  18000.  3.50  -2.841  -2.799  -2.701  -2.649  -2.600  -2.478  -2.461
  18000.  4.00  -2.856  -2.809  -2.710  -2.659  -2.611  -2.488  -2.473
  18000.  4.50  -2.869  -2.816  -2.716  -2.665  -2.616  -2.494  -2.481
  18000.  5.00  -2.881  -2.822  -2.718  -2.667  -2.618  -2.495  -2.484
  19000.  2.50  -2.946  -2.908  -2.804  -2.748  -2.695  -2.572  -2.558
  19000.  3.00  -2.950  -2.914  -2.820  -2.768  -2.721  -2.604  -2.589
  19000.  3.50  -2.966  -2.929  -2.836  -2.787  -2.741  -2.625  -2.611
  19000.  4.00  -2.983  -2.941  -2.848  -2.800  -2.754  -2.638  -2.625
  19000.  4.50  -2.998  -2.951  -2.855  -2.807  -2.761  -2.645  -2.634
  19000.  5.00  -3.010  -2.957  -2.858  -2.811  -2.765  -2.648  -2.638
  20000.  3.00  -3.065  -3.033  -2.943  -2.894  -2.849  -2.738  -2.725
  20000.  3.50  -3.084  -3.051  -2.963  -2.916  -2.873  -2.763  -2.751
  20000.  4.00  -3.103  -3.066  -2.978  -2.932  -2.888  -2.779  -2.768
  20000.  4.50  -3.119  -3.077  -2.987  -2.941  -2.898  -2.788  -2.778
  20000.  5.00  -3.133  -3.085  -2.991  -2.946  -2.903  -2.792  -2.784
  21000.  3.00  -3.172  -3.145  -3.058  -3.012  -2.968  -2.863  -2.852
  21000.  3.50  -3.195  -3.166  -3.082  -3.038  -2.997  -2.893  -2.882
  21000.  4.00  -3.216  -3.184  -3.100  -3.056  -3.015  -2.911  -2.902
  21000.  4.50  -3.234  -3.197  -3.111  -3.068  -3.027  -2.922  -2.914
  21000.  5.00  -3.249  -3.206  -3.116  -3.074  -3.033  -2.928  -2.921
  22000.  3.00  -3.273  -3.249  -3.166  -3.122  -3.080  -2.979  -2.970
  22000.  3.50  -3.299  -3.274  -3.194  -3.152  -3.113  -3.015  -3.006
  22000.  4.00  -3.323  -3.295  -3.215  -3.174  -3.135  -3.037  -3.029
  22000.  4.50  -3.342  -3.309  -3.228  -3.187  -3.149  -3.049  -3.043
  22000.  5.00  -3.358  -3.320  -3.235  -3.195  -3.156  -3.056  -3.050
  23000.  3.00  -3.368  -3.347  -3.267  -3.225  -3.185  -3.088  -3.081
  23000.  3.50  -3.397  -3.376  -3.300  -3.260  -3.223  -3.129  -3.122
  23000.  4.00  -3.424  -3.399  -3.323  -3.285  -3.248  -3.155  -3.148
  23000.  4.50  -3.445  -3.416  -3.339  -3.300  -3.264  -3.170  -3.164
  23000.  5.00  -3.462  -3.428  -3.347  -3.309  -3.273  -3.178  -3.173
  24000.  3.00  -3.455  -3.438  -3.360  -3.320  -3.282  -3.190  -3.184
  24000.  3.50  -3.490  -3.472  -3.399  -3.361  -3.326  -3.237  -3.231
  24000.  4.00  -3.519  -3.498  -3.426  -3.389  -3.354  -3.266  -3.261
  24000.  4.50  -3.542  -3.517  -3.443  -3.407  -3.373  -3.283  -3.279
  24000.  5.00  -3.560  -3.530  -3.453  -3.417  -3.383  -3.293  -3.290
  25000.  3.00  -3.532  -3.518  -3.444  -3.405  -3.369  -3.281  -3.276
  25000.  3.50  -3.576  -3.562  -3.492  -3.457  -3.423  -3.339  -3.334
  25000.  4.00  -3.608  -3.591  -3.522  -3.488  -3.455  -3.371  -3.367
  25000.  4.50  -3.633  -3.612  -3.542  -3.508  -3.475  -3.391  -3.388
  25000.  5.00  -3.652  -3.626  -3.554  -3.520  -3.487  -3.402  -3.400
  26000.  3.00  -3.601  -3.588  -3.516  -3.478  -3.442  -3.357  -3.354
  26000.  3.50  -3.656  -3.645  -3.579  -3.545  -3.514  -3.434  -3.430
  26000.  4.00  -3.693  -3.679  -3.613  -3.581  -3.550  -3.470  -3.467
  26000.  4.50  -3.719  -3.702  -3.635  -3.603  -3.572  -3.492  -3.490
  26000.  5.00  -3.740  -3.717  -3.648  -3.616  -3.586  -3.505  -3.504
  27000.  3.50  -3.728  -3.720  -3.657  -3.626  -3.596  -3.521  -3.518
  27000.  4.00  -3.771  -3.760  -3.699  -3.668  -3.639  -3.563  -3.561
  27000.  4.50  -3.800  -3.786  -3.723  -3.692  -3.664  -3.588  -3.587
  27000.  5.00  -3.822  -3.803  -3.738  -3.707  -3.679  -3.602  -3.602
  28000.  3.50  -3.792  -3.787  -3.727  -3.697  -3.669  -3.597  -3.596
  28000.  4.00  -3.843  -3.836  -3.777  -3.748  -3.721  -3.650  -3.649
  28000.  4.50  -3.876  -3.865  -3.805  -3.776  -3.749  -3.678  -3.678
  28000.  5.00  -3.898  -3.883  -3.821  -3.793  -3.766  -3.694  -3.694
  29000.  3.50  -3.851  -3.848  -3.791  -3.762  -3.735  -3.665  -3.665
  29000.  4.00  -3.908  -3.904  -3.849  -3.821  -3.796  -3.729  -3.729
  29000.  4.50  -3.945  -3.938  -3.881  -3.854  -3.829  -3.762  -3.762
  29000.  5.00  -3.970  -3.958  -3.899  -3.873  -3.847  -3.779  -3.781
  30000.  3.50  -3.912  -3.911  -3.855  -3.825  -3.799  -3.730  -3.730
  30000.  4.00  -3.967  -3.966  -3.914  -3.888  -3.864  -3.800  -3.802
  30000.  4.50  -4.009  -4.004  -3.951  -3.926  -3.903  -3.839  -3.840
  30000.  5.00  -4.036  -4.028  -3.972  -3.947  -3.923  -3.859  -3.861
  31000.  3.50  -3.977  -3.977  -3.922  -3.892  -3.866  -3.796  -3.797
  31000.  4.00  -4.024  -4.025  -3.975  -3.951  -3.928  -3.867  -3.868
  31000.  4.50  -4.067  -4.066  -4.016  -3.992  -3.970  -3.910  -3.912
  31000.  5.00  -4.097  -4.092  -4.039  -4.016  -3.994  -3.933  -3.936
  32000.  4.00  -4.080  -4.084  -4.036  -4.012  -3.990  -3.930  -3.932
  32000.  4.50  -4.123  -4.125  -4.077  -4.054  -4.034  -3.976  -3.979
  32000.  5.00  -4.154  -4.152  -4.103  -4.080  -4.060  -4.002  -4.006
  33000.  4.00  -4.141  -4.146  -4.100  -4.075  -4.055  -3.995  -3.997
  33000.  4.50  -4.177  -4.181  -4.136  -4.114  -4.095  -4.039  -4.042
  33000.  5.00  -4.209  -4.210  -4.163  -4.142  -4.123  -4.067  -4.071
  34000.  4.00  -4.207  -4.213  -4.168  -4.143  -4.123  -4.062  -4.065
  34000.  4.50  -4.235  -4.240  -4.197  -4.176  -4.157  -4.102  -4.106
  34000.  5.00  -4.263  -4.266  -4.222  -4.202  -4.183  -4.130  -4.134
  35000.  4.00  -4.278  -4.284  -4.240  -4.215  -4.194  -4.133  -4.136
  35000.  4.50  -4.296  -4.302  -4.261  -4.240  -4.222  -4.167  -4.171
  35000.  5.00  -4.319  -4.324  -4.283  -4.263  -4.246  -4.193  -4.198
  36000.  4.00  -4.353  -4.360  -4.317  -4.291  -4.270  -4.207  -4.210
  36000.  4.50  -4.360  -4.368  -4.329  -4.307  -4.289  -4.234  -4.238
  36000.  5.00  -4.379  -4.385  -4.346  -4.326  -4.309  -4.257  -4.262
  37000.  4.00  -4.431  -4.438  -4.396  -4.370  -4.349  -4.286  -4.289
  37000.  4.50  -4.429  -4.438  -4.400  -4.377  -4.360  -4.303  -4.307
  37000.  5.00  -4.441  -4.449  -4.411  -4.391  -4.375  -4.322  -4.328
  38000.  4.00  -4.511  -4.519  -4.478  -4.451  -4.431  -4.367  -4.370
  38000.  4.50  -4.502  -4.511  -4.474  -4.451  -4.434  -4.376  -4.380
  38000.  5.00  -4.508  -4.516  -4.480  -4.459  -4.444  -4.390  -4.395
  39000.  4.00  -4.591  -4.599  -4.559  -4.532  -4.512  -4.449  -4.452
  39000.  4.50  -4.577  -4.586  -4.551  -4.527  -4.511  -4.452  -4.456
  39000.  5.00  -4.577  -4.586  -4.551  -4.530  -4.515  -4.460  -4.466
  40000.  4.50  -4.653  -4.663  -4.628  -4.605  -4.589  -4.530  -4.534
  40000.  5.00  -4.649  -4.659  -4.626  -4.604  -4.589  -4.534  -4.539
  41000.  4.50  -4.729  -4.740  -4.706  -4.683  -4.667  -4.608  -4.613
  41000.  5.00  -4.723  -4.733  -4.701  -4.679  -4.665  -4.609  -4.614
  42000.  4.50  -4.804  -4.816  -4.783  -4.760  -4.744  -4.686  -4.691
  42000.  5.00  -4.797  -4.808  -4.777  -4.755  -4.741  -4.685  -4.691
  43000.  4.50  -4.878  -4.891  -4.859  -4.836  -4.821  -4.763  -4.768
  43000.  5.00  -4.871  -4.883  -4.852  -4.831  -4.817  -4.761  -4.767
  44000.  4.50  -4.951  -4.964  -4.933  -4.910  -4.895  -4.838  -4.843
  44000.  5.00  -4.944  -4.956  -4.927  -4.906  -4.893  -4.837  -4.842
  45000.  4.50  -5.022  -5.036  -5.005  -4.983  -4.968  -4.912  -4.917
  45000.  5.00  -5.015  -5.029  -5.000  -4.979  -4.966  -4.911  -4.917
  46000.  4.50  -5.092  -5.106  -5.076  -5.054  -5.039  -4.984  -4.989
  46000.  5.00  -5.086  -5.100  -5.072  -5.051  -5.039  -4.984  -4.990
  47000.  4.50  -5.160  -5.175  -5.145  -5.123  -5.109  -5.054  -5.059
  47000.  5.00  -5.155  -5.170  -5.143  -5.122  -5.110  -5.056  -5.062
  48000.  4.50  -5.226  -5.242  -5.213  -5.191  -5.177  -5.123  -5.128
  48000.  5.00  -5.223  -5.238  -5.211  -5.191  -5.179  -5.126  -5.132
  49000.  4.50  -5.292  -5.308  -5.279  -5.258  -5.244  -5.191  -5.196
  49000.  5.00  -5.289  -5.305  -5.279  -5.259  -5.247  -5.194  -5.201
  50000.  5.00  -5.354  -5.370  -5.345  -5.325  -5.314  -5.261  -5.268
