   3500.  0.00  -5.30576  -4.13065  -2.94254  -2.05465  -1.62170  -0.40637  -0.18595
   3500.  0.50  -4.90144  -3.83054  -2.71411  -1.90176  -1.48421  -0.33712  -0.12700
   3500.  1.00  -4.54398  -3.57481  -2.52450  -1.77072  -1.36679  -0.27087  -0.06836
   3500.  1.50  -4.25998  -3.37608  -2.37888  -1.66469  -1.27085  -0.20958  -0.01250
   3500.  2.00  -4.10208  -3.26836  -2.30054  -1.59858  -1.20864  -0.16007   0.03373
   3500.  2.50  -4.03536  -3.22313  -2.26482  -1.55963  -1.16945  -0.12449   0.06701
   3500.  3.00  -3.99869  -3.20073  -2.24551  -1.53644  -1.14531  -0.10408   0.08591
   3500.  3.50  -3.99707  -3.20592  -2.24337  -1.52530  -1.13120  -0.09222   0.09683
   3500.  4.00  -4.02885  -3.23718  -2.25591  -1.52103  -1.12157  -0.08272   0.10567
   3500.  4.50  -4.08204  -3.28279  -2.27656  -1.51748  -1.11133  -0.06993   0.11788
   3500.  5.00  -4.14405  -3.33183  -2.30239  -1.50848  -1.09510  -0.04682   0.14036
   3750.  0.00  -4.77109  -3.67764  -2.58722  -1.80095  -1.39098  -0.28731  -0.09155
   3750.  0.50  -4.47158  -3.46960  -2.44229  -1.71776  -1.32306  -0.27494  -0.08628
   3750.  1.00  -4.20283  -3.29146  -2.32100  -1.64315  -1.26119  -0.25459  -0.07113
   3750.  1.50  -3.97348  -3.14102  -2.21717  -1.57192  -1.19939  -0.22334  -0.04397
   3750.  2.00  -3.79840  -3.02488  -2.13447  -1.50824  -1.14143  -0.18416  -0.00780
   3750.  2.50  -3.71038  -2.96424  -2.08757  -1.46252  -1.09645  -0.14005   0.03487
   3750.  3.00  -3.66584  -2.93221  -2.05944  -1.42865  -1.06118  -0.10094   0.07299
   3750.  3.50  -3.64857  -2.92288  -2.04858  -1.41066  -1.04092  -0.07947   0.09368
   3750.  4.00  -3.64553  -2.92511  -2.04313  -1.39626  -1.02314  -0.06210   0.11029
   3750.  4.50  -3.66671  -2.94685  -2.04823  -1.38693  -1.00842  -0.04768   0.12395
   3750.  5.00  -3.70634  -2.98141  -2.05874  -1.37737  -0.99199  -0.03053   0.14020
   4000.  0.00  -4.19035  -3.20374  -2.21254  -1.52330  -1.13892  -0.13758   0.03607
   4000.  0.50  -3.94332  -3.03326  -2.10187  -1.46708  -1.09901  -0.14497   0.02319
   4000.  1.00  -3.73809  -2.90171  -2.02309  -1.42925  -1.07473  -0.15407   0.01064
   4000.  1.50  -3.58088  -2.80800  -1.97029  -1.40334  -1.05819  -0.15993   0.00261
   4000.  2.00  -3.46735  -2.74422  -1.93404  -1.38200  -1.04198  -0.15877   0.00218
   4000.  2.50  -3.39152  -2.70197  -1.90494  -1.35662  -1.01741  -0.14252   0.01703
   4000.  3.00  -3.35885  -2.68139  -1.88498  -1.32952  -0.98774  -0.10863   0.05029
   4000.  3.50  -3.33785  -2.66539  -1.86507  -1.30014  -0.95497  -0.07032   0.08794
   4000.  4.00  -3.32477  -2.65705  -1.85228  -1.27890  -0.93056  -0.04243   0.11523
   4000.  4.50  -3.32642  -2.66306  -1.85006  -1.26675  -0.91435  -0.02454   0.13262
   4000.  5.00  -3.34348  -2.68215  -1.85460  -1.25798  -0.90001  -0.00965   0.14683
   4250.  0.00  -3.66502  -2.80163  -1.90747  -1.30238  -0.94387  -0.03207   0.12342
   4250.  0.50  -3.47779  -2.67318  -1.82777  -1.26477  -0.92081  -0.04625   0.10509
   4250.  1.00  -3.31955  -2.57068  -1.76934  -1.23994  -0.90860  -0.06173   0.08693
   4250.  1.50  -3.19842  -2.49641  -1.73031  -1.22475  -0.90291  -0.07482   0.07219
   4250.  2.00  -3.11273  -2.44707  -1.70633  -1.21572  -0.90004  -0.08395   0.06206
   4250.  2.50  -3.05753  -2.41754  -1.69171  -1.20802  -0.89507  -0.08626   0.05901
   4250.  3.00  -3.02711  -2.40358  -1.68302  -1.19856  -0.88496  -0.07885   0.06582
   4250.  3.50  -3.02375  -2.40410  -1.67874  -1.18525  -0.86779  -0.05650   0.08792
   4250.  4.00  -3.02910  -2.40829  -1.67478  -1.17052  -0.84859  -0.03053   0.11372
   4250.  4.50  -3.03361  -2.41338  -1.67217  -1.15802  -0.83187  -0.00891   0.13506
   4250.  5.00  -3.03928  -2.42233  -1.67295  -1.14878  -0.81814   0.00742   0.15099
   4500.  0.00  -3.18176  -2.44862  -1.65499  -1.12901  -0.79850   0.02793   0.16757
   4500.  0.50  -3.06292  -2.36976  -1.61012  -1.11129  -0.79152   0.01130   0.14845
   4500.  1.00  -2.96091  -2.30442  -1.57541  -1.09940  -0.78915  -0.00540   0.12998
   4500.  1.50  -2.88124  -2.25525  -1.55117  -1.09246  -0.78975  -0.02000   0.11420
   4500.  2.00  -2.82408  -2.22105  -1.53527  -1.08846  -0.79107  -0.03090   0.10255
   4500.  2.50  -2.78748  -2.19991  -1.52550  -1.08525  -0.79080  -0.03659   0.09630
   4500.  3.00  -2.76740  -2.18888  -1.51929  -1.08069  -0.78685  -0.03552   0.09690
   4500.  3.50  -2.75957  -2.18615  -1.51609  -1.07420  -0.77863  -0.02707   0.10496
   4500.  4.00  -2.76411  -2.19051  -1.51487  -1.06529  -0.76614  -0.01019   0.12165
   4500.  4.50  -2.77453  -2.19747  -1.51400  -1.05564  -0.75250   0.00894   0.14066
   4500.  5.00  -2.78368  -2.20466  -1.51376  -1.04691  -0.73984   0.02592   0.15747
   4750.  0.00  -2.76261  -2.15207  -1.45650  -1.00061  -0.69835   0.05007   0.17634
   4750.  0.50  -2.69152  -2.10978  -1.43814  -0.99856  -0.70370   0.03176   0.15669
   4750.  1.00  -2.63641  -2.07798  -1.42582  -0.99949  -0.71083   0.01452   0.13855
   4750.  1.50  -2.59514  -2.05426  -1.41697  -1.00097  -0.71727   0.00021   0.12363
   4750.  2.00  -2.56746  -2.03809  -1.41100  -1.00248  -0.72238  -0.01077   0.11222
   4750.  2.50  -2.55147  -2.02790  -1.40627  -1.00219  -0.72422  -0.01664   0.10598
   4750.  3.00  -2.54496  -2.02238  -1.40197  -0.99938  -0.72205  -0.01669   0.10556
   4750.  3.50  -2.54478  -2.02048  -1.39820  -0.99432  -0.71624  -0.01127   0.11063
   4750.  4.00  -2.54884  -2.02207  -1.39590  -0.98783  -0.70762  -0.00071   0.12093
   4750.  4.50  -2.55771  -2.02672  -1.39443  -0.98021  -0.69697   0.01364   0.13511
   4750.  5.00  -2.56773  -2.03199  -1.39292  -0.97210  -0.68563   0.02895   0.15026
   5000.  0.00  -2.43527  -1.92249  -1.31030  -0.91121  -0.63449   0.04802   0.16396
   5000.  0.50  -2.39493  -1.90396  -1.30910  -0.91927  -0.64733   0.02902   0.14399
   5000.  1.00  -2.36629  -1.89212  -1.31056  -0.92798  -0.65987   0.01196   0.12639
   5000.  1.50  -2.34942  -1.88652  -1.31391  -0.93664  -0.67138  -0.00266   0.11152
   5000.  2.00  -2.34254  -1.88543  -1.31766  -0.94396  -0.68063  -0.01383   0.10017
   5000.  2.50  -2.34262  -1.88633  -1.31973  -0.94804  -0.68577  -0.02045   0.09342
   5000.  3.00  -2.34739  -1.88760  -1.31892  -0.94776  -0.68569  -0.02140   0.09225
   5000.  3.50  -2.35543  -1.88892  -1.31556  -0.94327  -0.68052  -0.01636   0.09697
   5000.  4.00  -2.36493  -1.89085  -1.31155  -0.93629  -0.67192  -0.00653   0.10651
   5000.  4.50  -2.37478  -1.89368  -1.30812  -0.92856  -0.66193   0.00606   0.11887
   5000.  5.00  -2.38478  -1.89706  -1.30513  -0.92066  -0.65150   0.01954   0.13217
   5250.  0.00  -2.18196  -1.74520  -1.20218  -0.84954  -0.59573   0.03060   0.13896
   5250.  0.50  -2.16543  -1.74358  -1.21177  -0.86327  -0.61194   0.01304   0.12019
   5250.  1.00  -2.15681  -1.74630  -1.22272  -0.87719  -0.62768  -0.00322   0.10325
   5250.  1.50  -2.15635  -1.75328  -1.23477  -0.89100  -0.64263  -0.01793   0.08828
   5250.  2.00  -2.16257  -1.76302  -1.24663  -0.90371  -0.65594  -0.03052   0.07566
   5250.  2.50  -2.17324  -1.77332  -1.25624  -0.91344  -0.66582  -0.03959   0.06662
   5250.  3.00  -2.18557  -1.78171  -1.26146  -0.91816  -0.67027  -0.04330   0.06285
   5250.  3.50  -2.19870  -1.78749  -1.26149  -0.91659  -0.66777  -0.04010   0.06588
   5250.  4.00  -2.21136  -1.79087  -1.25764  -0.91031  -0.66007  -0.03129   0.07442
   5250.  4.50  -2.22383  -1.79356  -1.25245  -0.90150  -0.64924  -0.01851   0.08694
   5250.  5.00  -2.23476  -1.79566  -1.24724  -0.89226  -0.63779  -0.00439   0.10083
   5500.  0.00  -1.97917  -1.60363  -1.11982  -0.80684  -0.57415   0.00208   0.10537
   5500.  0.50  -1.98151  -1.61435  -1.13590  -0.82313  -0.59084  -0.01214   0.08918
   5500.  1.00  -1.98856  -1.62765  -1.15274  -0.83967  -0.60746  -0.02617   0.07393
   5500.  1.50  -2.00124  -1.64397  -1.17049  -0.85651  -0.62398  -0.03985   0.05962
   5500.  2.00  -2.01828  -1.66218  -1.18824  -0.87291  -0.63977  -0.05273   0.04652
   5500.  2.50  -2.03775  -1.68051  -1.20448  -0.88754  -0.65360  -0.06369   0.03561
   5500.  3.00  -2.05693  -1.69640  -1.21688  -0.89828  -0.66347  -0.07118   0.02821
   5500.  3.50  -2.07386  -1.70770  -1.22313  -0.90273  -0.66689  -0.07267   0.02670
   5500.  4.00  -2.08831  -1.71418  -1.22285  -0.90013  -0.66290  -0.06728   0.03196
   5500.  4.50  -2.10137  -1.71760  -1.21821  -0.89232  -0.65322  -0.05580   0.04321
   5500.  5.00  -2.11282  -1.71944  -1.21200  -0.88245  -0.64125  -0.04156   0.05721
   5750.  0.00  -1.81114  -1.48697  -1.05559  -0.77773  -0.56499  -0.03529   0.06521
   5750.  0.50  -1.82784  -1.50620  -1.07490  -0.79416  -0.57998  -0.04462   0.05283
   5750.  1.00  -1.84725  -1.52715  -1.09502  -0.81142  -0.59575  -0.05519   0.04012
   5750.  1.50  -1.87068  -1.55056  -1.11636  -0.82970  -0.61239  -0.06671   0.02726
   5750.  2.00  -1.89716  -1.57568  -1.13836  -0.84852  -0.62949  -0.07885   0.01445
   5750.  2.50  -1.92487  -1.60086  -1.15970  -0.86677  -0.64603  -0.09072   0.00236
   5750.  3.00  -1.95168  -1.62399  -1.17828  -0.88243  -0.66008  -0.10076  -0.00763
   5750.  3.50  -1.97478  -1.64227  -1.19144  -0.89293  -0.66905  -0.10645  -0.01318
   5750.  4.00  -1.99274  -1.65416  -1.19754  -0.89660  -0.67128  -0.10626  -0.01294
   5750.  4.50  -2.00649  -1.66009  -1.19643  -0.89268  -0.66566  -0.09855  -0.00539
   5750.  5.00  -2.01765  -1.66256  -1.19117  -0.88407  -0.65503  -0.08572   0.00728
   6000.  0.00  -1.66692  -1.38836  -1.00542  -0.75956  -0.56610  -0.08064   0.01906
   6000.  0.50  -1.69564  -1.41316  -1.02470  -0.77356  -0.57698  -0.08351   0.01189
   6000.  1.00  -1.72461  -1.43939  -1.04610  -0.78997  -0.59047  -0.08943   0.00263
   6000.  1.50  -1.75640  -1.46794  -1.06939  -0.80836  -0.60599  -0.09768  -0.00796
   6000.  2.00  -1.79080  -1.49845  -1.09417  -0.82838  -0.62321  -0.10797  -0.01968
   6000.  2.50  -1.82613  -1.52951  -1.11934  -0.84900  -0.64118  -0.11940  -0.03186
   6000.  3.00  -1.86053  -1.55919  -1.14296  -0.86843  -0.65815  -0.13057  -0.04322
   6000.  3.50  -1.89089  -1.58472  -1.16270  -0.88458  -0.67221  -0.13975  -0.05228
   6000.  4.00  -1.91512  -1.60369  -1.17585  -0.89465  -0.68044  -0.14426  -0.05662
   6000.  4.50  -1.93260  -1.61490  -1.18065  -0.89653  -0.68053  -0.14160  -0.05388
   6000.  5.00  -1.94484  -1.61993  -1.17877  -0.89163  -0.67378  -0.13223  -0.04460
   6250.  0.50  -1.57826  -1.33207  -0.98465  -0.76120  -0.58200  -0.12902  -0.03402
   6250.  1.00  -1.61578  -1.36166  -1.00478  -0.77467  -0.59121  -0.12899  -0.03862
   6250.  1.50  -1.65412  -1.39367  -1.02849  -0.79195  -0.60447  -0.13306  -0.04626
   6250.  2.00  -1.69480  -1.42813  -1.05478  -0.81205  -0.62071  -0.14042  -0.05612
   6250.  2.50  -1.73670  -1.46395  -1.08259  -0.83400  -0.63906  -0.15032  -0.06750
   6250.  3.00  -1.77794  -1.49926  -1.11020  -0.85616  -0.65791  -0.16154  -0.07940
   6250.  3.50  -1.81577  -1.53142  -1.13519  -0.87645  -0.67535  -0.17240  -0.09039
   6250.  4.00  -1.84756  -1.55777  -1.15483  -0.89204  -0.68848  -0.18013  -0.09794
   6250.  4.50  -1.87133  -1.57624  -1.16711  -0.90097  -0.69537  -0.18296  -0.10053
   6250.  5.00  -1.88745  -1.58637  -1.17075  -0.90157  -0.69405  -0.17862  -0.09605
   6500.  0.50  -1.46904  -1.26095  -0.95674  -0.75936  -0.59756  -0.18242  -0.08662
   6500.  1.00  -1.51657  -1.29256  -0.97178  -0.76644  -0.59903  -0.17468  -0.08461
   6500.  1.50  -1.56165  -1.32683  -0.99360  -0.78055  -0.60796  -0.17320  -0.08804
   6500.  2.00  -1.60730  -1.36393  -1.02003  -0.79956  -0.62212  -0.17669  -0.09523
   6500.  2.50  -1.65443  -1.40321  -1.04926  -0.82177  -0.63979  -0.18406  -0.10511
   6500.  3.00  -1.70155  -1.44302  -1.07963  -0.84554  -0.65937  -0.19411  -0.11659
   6500.  3.50  -1.74609  -1.48087  -1.10882  -0.86889  -0.67907  -0.20532  -0.12837
   6500.  4.00  -1.78552  -1.51432  -1.13443  -0.88943  -0.69645  -0.21548  -0.13849
   6500.  4.50  -1.81693  -1.54039  -1.15358  -0.90438  -0.70880  -0.22215  -0.14487
   6500.  5.00  -1.83933  -1.55747  -1.16407  -0.91136  -0.71355  -0.22268  -0.14508
   6750.  0.50  -1.38491  -1.20452  -0.93423  -0.76016  -0.61448  -0.23614  -0.13903
   6750.  1.00  -1.42284  -1.23150  -0.94960  -0.76777  -0.61651  -0.22747  -0.13677
   6750.  1.50  -1.47611  -1.26708  -0.96621  -0.77570  -0.61808  -0.21896  -0.13425
   6750.  2.00  -1.52739  -1.30582  -0.99043  -0.79150  -0.62801  -0.21725  -0.13755
   6750.  2.50  -1.57875  -1.34723  -1.01959  -0.81260  -0.64367  -0.22101  -0.14504
   6750.  3.00  -1.63053  -1.39027  -1.05143  -0.83684  -0.66287  -0.22876  -0.15518
   6750.  3.50  -1.68076  -1.43277  -1.08378  -0.86227  -0.68382  -0.23925  -0.16687
   6750.  4.00  -1.72709  -1.47224  -1.11407  -0.88640  -0.70400  -0.25029  -0.17825
   6750.  4.50  -1.76638  -1.50557  -1.13924  -0.90635  -0.72063  -0.25943  -0.18717
   6750.  5.00  -1.79632  -1.53044  -1.15707  -0.91996  -0.73157  -0.26450  -0.19174
   7000.  0.50  -1.32653  -1.16491  -0.91866  -0.76369  -0.63155  -0.28714  -0.18906
   7000.  1.00  -1.35195  -1.18462  -0.93299  -0.77195  -0.63543  -0.28020  -0.18842
   7000.  1.50  -1.39505  -1.21459  -0.94913  -0.78001  -0.63744  -0.27120  -0.18616
   7000.  2.00  -1.45332  -1.25393  -0.96777  -0.78949  -0.64001  -0.26289  -0.18398
   7000.  2.50  -1.50928  -1.29653  -0.99461  -0.80744  -0.65159  -0.26169  -0.18776
   7000.  3.00  -1.56477  -1.34151  -1.02642  -0.83078  -0.66908  -0.26614  -0.19571
   7000.  3.50  -1.61959  -1.38735  -1.06051  -0.85701  -0.69000  -0.27474  -0.20641
   7000.  4.00  -1.67173  -1.43167  -1.09423  -0.88356  -0.71181  -0.28547  -0.21804
   7000.  4.50  -1.71827  -1.47150  -1.12460  -0.90768  -0.73184  -0.29600  -0.22854
   7000.  5.00  -1.75607  -1.50391  -1.14907  -0.92701  -0.74786  -0.30432  -0.23636
   7250.  0.50  -1.29483  -1.14390  -0.91219  -0.77164  -0.64988  -0.33464  -0.23689
   7250.  1.00  -1.30412  -1.15354  -0.92365  -0.77961  -0.65542  -0.33128  -0.23874
   7250.  1.50  -1.33527  -1.17583  -0.93777  -0.78746  -0.65850  -0.32367  -0.23803
   7250.  2.00  -1.38346  -1.20908  -0.95518  -0.79647  -0.66101  -0.31462  -0.23586
   7250.  2.50  -1.44507  -1.25164  -0.97623  -0.80811  -0.66539  -0.30718  -0.23447
   7250.  3.00  -1.50438  -1.29742  -1.00568  -0.82838  -0.67898  -0.30699  -0.23901
   7250.  3.50  -1.56277  -1.34513  -1.03974  -0.85377  -0.69827  -0.31239  -0.24758
   7250.  4.00  -1.61963  -1.39304  -1.07554  -0.88154  -0.72052  -0.32167  -0.25844
   7250.  4.50  -1.67233  -1.43822  -1.10992  -0.90870  -0.74281  -0.33242  -0.26957
   7250.  5.00  -1.71757  -1.47742  -1.13999  -0.93265  -0.76272  -0.34270  -0.27948
   7500.  0.50  -1.30696  -1.15269  -0.91832  -0.78419  -0.66653  -0.37287  -0.27846
   7500.  1.00  -1.27816  -1.13947  -0.92480  -0.79381  -0.67928  -0.38127  -0.28893
   7500.  1.50  -1.29786  -1.15343  -0.93490  -0.79962  -0.68176  -0.37504  -0.28900
   7500.  2.00  -1.33388  -1.17853  -0.94977  -0.80801  -0.68504  -0.36732  -0.28838
   7500.  2.50  -1.38568  -1.21432  -0.96834  -0.81813  -0.68843  -0.35882  -0.28669
   7500.  3.00  -1.44934  -1.25908  -0.99123  -0.83154  -0.69439  -0.35226  -0.28601
   7500.  3.50  -1.51098  -1.30744  -1.02303  -0.85402  -0.70998  -0.35315  -0.29114
   7500.  4.00  -1.57125  -1.35732  -1.05907  -0.88131  -0.73103  -0.35967  -0.30018
   7500.  4.50  -1.62886  -1.40629  -1.09589  -0.91008  -0.75420  -0.36940  -0.31094
   7500.  5.00  -1.68067  -1.45123  -1.13036  -0.93752  -0.77686  -0.38043  -0.32185
   7750.  1.00  -1.27855  -1.14573  -0.93814  -0.81550  -0.70716  -0.42905  -0.33847
   7750.  1.50  -1.27993  -1.14722  -0.94321  -0.81948  -0.71037  -0.42694  -0.34122
   7750.  2.00  -1.30647  -1.16454  -0.95335  -0.82491  -0.71193  -0.41968  -0.34085
   7750.  2.50  -1.34636  -1.19189  -0.96885  -0.83391  -0.71563  -0.41213  -0.34046
   7750.  3.00  -1.40067  -1.22944  -0.98796  -0.84462  -0.71949  -0.40388  -0.33870
   7750.  3.50  -1.46463  -1.27548  -1.01250  -0.85975  -0.72712  -0.39822  -0.33842
   7750.  4.00  -1.52752  -1.32560  -1.04613  -0.88405  -0.74446  -0.40021  -0.34399
   7750.  4.50  -1.58857  -1.37677  -1.08359  -0.91279  -0.76691  -0.40771  -0.35329
   7750.  5.00  -1.64568  -1.42601  -1.12104  -0.94241  -0.79104  -0.41828  -0.36407
   8000.  1.00  -1.31195  -1.17735  -0.96642  -0.84598  -0.73892  -0.47293  -0.38652
   8000.  1.50  -1.28179  -1.15716  -0.96259  -0.84708  -0.74429  -0.47911  -0.39478
   8000.  2.00  -1.29609  -1.16525  -0.96785  -0.84989  -0.74496  -0.47378  -0.39552
   8000.  2.50  -1.32759  -1.18561  -0.97890  -0.85600  -0.74685  -0.46629  -0.39505
   8000.  3.00  -1.37028  -1.21480  -0.99500  -0.86555  -0.75096  -0.45881  -0.39445
   8000.  3.50  -1.42634  -1.25336  -1.01370  -0.87589  -0.75430  -0.45010  -0.39186
   8000.  4.00  -1.48959  -1.29990  -1.03948  -0.89237  -0.76334  -0.44514  -0.39166
   8000.  4.50  -1.55254  -1.35102  -1.07465  -0.91836  -0.78242  -0.44843  -0.39756
   8000.  5.00  -1.61334  -1.40278  -1.11306  -0.94828  -0.80618  -0.45706  -0.40701
   8250.  1.00  -1.37979  -1.23897  -1.01712  -0.89175  -0.78048  -0.51543  -0.43691
   8250.  1.50  -1.30400  -1.18387  -0.99329  -0.88237  -0.78310  -0.53045  -0.44844
   8250.  2.00  -1.30265  -1.18067  -0.99308  -0.88256  -0.78351  -0.52839  -0.45121
   8250.  2.50  -1.32496  -1.19337  -0.99932  -0.88564  -0.78368  -0.52184  -0.45140
   8250.  3.00  -1.36012  -1.21581  -1.01075  -0.89202  -0.78564  -0.51418  -0.45079
   8250.  3.50  -1.40484  -1.24621  -1.02689  -0.90174  -0.78986  -0.50670  -0.44978
   8250.  4.00  -1.46099  -1.28466  -1.04442  -0.91109  -0.79224  -0.49721  -0.44568
   8250.  4.50  -1.52246  -1.33129  -1.07172  -0.92924  -0.80307  -0.49328  -0.44545
   8250.  5.00  -1.58484  -1.38287  -1.10797  -0.95659  -0.82367  -0.49787  -0.45169
   8500.  1.50  -1.34509  -1.22622  -1.03519  -0.92554  -0.82717  -0.58190  -0.50369
   8500.  2.00  -1.32452  -1.20875  -1.02729  -0.92169  -0.82657  -0.58352  -0.50821
   8500.  2.50  -1.33649  -1.21328  -1.02877  -0.92197  -0.82550  -0.57851  -0.50931
   8500.  3.00  -1.36393  -1.22905  -1.03578  -0.92550  -0.82576  -0.57135  -0.50902
   8500.  3.50  -1.40130  -1.25304  -1.04769  -0.93240  -0.82815  -0.56371  -0.50795
   8500.  4.00  -1.44738  -1.28431  -1.06335  -0.94164  -0.83175  -0.55565  -0.50558
   8500.  4.50  -1.50216  -1.32186  -1.07951  -0.94971  -0.83286  -0.54477  -0.49939
   8500.  5.00  -1.56216  -1.36869  -1.10842  -0.96978  -0.84584  -0.54247  -0.49974
   8750.  1.50  -1.39753  -1.27933  -1.08673  -0.97662  -0.87782  -0.63559  -0.56200
   8750.  2.00  -1.35833  -1.24723  -1.06961  -0.96709  -0.87448  -0.63972  -0.56665
   8750.  2.50  -1.35920  -1.24343  -1.06644  -0.96469  -0.87239  -0.63655  -0.56858
   8750.  3.00  -1.37881  -1.25275  -1.06932  -0.96552  -0.87104  -0.63012  -0.56875
   8750.  3.50  -1.40986  -1.27081  -1.07688  -0.96939  -0.87134  -0.62247  -0.56789
   8750.  4.00  -1.44929  -1.29606  -1.08874  -0.97623  -0.87354  -0.61439  -0.56590
   8750.  4.50  -1.49678  -1.32766  -1.10247  -0.98342  -0.87483  -0.60433  -0.56080
   8750.  5.00  -1.54892  -1.36403  -1.11827  -0.99142  -0.87608  -0.59324  -0.55326
   9000.  1.50  -1.45402  -1.33671  -1.14318  -1.03236  -0.93300  -0.69247  -0.62390
   9000.  2.00  -1.40141  -1.29354  -1.11806  -1.01725  -0.92606  -0.69717  -0.62691
   9000.  2.50  -1.39219  -1.28222  -1.11057  -1.01232  -0.92297  -0.69567  -0.62934
   9000.  3.00  -1.40400  -1.28532  -1.10965  -1.01076  -0.92036  -0.69016  -0.63004
   9000.  3.50  -1.42871  -1.29771  -1.11321  -1.01186  -0.91882  -0.68264  -0.62931
   9000.  4.00  -1.46249  -1.31749  -1.12098  -1.01585  -0.91902  -0.67434  -0.62729
   9000.  4.50  -1.50386  -1.34419  -1.13284  -1.02257  -0.92092  -0.66558  -0.62357
   9000.  5.00  -1.54941  -1.37384  -1.14288  -1.02596  -0.91822  -0.65201  -0.61398
   9250.  2.00  -1.44923  -1.34393  -1.17005  -1.07037  -0.98013  -0.75566  -0.68855
   9250.  2.50  -1.43242  -1.32692  -1.15915  -1.06342  -0.97621  -0.75562  -0.69129
   9250.  3.00  -1.43760  -1.32500  -1.15532  -1.06009  -0.97281  -0.75106  -0.69231
   9250.  3.50  -1.45610  -1.33233  -1.15562  -1.05900  -0.96992  -0.74383  -0.69157
   9250.  4.00  -1.48396  -1.34684  -1.15963  -1.06028  -0.96822  -0.73532  -0.68934
   9250.  4.50  -1.51987  -1.36834  -1.16771  -1.06438  -0.96829  -0.72633  -0.68575
   9250.  5.00  -1.56173  -1.39516  -1.17794  -1.06935  -0.96822  -0.71568  -0.67926
   9500.  2.00  -1.49877  -1.39587  -1.22358  -1.12488  -1.03548  -0.81464  -0.75070
   9500.  2.50  -1.47685  -1.37517  -1.21056  -1.11676  -1.03121  -0.81579  -0.75354
   9500.  3.00  -1.47689  -1.36968  -1.20493  -1.11250  -1.02767  -0.81249  -0.75503
   9500.  3.50  -1.49011  -1.37299  -1.20287  -1.10991  -1.02400  -0.80592  -0.75459
   9500.  4.00  -1.51265  -1.38281  -1.20358  -1.10879  -1.02060  -0.79731  -0.75233
   9500.  4.50  -1.54341  -1.39922  -1.20770  -1.11000  -1.01855  -0.78789  -0.74863
   9500.  5.00  -1.58140  -1.42213  -1.21538  -1.11359  -1.01791  -0.77782  -0.74302
   9750.  2.00  -1.54859  -1.44795  -1.27736  -1.17968  -1.09115  -0.87371  -0.81288
   9750.  2.50  -1.52360  -1.42512  -1.26318  -1.17098  -1.08682  -0.87586  -0.81589
   9750.  3.00  -1.52003  -1.41727  -1.25651  -1.16634  -1.08349  -0.87389  -0.81795
   9750.  3.50  -1.52921  -1.41769  -1.25296  -1.16292  -1.07958  -0.86829  -0.81808
   9750.  4.00  -1.54744  -1.42395  -1.25133  -1.16021  -1.07519  -0.85993  -0.81604
   9750.  4.50  -1.57343  -1.43593  -1.25218  -1.15898  -1.07132  -0.85008  -0.81207
   9750.  5.00  -1.60681  -1.45423  -1.25631  -1.16005  -1.06891  -0.83971  -0.80637
  10000.  2.00  -1.59812  -1.49969  -1.33090  -1.23429  -1.14668  -0.93254  -0.87466
  10000.  2.50  -1.57136  -1.47572  -1.31621  -1.22544  -1.14253  -0.93557  -0.87792
  10000.  3.00  -1.56544  -1.46645  -1.30904  -1.22078  -1.13962  -0.93491  -0.88062
  10000.  3.50  -1.57163  -1.46488  -1.30467  -1.21708  -1.13591  -0.93042  -0.88144
  10000.  4.00  -1.58646  -1.46859  -1.30163  -1.21353  -1.13117  -0.92270  -0.87982
  10000.  4.50  -1.60846  -1.47718  -1.30023  -1.21070  -1.12623  -0.91284  -0.87574
  10000.  5.00  -1.63718  -1.49117  -1.30118  -1.20939  -1.12202  -0.90195  -0.86964
  10250.  2.00  -1.64709  -1.55081  -1.38390  -1.28842  -1.20176  -0.99088  -0.93576
  10250.  2.50  -1.61941  -1.52636  -1.36912  -1.27971  -1.19797  -0.99472  -0.93939
  10250.  3.00  -1.61207  -1.51640  -1.36196  -1.27537  -1.19569  -0.99525  -0.94270
  10250.  3.50  -1.61613  -1.51361  -1.35730  -1.27177  -1.19246  -0.99193  -0.94418
  10250.  4.00  -1.62822  -1.51553  -1.35355  -1.26797  -1.18789  -0.98512  -0.94309
  10250.  4.50  -1.64700  -1.52164  -1.35078  -1.26426  -1.18249  -0.97570  -0.93934
  10250.  5.00  -1.67154  -1.53193  -1.34913  -1.26096  -1.17677  -0.96439  -0.93302
  10500.  2.00  -1.69547  -1.60130  -1.43632  -1.34200  -1.25632  -1.04864  -0.99607
  10500.  2.50  -1.66729  -1.57664  -1.42162  -1.33352  -1.25292  -1.05320  -1.00013
  10500.  3.00  -1.65918  -1.56645  -1.41470  -1.32965  -1.25131  -1.05480  -1.00406
  10500.  3.50  -1.66187  -1.56304  -1.41012  -1.32640  -1.24871  -1.05262  -1.00617
  10500.  4.00  -1.67190  -1.56374  -1.40607  -1.32265  -1.24453  -1.04683  -1.00572
  10500.  4.50  -1.68818  -1.56809  -1.40247  -1.31851  -1.23906  -1.03807  -1.00254
  10500.  5.00  -1.70959  -1.57564  -1.39901  -1.31392  -1.23245  -1.02678  -0.99637
  10750.  2.00  -1.74334  -1.65124  -1.48818  -1.39505  -1.31038  -1.10579  -1.05561
  10750.  2.50  -1.71486  -1.62652  -1.47366  -1.38684  -1.30735  -1.11098  -1.06008
  10750.  3.00  -1.70646  -1.61641  -1.46716  -1.38351  -1.30643  -1.11352  -1.06459
  10750.  3.50  -1.70822  -1.61273  -1.46288  -1.38078  -1.30455  -1.11242  -1.06731
  10750.  4.00  -1.71675  -1.61271  -1.45885  -1.37730  -1.30090  -1.10768  -1.06752
  10750.  4.50  -1.73091  -1.61570  -1.45479  -1.37305  -1.29564  -1.09975  -1.06499
  10750.  5.00  -1.74979  -1.62123  -1.45023  -1.36776  -1.28870  -1.08886  -1.05922
  11000.  2.00  -1.79062  -1.70056  -1.53945  -1.44752  -1.36386  -1.16233  -1.11435
  11000.  2.50  -1.76197  -1.67585  -1.52512  -1.43958  -1.36120  -1.16807  -1.11922
  11000.  3.00  -1.75348  -1.66595  -1.51908  -1.43679  -1.36090  -1.17143  -1.12429
  11000.  3.50  -1.75480  -1.66228  -1.51520  -1.43460  -1.35972  -1.17130  -1.12759
  11000.  4.00  -1.76221  -1.66179  -1.51133  -1.43148  -1.35663  -1.16752  -1.12842
  11000.  4.50  -1.77489  -1.66397  -1.50717  -1.42739  -1.35178  -1.16051  -1.12658
  11000.  5.00  -1.79185  -1.66812  -1.50204  -1.42185  -1.34488  -1.15028  -1.12136
  11250.  2.00  -1.83743  -1.74936  -1.59019  -1.49946  -1.41682  -1.21825  -1.17233
  11250.  2.50  -1.80860  -1.72464  -1.57603  -1.49174  -1.41446  -1.22445  -1.17754
  11250.  3.00  -1.80022  -1.71508  -1.57049  -1.48951  -1.41478  -1.22855  -1.18313
  11250.  3.50  -1.80132  -1.71156  -1.56706  -1.48786  -1.41423  -1.22926  -1.18698
  11250.  4.00  -1.80800  -1.71088  -1.56348  -1.48517  -1.41174  -1.22638  -1.18835
  11250.  4.50  -1.81955  -1.71254  -1.55943  -1.48138  -1.40740  -1.22029  -1.18714
  11250.  5.00  -1.83479  -1.71566  -1.55411  -1.47592  -1.40083  -1.21088  -1.18256
  11500.  2.00  -1.88371  -1.79759  -1.64034  -1.55080  -1.46918  -1.27354  -1.22954
  11500.  2.50  -1.85471  -1.77285  -1.62633  -1.54330  -1.46710  -1.28014  -1.23506
  11500.  3.00  -1.84651  -1.76363  -1.62127  -1.54157  -1.46797  -1.28488  -1.24113
  11500.  3.50  -1.84761  -1.76038  -1.61832  -1.54045  -1.46803  -1.28633  -1.24546
  11500.  4.00  -1.85384  -1.75969  -1.61510  -1.53822  -1.46611  -1.28423  -1.24731
  11500.  4.50  -1.86458  -1.76111  -1.61131  -1.53484  -1.46233  -1.27902  -1.24667
  11500.  5.00  -1.87837  -1.76348  -1.60600  -1.52960  -1.45620  -1.27045  -1.24269
  11750.  2.00  -1.92944  -1.84523  -1.68989  -1.60155  -1.52095  -1.32819  -1.28600
  11750.  2.50  -1.90030  -1.82050  -1.67604  -1.59425  -1.51914  -1.33514  -1.29178
  11750.  3.00  -1.89233  -1.81165  -1.67145  -1.59301  -1.52052  -1.34046  -1.29831
  11750.  3.50  -1.89357  -1.80873  -1.66899  -1.59240  -1.52113  -1.34255  -1.30308
  11750.  4.00  -1.89951  -1.80812  -1.66613  -1.59061  -1.51973  -1.34115  -1.30535
  11750.  4.50  -1.90963  -1.80943  -1.66268  -1.58766  -1.51651  -1.33670  -1.30516
  11750.  5.00  -1.92224  -1.81128  -1.65750  -1.58271  -1.51086  -1.32896  -1.30180
  12000.  2.50  -1.94536  -1.86757  -1.72514  -1.64458  -1.57054  -1.38945  -1.34770
  12000.  3.00  -1.93771  -1.85913  -1.72104  -1.64382  -1.57241  -1.39527  -1.35463
  12000.  3.50  -1.93917  -1.85660  -1.71906  -1.64370  -1.57354  -1.39796  -1.35984
  12000.  4.00  -1.94495  -1.85609  -1.71654  -1.64230  -1.57259  -1.39716  -1.36251
  12000.  4.50  -1.95472  -1.85744  -1.71341  -1.63974  -1.56985  -1.39337  -1.36272
  12000.  5.00  -1.96632  -1.85885  -1.70840  -1.63511  -1.56466  -1.38640  -1.35991
  12250.  2.50  -1.98981  -1.91397  -1.77357  -1.69425  -1.62128  -1.44305  -1.40283
  12250.  3.00  -1.98250  -1.90599  -1.76998  -1.69398  -1.62366  -1.44937  -1.41017
  12250.  3.50  -1.98425  -1.90388  -1.76849  -1.69434  -1.62527  -1.45257  -1.41576
  12250.  4.00  -1.98999  -1.90357  -1.76635  -1.69333  -1.62474  -1.45229  -1.41875
  12250.  4.50  -1.99949  -1.90498  -1.76354  -1.69114  -1.62243  -1.44907  -1.41930
  12250.  5.00  -2.01034  -1.90615  -1.75877  -1.68684  -1.61771  -1.44279  -1.41696
  12500.  2.50  -2.03370  -1.95979  -1.82138  -1.74328  -1.67137  -1.49593  -1.45716
  12500.  3.00  -2.02672  -1.95222  -1.81828  -1.74348  -1.67422  -1.50273  -1.46489
  12500.  3.50  -2.02880  -1.95053  -1.81726  -1.74429  -1.67627  -1.50637  -1.47082
  12500.  4.00  -2.03462  -1.95046  -1.81546  -1.74363  -1.67613  -1.50654  -1.47410
  12500.  4.50  -2.04395  -1.95196  -1.81294  -1.74176  -1.67418  -1.50383  -1.47499
  12500.  5.00  -2.05429  -1.95303  -1.80841  -1.73777  -1.66986  -1.49813  -1.47301
  12750.  2.50  -2.07702  -2.00499  -1.86853  -1.79162  -1.72076  -1.54807  -1.51067
  12750.  3.00  -2.07042  -1.99787  -1.86594  -1.79232  -1.72412  -1.55533  -1.51880
  12750.  3.50  -2.07280  -1.99657  -1.86534  -1.79354  -1.72657  -1.55938  -1.52503
  12750.  4.00  -2.07874  -1.99678  -1.86392  -1.79324  -1.72680  -1.55996  -1.52859
  12750.  4.50  -2.08797  -1.99841  -1.86171  -1.79169  -1.72521  -1.55770  -1.52975
  12750.  5.00  -2.09785  -1.99944  -1.85747  -1.78804  -1.72129  -1.55254  -1.52810
  13000.  2.50  -2.11969  -2.04948  -1.91495  -1.83922  -1.76940  -1.59942  -1.56333
  13000.  3.00  -2.11350  -2.04287  -1.91293  -1.84049  -1.77334  -1.60722  -1.57192
  13000.  3.50  -2.11622  -2.04198  -1.91276  -1.84211  -1.77618  -1.61166  -1.57846
  13000.  4.00  -2.12232  -2.04248  -1.91170  -1.84216  -1.77675  -1.61260  -1.58228
  13000.  4.50  -2.13158  -2.04430  -1.90977  -1.84089  -1.77545  -1.61070  -1.58368
  13000.  5.00  -2.14118  -2.04532  -1.90577  -1.83749  -1.77184  -1.60596  -1.58226
  14000.  2.00  -2.31726  -2.24760  -2.10665  -2.02770  -1.95511  -1.78514  -1.75549
  14000.  2.50  -2.28425  -2.22089  -2.09359  -2.02238  -1.95653  -1.79687  -1.76548
  14000.  3.00  -2.27989  -2.21645  -2.09406  -2.02615  -1.96304  -1.80712  -1.77628
  14000.  3.50  -2.28415  -2.21738  -2.09586  -2.02962  -1.96769  -1.81321  -1.78415
  14000.  4.00  -2.29114  -2.21912  -2.09618  -2.03098  -1.96952  -1.81538  -1.78886
  14000.  4.50  -2.30037  -2.22150  -2.09520  -2.03061  -1.96915  -1.81458  -1.79092
  14000.  5.00  -2.30966  -2.22292  -2.09209  -2.02811  -1.96651  -1.81109  -1.79033
  15000.  2.50  -2.43917  -2.38194  -2.26105  -2.19389  -2.13163  -1.98133  -1.95399
  15000.  3.00  -2.43647  -2.37959  -2.26414  -2.20043  -2.14109  -1.99459  -1.96757
  15000.  3.50  -2.44269  -2.38272  -2.26829  -2.20618  -2.14799  -2.00277  -1.97728
  15000.  4.00  -2.45094  -2.38597  -2.27022  -2.20903  -2.15129  -2.00629  -1.98306
  15000.  4.50  -2.46059  -2.38913  -2.27022  -2.20959  -2.15181  -2.00640  -1.98577
  15000.  5.00  -2.47001  -2.39110  -2.26787  -2.20778  -2.14983  -2.00367  -1.98566
  16000.  2.50  -2.58507  -2.53333  -2.41800  -2.35436  -2.29523  -2.15323  -2.12946
  16000.  3.00  -2.58367  -2.53275  -2.42360  -2.36369  -2.30781  -2.16996  -2.14629
  16000.  3.50  -2.59185  -2.53813  -2.43024  -2.37196  -2.31729  -2.18063  -2.15827
  16000.  4.00  -2.60162  -2.54313  -2.43405  -2.37663  -2.32236  -2.18579  -2.16542
  16000.  4.50  -2.61203  -2.54733  -2.43525  -2.37830  -2.32398  -2.18696  -2.16895
  16000.  5.00  -2.62176  -2.54998  -2.43373  -2.37725  -2.32272  -2.18496  -2.16933
  17000.  2.50  -2.72285  -2.67603  -2.56553  -2.50488  -2.44845  -2.31364  -2.29304
  17000.  3.00  -2.72208  -2.67658  -2.57306  -2.51658  -2.46381  -2.33376  -2.31310
  17000.  3.50  -2.73223  -2.68422  -2.58228  -2.52751  -2.47606  -2.34727  -2.32769
  17000.  4.00  -2.74362  -2.69109  -2.58812  -2.53418  -2.48315  -2.35440  -2.33660
  17000.  4.50  -2.75493  -2.69648  -2.59069  -2.53720  -2.48612  -2.35684  -2.34113
  17000.  5.00  -2.76529  -2.70002  -2.59018  -2.53707  -2.48575  -2.35568  -2.34214
  18000.  2.50  -2.85326  -2.81089  -2.70458  -2.64650  -2.59239  -2.46386  -2.44608
  18000.  3.00  -2.85252  -2.81203  -2.71358  -2.66011  -2.61012  -2.48704  -2.46907
  18000.  3.50  -2.86445  -2.82171  -2.72518  -2.67355  -2.62503  -2.50339  -2.48633
  18000.  4.00  -2.87748  -2.83044  -2.73308  -2.68232  -2.63427  -2.51270  -2.49720
  18000.  4.50  -2.88980  -2.83710  -2.73710  -2.68680  -2.63873  -2.51662  -2.50299
  18000.  5.00  -2.90084  -2.84159  -2.73771  -2.68774  -2.63943  -2.51651  -2.50486
  19000.  2.50  -2.97670  -2.93838  -2.83575  -2.77990  -2.72784  -2.60484  -2.58956
  19000.  3.00  -2.97563  -2.93979  -2.84597  -2.79520  -2.74772  -2.63101  -2.61543
  19000.  3.50  -2.98921  -2.95136  -2.85977  -2.81096  -2.76508  -2.64990  -2.63512
  19000.  4.00  -3.00378  -2.96185  -2.86962  -2.82174  -2.77641  -2.66138  -2.64797
  19000.  4.50  -3.01718  -2.96984  -2.87516  -2.82777  -2.78246  -2.66696  -2.65525
  19000.  5.00  -3.02895  -2.97532  -2.87690  -2.82984  -2.78432  -2.66802  -2.65808
  20000.  3.00  -3.09201  -3.06050  -2.97100  -2.92274  -2.87762  -2.76679  -2.75336
  20000.  3.50  -3.10721  -3.07393  -2.98691  -2.94069  -2.89726  -2.78808  -2.77531
  20000.  4.00  -3.12323  -3.08607  -2.99859  -2.95332  -2.91047  -2.80146  -2.78993
  20000.  4.50  -3.13763  -3.09529  -3.00556  -2.96080  -2.91806  -2.80860  -2.79861
  20000.  5.00  -3.15006  -3.10169  -3.00839  -2.96399  -2.92106  -2.81086  -2.80251
  21000.  3.00  -3.20169  -3.17426  -3.08881  -3.04293  -3.00002  -2.89468  -2.88318
  21000.  3.50  -3.21895  -3.18996  -3.10726  -3.06346  -3.02234  -2.91879  -2.90786
  21000.  4.00  -3.23639  -3.20374  -3.12071  -3.07785  -3.03733  -2.93391  -2.92408
  21000.  4.50  -3.25174  -3.21413  -3.12899  -3.08667  -3.04626  -2.94241  -2.93398
  21000.  5.00  -3.26474  -3.22134  -3.13280  -3.09085  -3.05032  -2.94577  -2.93885
  22000.  3.00  -3.30458  -3.28102  -3.19939  -3.15573  -3.11492  -3.01472  -3.00499
  22000.  3.50  -3.32467  -3.29975  -3.22115  -3.17966  -3.14074  -3.04251  -3.03326
  22000.  4.00  -3.34377  -3.31535  -3.23654  -3.19597  -3.15767  -3.05958  -3.05130
  22000.  4.50  -3.36004  -3.32688  -3.24608  -3.20602  -3.16784  -3.06930  -3.06230
  22000.  5.00  -3.37355  -3.33484  -3.25080  -3.21112  -3.17283  -3.07356  -3.06794
  23000.  3.00  -3.40016  -3.38029  -3.30232  -3.26078  -3.22197  -3.12665  -3.11854
  23000.  3.50  -3.42436  -3.40331  -3.32863  -3.28936  -3.25255  -3.15936  -3.15165
  23000.  4.00  -3.44556  -3.42115  -3.34636  -3.30799  -3.27181  -3.17879  -3.17197
  23000.  4.50  -3.46297  -3.43401  -3.35735  -3.31946  -3.28339  -3.18994  -3.18426
  23000.  5.00  -3.47693  -3.44267  -3.36290  -3.32537  -3.28920  -3.19501  -3.19059
  24000.  3.00  -3.48716  -3.47081  -3.39627  -3.35677  -3.31991  -3.22939  -3.22282
  24000.  3.50  -3.51789  -3.50057  -3.42968  -3.39252  -3.35776  -3.26941  -3.26311
  24000.  4.00  -3.54179  -3.52121  -3.45029  -3.41404  -3.37990  -3.29172  -3.28625
  24000.  4.50  -3.56056  -3.53560  -3.46290  -3.42709  -3.39305  -3.30445  -3.30003
  24000.  5.00  -3.57513  -3.54508  -3.46942  -3.43395  -3.39982  -3.31053  -3.30725
  25000.  3.00  -3.56323  -3.54999  -3.47830  -3.44064  -3.40551  -3.31970  -3.31466
  25000.  3.50  -3.60476  -3.59105  -3.52383  -3.48874  -3.45596  -3.37232  -3.36737
  25000.  4.00  -3.63233  -3.61544  -3.54825  -3.51403  -3.48186  -3.39836  -3.39414
  25000.  4.50  -3.65291  -3.63176  -3.56287  -3.52907  -3.49700  -3.41307  -3.40982
  25000.  5.00  -3.66819  -3.64214  -3.57040  -3.53693  -3.50477  -3.42018  -3.41799
  26000.  3.00  -3.62705  -3.61581  -3.54543  -3.50847  -3.47417  -3.39106  -3.38745
  26000.  3.50  -3.68411  -3.67389  -3.61025  -3.57719  -3.54639  -3.46743  -3.46375
  26000.  4.00  -3.71700  -3.70367  -3.64010  -3.60785  -3.57761  -3.49863  -3.49559
  26000.  4.50  -3.73980  -3.72232  -3.65711  -3.62526  -3.59510  -3.51566  -3.51352
  26000.  5.00  -3.75617  -3.73397  -3.66602  -3.63445  -3.60419  -3.52410  -3.52294
  27000.  3.50  -3.75470  -3.74776  -3.68739  -3.65624  -3.62727  -3.55283  -3.55040
  27000.  4.00  -3.79521  -3.78534  -3.72529  -3.69497  -3.66662  -3.59206  -3.59014
  27000.  4.50  -3.82104  -3.80713  -3.74547  -3.71549  -3.68718  -3.61208  -3.61097
  27000.  5.00  -3.83877  -3.82029  -3.75599  -3.72629  -3.69788  -3.62213  -3.62194
  28000.  3.50  -3.81625  -3.81218  -3.75452  -3.72480  -3.69734  -3.62656  -3.62528
  28000.  4.00  -3.86633  -3.85980  -3.80312  -3.77466  -3.74813  -3.67788  -3.67702
  28000.  4.50  -3.89626  -3.88580  -3.82759  -3.79944  -3.77294  -3.70206  -3.70193
  28000.  5.00  -3.91570  -3.90084  -3.84009  -3.81218  -3.78554  -3.71399  -3.71470
  29000.  3.50  -3.87200  -3.87010  -3.81424  -3.78518  -3.75865  -3.68979  -3.68943
  29000.  4.00  -3.92997  -3.92662  -3.87303  -3.84625  -3.82140  -3.75511  -3.75526
  29000.  4.50  -3.96505  -3.95797  -3.90311  -3.87670  -3.85194  -3.78510  -3.78590
  29000.  5.00  -3.98693  -3.97559  -3.91826  -3.89205  -3.86714  -3.79957  -3.80114
  30000.  3.50  -3.92836  -3.92787  -3.87300  -3.84386  -3.81772  -3.74922  -3.74948
  30000.  4.00  -3.98719  -3.98668  -3.93590  -3.91040  -3.88700  -3.82376  -3.82479
  30000.  4.50  -4.02738  -4.02356  -3.97181  -3.94701  -3.92387  -3.86076  -3.86241
  30000.  5.00  -4.05218  -4.04427  -3.99022  -3.96562  -3.94235  -3.87855  -3.88090
  31000.  3.50  -3.98988  -3.99004  -3.93545  -3.90566  -3.87947  -3.81029  -3.81096
  31000.  4.00  -4.04118  -4.04308  -3.99457  -3.96991  -3.94764  -3.88646  -3.88818
  31000.  4.50  -4.08430  -4.08348  -4.03452  -4.01109  -3.98935  -3.92950  -3.93189
  31000.  5.00  -4.11198  -4.10737  -4.05638  -4.03325  -4.01147  -3.95110  -3.95414
  32000.  4.00  -4.09438  -4.09811  -4.05145  -4.02720  -4.00580  -3.94580  -3.94805
  32000.  4.50  -4.13789  -4.13977  -4.09354  -4.07108  -4.05067  -3.99302  -3.99601
  32000.  5.00  -4.16770  -4.16615  -4.11792  -4.09603  -4.07558  -4.01818  -4.02181
  33000.  4.00  -4.15255  -4.15749  -4.11218  -4.08785  -4.06703  -4.00731  -4.00994
  33000.  4.50  -4.18973  -4.19387  -4.14995  -4.12820  -4.10889  -4.05289  -4.05637
  33000.  5.00  -4.22034  -4.22159  -4.17616  -4.15522  -4.13605  -4.08078  -4.08488
  34000.  4.00  -4.21678  -4.22244  -4.17805  -4.15318  -4.13258  -4.07220  -4.07507
  34000.  4.50  -4.24447  -4.25032  -4.20831  -4.18687  -4.16843  -4.11336  -4.11721
  34000.  5.00  -4.27243  -4.27607  -4.23305  -4.21284  -4.19477  -4.14115  -4.14565
  35000.  4.00  -4.28658  -4.29270  -4.24887  -4.22315  -4.20247  -4.14068  -4.14357
  35000.  4.50  -4.30397  -4.31100  -4.27050  -4.24893  -4.23108  -4.17603  -4.18015
  35000.  5.00  -4.32724  -4.33278  -4.29183  -4.27201  -4.25486  -4.20218  -4.20698
  36000.  4.00  -4.36146  -4.36799  -4.32463  -4.29808  -4.27722  -4.21388  -4.21666
  36000.  4.50  -4.36795  -4.37577  -4.33646  -4.31435  -4.29681  -4.24091  -4.24515
  36000.  5.00  -4.38557  -4.39253  -4.35333  -4.33350  -4.31704  -4.26454  -4.26956
  37000.  4.00  -4.44017  -4.44719  -4.40435  -4.37725  -4.35633  -4.29187  -4.29454
  37000.  4.50  -4.43664  -4.44505  -4.40671  -4.38387  -4.36646  -4.30924  -4.31347
  37000.  5.00  -4.44773  -4.45572  -4.41797  -4.39779  -4.38179  -4.32873  -4.33388
  38000.  4.00  -4.52091  -4.52851  -4.48625  -4.45896  -4.43812  -4.37325  -4.37589
  38000.  4.50  -4.50949  -4.51844  -4.48100  -4.45750  -4.44017  -4.38162  -4.38578
  38000.  5.00  -4.51391  -4.52266  -4.48620  -4.46545  -4.44976  -4.39562  -4.40081
  39000.  4.00  -4.60206  -4.61028  -4.56865  -4.54142  -4.52079  -4.45606  -4.45876
  39000.  4.50  -4.58532  -4.59484  -4.55826  -4.53435  -4.51716  -4.45770  -4.46182
  39000.  5.00  -4.58377  -4.59317  -4.55790  -4.53656  -4.52113  -4.46577  -4.47094
  40000.  4.50  -4.66270  -4.67282  -4.63707  -4.61300  -4.59603  -4.53620  -4.54031
  40000.  5.00  -4.65657  -4.66657  -4.63240  -4.61062  -4.59544  -4.53909  -4.54425
  41000.  4.50  -4.74035  -4.75110  -4.71620  -4.69215  -4.67548  -4.61569  -4.61986
  41000.  5.00  -4.73120  -4.74180  -4.70864  -4.68661  -4.67172  -4.61473  -4.61991
  42000.  4.50  -4.81739  -4.82879  -4.79472  -4.77084  -4.75452  -4.69506  -4.69932
  42000.  5.00  -4.80658  -4.81780  -4.78560  -4.76349  -4.74892  -4.69168  -4.69690
  43000.  4.50  -4.89331  -4.90536  -4.87209  -4.84846  -4.83250  -4.77357  -4.77794
  43000.  5.00  -4.88191  -4.89373  -4.86244  -4.84039  -4.82616  -4.76896  -4.77425
  44000.  4.50  -4.96781  -4.98050  -4.94797  -4.92464  -4.90905  -4.85075  -4.85525
  44000.  5.00  -4.95655  -4.96899  -4.93855  -4.91666  -4.90280  -4.84587  -4.85126
  45000.  4.50  -5.04073  -5.05404  -5.02221  -4.99920  -4.98397  -4.92635  -4.93098
  45000.  5.00  -5.03015  -5.04319  -5.01354  -4.99189  -4.97839  -4.92190  -4.92740
  46000.  4.50  -5.11205  -5.12595  -5.09477  -5.07209  -5.05721  -5.00029  -5.00506
  46000.  5.00  -5.10241  -5.11605  -5.08718  -5.06579  -5.05267  -4.99670  -5.00232
  47000.  4.50  -5.18176  -5.19627  -5.16566  -5.14332  -5.12874  -5.07256  -5.07744
  47000.  5.00  -5.17324  -5.18747  -5.15933  -5.13822  -5.12546  -5.07006  -5.07582
  48000.  4.50  -5.24994  -5.26502  -5.23495  -5.21292  -5.19864  -5.14318  -5.14817
  48000.  5.00  -5.24255  -5.25734  -5.22989  -5.20907  -5.19666  -5.14188  -5.14777
  49000.  4.50  -5.31662  -5.33226  -5.30265  -5.28096  -5.26693  -5.21221  -5.21730
  49000.  5.00  -5.31040  -5.32574  -5.29890  -5.27838  -5.26630  -5.21216  -5.21817
  50000.  5.00  -5.37674  -5.39264  -5.36638  -5.34616  -5.33438  -5.28089  -5.28701
