   3500.  0.00  -3.924  -3.045  -2.161  -1.549  -1.200   0.097   0.305
   3500.  0.50  -3.828  -3.026  -2.205  -1.611  -1.275   0.087   0.301
   3500.  1.00  -3.734  -3.004  -2.242  -1.660  -1.334   0.084   0.305
   3500.  1.50  -3.625  -2.965  -2.256  -1.684  -1.367   0.094   0.319
   3500.  2.00  -3.500  -2.904  -2.242  -1.681  -1.371   0.117   0.345
   3500.  2.50  -3.356  -2.816  -2.194  -1.644  -1.340   0.157   0.384
   3500.  3.00  -3.201  -2.706  -2.113  -1.575  -1.275   0.213   0.438
   3500.  3.50  -3.046  -2.577  -1.993  -1.464  -1.164   0.290   0.509
   3500.  4.00  -2.901  -2.435  -1.835  -1.306  -1.000   0.385   0.595
   3500.  4.50  -2.795  -2.319  -1.684  -1.145  -0.828   0.462   0.661
   3500.  5.00  -2.763  -2.267  -1.589  -1.028  -0.695   0.510   0.698
   3750.  0.00  -3.178  -2.306  -1.397  -0.841  -0.490   0.349   0.492
   3750.  0.50  -3.092  -2.283  -1.410  -0.864  -0.518   0.342   0.487
   3750.  1.00  -3.021  -2.270  -1.432  -0.894  -0.553   0.337   0.486
   3750.  1.50  -2.952  -2.258  -1.457  -0.925  -0.589   0.336   0.488
   3750.  2.00  -2.882  -2.241  -1.478  -0.954  -0.623   0.338   0.495
   3750.  2.50  -2.809  -2.218  -1.491  -0.974  -0.648   0.347   0.507
   3750.  3.00  -2.729  -2.183  -1.491  -0.980  -0.659   0.363   0.527
   3750.  3.50  -2.650  -2.138  -1.471  -0.964  -0.646   0.393   0.558
   3750.  4.00  -2.581  -2.085  -1.421  -0.911  -0.591   0.446   0.609
   3750.  4.50  -2.508  -2.014  -1.341  -0.823  -0.499   0.507   0.665
   3750.  5.00  -2.458  -1.961  -1.272  -0.743  -0.411   0.556   0.709
   4000.  0.00  -2.640  -1.810  -0.973  -0.496  -0.173   0.491   0.604
   4000.  0.50  -2.559  -1.782  -0.973  -0.503  -0.183   0.484   0.597
   4000.  1.00  -2.495  -1.768  -0.982  -0.513  -0.195   0.480   0.594
   4000.  1.50  -2.442  -1.761  -0.995  -0.526  -0.208   0.477   0.591
   4000.  2.00  -2.390  -1.755  -1.009  -0.540  -0.222   0.476   0.591
   4000.  2.50  -2.345  -1.752  -1.026  -0.554  -0.236   0.475   0.592
   4000.  3.00  -2.305  -1.749  -1.041  -0.569  -0.251   0.478   0.597
   4000.  3.50  -2.271  -1.747  -1.055  -0.580  -0.262   0.486   0.607
   4000.  4.00  -2.244  -1.742  -1.059  -0.579  -0.258   0.507   0.630
   4000.  4.50  -2.222  -1.727  -1.041  -0.551  -0.227   0.548   0.671
   4000.  5.00  -2.194  -1.701  -1.008  -0.508  -0.180   0.592   0.713
   4250.  0.00  -2.224  -1.458  -0.693  -0.278   0.018   0.587   0.681
   4250.  0.50  -2.148  -1.426  -0.687  -0.282   0.009   0.578   0.672
   4250.  1.00  -2.089  -1.407  -0.691  -0.289  -0.000   0.572   0.667
   4250.  1.50  -2.040  -1.397  -0.699  -0.297  -0.010   0.569   0.663
   4250.  2.00  -1.995  -1.391  -0.709  -0.306  -0.018   0.566   0.660
   4250.  2.50  -1.956  -1.388  -0.721  -0.315  -0.026   0.564   0.658
   4250.  3.00  -1.928  -1.392  -0.735  -0.323  -0.031   0.563   0.657
   4250.  3.50  -1.910  -1.401  -0.751  -0.332  -0.036   0.564   0.659
   4250.  4.00  -1.904  -1.416  -0.768  -0.340  -0.039   0.570   0.665
   4250.  4.50  -1.906  -1.432  -0.781  -0.340  -0.034   0.585   0.681
   4250.  5.00  -1.915  -1.443  -0.783  -0.328  -0.015   0.616   0.713
   4500.  0.00  -1.892  -1.200  -0.497  -0.124   0.151   0.658   0.737
   4500.  0.50  -1.825  -1.167  -0.489  -0.127   0.143   0.646   0.726
   4500.  1.00  -1.774  -1.148  -0.489  -0.133   0.133   0.638   0.718
   4500.  1.50  -1.734  -1.136  -0.494  -0.140   0.124   0.633   0.713
   4500.  2.00  -1.697  -1.129  -0.502  -0.148   0.115   0.629   0.709
   4500.  2.50  -1.662  -1.124  -0.511  -0.156   0.107   0.626   0.706
   4500.  3.00  -1.635  -1.125  -0.522  -0.164   0.102   0.624   0.704
   4500.  3.50  -1.617  -1.131  -0.535  -0.170   0.099   0.624   0.704
   4500.  4.00  -1.609  -1.144  -0.550  -0.177   0.098   0.626   0.706
   4500.  4.50  -1.612  -1.164  -0.567  -0.182   0.099   0.631   0.712
   4500.  5.00  -1.625  -1.188  -0.583  -0.184   0.104   0.644   0.724
   4750.  0.00  -1.602  -0.988  -0.350  -0.013   0.243   0.708   0.774
   4750.  0.50  -1.546  -0.960  -0.343  -0.016   0.234   0.694   0.761
   4750.  1.00  -1.505  -0.942  -0.341  -0.021   0.226   0.684   0.752
   4750.  1.50  -1.473  -0.932  -0.344  -0.027   0.217   0.677   0.745
   4750.  2.00  -1.446  -0.925  -0.349  -0.034   0.209   0.671   0.740
   4750.  2.50  -1.420  -0.920  -0.355  -0.041   0.201   0.666   0.735
   4750.  3.00  -1.397  -0.917  -0.362  -0.047   0.195   0.662   0.732
   4750.  3.50  -1.380  -0.918  -0.371  -0.053   0.191   0.661   0.730
   4750.  4.00  -1.369  -0.925  -0.381  -0.058   0.189   0.662   0.731
   4750.  4.50  -1.366  -0.937  -0.395  -0.063   0.190   0.665   0.734
   4750.  5.00  -1.371  -0.956  -0.410  -0.066   0.193   0.671   0.740
   5000.  0.00  -1.334  -0.800  -0.230   0.070   0.304   0.734   0.792
   5000.  0.50  -1.292  -0.781  -0.227   0.065   0.295   0.720   0.778
   5000.  1.00  -1.260  -0.768  -0.228   0.060   0.286   0.709   0.767
   5000.  1.50  -1.236  -0.760  -0.231   0.053   0.278   0.700   0.759
   5000.  2.00  -1.218  -0.756  -0.236   0.047   0.270   0.693   0.752
   5000.  2.50  -1.202  -0.753  -0.241   0.041   0.263   0.687   0.747
   5000.  3.00  -1.188  -0.751  -0.246   0.035   0.257   0.682   0.742
   5000.  3.50  -1.177  -0.751  -0.251   0.031   0.253   0.679   0.739
   5000.  4.00  -1.168  -0.753  -0.257   0.027   0.251   0.678   0.738
   5000.  4.50  -1.163  -0.759  -0.264   0.025   0.251   0.680   0.740
   5000.  5.00  -1.163  -0.769  -0.274   0.022   0.254   0.685   0.744
   5250.  0.00  -1.082  -0.627  -0.128   0.134   0.345   0.736   0.788
   5250.  0.50  -1.057  -0.618  -0.131   0.126   0.335   0.724   0.775
   5250.  1.00  -1.037  -0.613  -0.136   0.119   0.325   0.713   0.764
   5250.  1.50  -1.023  -0.611  -0.142   0.112   0.316   0.704   0.756
   5250.  2.00  -1.013  -0.612  -0.148   0.104   0.308   0.697   0.748
   5250.  2.50  -1.006  -0.613  -0.154   0.098   0.301   0.690   0.742
   5250.  3.00  -1.001  -0.615  -0.159   0.092   0.295   0.685   0.738
   5250.  3.50  -0.997  -0.616  -0.164   0.088   0.291   0.682   0.734
   5250.  4.00  -0.995  -0.618  -0.167   0.086   0.290   0.681   0.733
   5250.  4.50  -0.994  -0.622  -0.171   0.085   0.291   0.682   0.734
   5250.  5.00  -0.994  -0.627  -0.176   0.084   0.294   0.686   0.738
   5500.  0.00  -0.847  -0.469  -0.041   0.183   0.370   0.717   0.766
   5500.  0.50  -0.840  -0.472  -0.050   0.173   0.359   0.708   0.755
   5500.  1.00  -0.834  -0.476  -0.060   0.164   0.349   0.700   0.746
   5500.  1.50  -0.831  -0.480  -0.068   0.155   0.340   0.692   0.738
   5500.  2.00  -0.830  -0.486  -0.077   0.146   0.331   0.685   0.731
   5500.  2.50  -0.831  -0.493  -0.086   0.138   0.323   0.679   0.725
   5500.  3.00  -0.833  -0.499  -0.093   0.132   0.317   0.674   0.720
   5500.  3.50  -0.837  -0.504  -0.099   0.127   0.313   0.671   0.717
   5500.  4.00  -0.842  -0.509  -0.102   0.124   0.311   0.670   0.716
   5500.  4.50  -0.846  -0.513  -0.105   0.124   0.312   0.671   0.716
   5500.  5.00  -0.850  -0.517  -0.106   0.125   0.315   0.674   0.720
   5750.  0.00  -0.640  -0.331   0.030   0.219   0.381   0.682   0.729
   5750.  0.50  -0.648  -0.343   0.016   0.207   0.371   0.678   0.722
   5750.  1.00  -0.653  -0.355   0.003   0.197   0.361   0.673   0.715
   5750.  1.50  -0.660  -0.366  -0.009   0.186   0.352   0.667   0.709
   5750.  2.00  -0.667  -0.378  -0.020   0.176   0.343   0.662   0.703
   5750.  2.50  -0.677  -0.389  -0.031   0.167   0.334   0.657   0.697
   5750.  3.00  -0.687  -0.400  -0.041   0.159   0.327   0.653   0.693
   5750.  3.50  -0.697  -0.410  -0.049   0.153   0.322   0.650   0.689
   5750.  4.00  -0.707  -0.418  -0.054   0.149   0.319   0.648   0.688
   5750.  4.50  -0.717  -0.424  -0.058   0.147   0.319   0.649   0.689
   5750.  5.00  -0.725  -0.429  -0.059   0.149   0.323   0.653   0.692
   6000.  0.00  -0.455  -0.211   0.084   0.240   0.377   0.634   0.681
   6000.  0.50  -0.479  -0.232   0.070   0.231   0.372   0.637   0.680
   6000.  1.00  -0.495  -0.249   0.055   0.220   0.364   0.636   0.676
   6000.  1.50  -0.510  -0.266   0.040   0.209   0.355   0.634   0.672
   6000.  2.00  -0.526  -0.283   0.026   0.198   0.347   0.631   0.667
   6000.  2.50  -0.542  -0.300   0.012   0.187   0.338   0.627   0.663
   6000.  3.00  -0.560  -0.316   0.000   0.177   0.330   0.624   0.659
   6000.  3.50  -0.576  -0.330  -0.010   0.169   0.323   0.621   0.655
   6000.  4.00  -0.592  -0.343  -0.019   0.163   0.319   0.619   0.654
   6000.  4.50  -0.606  -0.352  -0.024   0.160   0.318   0.620   0.654
   6000.  5.00  -0.618  -0.359  -0.026   0.160   0.320   0.623   0.657
   6250.  0.50  -0.327  -0.134   0.110   0.242   0.361   0.586   0.629
   6250.  1.00  -0.357  -0.158   0.097   0.235   0.359   0.592   0.631
   6250.  1.50  -0.380  -0.179   0.081   0.224   0.352   0.594   0.629
   6250.  2.00  -0.402  -0.201   0.065   0.213   0.344   0.593   0.627
   6250.  2.50  -0.425  -0.222   0.048   0.201   0.335   0.592   0.623
   6250.  3.00  -0.448  -0.243   0.033   0.189   0.326   0.589   0.620
   6250.  3.50  -0.471  -0.262   0.020   0.179   0.319   0.587   0.617
   6250.  4.00  -0.493  -0.279   0.008   0.171   0.313   0.585   0.615
   6250.  4.50  -0.512  -0.293  -0.000   0.165   0.309   0.585   0.615
   6250.  5.00  -0.528  -0.303  -0.005   0.164   0.310   0.588   0.617
   6500.  0.50  -0.197  -0.052   0.138   0.244   0.342   0.528   0.573
   6500.  1.00  -0.231  -0.077   0.126   0.240   0.343   0.539   0.578
   6500.  1.50  -0.266  -0.103   0.113   0.233   0.343   0.547   0.582
   6500.  2.00  -0.295  -0.128   0.097   0.222   0.337   0.551   0.582
   6500.  2.50  -0.323  -0.153   0.079   0.210   0.328   0.552   0.580
   6500.  3.00  -0.352  -0.178   0.061   0.197   0.319   0.551   0.577
   6500.  3.50  -0.381  -0.203   0.044   0.184   0.309   0.549   0.574
   6500.  4.00  -0.408  -0.225   0.029   0.173   0.301   0.547   0.572
   6500.  4.50  -0.432  -0.243   0.017   0.165   0.296   0.546   0.571
   6500.  5.00  -0.452  -0.258   0.009   0.160   0.294   0.548   0.572
   6750.  0.50  -0.096   0.011   0.159   0.242   0.321   0.471   0.516
   6750.  1.00  -0.121  -0.008   0.147   0.237   0.320   0.481   0.521
   6750.  1.50  -0.159  -0.035   0.136   0.233   0.323   0.493   0.528
   6750.  2.00  -0.200  -0.065   0.122   0.226   0.323   0.503   0.532
   6750.  2.50  -0.235  -0.093   0.104   0.215   0.317   0.507   0.533
   6750.  3.00  -0.269  -0.122   0.084   0.201   0.308   0.508   0.532
   6750.  3.50  -0.303  -0.151   0.064   0.186   0.297   0.508   0.529
   6750.  4.00  -0.335  -0.178   0.045   0.172   0.287   0.506   0.527
   6750.  4.50  -0.364  -0.201   0.029   0.161   0.279   0.505   0.525
   6750.  5.00  -0.389  -0.221   0.017   0.153   0.274   0.505   0.525
   7000.  0.50  -0.020   0.057   0.172   0.236   0.297   0.415   0.461
   7000.  1.00  -0.038   0.043   0.161   0.231   0.297   0.424   0.465
   7000.  1.50  -0.067   0.022   0.150   0.226   0.298   0.435   0.470
   7000.  2.00  -0.111  -0.008   0.138   0.222   0.301   0.448   0.478
   7000.  2.50  -0.157  -0.041   0.123   0.214   0.300   0.458   0.483
   7000.  3.00  -0.197  -0.073   0.102   0.201   0.293   0.463   0.484
   7000.  3.50  -0.236  -0.105   0.081   0.185   0.283   0.464   0.482
   7000.  4.00  -0.273  -0.136   0.059   0.169   0.271   0.463   0.480
   7000.  4.50  -0.307  -0.165   0.039   0.155   0.261   0.461   0.477
   7000.  5.00  -0.337  -0.190   0.022   0.143   0.252   0.460   0.476
   7250.  0.50   0.025   0.083   0.176   0.226   0.275   0.365   0.410
   7250.  1.00   0.024   0.080   0.168   0.220   0.271   0.368   0.409
   7250.  1.50   0.000   0.063   0.159   0.217   0.273   0.379   0.414
   7250.  2.00  -0.034   0.040   0.147   0.211   0.273   0.390   0.419
   7250.  2.50  -0.083   0.006   0.134   0.206   0.276   0.404   0.427
   7250.  3.00  -0.132  -0.030   0.116   0.197   0.274   0.414   0.432
   7250.  3.50  -0.177  -0.065   0.094   0.182   0.265   0.417   0.433
   7250.  4.00  -0.219  -0.100   0.070   0.164   0.253   0.418   0.431
   7250.  4.50  -0.258  -0.133   0.047   0.147   0.241   0.416   0.429
   7250.  5.00  -0.294  -0.163   0.026   0.132   0.230   0.415   0.427
   7500.  0.50   0.015   0.070   0.167   0.214   0.259   0.331   0.372
   7500.  1.00   0.063   0.098   0.165   0.204   0.242   0.315   0.356
   7500.  1.50   0.049   0.090   0.159   0.202   0.244   0.323   0.359
   7500.  2.00   0.020   0.072   0.150   0.199   0.246   0.335   0.363
   7500.  2.50  -0.018   0.045   0.137   0.192   0.246   0.346   0.369
   7500.  3.00  -0.072   0.008   0.123   0.186   0.248   0.360   0.377
   7500.  3.50  -0.124  -0.031   0.102   0.174   0.243   0.368   0.381
   7500.  4.00  -0.172  -0.069   0.078   0.157   0.233   0.371   0.381
   7500.  4.50  -0.216  -0.106   0.052   0.138   0.220   0.370   0.379
   7500.  5.00  -0.257  -0.140   0.028   0.120   0.207   0.369   0.377
   7750.  1.00   0.074   0.097   0.152   0.183   0.213   0.267   0.306
   7750.  1.50   0.078   0.101   0.150   0.181   0.212   0.270   0.304
   7750.  2.00   0.056   0.088   0.144   0.180   0.215   0.280   0.308
   7750.  2.50   0.023   0.068   0.135   0.175   0.216   0.291   0.313
   7750.  3.00  -0.020   0.038   0.121   0.168   0.215   0.301   0.317
   7750.  3.50  -0.076  -0.001   0.104   0.160   0.216   0.314   0.325
   7750.  4.00  -0.130  -0.042   0.082   0.146   0.209   0.321   0.328
   7750.  4.50  -0.180  -0.082   0.055   0.127   0.197   0.323   0.328
   7750.  5.00  -0.225  -0.121   0.029   0.107   0.183   0.322   0.326
   8000.  1.00   0.049   0.068   0.123   0.152   0.181   0.225   0.259
   8000.  1.50   0.087   0.097   0.131   0.154   0.176   0.217   0.250
   8000.  2.00   0.076   0.092   0.129   0.154   0.179   0.225   0.252
   8000.  2.50   0.049   0.077   0.123   0.153   0.182   0.235   0.257
   8000.  3.00   0.011   0.053   0.113   0.147   0.182   0.246   0.261
   8000.  3.50  -0.036   0.021   0.098   0.139   0.181   0.256   0.266
   8000.  4.00  -0.094  -0.021   0.080   0.129   0.180   0.267   0.273
   8000.  4.50  -0.148  -0.063   0.055   0.113   0.171   0.273   0.275
   8000.  5.00  -0.198  -0.104   0.027   0.092   0.158   0.274   0.275
   8250.  1.00  -0.009   0.009   0.071   0.105   0.138   0.184   0.210
   8250.  1.50   0.075   0.075   0.102   0.119   0.136   0.165   0.196
   8250.  2.00   0.080   0.083   0.105   0.122   0.138   0.168   0.195
   8250.  2.50   0.060   0.074   0.103   0.123   0.142   0.178   0.199
   8250.  3.00   0.028   0.055   0.096   0.121   0.145   0.189   0.203
   8250.  3.50  -0.012   0.029   0.085   0.114   0.145   0.199   0.208
   8250.  4.00  -0.063  -0.006   0.069   0.105   0.144   0.210   0.213
   8250.  4.50  -0.122  -0.049   0.049   0.094   0.141   0.220   0.220
   8250.  5.00  -0.176  -0.092   0.022   0.075   0.130   0.224   0.222
   8500.  1.50   0.043   0.038   0.062   0.077   0.092   0.114   0.141
   8500.  2.00   0.067   0.060   0.072   0.083   0.094   0.112   0.137
   8500.  2.50   0.057   0.058   0.074   0.086   0.098   0.120   0.139
   8500.  3.00   0.032   0.046   0.071   0.086   0.102   0.131   0.144
   8500.  3.50  -0.003   0.025   0.063   0.083   0.105   0.141   0.149
   8500.  4.00  -0.047  -0.003   0.050   0.076   0.104   0.151   0.153
   8500.  4.50  -0.101  -0.041   0.035   0.067   0.103   0.162   0.160
   8500.  5.00  -0.158  -0.084   0.013   0.054   0.098   0.171   0.166
   8750.  1.50  -0.000  -0.009   0.014   0.029   0.044   0.063   0.086
   8750.  2.00   0.040   0.025   0.031   0.039   0.046   0.056   0.079
   8750.  2.50   0.040   0.031   0.036   0.043   0.049   0.060   0.079
   8750.  3.00   0.022   0.025   0.036   0.045   0.054   0.070   0.083
   8750.  3.50  -0.007   0.010   0.033   0.046   0.059   0.081   0.087
   8750.  4.00  -0.045  -0.013   0.025   0.042   0.061   0.092   0.093
   8750.  4.50  -0.092  -0.044   0.012   0.034   0.059   0.102   0.098
   8750.  5.00  -0.146  -0.083  -0.004   0.026   0.060   0.114   0.107
   9000.  1.50  -0.048  -0.060  -0.038  -0.022  -0.007   0.010   0.029
   9000.  2.00   0.005  -0.015  -0.014  -0.008  -0.003   0.000   0.021
   9000.  2.50   0.013  -0.004  -0.007  -0.003  -0.001   0.001   0.018
   9000.  3.00   0.001  -0.006  -0.005  -0.000   0.003   0.009   0.020
   9000.  3.50  -0.023  -0.017  -0.005   0.001   0.008   0.019   0.025
   9000.  4.00  -0.055  -0.034  -0.009   0.001   0.012   0.030   0.030
   9000.  4.50  -0.095  -0.058  -0.018  -0.003   0.014   0.041   0.036
   9000.  5.00  -0.144  -0.091  -0.031  -0.010   0.013   0.052   0.043
   9250.  2.00  -0.036  -0.060  -0.061  -0.057  -0.053  -0.054  -0.037
   9250.  2.50  -0.021  -0.044  -0.052  -0.052  -0.052  -0.057  -0.042
   9250.  3.00  -0.028  -0.043  -0.049  -0.049  -0.050  -0.053  -0.042
   9250.  3.50  -0.048  -0.050  -0.049  -0.047  -0.045  -0.044  -0.039
   9250.  4.00  -0.076  -0.064  -0.051  -0.046  -0.040  -0.033  -0.034
   9250.  4.50  -0.111  -0.083  -0.055  -0.047  -0.037  -0.021  -0.027
   9250.  5.00  -0.153  -0.110  -0.064  -0.051  -0.035  -0.010  -0.020
   9500.  2.00  -0.079  -0.106  -0.110  -0.106  -0.104  -0.108  -0.094
   9500.  2.50  -0.059  -0.086  -0.100  -0.101  -0.104  -0.114  -0.101
   9500.  3.00  -0.062  -0.083  -0.096  -0.099  -0.103  -0.113  -0.104
   9500.  3.50  -0.079  -0.089  -0.096  -0.098  -0.100  -0.107  -0.103
   9500.  4.00  -0.103  -0.100  -0.096  -0.096  -0.095  -0.097  -0.099
   9500.  4.50  -0.135  -0.115  -0.098  -0.095  -0.090  -0.085  -0.093
   9500.  5.00  -0.173  -0.137  -0.104  -0.097  -0.087  -0.074  -0.085
   9750.  2.00  -0.123  -0.153  -0.160  -0.156  -0.155  -0.162  -0.151
   9750.  2.50  -0.099  -0.131  -0.148  -0.150  -0.155  -0.170  -0.159
   9750.  3.00  -0.100  -0.126  -0.145  -0.149  -0.156  -0.172  -0.164
   9750.  3.50  -0.114  -0.130  -0.144  -0.149  -0.154  -0.168  -0.165
   9750.  4.00  -0.136  -0.139  -0.144  -0.148  -0.151  -0.160  -0.163
   9750.  4.50  -0.165  -0.153  -0.145  -0.146  -0.146  -0.150  -0.158
   9750.  5.00  -0.199  -0.171  -0.148  -0.146  -0.142  -0.138  -0.150
  10000.  2.00  -0.167  -0.201  -0.209  -0.206  -0.206  -0.216  -0.208
  10000.  2.50  -0.142  -0.177  -0.196  -0.200  -0.206  -0.225  -0.216
  10000.  3.00  -0.140  -0.171  -0.193  -0.200  -0.208  -0.229  -0.223
  10000.  3.50  -0.151  -0.174  -0.193  -0.200  -0.208  -0.228  -0.227
  10000.  4.00  -0.172  -0.182  -0.193  -0.200  -0.206  -0.223  -0.226
  10000.  4.50  -0.198  -0.194  -0.194  -0.199  -0.202  -0.214  -0.222
  10000.  5.00  -0.230  -0.210  -0.196  -0.198  -0.198  -0.202  -0.215
  10250.  2.00  -0.212  -0.248  -0.258  -0.257  -0.257  -0.270  -0.264
  10250.  2.50  -0.185  -0.223  -0.245  -0.250  -0.257  -0.279  -0.273
  10250.  3.00  -0.181  -0.216  -0.242  -0.250  -0.260  -0.285  -0.281
  10250.  3.50  -0.191  -0.218  -0.242  -0.251  -0.262  -0.286  -0.286
  10250.  4.00  -0.210  -0.225  -0.243  -0.252  -0.261  -0.283  -0.288
  10250.  4.50  -0.234  -0.236  -0.244  -0.252  -0.259  -0.276  -0.286
  10250.  5.00  -0.264  -0.251  -0.245  -0.251  -0.254  -0.266  -0.280
  10500.  2.00  -0.257  -0.295  -0.308  -0.307  -0.308  -0.323  -0.320
  10500.  2.50  -0.228  -0.269  -0.294  -0.299  -0.308  -0.333  -0.329
  10500.  3.00  -0.224  -0.262  -0.290  -0.300  -0.311  -0.340  -0.338
  10500.  3.50  -0.232  -0.263  -0.291  -0.302  -0.314  -0.344  -0.345
  10500.  4.00  -0.249  -0.270  -0.293  -0.304  -0.315  -0.342  -0.348
  10500.  4.50  -0.272  -0.280  -0.294  -0.304  -0.314  -0.337  -0.347
  10500.  5.00  -0.301  -0.294  -0.295  -0.303  -0.310  -0.329  -0.343
  10750.  2.00  -0.302  -0.343  -0.358  -0.358  -0.360  -0.377  -0.376
  10750.  2.50  -0.272  -0.315  -0.342  -0.349  -0.358  -0.386  -0.384
  10750.  3.00  -0.267  -0.308  -0.339  -0.349  -0.362  -0.394  -0.394
  10750.  3.50  -0.274  -0.309  -0.340  -0.352  -0.366  -0.399  -0.402
  10750.  4.00  -0.290  -0.316  -0.342  -0.355  -0.369  -0.400  -0.407
  10750.  4.50  -0.312  -0.325  -0.344  -0.356  -0.369  -0.397  -0.408
  10750.  5.00  -0.339  -0.338  -0.345  -0.356  -0.366  -0.390  -0.405
  11000.  2.00  -0.348  -0.390  -0.407  -0.408  -0.412  -0.431  -0.432
  11000.  2.50  -0.316  -0.362  -0.391  -0.398  -0.409  -0.439  -0.439
  11000.  3.00  -0.310  -0.353  -0.387  -0.399  -0.413  -0.448  -0.449
  11000.  3.50  -0.317  -0.355  -0.389  -0.402  -0.417  -0.454  -0.458
  11000.  4.00  -0.332  -0.361  -0.392  -0.406  -0.421  -0.457  -0.464
  11000.  4.50  -0.353  -0.370  -0.394  -0.408  -0.422  -0.455  -0.467
  11000.  5.00  -0.378  -0.382  -0.396  -0.409  -0.421  -0.450  -0.466
  11250.  2.00  -0.393  -0.438  -0.457  -0.459  -0.463  -0.485  -0.488
  11250.  2.50  -0.360  -0.408  -0.439  -0.448  -0.459  -0.492  -0.494
  11250.  3.00  -0.353  -0.399  -0.436  -0.448  -0.463  -0.501  -0.504
  11250.  3.50  -0.360  -0.401  -0.437  -0.452  -0.468  -0.508  -0.513
  11250.  4.00  -0.374  -0.407  -0.441  -0.456  -0.473  -0.512  -0.521
  11250.  4.50  -0.394  -0.416  -0.444  -0.459  -0.475  -0.512  -0.525
  11250.  5.00  -0.418  -0.427  -0.446  -0.461  -0.475  -0.509  -0.525
  11500.  2.00  -0.438  -0.485  -0.506  -0.509  -0.515  -0.539  -0.544
  11500.  2.50  -0.404  -0.454  -0.488  -0.497  -0.510  -0.545  -0.549
  11500.  3.00  -0.397  -0.445  -0.484  -0.497  -0.513  -0.554  -0.558
  11500.  3.50  -0.403  -0.446  -0.485  -0.501  -0.519  -0.561  -0.568
  11500.  4.00  -0.417  -0.452  -0.489  -0.505  -0.524  -0.566  -0.576
  11500.  4.50  -0.436  -0.461  -0.493  -0.509  -0.527  -0.568  -0.582
  11500.  5.00  -0.459  -0.472  -0.495  -0.512  -0.528  -0.566  -0.583
  11750.  2.00  -0.484  -0.532  -0.555  -0.559  -0.566  -0.593  -0.599
  11750.  2.50  -0.448  -0.500  -0.536  -0.547  -0.560  -0.598  -0.603
  11750.  3.00  -0.440  -0.491  -0.532  -0.546  -0.563  -0.606  -0.612
  11750.  3.50  -0.446  -0.492  -0.533  -0.550  -0.568  -0.614  -0.622
  11750.  4.00  -0.459  -0.498  -0.537  -0.555  -0.574  -0.620  -0.631
  11750.  4.50  -0.478  -0.507  -0.541  -0.559  -0.578  -0.623  -0.637
  11750.  5.00  -0.500  -0.517  -0.544  -0.562  -0.580  -0.622  -0.640
  12000.  2.50  -0.492  -0.546  -0.584  -0.596  -0.610  -0.651  -0.658
  12000.  3.00  -0.484  -0.537  -0.579  -0.595  -0.613  -0.658  -0.666
  12000.  3.50  -0.489  -0.537  -0.581  -0.598  -0.618  -0.666  -0.675
  12000.  4.00  -0.502  -0.543  -0.585  -0.603  -0.624  -0.672  -0.684
  12000.  4.50  -0.520  -0.552  -0.589  -0.608  -0.629  -0.676  -0.691
  12000.  5.00  -0.541  -0.563  -0.593  -0.612  -0.632  -0.677  -0.695
  12250.  2.50  -0.536  -0.592  -0.632  -0.644  -0.660  -0.703  -0.711
  12250.  3.00  -0.527  -0.582  -0.627  -0.643  -0.662  -0.710  -0.719
  12250.  3.50  -0.532  -0.582  -0.628  -0.646  -0.667  -0.718  -0.728
  12250.  4.00  -0.544  -0.588  -0.632  -0.652  -0.673  -0.724  -0.737
  12250.  4.50  -0.562  -0.597  -0.637  -0.657  -0.678  -0.729  -0.745
  12250.  5.00  -0.583  -0.607  -0.641  -0.661  -0.682  -0.730  -0.749
  12500.  2.50  -0.579  -0.637  -0.679  -0.693  -0.710  -0.755  -0.765
  12500.  3.00  -0.570  -0.627  -0.674  -0.691  -0.712  -0.762  -0.772
  12500.  3.50  -0.575  -0.627  -0.675  -0.694  -0.717  -0.769  -0.781
  12500.  4.00  -0.587  -0.633  -0.679  -0.699  -0.722  -0.775  -0.790
  12500.  4.50  -0.604  -0.642  -0.684  -0.705  -0.728  -0.780  -0.797
  12500.  5.00  -0.624  -0.652  -0.688  -0.710  -0.732  -0.783  -0.803
  12750.  2.50  -0.622  -0.682  -0.726  -0.741  -0.759  -0.807  -0.817
  12750.  3.00  -0.613  -0.672  -0.721  -0.739  -0.761  -0.813  -0.825
  12750.  3.50  -0.617  -0.672  -0.722  -0.742  -0.765  -0.820  -0.833
  12750.  4.00  -0.629  -0.678  -0.726  -0.747  -0.771  -0.826  -0.842
  12750.  4.50  -0.646  -0.686  -0.731  -0.752  -0.776  -0.832  -0.850
  12750.  5.00  -0.666  -0.696  -0.735  -0.757  -0.781  -0.835  -0.855
  13000.  2.50  -0.665  -0.727  -0.772  -0.788  -0.807  -0.858  -0.869
  13000.  3.00  -0.656  -0.717  -0.768  -0.787  -0.809  -0.864  -0.877
  13000.  3.50  -0.660  -0.717  -0.769  -0.790  -0.814  -0.871  -0.885
  13000.  4.00  -0.671  -0.722  -0.772  -0.794  -0.819  -0.877  -0.893
  13000.  4.50  -0.688  -0.730  -0.777  -0.800  -0.825  -0.882  -0.901
  13000.  5.00  -0.707  -0.740  -0.781  -0.805  -0.829  -0.886  -0.907
  14000.  2.00  -0.871  -0.934  -0.971  -0.984  -1.000  -1.048  -1.065
  14000.  2.50  -0.830  -0.898  -0.951  -0.971  -0.995  -1.054  -1.070
  14000.  3.00  -0.822  -0.890  -0.948  -0.971  -0.998  -1.062  -1.079
  14000.  3.50  -0.826  -0.890  -0.950  -0.975  -1.003  -1.069  -1.087
  14000.  4.00  -0.837  -0.896  -0.954  -0.979  -1.008  -1.075  -1.094
  14000.  4.50  -0.852  -0.903  -0.958  -0.984  -1.013  -1.080  -1.101
  14000.  5.00  -0.870  -0.913  -0.963  -0.989  -1.018  -1.084  -1.108
  15000.  2.50  -0.985  -1.059  -1.119  -1.142  -1.170  -1.239  -1.258
  15000.  3.00  -0.980  -1.054  -1.120  -1.146  -1.177  -1.250  -1.269
  15000.  3.50  -0.985  -1.056  -1.123  -1.151  -1.184  -1.258  -1.279
  15000.  4.00  -0.997  -1.062  -1.128  -1.156  -1.189  -1.264  -1.286
  15000.  4.50  -1.012  -1.070  -1.132  -1.162  -1.194  -1.269  -1.293
  15000.  5.00  -1.029  -1.079  -1.136  -1.166  -1.199  -1.272  -1.299
  16000.  2.50  -1.130  -1.209  -1.274  -1.301  -1.333  -1.410  -1.432
  16000.  3.00  -1.128  -1.208  -1.280  -1.310  -1.345  -1.426  -1.448
  16000.  3.50  -1.136  -1.212  -1.286  -1.318  -1.354  -1.437  -1.460
  16000.  4.00  -1.148  -1.220  -1.292  -1.324  -1.361  -1.444  -1.469
  16000.  4.50  -1.165  -1.229  -1.298  -1.331  -1.367  -1.449  -1.476
  16000.  5.00  -1.181  -1.238  -1.303  -1.335  -1.371  -1.453  -1.481
  17000.  2.50  -1.265  -1.349  -1.418  -1.448  -1.483  -1.568  -1.593
  17000.  3.00  -1.267  -1.352  -1.429  -1.463  -1.502  -1.591  -1.615
  17000.  3.50  -1.277  -1.360  -1.440  -1.474  -1.514  -1.605  -1.630
  17000.  4.00  -1.291  -1.369  -1.447  -1.483  -1.523  -1.613  -1.640
  17000.  4.50  -1.309  -1.380  -1.455  -1.491  -1.531  -1.620  -1.648
  17000.  5.00  -1.327  -1.390  -1.461  -1.496  -1.536  -1.624  -1.654
  18000.  2.50  -1.391  -1.479  -1.551  -1.583  -1.621  -1.713  -1.740
  18000.  3.00  -1.396  -1.485  -1.568  -1.604  -1.647  -1.744  -1.770
  18000.  3.50  -1.410  -1.498  -1.583  -1.621  -1.665  -1.762  -1.790
  18000.  4.00  -1.425  -1.508  -1.593  -1.631  -1.675  -1.773  -1.801
  18000.  4.50  -1.445  -1.522  -1.603  -1.641  -1.685  -1.781  -1.811
  18000.  5.00  -1.465  -1.534  -1.611  -1.649  -1.692  -1.787  -1.818
  19000.  2.50  -1.511  -1.601  -1.675  -1.709  -1.748  -1.843  -1.873
  19000.  3.00  -1.516  -1.610  -1.696  -1.735  -1.781  -1.885  -1.914
  19000.  3.50  -1.535  -1.627  -1.717  -1.758  -1.805  -1.909  -1.939
  19000.  4.00  -1.552  -1.640  -1.730  -1.771  -1.819  -1.923  -1.953
  19000.  4.50  -1.573  -1.655  -1.742  -1.783  -1.830  -1.933  -1.964
  19000.  5.00  -1.595  -1.670  -1.752  -1.793  -1.839  -1.940  -1.973
  20000.  3.00  -1.628  -1.725  -1.815  -1.857  -1.905  -2.015  -2.045
  20000.  3.50  -1.652  -1.748  -1.842  -1.885  -1.935  -2.046  -2.078
  20000.  4.00  -1.672  -1.764  -1.858  -1.902  -1.953  -2.063  -2.096
  20000.  4.50  -1.693  -1.779  -1.871  -1.915  -1.966  -2.075  -2.108
  20000.  5.00  -1.717  -1.797  -1.884  -1.928  -1.977  -2.084  -2.119
  21000.  3.00  -1.733  -1.834  -1.927  -1.970  -2.020  -2.134  -2.167
  21000.  3.50  -1.761  -1.861  -1.959  -2.004  -2.057  -2.174  -2.207
  21000.  4.00  -1.784  -1.881  -1.979  -2.025  -2.079  -2.196  -2.229
  21000.  4.50  -1.806  -1.897  -1.994  -2.040  -2.093  -2.209  -2.243
  21000.  5.00  -1.831  -1.916  -2.008  -2.054  -2.107  -2.220  -2.256
  22000.  3.00  -1.834  -1.938  -2.032  -2.077  -2.129  -2.247  -2.280
  22000.  3.50  -1.864  -1.967  -2.067  -2.115  -2.170  -2.292  -2.326
  22000.  4.00  -1.891  -1.991  -2.093  -2.141  -2.197  -2.319  -2.354
  22000.  4.50  -1.913  -2.008  -2.108  -2.157  -2.213  -2.334  -2.370
  22000.  5.00  -1.938  -2.028  -2.125  -2.173  -2.228  -2.348  -2.384
  23000.  3.00  -1.929  -2.037  -2.134  -2.180  -2.234  -2.355  -2.390
  23000.  3.50  -1.961  -2.067  -2.170  -2.219  -2.277  -2.403  -2.438
  23000.  4.00  -1.991  -2.095  -2.199  -2.250  -2.308  -2.435  -2.471
  23000.  4.50  -2.015  -2.114  -2.218  -2.268  -2.326  -2.453  -2.490
  23000.  5.00  -2.040  -2.133  -2.234  -2.285  -2.342  -2.467  -2.505
  24000.  3.00  -2.019  -2.129  -2.230  -2.277  -2.333  -2.458  -2.494
  24000.  3.50  -2.053  -2.163  -2.269  -2.319  -2.378  -2.508  -2.545
  24000.  4.00  -2.086  -2.193  -2.301  -2.352  -2.413  -2.544  -2.581
  24000.  4.50  -2.112  -2.215  -2.321  -2.374  -2.434  -2.565  -2.603
  24000.  5.00  -2.136  -2.233  -2.338  -2.390  -2.450  -2.580  -2.618
  25000.  3.00  -2.102  -2.215  -2.317  -2.366  -2.424  -2.552  -2.590
  25000.  3.50  -2.140  -2.253  -2.362  -2.415  -2.476  -2.610  -2.648
  25000.  4.00  -2.176  -2.286  -2.397  -2.450  -2.512  -2.647  -2.686
  25000.  4.50  -2.204  -2.310  -2.420  -2.474  -2.536  -2.671  -2.710
  25000.  5.00  -2.228  -2.329  -2.436  -2.490  -2.552  -2.686  -2.726
  26000.  3.00  -2.182  -2.296  -2.400  -2.448  -2.506  -2.636  -2.674
  26000.  3.50  -2.222  -2.338  -2.450  -2.504  -2.568  -2.707  -2.745
  26000.  4.00  -2.262  -2.375  -2.488  -2.543  -2.607  -2.746  -2.786
  26000.  4.50  -2.292  -2.401  -2.514  -2.569  -2.633  -2.772  -2.812
  26000.  5.00  -2.316  -2.421  -2.531  -2.587  -2.650  -2.788  -2.829
  27000.  3.50  -2.296  -2.415  -2.531  -2.587  -2.653  -2.796  -2.835
  27000.  4.00  -2.341  -2.457  -2.574  -2.631  -2.698  -2.841  -2.881
  27000.  4.50  -2.375  -2.487  -2.603  -2.660  -2.726  -2.869  -2.910
  27000.  5.00  -2.400  -2.508  -2.622  -2.679  -2.744  -2.886  -2.928
  28000.  3.50  -2.365  -2.486  -2.605  -2.663  -2.730  -2.876  -2.917
  28000.  4.00  -2.415  -2.534  -2.654  -2.713  -2.782  -2.929  -2.970
  28000.  4.50  -2.452  -2.567  -2.686  -2.745  -2.813  -2.960  -3.002
  28000.  5.00  -2.479  -2.590  -2.707  -2.766  -2.834  -2.980  -3.022
  29000.  3.50  -2.432  -2.556  -2.677  -2.735  -2.804  -2.951  -2.993
  29000.  4.00  -2.482  -2.604  -2.728  -2.788  -2.859  -3.011  -3.053
  29000.  4.50  -2.523  -2.642  -2.764  -2.825  -2.895  -3.046  -3.089
  29000.  5.00  -2.553  -2.667  -2.788  -2.848  -2.918  -3.068  -3.110
  30000.  3.50  -2.503  -2.628  -2.751  -2.808  -2.877  -3.025  -3.067
  30000.  4.00  -2.546  -2.671  -2.798  -2.859  -2.932  -3.086  -3.129
  30000.  4.50  -2.589  -2.711  -2.836  -2.898  -2.971  -3.126  -3.169
  30000.  5.00  -2.621  -2.739  -2.862  -2.924  -2.996  -3.150  -3.194
  31000.  3.50  -2.579  -2.705  -2.829  -2.886  -2.955  -3.101  -3.143
  31000.  4.00  -2.608  -2.736  -2.865  -2.927  -3.002  -3.158  -3.201
  31000.  4.50  -2.651  -2.775  -2.905  -2.968  -3.042  -3.200  -3.244
  31000.  5.00  -2.685  -2.806  -2.932  -2.996  -3.069  -3.227  -3.271
  32000.  4.00  -2.673  -2.802  -2.934  -2.996  -3.071  -3.229  -3.272
  32000.  4.50  -2.711  -2.838  -2.970  -3.035  -3.111  -3.271  -3.315
  32000.  5.00  -2.746  -2.869  -2.999  -3.063  -3.139  -3.299  -3.344
  33000.  4.00  -2.741  -2.872  -3.006  -3.068  -3.144  -3.301  -3.345
  33000.  4.50  -2.772  -2.901  -3.036  -3.101  -3.178  -3.340  -3.384
  33000.  5.00  -2.805  -2.931  -3.063  -3.129  -3.206  -3.368  -3.414
  34000.  4.00  -2.814  -2.945  -3.081  -3.143  -3.219  -3.375  -3.419
  34000.  4.50  -2.836  -2.966  -3.104  -3.169  -3.247  -3.409  -3.454
  34000.  5.00  -2.864  -2.992  -3.128  -3.194  -3.273  -3.436  -3.482
  35000.  4.00  -2.889  -3.022  -3.159  -3.221  -3.297  -3.452  -3.496
  35000.  4.50  -2.902  -3.034  -3.174  -3.239  -3.318  -3.480  -3.525
  35000.  5.00  -2.926  -3.056  -3.194  -3.261  -3.340  -3.505  -3.551
  36000.  4.00  -2.967  -3.101  -3.240  -3.301  -3.378  -3.532  -3.576
  36000.  4.50  -2.972  -3.105  -3.246  -3.311  -3.391  -3.552  -3.597
  36000.  5.00  -2.990  -3.122  -3.262  -3.328  -3.409  -3.573  -3.620
  37000.  4.00  -3.047  -3.181  -3.322  -3.383  -3.460  -3.614  -3.658
  37000.  4.50  -3.044  -3.178  -3.322  -3.386  -3.467  -3.626  -3.672
  37000.  5.00  -3.056  -3.189  -3.332  -3.398  -3.480  -3.643  -3.690
  38000.  4.00  -3.126  -3.262  -3.404  -3.465  -3.543  -3.696  -3.741
  38000.  4.50  -3.118  -3.254  -3.399  -3.463  -3.544  -3.703  -3.749
  38000.  5.00  -3.125  -3.259  -3.404  -3.470  -3.552  -3.715  -3.762
  39000.  4.00  -3.205  -3.341  -3.484  -3.546  -3.624  -3.778  -3.822
  39000.  4.50  -3.194  -3.330  -3.477  -3.541  -3.623  -3.781  -3.827
  39000.  5.00  -3.197  -3.332  -3.478  -3.544  -3.627  -3.789  -3.836
  40000.  4.50  -3.269  -3.406  -3.555  -3.619  -3.701  -3.860  -3.906
  40000.  5.00  -3.269  -3.405  -3.554  -3.620  -3.703  -3.864  -3.911
  41000.  4.50  -3.343  -3.482  -3.632  -3.696  -3.779  -3.938  -3.984
  41000.  5.00  -3.342  -3.479  -3.629  -3.695  -3.780  -3.940  -3.987
  42000.  4.50  -3.416  -3.555  -3.707  -3.771  -3.855  -4.015  -4.061
  42000.  5.00  -3.415  -3.553  -3.704  -3.770  -3.855  -4.016  -4.063
  43000.  4.50  -3.488  -3.628  -3.780  -3.845  -3.929  -4.089  -4.136
  43000.  5.00  -3.486  -3.625  -3.778  -3.845  -3.930  -4.091  -4.139
  44000.  4.50  -3.558  -3.699  -3.852  -3.917  -4.001  -4.162  -4.209
  44000.  5.00  -3.557  -3.696  -3.851  -3.917  -4.003  -4.165  -4.212
  45000.  4.50  -3.627  -3.768  -3.922  -3.988  -4.072  -4.234  -4.280
  45000.  5.00  -3.626  -3.766  -3.922  -3.988  -4.075  -4.237  -4.285
  46000.  4.50  -3.694  -3.836  -3.991  -4.056  -4.141  -4.304  -4.350
  46000.  5.00  -3.693  -3.835  -3.991  -4.058  -4.145  -4.308  -4.355
  47000.  4.50  -3.760  -3.903  -4.058  -4.124  -4.209  -4.372  -4.419
  47000.  5.00  -3.760  -3.902  -4.059  -4.126  -4.213  -4.377  -4.424
  48000.  4.50  -3.825  -3.969  -4.124  -4.190  -4.275  -4.439  -4.486
  48000.  5.00  -3.825  -3.968  -4.126  -4.193  -4.280  -4.444  -4.492
  49000.  4.50  -3.889  -4.033  -4.189  -4.256  -4.341  -4.505  -4.552
  49000.  5.00  -3.889  -4.032  -4.191  -4.258  -4.346  -4.511  -4.559
  50000.  5.00  -3.952  -4.096  -4.255  -4.323  -4.411  -4.576  -4.624
