   3500.  0.00  -5.19909  -4.17081  -3.16553  -2.42298  -2.04005  -0.53057  -0.26731
   3500.  0.50  -5.11034  -4.15753  -3.21233  -2.48618  -2.11432  -0.54027  -0.27008
   3500.  1.00  -5.02284  -4.14134  -3.25038  -2.53604  -2.17337  -0.54227  -0.26577
   3500.  1.50  -4.92100  -4.10814  -3.26574  -2.56139  -2.20618  -0.53219  -0.25111
   3500.  2.00  -4.80124  -4.05231  -3.25268  -2.55856  -2.20951  -0.50849  -0.22492
   3500.  2.50  -4.66227  -3.96966  -3.20556  -2.52320  -2.17918  -0.46900  -0.18556
   3500.  3.00  -4.50982  -3.86319  -3.12506  -2.45523  -2.11478  -0.41288  -0.13209
   3500.  3.50  -4.35645  -3.73664  -3.00516  -2.34469  -2.00417  -0.33598  -0.06113
   3500.  4.00  -4.20969  -3.59462  -2.84529  -2.18665  -1.84054  -0.24146   0.02343
   3500.  4.50  -4.10146  -3.47707  -2.69321  -2.02590  -1.66913  -0.16490   0.08806
   3500.  5.00  -4.06535  -3.42238  -2.59671  -1.90681  -1.53659  -0.11845   0.12429
   3750.  0.00  -4.44461  -3.43331  -2.40262  -1.72157  -1.33312  -0.28496  -0.08900
   3750.  0.50  -4.36279  -3.41414  -2.41602  -1.74551  -1.36182  -0.29142  -0.09311
   3750.  1.00  -4.29586  -3.40522  -2.43878  -1.77589  -1.39653  -0.29561  -0.09394
   3750.  1.50  -4.23251  -3.39724  -2.46360  -1.80767  -1.43282  -0.29659  -0.09087
   3750.  2.00  -4.16684  -3.38479  -2.48564  -1.83680  -1.46684  -0.29369  -0.08379
   3750.  2.50  -4.09873  -3.36578  -2.49974  -1.85749  -1.49218  -0.28461  -0.07100
   3750.  3.00  -4.02230  -3.33422  -2.49948  -1.86397  -1.50303  -0.26744  -0.05100
   3750.  3.50  -3.94633  -3.29301  -2.48000  -1.84843  -1.48997  -0.23717  -0.01947
   3750.  4.00  -3.87852  -3.24054  -2.42982  -1.79495  -1.43494  -0.18504   0.03115
   3750.  4.50  -3.80602  -3.17031  -2.34927  -1.70698  -1.34255  -0.12393   0.08717
   3750.  5.00  -3.75493  -3.11645  -2.27945  -1.62555  -1.25510  -0.07566   0.12972
   4000.  0.00  -3.90725  -2.94147  -1.98316  -1.38396  -1.01889  -0.14640   0.01845
   4000.  0.50  -3.83016  -2.91764  -1.98374  -1.39135  -1.02942  -0.15260   0.01192
   4000.  1.00  -3.76929  -2.90638  -1.99210  -1.40176  -1.04118  -0.15646   0.00821
   4000.  1.50  -3.71899  -2.90265  -2.00515  -1.41442  -1.05416  -0.15912   0.00626
   4000.  2.00  -3.67015  -2.89994  -2.01955  -1.42812  -1.06801  -0.16065   0.00596
   4000.  2.50  -3.62877  -2.90039  -2.03564  -1.44284  -1.08255  -0.16074   0.00759
   4000.  3.00  -3.59107  -2.90007  -2.05076  -1.45700  -1.09680  -0.15778   0.01272
   4000.  3.50  -3.55998  -2.90068  -2.06437  -1.46832  -1.10782  -0.14912   0.02374
   4000.  4.00  -3.53411  -2.89715  -2.06765  -1.46637  -1.10451  -0.12776   0.04683
   4000.  4.50  -3.51388  -2.88307  -2.04974  -1.43757  -1.07252  -0.08692   0.08737
   4000.  5.00  -3.48708  -2.85653  -2.01689  -1.39370  -1.02534  -0.04299   0.12925
   4250.  0.00  -3.49599  -2.59561  -1.70647  -1.17188  -0.82925  -0.05240   0.09285
   4250.  0.50  -3.42266  -2.56586  -1.70164  -1.17667  -0.83863  -0.06113   0.08395
   4250.  1.00  -3.36681  -2.55005  -1.70514  -1.18401  -0.84827  -0.06648   0.07838
   4250.  1.50  -3.32088  -2.54322  -1.71398  -1.19284  -0.85772  -0.06988   0.07478
   4250.  2.00  -3.27774  -2.53923  -1.72403  -1.20145  -0.86611  -0.07260   0.07195
   4250.  2.50  -3.24118  -2.53975  -1.73587  -1.21009  -0.87353  -0.07465   0.06998
   4250.  3.00  -3.21497  -2.54613  -1.74926  -1.21799  -0.87898  -0.07511   0.06970
   4250.  3.50  -3.19808  -2.55693  -1.76414  -1.22590  -0.88380  -0.07375   0.07158
   4250.  4.00  -3.19266  -2.57367  -1.78046  -1.23266  -0.88639  -0.06835   0.07777
   4250.  4.50  -3.19547  -2.59024  -1.79210  -1.23213  -0.88108  -0.05267   0.09414
   4250.  5.00  -3.20575  -2.60146  -1.79334  -1.21806  -0.86198  -0.02142   0.12552
   4500.  0.00  -3.16937  -2.34253  -1.51266  -1.02266  -0.69754   0.01751   0.14646
   4500.  0.50  -3.10494  -2.31270  -1.50564  -1.02660  -0.70667   0.00594   0.13536
   4500.  1.00  -3.05693  -2.29541  -1.50616  -1.03295  -0.71616  -0.00170   0.12803
   4500.  1.50  -3.01853  -2.28635  -1.51171  -1.04079  -0.72563  -0.00683   0.12307
   4500.  2.00  -2.98434  -2.28168  -1.51973  -1.04897  -0.73437  -0.01062   0.11934
   4500.  2.50  -2.95124  -2.27911  -1.52874  -1.05682  -0.74198  -0.01394   0.11597
   4500.  3.00  -2.92550  -2.28208  -1.53956  -1.06386  -0.74729  -0.01563   0.11414
   4500.  3.50  -2.90759  -2.28978  -1.55150  -1.06990  -0.75044  -0.01575   0.11387
   4500.  4.00  -2.90075  -2.30469  -1.56606  -1.07550  -0.75171  -0.01322   0.11640
   4500.  4.50  -2.90332  -2.32541  -1.58214  -1.07984  -0.75044  -0.00784   0.12179
   4500.  5.00  -2.91591  -2.34970  -1.59728  -1.08038  -0.74453   0.00455   0.13423
   4750.  0.00  -2.88567  -2.13774  -1.36814  -0.91568  -0.60730   0.06701   0.18242
   4750.  0.50  -2.83229  -2.11193  -1.36171  -0.91940  -0.61581   0.05320   0.16928
   4750.  1.00  -2.79289  -2.09599  -1.36090  -0.92491  -0.62457   0.04330   0.16005
   4750.  1.50  -2.76283  -2.08691  -1.36405  -0.93164  -0.63337   0.03613   0.15347
   4750.  2.00  -2.73761  -2.08180  -1.36950  -0.93893  -0.64194   0.03049   0.14829
   4750.  2.50  -2.71324  -2.07809  -1.37568  -0.94598  -0.64973   0.02565   0.14371
   4750.  3.00  -2.69152  -2.07695  -1.38271  -0.95232  -0.65589   0.02204   0.14017
   4750.  3.50  -2.67463  -2.07995  -1.39105  -0.95762  -0.65964   0.02046   0.13845
   4750.  4.00  -2.66373  -2.08776  -1.40112  -0.96210  -0.66121   0.02127   0.13910
   4750.  4.50  -2.66055  -2.10169  -1.41348  -0.96584  -0.66045   0.02476   0.14239
   4750.  5.00  -2.66513  -2.12143  -1.42769  -0.96850  -0.65720   0.03086   0.14820
   5000.  0.00  -2.62426  -1.95682  -1.25116  -0.83702  -0.54699   0.09315   0.19909
   5000.  0.50  -2.58424  -1.93896  -1.24883  -0.84238  -0.55613   0.07875   0.18490
   5000.  1.00  -2.55394  -1.92751  -1.24977  -0.84853  -0.56500   0.06751   0.17411
   5000.  1.50  -2.53183  -1.92125  -1.25318  -0.85516  -0.57346   0.05883   0.16594
   5000.  2.00  -2.51502  -1.91826  -1.25803  -0.86198  -0.58152   0.05180   0.15942
   5000.  2.50  -2.50039  -1.91648  -1.26318  -0.86841  -0.58883   0.04589   0.15393
   5000.  3.00  -2.48723  -1.91549  -1.26812  -0.87391  -0.59476   0.04116   0.14944
   5000.  3.50  -2.47583  -1.91602  -1.27325  -0.87835  -0.59886   0.03810   0.14642
   5000.  4.00  -2.46733  -1.91917  -1.27901  -0.88150  -0.60058   0.03747   0.14568
   5000.  4.50  -2.46222  -1.92604  -1.28628  -0.88378  -0.60007   0.03944   0.14744
   5000.  5.00  -2.46112  -1.93732  -1.29545  -0.88530  -0.59735   0.04394   0.15162
   5250.  0.00  -2.37837  -1.79075  -1.15126  -0.77723  -0.50729   0.09453   0.19449
   5250.  0.50  -2.35533  -1.78381  -1.15506  -0.78523  -0.51757   0.08198   0.18136
   5250.  1.00  -2.33707  -1.77979  -1.15993  -0.79312  -0.52717   0.07129   0.17051
   5250.  1.50  -2.32412  -1.77876  -1.16578  -0.80082  -0.53602   0.06242   0.16172
   5250.  2.00  -2.31533  -1.77986  -1.17218  -0.80828  -0.54422   0.05497   0.15448
   5250.  2.50  -2.30936  -1.78196  -1.17839  -0.81501  -0.55139   0.04880   0.14856
   5250.  3.00  -2.30499  -1.78410  -1.18365  -0.82048  -0.55709   0.04385   0.14380
   5250.  3.50  -2.30150  -1.78622  -1.18802  -0.82450  -0.56096   0.04049   0.14056
   5250.  4.00  -2.29908  -1.78871  -1.19152  -0.82673  -0.56243   0.03930   0.13932
   5250.  4.50  -2.29737  -1.79230  -1.19505  -0.82756  -0.56168   0.04047   0.14032
   5250.  5.00  -2.29663  -1.79799  -1.19939  -0.82730  -0.55870   0.04412   0.14368
   5500.  0.00  -2.15097  -1.64024  -1.06653  -0.73250  -0.48360   0.07462   0.17101
   5500.  0.50  -2.14507  -1.64442  -1.07640  -0.74286  -0.49445   0.06569   0.16047
   5500.  1.00  -2.14005  -1.64872  -1.08556  -0.75242  -0.50444   0.05734   0.15113
   5500.  1.50  -2.13768  -1.65412  -1.09457  -0.76149  -0.51373   0.04981   0.14301
   5500.  2.00  -2.13758  -1.66043  -1.10353  -0.77017  -0.52244   0.04297   0.13592
   5500.  2.50  -2.13960  -1.66711  -1.11183  -0.77792  -0.53004   0.03713   0.13001
   5500.  3.00  -2.14265  -1.67335  -1.11896  -0.78442  -0.53630   0.03226   0.12518
   5500.  3.50  -2.14643  -1.67897  -1.12465  -0.78917  -0.54058   0.02901   0.12196
   5500.  4.00  -2.15048  -1.68359  -1.12834  -0.79154  -0.54219   0.02785   0.12077
   5500.  4.50  -2.15406  -1.68746  -1.13063  -0.79189  -0.54136   0.02891   0.12170
   5500.  5.00  -2.15701  -1.69121  -1.13210  -0.79033  -0.53793   0.03245   0.12499
   5750.  0.00  -1.94975  -1.50908  -0.99792  -0.70173  -0.47394   0.03910   0.13401
   5750.  0.50  -1.95808  -1.52217  -1.01173  -0.71278  -0.48362   0.03485   0.12690
   5750.  1.00  -1.96457  -1.53384  -1.02448  -0.72337  -0.49322   0.02990   0.11982
   5750.  1.50  -1.97184  -1.54545  -1.03662  -0.73362  -0.50260   0.02467   0.11314
   5750.  2.00  -1.98051  -1.55725  -1.04830  -0.74346  -0.51158   0.01950   0.10703
   5750.  2.50  -1.99043  -1.56884  -1.05903  -0.75243  -0.51971   0.01464   0.10162
   5750.  3.00  -2.00074  -1.57970  -1.06859  -0.76032  -0.52678   0.01028   0.09701
   5750.  3.50  -2.01116  -1.58940  -1.07640  -0.76641  -0.53195   0.00717   0.09379
   5750.  4.00  -2.02075  -1.59724  -1.08187  -0.77011  -0.53464   0.00581   0.09237
   5750.  4.50  -2.02921  -1.60328  -1.08501  -0.77127  -0.53458   0.00665   0.09313
   5750.  5.00  -2.03625  -1.60763  -1.08590  -0.76961  -0.53132   0.01025   0.09653
   6000.  0.00  -1.77092  -1.39628  -0.94633  -0.68541  -0.47865  -0.00914   0.08606
   6000.  0.50  -1.79507  -1.41658  -0.95993  -0.69349  -0.48342  -0.00667   0.08440
   6000.  1.00  -1.81133  -1.43407  -0.97467  -0.70376  -0.49121  -0.00730   0.08035
   6000.  1.50  -1.82666  -1.45095  -0.98923  -0.71449  -0.49984  -0.00940   0.07566
   6000.  2.00  -1.84293  -1.46782  -1.00339  -0.72516  -0.50862  -0.01231   0.07089
   6000.  2.50  -1.86003  -1.48433  -1.01676  -0.73542  -0.51719  -0.01570   0.06629
   6000.  3.00  -1.87740  -1.50005  -1.02901  -0.74482  -0.52503  -0.01910   0.06219
   6000.  3.50  -1.89408  -1.51406  -1.03933  -0.75255  -0.53133  -0.02189   0.05903
   6000.  4.00  -1.90932  -1.52594  -1.04745  -0.75823  -0.53563  -0.02348   0.05730
   6000.  4.50  -1.92273  -1.53525  -1.05262  -0.76098  -0.53693  -0.02293   0.05777
   6000.  5.00  -1.93357  -1.54163  -1.05462  -0.76044  -0.53479  -0.01974   0.06086
   6250.  0.50  -1.64802  -1.32514  -0.92230  -0.68641  -0.49546  -0.05824   0.03334
   6250.  1.00  -1.67749  -1.34752  -0.93479  -0.69248  -0.49743  -0.05230   0.03456
   6250.  1.50  -1.70056  -1.36862  -0.95020  -0.70224  -0.50378  -0.05028   0.03269
   6250.  2.00  -1.72321  -1.38969  -0.96620  -0.71322  -0.51181  -0.05031   0.02969
   6250.  2.50  -1.74632  -1.41064  -0.98211  -0.72461  -0.52057  -0.05180   0.02612
   6250.  3.00  -1.76964  -1.43089  -0.99718  -0.73563  -0.52925  -0.05410   0.02247
   6250.  3.50  -1.79247  -1.44969  -1.01062  -0.74543  -0.53695  -0.05643   0.01941
   6250.  4.00  -1.81361  -1.46624  -1.02187  -0.75338  -0.54295  -0.05813   0.01737
   6250.  4.50  -1.83204  -1.47951  -1.02984  -0.75832  -0.54607  -0.05802   0.01735
   6250.  5.00  -1.84699  -1.48906  -1.03416  -0.75981  -0.54580  -0.05561   0.01973
   6500.  0.50  -1.52148  -1.24804  -0.89533  -0.68798  -0.51595  -0.11634  -0.02340
   6500.  1.00  -1.55486  -1.27173  -0.90660  -0.69144  -0.51402  -0.10569  -0.01847
   6500.  1.50  -1.58950  -1.29675  -0.91917  -0.69680  -0.51456  -0.09739  -0.01531
   6500.  2.00  -1.61871  -1.32124  -0.93556  -0.70674  -0.52040  -0.09364  -0.01576
   6500.  2.50  -1.64741  -1.34590  -0.95315  -0.71850  -0.52855  -0.09256  -0.01784
   6500.  3.00  -1.67620  -1.37035  -0.97076  -0.73084  -0.53769  -0.09325  -0.02069
   6500.  3.50  -1.70451  -1.39386  -0.98758  -0.74289  -0.54685  -0.09502  -0.02373
   6500.  4.00  -1.73130  -1.41532  -1.00241  -0.75345  -0.55481  -0.09681  -0.02615
   6500.  4.50  -1.75491  -1.43318  -1.01391  -0.76115  -0.56019  -0.09729  -0.02687
   6500.  5.00  -1.77443  -1.44687  -1.02157  -0.76545  -0.56239  -0.09594  -0.02552
   6750.  0.50  -1.42457  -1.18911  -0.87588  -0.69312  -0.53803  -0.17419  -0.07980
   6750.  1.00  -1.44874  -1.20800  -0.88768  -0.69794  -0.53799  -0.16423  -0.07597
   6750.  1.50  -1.48654  -1.23352  -0.89834  -0.70045  -0.53461  -0.15178  -0.06964
   6750.  2.00  -1.52648  -1.26154  -0.91169  -0.70599  -0.53469  -0.14207  -0.06535
   6750.  2.50  -1.56129  -1.28931  -0.92944  -0.71668  -0.54073  -0.13744  -0.06507
   6750.  3.00  -1.59523  -1.31735  -0.94882  -0.72966  -0.54959  -0.13597  -0.06670
   6750.  3.50  -1.62864  -1.34502  -0.96842  -0.74343  -0.55967  -0.13664  -0.06937
   6750.  4.00  -1.66077  -1.37120  -0.98680  -0.75650  -0.56942  -0.13814  -0.07197
   6750.  4.50  -1.68938  -1.39397  -1.00243  -0.76754  -0.57758  -0.13954  -0.07376
   6750.  5.00  -1.71400  -1.41263  -1.01425  -0.77521  -0.58266  -0.13924  -0.07347
   7000.  0.50  -1.35177  -1.14656  -0.86475  -0.70263  -0.56235  -0.23053  -0.13531
   7000.  1.00  -1.36929  -1.16045  -0.87461  -0.70668  -0.56217  -0.22131  -0.13196
   7000.  1.50  -1.39735  -1.18048  -0.88550  -0.71064  -0.56107  -0.21038  -0.12770
   7000.  2.00  -1.44032  -1.20869  -0.89651  -0.71313  -0.55718  -0.19679  -0.12049
   7000.  2.50  -1.48481  -1.23989  -0.91155  -0.71992  -0.55805  -0.18672  -0.11586
   7000.  3.00  -1.52473  -1.27117  -0.93130  -0.73211  -0.56507  -0.18200  -0.11533
   7000.  3.50  -1.56297  -1.30227  -0.95267  -0.74666  -0.57510  -0.18079  -0.11702
   7000.  4.00  -1.59985  -1.33251  -0.97399  -0.76175  -0.58614  -0.18163  -0.11951
   7000.  4.50  -1.63392  -1.36037  -0.99369  -0.77590  -0.59673  -0.18340  -0.12199
   7000.  5.00  -1.66376  -1.38420  -1.00991  -0.78716  -0.60480  -0.18420  -0.12291
   7250.  0.50  -1.30899  -1.12311  -0.86085  -0.71421  -0.58526  -0.28109  -0.18669
   7250.  1.00  -1.30983  -1.12701  -0.86926  -0.71973  -0.58878  -0.27739  -0.18752
   7250.  1.50  -1.33263  -1.14257  -0.87787  -0.72251  -0.58712  -0.26675  -0.18354
   7250.  2.00  -1.36518  -1.16490  -0.88914  -0.72676  -0.58602  -0.25535  -0.17901
   7250.  2.50  -1.41325  -1.19647  -0.90160  -0.73030  -0.58269  -0.24143  -0.17146
   7250.  3.00  -1.46166  -1.23075  -0.91879  -0.73891  -0.58500  -0.23182  -0.16716
   7250.  3.50  -1.50529  -1.26484  -0.94055  -0.75288  -0.59352  -0.22772  -0.16692
   7250.  4.00  -1.54695  -1.29865  -0.96388  -0.76912  -0.60493  -0.22715  -0.16872
   7250.  4.50  -1.58626  -1.33103  -0.98682  -0.78558  -0.61707  -0.22849  -0.17125
   7250.  5.00  -1.62143  -1.35989  -1.00711  -0.80006  -0.62772  -0.22994  -0.17297
   7500.  0.50  -1.32087  -1.13557  -0.86979  -0.72750  -0.60123  -0.31501  -0.22541
   7500.  1.00  -1.27300  -1.11024  -0.87328  -0.73799  -0.61794  -0.33063  -0.24118
   7500.  1.50  -1.28560  -1.11815  -0.87849  -0.73947  -0.61642  -0.32264  -0.23912
   7500.  2.00  -1.31321  -1.13585  -0.88697  -0.74208  -0.61434  -0.31146  -0.23506
   7500.  2.50  -1.35057  -1.16084  -0.89907  -0.74704  -0.61366  -0.30003  -0.23059
   7500.  3.00  -1.40312  -1.19564  -0.91319  -0.75198  -0.61136  -0.28630  -0.22307
   7500.  3.50  -1.45411  -1.23267  -0.93297  -0.76300  -0.61583  -0.27785  -0.21941
   7500.  4.00  -1.50074  -1.26942  -0.95692  -0.77898  -0.62612  -0.27479  -0.21961
   7500.  4.50  -1.54490  -1.30540  -0.98188  -0.79665  -0.63873  -0.27488  -0.22150
   7500.  5.00  -1.58524  -1.33887  -1.00564  -0.81381  -0.65139  -0.27637  -0.22353
   7750.  1.00  -1.26400  -1.11284  -0.88680  -0.76081  -0.64796  -0.37941  -0.29205
   7750.  1.50  -1.25911  -1.10947  -0.88877  -0.76220  -0.64891  -0.37644  -0.29361
   7750.  2.00  -1.27969  -1.12119  -0.89381  -0.76284  -0.64584  -0.36621  -0.29023
   7750.  2.50  -1.31078  -1.14079  -0.90291  -0.76630  -0.64462  -0.35559  -0.28669
   7750.  3.00  -1.35196  -1.16824  -0.91597  -0.77225  -0.64479  -0.34481  -0.28252
   7750.  3.50  -1.40745  -1.20549  -0.93161  -0.77875  -0.64389  -0.33215  -0.27560
   7750.  4.00  -1.46038  -1.24480  -0.95382  -0.79211  -0.65055  -0.32498  -0.27267
   7750.  4.50  -1.50899  -1.28357  -0.97949  -0.80975  -0.66234  -0.32292  -0.27304
   7750.  5.00  -1.55413  -1.32090  -1.00573  -0.82858  -0.67596  -0.32361  -0.27469
   8000.  1.00  -1.29002  -1.14188  -0.91538  -0.79160  -0.68037  -0.42181  -0.33915
   8000.  1.50  -1.25138  -1.11522  -0.90820  -0.79105  -0.68537  -0.42989  -0.34836
   8000.  2.00  -1.26109  -1.11896  -0.90949  -0.79002  -0.68222  -0.42199  -0.34651
   8000.  2.50  -1.28712  -1.13368  -0.91502  -0.79091  -0.67903  -0.41113  -0.34276
   8000.  3.00  -1.32246  -1.15592  -0.92509  -0.79517  -0.67833  -0.40060  -0.33926
   8000.  3.50  -1.36821  -1.18639  -0.93925  -0.80201  -0.67904  -0.38995  -0.33490
   8000.  4.00  -1.42489  -1.22530  -0.95657  -0.81041  -0.68010  -0.37875  -0.32873
   8000.  4.50  -1.47820  -1.26607  -0.98092  -0.82597  -0.68893  -0.37318  -0.32638
   8000.  5.00  -1.52757  -1.30610  -1.00797  -0.84502  -0.70210  -0.37217  -0.32695
   8250.  1.00  -1.34917  -1.20007  -0.96685  -0.83802  -0.72298  -0.46236  -0.38872
   8250.  1.50  -1.26507  -1.13739  -0.93786  -0.82637  -0.72536  -0.48210  -0.40298
   8250.  2.00  -1.25876  -1.12982  -0.93427  -0.82363  -0.72315  -0.47851  -0.40407
   8250.  2.50  -1.27687  -1.13805  -0.93598  -0.82226  -0.71885  -0.46863  -0.40104
   8250.  3.00  -1.30705  -1.15516  -0.94212  -0.82370  -0.71601  -0.45761  -0.39724
   8250.  3.50  -1.34569  -1.17974  -0.95325  -0.82901  -0.71620  -0.44748  -0.39363
   8250.  4.00  -1.39525  -1.21303  -0.96829  -0.83649  -0.71719  -0.43695  -0.38861
   8250.  4.50  -1.45239  -1.25341  -0.98744  -0.84669  -0.72000  -0.42668  -0.38255
   8250.  5.00  -1.50556  -1.29502  -1.01333  -0.86401  -0.73067  -0.42258  -0.38073
   8500.  1.50  -1.29792  -1.17493  -0.97802  -0.86857  -0.76928  -0.53306  -0.45774
   8500.  2.00  -1.27325  -1.15403  -0.96798  -0.86338  -0.76802  -0.53513  -0.46235
   8500.  2.50  -1.28133  -1.15482  -0.96598  -0.86024  -0.76356  -0.52725  -0.46055
   8500.  3.00  -1.30474  -1.16618  -0.96834  -0.85915  -0.75909  -0.51638  -0.45666
   8500.  3.50  -1.33799  -1.18538  -0.97523  -0.86130  -0.75680  -0.50548  -0.45261
   8500.  4.00  -1.37970  -1.21217  -0.98729  -0.86751  -0.75773  -0.49579  -0.44891
   8500.  4.50  -1.43248  -1.24770  -1.00240  -0.87486  -0.75825  -0.48475  -0.44271
   8500.  5.00  -1.48837  -1.28853  -1.02325  -0.88691  -0.76302  -0.47570  -0.43674
   8750.  1.50  -1.34194  -1.22206  -1.02595  -0.91653  -0.81739  -0.58432  -0.51388
   8750.  2.00  -1.30127  -1.18897  -1.00893  -0.90800  -0.81581  -0.59119  -0.52065
   8750.  2.50  -1.29956  -1.18296  -1.00405  -0.90406  -0.81236  -0.58678  -0.52121
   8750.  3.00  -1.31567  -1.18860  -1.00324  -0.90125  -0.80735  -0.57728  -0.51836
   8750.  3.50  -1.34289  -1.20215  -1.00595  -0.90041  -0.80290  -0.56601  -0.51410
   8750.  4.00  -1.37890  -1.22314  -1.01330  -0.90304  -0.80099  -0.55510  -0.50956
   8750.  4.50  -1.42361  -1.25219  -1.02587  -0.90962  -0.80201  -0.54520  -0.50471
   8750.  5.00  -1.47709  -1.28867  -1.04072  -0.91644  -0.80169  -0.53301  -0.49632
   9000.  1.50  -1.39058  -1.27337  -1.07794  -0.96799  -0.86855  -0.63689  -0.57176
   9000.  2.00  -1.33752  -1.23016  -1.05403  -0.95534  -0.86510  -0.64680  -0.57920
   9000.  2.50  -1.32796  -1.21877  -1.04699  -0.95112  -0.86300  -0.64618  -0.58229
   9000.  3.00  -1.33840  -1.22044  -1.04456  -0.94794  -0.85870  -0.63882  -0.58107
   9000.  3.50  -1.36030  -1.22969  -1.04477  -0.94561  -0.85360  -0.62817  -0.57718
   9000.  4.00  -1.39029  -1.24526  -1.04820  -0.94542  -0.84966  -0.61676  -0.57210
   9000.  4.50  -1.42819  -1.26787  -1.05605  -0.94860  -0.84821  -0.60600  -0.56676
   9000.  5.00  -1.47473  -1.29835  -1.06821  -0.95454  -0.84828  -0.59514  -0.56010
   9250.  2.00  -1.37838  -1.27493  -1.10165  -1.00432  -0.91529  -0.70153  -0.63725
   9250.  2.50  -1.36254  -1.25922  -1.09280  -0.99991  -0.91441  -0.70456  -0.64267
   9250.  3.00  -1.36833  -1.25801  -1.08980  -0.99734  -0.91178  -0.70026  -0.64373
   9250.  3.50  -1.38603  -1.26442  -1.08898  -0.99492  -0.90738  -0.69139  -0.64124
   9250.  4.00  -1.41178  -1.27625  -1.08991  -0.99306  -0.90240  -0.68021  -0.63647
   9250.  4.50  -1.44456  -1.29382  -1.09380  -0.99325  -0.89866  -0.66861  -0.63059
   9250.  5.00  -1.48477  -1.31834  -1.10209  -0.99680  -0.89741  -0.65762  -0.62406
   9500.  2.00  -1.42185  -1.32166  -1.15070  -1.05428  -0.96608  -0.75573  -0.69492
   9500.  2.50  -1.40111  -1.30256  -1.14029  -1.04955  -0.96595  -0.76160  -0.70197
   9500.  3.00  -1.40315  -1.29919  -1.13705  -1.04780  -0.96508  -0.76056  -0.70543
   9500.  3.50  -1.41779  -1.30371  -1.13601  -1.04601  -0.96207  -0.75417  -0.70506
   9500.  4.00  -1.44046  -1.31324  -1.13597  -1.04394  -0.95752  -0.74435  -0.70161
   9500.  4.50  -1.46959  -1.32739  -1.13749  -1.04255  -0.95279  -0.73285  -0.69590
   9500.  5.00  -1.50529  -1.34729  -1.14203  -1.04331  -0.94942  -0.72108  -0.68876
   9750.  2.00  -1.46639  -1.36898  -1.20006  -1.10445  -1.01699  -0.80962  -0.75226
   9750.  2.50  -1.44244  -1.34772  -1.18865  -1.09949  -1.01730  -0.81744  -0.76032
   9750.  3.00  -1.44142  -1.34267  -1.18534  -1.09858  -1.01809  -0.81945  -0.76596
   9750.  3.50  -1.45354  -1.34589  -1.18452  -1.09776  -1.01673  -0.81574  -0.76780
   9750.  4.00  -1.47384  -1.35393  -1.18433  -1.09621  -1.01328  -0.80785  -0.76606
   9750.  4.50  -1.50035  -1.36594  -1.18481  -1.09442  -1.00867  -0.79728  -0.76122
   9750.  5.00  -1.53231  -1.38237  -1.18693  -1.09353  -1.00422  -0.78548  -0.75414
  10000.  2.00  -1.51131  -1.41646  -1.24953  -1.15474  -1.06801  -0.86338  -0.80926
  10000.  2.50  -1.48502  -1.39355  -1.23722  -1.14938  -1.06836  -0.87239  -0.81787
  10000.  3.00  -1.48204  -1.38750  -1.23396  -1.14912  -1.07034  -0.87669  -0.82505
  10000.  3.50  -1.49210  -1.38987  -1.23371  -1.14956  -1.07088  -0.87580  -0.82912
  10000.  4.00  -1.51031  -1.39682  -1.23379  -1.14893  -1.06895  -0.87024  -0.82935
  10000.  4.50  -1.53469  -1.40742  -1.23401  -1.14743  -1.06510  -0.86115  -0.82589
  10000.  5.00  -1.56415  -1.42158  -1.23475  -1.14575  -1.06033  -0.84989  -0.81955
  10250.  2.00  -1.55650  -1.46405  -1.29911  -1.20518  -1.11922  -0.91715  -0.86604
  10250.  2.50  -1.52845  -1.43987  -1.28600  -1.19931  -1.11931  -0.92671  -0.87479
  10250.  3.00  -1.52400  -1.43312  -1.28284  -1.19961  -1.12228  -0.93287  -0.88321
  10250.  3.50  -1.53245  -1.43482  -1.28294  -1.20091  -1.12417  -0.93424  -0.88889
  10250.  4.00  -1.54909  -1.44127  -1.28368  -1.20143  -1.12384  -0.93091  -0.89093
  10250.  4.50  -1.57152  -1.45084  -1.28421  -1.20081  -1.12139  -0.92389  -0.88942
  10250.  5.00  -1.59906  -1.46344  -1.28434  -1.19904  -1.11695  -0.91372  -0.88424
  10500.  2.00  -1.60181  -1.51166  -1.34872  -1.25569  -1.17055  -0.97095  -0.92258
  10500.  2.50  -1.57229  -1.48633  -1.33472  -1.24910  -1.17006  -0.98049  -0.93107
  10500.  3.00  -1.56684  -1.47915  -1.33168  -1.24980  -1.17370  -0.98801  -0.94038
  10500.  3.50  -1.57410  -1.48048  -1.33228  -1.25203  -1.17691  -0.99143  -0.94755
  10500.  4.00  -1.58936  -1.48648  -1.33363  -1.25361  -1.17809  -0.99033  -0.95136
  10500.  4.50  -1.61038  -1.49540  -1.33443  -1.25367  -1.17667  -0.98499  -0.95135
  10500.  5.00  -1.63645  -1.50703  -1.33458  -1.25237  -1.17311  -0.97628  -0.94763
  10750.  2.00  -1.64730  -1.55934  -1.39837  -1.30630  -1.22203  -1.02485  -0.97898
  10750.  2.50  -1.61636  -1.53284  -1.38340  -1.29879  -1.22067  -1.03389  -0.98685
  10750.  3.00  -1.61013  -1.52527  -1.38032  -1.29965  -1.22464  -1.04227  -0.99669
  10750.  3.50  -1.61659  -1.52645  -1.38138  -1.30264  -1.22890  -1.04733  -1.00501
  10750.  4.00  -1.63089  -1.53228  -1.38343  -1.30528  -1.23149  -1.04828  -1.01044
  10750.  4.50  -1.65067  -1.54078  -1.38480  -1.30632  -1.23145  -1.04494  -1.01216
  10750.  5.00  -1.67526  -1.55161  -1.38517  -1.30566  -1.22889  -1.03783  -1.00991
  11000.  2.00  -1.69286  -1.60703  -1.44807  -1.35705  -1.27371  -1.07898  -1.03537
  11000.  2.50  -1.66055  -1.57937  -1.43204  -1.34846  -1.27126  -1.08712  -1.04228
  11000.  3.00  -1.65368  -1.57145  -1.42884  -1.34929  -1.27529  -1.09590  -1.05230
  11000.  3.50  -1.65956  -1.57251  -1.43021  -1.35279  -1.28026  -1.10217  -1.06146
  11000.  4.00  -1.67307  -1.57823  -1.43284  -1.35631  -1.28401  -1.10484  -1.06818
  11000.  4.50  -1.69188  -1.58655  -1.43491  -1.35838  -1.28534  -1.10341  -1.07145
  11000.  5.00  -1.71515  -1.59686  -1.43578  -1.35858  -1.28400  -1.09800  -1.07066
  11250.  2.00  -1.73859  -1.65477  -1.49778  -1.40783  -1.32543  -1.13316  -1.09160
  11250.  2.50  -1.70492  -1.62595  -1.48067  -1.39812  -1.32185  -1.14024  -1.09744
  11250.  3.00  -1.69740  -1.61761  -1.47719  -1.39868  -1.32565  -1.14901  -1.10730
  11250.  3.50  -1.70278  -1.61853  -1.47873  -1.40248  -1.33104  -1.15608  -1.11699
  11250.  4.00  -1.71569  -1.62419  -1.48183  -1.40671  -1.33572  -1.16016  -1.12473
  11250.  4.50  -1.73364  -1.63240  -1.48457  -1.40973  -1.33829  -1.16044  -1.12932
  11250.  5.00  -1.75584  -1.64240  -1.48605  -1.41084  -1.33818  -1.15676  -1.13002
  11500.  2.00  -1.78410  -1.70223  -1.54719  -1.45836  -1.37696  -1.18721  -1.14753
  11500.  2.50  -1.74924  -1.67240  -1.52917  -1.44769  -1.37238  -1.19326  -1.15236
  11500.  3.00  -1.74116  -1.66368  -1.52539  -1.44792  -1.37583  -1.20178  -1.16186
  11500.  3.50  -1.74614  -1.66447  -1.52699  -1.45184  -1.38141  -1.20929  -1.17178
  11500.  4.00  -1.75858  -1.67009  -1.53045  -1.45656  -1.38674  -1.21439  -1.18024
  11500.  4.50  -1.77584  -1.67824  -1.53374  -1.46037  -1.39032  -1.21614  -1.18594
  11500.  5.00  -1.79710  -1.68805  -1.53586  -1.46239  -1.39139  -1.21408  -1.18799
  11750.  2.00  -1.82951  -1.74951  -1.59637  -1.50869  -1.42829  -1.24102  -1.20309
  11750.  2.50  -1.79356  -1.71877  -1.57757  -1.49716  -1.42283  -1.24618  -1.20701
  11750.  3.00  -1.78489  -1.70961  -1.57338  -1.49694  -1.42579  -1.25424  -1.21600
  11750.  3.50  -1.78946  -1.71020  -1.57492  -1.50081  -1.43134  -1.26190  -1.22590
  11750.  4.00  -1.80148  -1.71572  -1.57854  -1.50580  -1.43705  -1.26771  -1.23483
  11750.  4.50  -1.81823  -1.72385  -1.58230  -1.51025  -1.44146  -1.27066  -1.24145
  11750.  5.00  -1.83873  -1.73357  -1.58503  -1.51310  -1.44358  -1.27008  -1.24472
  12000.  2.50  -1.83780  -1.76496  -1.62572  -1.54641  -1.47308  -1.29890  -1.26134
  12000.  3.00  -1.82868  -1.75550  -1.62127  -1.54585  -1.47564  -1.30650  -1.26981
  12000.  3.50  -1.83288  -1.75590  -1.62269  -1.54959  -1.48104  -1.31409  -1.27953
  12000.  4.00  -1.84452  -1.76132  -1.62642  -1.55471  -1.48695  -1.32030  -1.28867
  12000.  4.50  -1.86078  -1.76939  -1.63050  -1.55961  -1.49194  -1.32417  -1.29595
  12000.  5.00  -1.88057  -1.77900  -1.63374  -1.56316  -1.49496  -1.32485  -1.30019
  12250.  2.50  -1.88169  -1.81078  -1.67353  -1.59536  -1.52305  -1.35136  -1.31529
  12250.  3.00  -1.87219  -1.80107  -1.66886  -1.59450  -1.52526  -1.35852  -1.32328
  12250.  3.50  -1.87610  -1.80131  -1.67016  -1.59806  -1.53045  -1.36593  -1.33273
  12250.  4.00  -1.88736  -1.80658  -1.67384  -1.60316  -1.53634  -1.37229  -1.34187
  12250.  4.50  -1.90327  -1.81459  -1.67813  -1.60835  -1.54172  -1.37681  -1.34960
  12250.  5.00  -1.92252  -1.82414  -1.68178  -1.61243  -1.54543  -1.37852  -1.35463
  12500.  2.50  -1.92534  -1.85628  -1.72095  -1.64392  -1.57262  -1.40341  -1.36874
  12500.  3.00  -1.91562  -1.84645  -1.71619  -1.64288  -1.57460  -1.41023  -1.37635
  12500.  3.50  -1.91924  -1.84655  -1.71737  -1.64626  -1.57957  -1.41740  -1.38548
  12500.  4.00  -1.93020  -1.85167  -1.72099  -1.65128  -1.58538  -1.42376  -1.39449
  12500.  4.50  -1.94571  -1.85957  -1.72540  -1.65662  -1.59097  -1.42869  -1.40248
  12500.  5.00  -1.96442  -1.86903  -1.72936  -1.66114  -1.59524  -1.43124  -1.40813
  12750.  2.50  -1.96865  -1.90137  -1.76792  -1.69202  -1.62173  -1.45496  -1.42159
  12750.  3.00  -1.95883  -1.89155  -1.76320  -1.69096  -1.62365  -1.46162  -1.42901
  12750.  3.50  -1.96217  -1.89149  -1.76425  -1.69415  -1.62840  -1.46853  -1.43781
  12750.  4.00  -1.97283  -1.89648  -1.76781  -1.69906  -1.63407  -1.47479  -1.44663
  12750.  4.50  -1.98798  -1.90424  -1.77221  -1.70443  -1.63971  -1.47994  -1.45468
  12750.  5.00  -2.00626  -1.91360  -1.77637  -1.70922  -1.64434  -1.48309  -1.46079
  13000.  2.50  -2.01137  -1.94584  -1.81426  -1.73949  -1.67024  -1.50591  -1.47378
  13000.  3.00  -2.00158  -1.93615  -1.80972  -1.73856  -1.67224  -1.51257  -1.48115
  13000.  3.50  -2.00481  -1.93609  -1.81078  -1.74170  -1.67688  -1.51929  -1.48970
  13000.  4.00  -2.01526  -1.94100  -1.81428  -1.74650  -1.68240  -1.52540  -1.49828
  13000.  4.50  -2.03008  -1.94861  -1.81864  -1.75180  -1.68798  -1.53059  -1.50627
  13000.  5.00  -2.04795  -1.95784  -1.82290  -1.75674  -1.69283  -1.53418  -1.51269
  14000.  2.00  -2.21872  -2.15239  -2.01315  -1.93469  -1.86243  -1.69600  -1.66991
  14000.  2.50  -2.17719  -2.11814  -1.99350  -1.92310  -1.85777  -1.70286  -1.67512
  14000.  3.00  -2.16867  -2.11007  -1.99083  -1.92389  -1.86143  -1.71084  -1.68362
  14000.  3.50  -2.17188  -2.11040  -1.99244  -1.92735  -1.86625  -1.71748  -1.69185
  14000.  4.00  -2.18209  -2.11546  -1.99611  -1.93210  -1.87155  -1.72322  -1.69979
  14000.  4.50  -2.19595  -2.12265  -2.00025  -1.93703  -1.87667  -1.72805  -1.70710
  14000.  5.00  -2.21236  -2.13122  -2.00438  -1.94186  -1.88148  -1.73206  -1.71357
  15000.  2.50  -2.33302  -2.27978  -2.16135  -2.09503  -2.03341  -1.88745  -1.86345
  15000.  3.00  -2.32731  -2.27489  -2.16227  -2.09937  -2.04062  -1.89871  -1.87500
  15000.  3.50  -2.33171  -2.27674  -2.16560  -2.10443  -2.04696  -1.90660  -1.88427
  15000.  4.00  -2.34248  -2.28266  -2.17018  -2.10990  -2.05285  -1.91268  -1.89228
  15000.  4.50  -2.35642  -2.29028  -2.17474  -2.11501  -2.05796  -1.91733  -1.89914
  15000.  5.00  -2.37176  -2.29829  -2.17852  -2.11935  -2.06221  -1.92086  -1.90490
  16000.  2.50  -2.47840  -2.43031  -2.31724  -2.25467  -2.19647  -2.05896  -2.03823
  16000.  3.00  -2.47624  -2.42950  -2.32297  -2.26390  -2.20869  -2.07507  -2.05442
  16000.  3.50  -2.48295  -2.43393  -2.32909  -2.27168  -2.21770  -2.08537  -2.06588
  16000.  4.00  -2.49463  -2.44107  -2.33511  -2.27848  -2.22487  -2.09256  -2.07477
  16000.  4.50  -2.50974  -2.45006  -2.34099  -2.28469  -2.23092  -2.09789  -2.08205
  16000.  5.00  -2.52508  -2.45843  -2.34515  -2.28923  -2.23522  -2.10131  -2.08747
  17000.  2.50  -2.61403  -2.57022  -2.46136  -2.40206  -2.34686  -2.21711  -2.19935
  17000.  3.00  -2.61534  -2.57374  -2.47267  -2.41721  -2.36535  -2.23963  -2.22170
  17000.  3.50  -2.62545  -2.58186  -2.48279  -2.42888  -2.37822  -2.25346  -2.23648
  17000.  4.00  -2.63810  -2.59031  -2.49041  -2.43728  -2.38699  -2.26218  -2.24672
  17000.  4.50  -2.65496  -2.60125  -2.49821  -2.44526  -2.39467  -2.26888  -2.25512
  17000.  5.00  -2.67141  -2.61092  -2.50365  -2.45086  -2.39988  -2.27297  -2.26099
  18000.  2.50  -2.74095  -2.70056  -2.59456  -2.53774  -2.48483  -2.36154  -2.34650
  18000.  3.00  -2.74486  -2.70785  -2.61153  -2.55943  -2.51072  -2.39257  -2.37711
  18000.  3.50  -2.75906  -2.72042  -2.62658  -2.57600  -2.52848  -2.41096  -2.39624
  18000.  4.00  -2.77314  -2.73064  -2.63631  -2.58651  -2.53938  -2.42172  -2.40835
  18000.  4.50  -2.79169  -2.74351  -2.64619  -2.59645  -2.54894  -2.43010  -2.41824
  18000.  5.00  -2.81005  -2.75526  -2.65362  -2.60384  -2.55578  -2.43556  -2.42527
  19000.  2.50  -2.86089  -2.82313  -2.71867  -2.66327  -2.61171  -2.49249  -2.47992
  19000.  3.00  -2.86548  -2.83245  -2.74007  -2.69095  -2.64505  -2.53391  -2.52073
  19000.  3.50  -2.88424  -2.85009  -2.76086  -2.71341  -2.66883  -2.55831  -2.54566
  19000.  4.00  -2.90041  -2.86275  -2.77343  -2.72674  -2.68258  -2.57173  -2.56026
  19000.  4.50  -2.92009  -2.87708  -2.78507  -2.73841  -2.69389  -2.58175  -2.57164
  19000.  5.00  -2.94071  -2.89126  -2.79497  -2.74810  -2.70287  -2.58904  -2.58031
  20000.  3.00  -2.97807  -2.94846  -2.85915  -2.81247  -2.76889  -2.66375  -2.65267
  20000.  3.50  -3.00137  -2.97123  -2.88600  -2.84138  -2.79953  -2.69556  -2.68485
  20000.  4.00  -3.02040  -2.98712  -2.90219  -2.85838  -2.81697  -2.71264  -2.70293
  20000.  4.50  -3.04052  -3.00229  -2.91515  -2.87144  -2.82975  -2.72411  -2.71563
  20000.  5.00  -3.06332  -3.01891  -2.92766  -2.88363  -2.84117  -2.73354  -2.72628
  21000.  3.00  -3.08414  -3.05754  -2.97062  -2.92580  -2.88403  -2.78346  -2.77425
  21000.  3.50  -3.11110  -3.08450  -3.00263  -2.96051  -2.92104  -2.82298  -2.81406
  21000.  4.00  -3.13371  -3.10431  -3.02319  -2.98198  -2.94309  -2.84486  -2.83680
  21000.  4.50  -3.15416  -3.12027  -3.03743  -2.99643  -2.95737  -2.85804  -2.85110
  21000.  5.00  -3.17826  -3.13859  -3.05205  -3.01074  -2.97094  -2.86937  -2.86348
  22000.  3.00  -3.18493  -3.16121  -3.07649  -3.03321  -2.99296  -2.89583  -2.88822
  22000.  3.50  -3.21418  -3.19080  -3.11174  -3.07170  -3.03426  -2.94121  -2.93392
  22000.  4.00  -3.24054  -3.21468  -3.13686  -3.09795  -3.06129  -2.96857  -2.96206
  22000.  4.50  -3.26158  -3.23161  -3.15248  -3.11393  -3.07723  -2.98370  -2.97822
  22000.  5.00  -3.28627  -3.25096  -3.16868  -3.12992  -3.09262  -2.99696  -2.99241
  23000.  3.00  -3.28107  -3.26033  -3.17815  -3.13649  -3.09781  -3.00401  -2.99778
  23000.  3.50  -3.31170  -3.29133  -3.21482  -3.17658  -3.14093  -3.05204  -3.04617
  23000.  4.00  -3.34142  -3.31881  -3.24388  -3.20697  -3.17229  -3.08435  -3.07922
  23000.  4.50  -3.36425  -3.33784  -3.26196  -3.22551  -3.19088  -3.10240  -3.09824
  23000.  5.00  -3.38806  -3.35676  -3.27823  -3.24176  -3.20671  -3.11654  -3.11326
  24000.  3.00  -3.37114  -3.35335  -3.27395  -3.23409  -3.19713  -3.10730  -3.10236
  24000.  3.50  -3.40448  -3.38711  -3.31327  -3.27678  -3.24286  -3.15779  -3.15318
  24000.  4.00  -3.43689  -3.41735  -3.34510  -3.30999  -3.27709  -3.19330  -3.18940
  24000.  4.50  -3.46189  -3.43880  -3.36584  -3.33125  -3.29848  -3.21442  -3.21144
  24000.  5.00  -3.48480  -3.45719  -3.38193  -3.34745  -3.31436  -3.22900  -3.22689
  25000.  3.00  -3.45425  -3.43889  -3.36191  -3.32341  -3.28790  -3.20157  -3.19787
  25000.  3.50  -3.49224  -3.47799  -3.40715  -3.37259  -3.34057  -3.25952  -3.25605
  25000.  4.00  -3.52743  -3.51092  -3.44137  -3.40798  -3.37681  -3.29686  -3.29405
  25000.  4.50  -3.55472  -3.53479  -3.46461  -3.43176  -3.40074  -3.32066  -3.31873
  25000.  5.00  -3.57730  -3.55314  -3.48087  -3.44815  -3.41685  -3.33571  -3.33461
  26000.  3.00  -3.53413  -3.52024  -3.44427  -3.40571  -3.37040  -3.28505  -3.28235
  26000.  3.50  -3.57384  -3.56273  -3.49518  -3.46270  -3.43271  -3.35614  -3.35380
  26000.  4.00  -3.61301  -3.59955  -3.53291  -3.50136  -3.47202  -3.39598  -3.39419
  26000.  4.50  -3.64277  -3.62594  -3.55857  -3.52744  -3.49816  -3.42188  -3.42087
  26000.  5.00  -3.66597  -3.64510  -3.57574  -3.54473  -3.51516  -3.43792  -3.43771
  27000.  3.50  -3.64853  -3.64037  -3.57610  -3.54553  -3.51752  -3.44522  -3.44398
  27000.  4.00  -3.69303  -3.68268  -3.61922  -3.58967  -3.56229  -3.49049  -3.48969
  27000.  4.50  -3.72582  -3.71206  -3.64764  -3.61831  -3.59083  -3.51844  -3.51831
  27000.  5.00  -3.75047  -3.73280  -3.66641  -3.63715  -3.60934  -3.53600  -3.53660
  28000.  3.50  -3.71774  -3.71210  -3.65061  -3.62141  -3.59494  -3.52596  -3.52571
  28000.  4.00  -3.76685  -3.75959  -3.69944  -3.67191  -3.64653  -3.57911  -3.57929
  28000.  4.50  -3.80336  -3.79270  -3.73140  -3.70397  -3.67838  -3.61007  -3.61082
  28000.  5.00  -3.82999  -3.81548  -3.75213  -3.72467  -3.69869  -3.62929  -3.63070
  29000.  3.50  -3.78560  -3.78195  -3.72270  -3.69403  -3.66850  -3.60120  -3.60172
  29000.  4.00  -3.83458  -3.83024  -3.77341  -3.74765  -3.72420  -3.66065  -3.66177
  29000.  4.50  -3.87498  -3.86740  -3.80931  -3.78379  -3.76012  -3.69595  -3.69757
  29000.  5.00  -3.90414  -3.89274  -3.83249  -3.80686  -3.78274  -3.71733  -3.71953
  30000.  3.50  -3.85601  -3.85373  -3.79607  -3.76712  -3.74192  -3.67472  -3.67576
  30000.  4.00  -3.89860  -3.89685  -3.84300  -3.81857  -3.79670  -3.73618  -3.73812
  30000.  4.50  -3.94120  -3.93659  -3.88176  -3.85798  -3.83617  -3.77578  -3.77822
  30000.  5.00  -3.97289  -3.96457  -3.90744  -3.88360  -3.86128  -3.79979  -3.80275
  31000.  3.50  -3.93234  -3.93110  -3.87464  -3.84488  -3.81952  -3.75124  -3.75253
  31000.  4.00  -3.96164  -3.96206  -3.91082  -3.88715  -3.86649  -3.80788  -3.81046
  31000.  4.50  -4.00361  -4.00175  -3.94999  -3.92763  -3.90745  -3.85016  -3.85333
  31000.  5.00  -4.03692  -4.03158  -3.97752  -3.95528  -3.93464  -3.87669  -3.88034
  32000.  4.00  -4.02638  -4.02852  -3.97957  -3.95616  -3.93637  -3.87861  -3.88168
  32000.  4.50  -4.06432  -4.06490  -4.01596  -3.99463  -3.97583  -3.92081  -3.92458
  32000.  5.00  -4.09796  -4.09541  -4.04441  -4.02346  -4.00438  -3.94921  -3.95346
  33000.  4.00  -4.09507  -4.09856  -4.05162  -4.02798  -4.00874  -3.95089  -3.95429
  33000.  4.50  -4.12530  -4.12794  -4.08162  -4.06091  -4.04325  -3.98968  -3.99393
  33000.  5.00  -4.15709  -4.15708  -4.10891  -4.08900  -4.07127  -4.01831  -4.02308
  34000.  4.00  -4.16742  -4.17201  -4.12687  -4.10270  -4.08376  -4.02511  -4.02869
  34000.  4.50  -4.18918  -4.19348  -4.14951  -4.12898  -4.11223  -4.05920  -4.06382
  34000.  5.00  -4.21702  -4.21920  -4.17368  -4.15445  -4.13789  -4.08640  -4.09156
  35000.  4.00  -4.24314  -4.24877  -4.20530  -4.18056  -4.16180  -4.10216  -4.10576
  35000.  4.50  -4.25593  -4.26155  -4.21974  -4.19902  -4.18293  -4.12971  -4.13460
  35000.  5.00  -4.27905  -4.28303  -4.23996  -4.22104  -4.20544  -4.15470  -4.16020
  36000.  4.00  -4.32138  -4.32800  -4.28615  -4.26101  -4.24247  -4.18211  -4.18571
  36000.  4.50  -4.32557  -4.33234  -4.29255  -4.27143  -4.25583  -4.20190  -4.20693
  36000.  5.00  -4.34330  -4.34875  -4.30795  -4.28902  -4.27422  -4.22354  -4.22930
  37000.  4.00  -4.40100  -4.40860  -4.36826  -4.34295  -4.32472  -4.26417  -4.26781
  37000.  4.50  -4.39798  -4.40579  -4.36796  -4.34642  -4.33125  -4.27650  -4.28160
  37000.  5.00  -4.40988  -4.41659  -4.37798  -4.35879  -4.34464  -4.29345  -4.29939
  38000.  4.00  -4.48058  -4.48912  -4.45012  -4.42484  -4.40698  -4.34669  -4.35041
  38000.  4.50  -4.47244  -4.48126  -4.44532  -4.42348  -4.40876  -4.35346  -4.35861
  38000.  5.00  -4.47915  -4.48695  -4.45043  -4.43090  -4.41732  -4.36535  -4.37141
  39000.  4.00  -4.55924  -4.56863  -4.53074  -4.50561  -4.48808  -4.42833  -4.43217
  39000.  4.50  -4.54788  -4.55770  -4.52354  -4.50161  -4.48740  -4.43192  -4.43715
  39000.  5.00  -4.55051  -4.55932  -4.52481  -4.50499  -4.49197  -4.43929  -4.44545
  40000.  4.50  -4.62325  -4.63403  -4.60149  -4.57962  -4.56593  -4.51065  -4.51601
  40000.  5.00  -4.62318  -4.63296  -4.60035  -4.58035  -4.56789  -4.51479  -4.52106
  41000.  4.50  -4.69773  -4.70943  -4.67834  -4.65662  -4.64344  -4.58862  -4.59412
  41000.  5.00  -4.69623  -4.70694  -4.67609  -4.65606  -4.64416  -4.59097  -4.59736
  42000.  4.50  -4.77088  -4.78344  -4.75359  -4.73210  -4.71935  -4.66514  -4.67078
  42000.  5.00  -4.76887  -4.78049  -4.75126  -4.73130  -4.71996  -4.66692  -4.67345
  43000.  4.50  -4.84256  -4.85595  -4.82710  -4.80585  -4.79346  -4.73991  -4.74569
  43000.  5.00  -4.84060  -4.85308  -4.82526  -4.80546  -4.79463  -4.74196  -4.74865
  44000.  4.50  -4.91275  -4.92692  -4.89888  -4.87789  -4.86580  -4.81292  -4.81881
  44000.  5.00  -4.91108  -4.92440  -4.89781  -4.87822  -4.86783  -4.81565  -4.82249
  45000.  4.50  -4.98152  -4.99645  -4.96904  -4.94832  -4.93645  -4.88428  -4.89025
  45000.  5.00  -4.98021  -4.99432  -4.96878  -4.94940  -4.93942  -4.88779  -4.89476
  46000.  4.50  -5.04900  -5.06464  -5.03776  -5.01731  -5.00563  -4.95416  -4.96022
  46000.  5.00  -5.04799  -5.06287  -5.03821  -5.01907  -5.00940  -4.95837  -4.96547
  47000.  4.50  -5.11522  -5.13154  -5.10511  -5.08495  -5.07343  -5.02270  -5.02883
  47000.  5.00  -5.11446  -5.13007  -5.10614  -5.08726  -5.07787  -5.02747  -5.03466
  48000.  4.50  -5.18023  -5.19723  -5.17118  -5.15130  -5.13991  -5.08994  -5.09615
  48000.  5.00  -5.17970  -5.19601  -5.17272  -5.15410  -5.14493  -5.09519  -5.10247
  49000.  4.50  -5.24408  -5.26171  -5.23603  -5.21643  -5.20519  -5.15597  -5.16225
  49000.  5.00  -5.24376  -5.26077  -5.23802  -5.21967  -5.21070  -5.16165  -5.16901
  50000.  5.00  -5.30671  -5.32437  -5.30211  -5.28403  -5.27525  -5.22690  -5.23433
