   3500.  0.00  -4.036  -3.013  -1.945  -1.190  -0.784   0.226   0.392
   3500.  0.50  -3.629  -2.707  -1.714  -1.032  -0.644   0.296   0.452
   3500.  1.00  -3.268  -2.445  -1.521  -0.896  -0.525   0.363   0.512
   3500.  1.50  -2.980  -2.240  -1.374  -0.787  -0.428   0.425   0.568
   3500.  2.00  -2.819  -2.129  -1.295  -0.720  -0.366   0.474   0.615
   3500.  2.50  -2.750  -2.082  -1.259  -0.681  -0.327   0.510   0.649
   3500.  3.00  -2.713  -2.059  -1.240  -0.658  -0.303   0.531   0.668
   3500.  3.50  -2.712  -2.064  -1.238  -0.647  -0.289   0.543   0.679
   3500.  4.00  -2.747  -2.096  -1.252  -0.644  -0.279   0.552   0.688
   3500.  4.50  -2.804  -2.143  -1.274  -0.643  -0.270   0.565   0.700
   3500.  5.00  -2.872  -2.195  -1.300  -0.636  -0.254   0.588   0.723
   3750.  0.00  -3.498  -2.554  -1.585  -0.929  -0.551   0.347   0.490
   3750.  0.50  -3.196  -2.341  -1.437  -0.841  -0.481   0.360   0.496
   3750.  1.00  -2.924  -2.157  -1.313  -0.762  -0.418   0.381   0.512
   3750.  1.50  -2.691  -2.001  -1.208  -0.688  -0.355   0.412   0.539
   3750.  2.00  -2.513  -1.880  -1.124  -0.623  -0.297   0.452   0.576
   3750.  2.50  -2.422  -1.817  -1.077  -0.577  -0.252   0.496   0.619
   3750.  3.00  -2.376  -1.784  -1.049  -0.543  -0.217   0.535   0.657
   3750.  3.50  -2.358  -1.774  -1.039  -0.526  -0.197   0.557   0.678
   3750.  4.00  -2.356  -1.776  -1.034  -0.512  -0.179   0.574   0.694
   3750.  4.50  -2.380  -1.799  -1.040  -0.504  -0.164   0.589   0.708
   3750.  5.00  -2.423  -1.835  -1.052  -0.496  -0.148   0.606   0.724
   4000.  0.00  -2.911  -2.073  -1.205  -0.643  -0.296   0.498   0.620
   4000.  0.50  -2.661  -1.897  -1.092  -0.582  -0.255   0.492   0.608
   4000.  1.00  -2.452  -1.760  -1.011  -0.541  -0.230   0.483   0.596
   4000.  1.50  -2.292  -1.662  -0.956  -0.512  -0.212   0.477   0.588
   4000.  2.00  -2.177  -1.594  -0.919  -0.489  -0.196   0.478   0.588
   4000.  2.50  -2.099  -1.550  -0.890  -0.464  -0.171   0.495   0.603
   4000.  3.00  -2.066  -1.528  -0.870  -0.437  -0.141   0.529   0.636
   4000.  3.50  -2.044  -1.512  -0.851  -0.409  -0.109   0.567   0.674
   4000.  4.00  -2.030  -1.503  -0.839  -0.388  -0.085   0.595   0.701
   4000.  4.50  -2.033  -1.509  -0.837  -0.377  -0.068   0.613   0.719
   4000.  5.00  -2.052  -1.528  -0.843  -0.369  -0.054   0.628   0.733
   4250.  0.00  -2.378  -1.662  -0.896  -0.415  -0.099   0.605   0.710
   4250.  0.50  -2.188  -1.529  -0.814  -0.373  -0.075   0.591   0.692
   4250.  1.00  -2.027  -1.422  -0.753  -0.345  -0.062   0.576   0.674
   4250.  1.50  -1.903  -1.344  -0.713  -0.328  -0.055   0.563   0.660
   4250.  2.00  -1.815  -1.292  -0.688  -0.317  -0.052   0.554   0.650
   4250.  2.50  -1.759  -1.260  -0.673  -0.308  -0.047   0.552   0.647
   4250.  3.00  -1.728  -1.245  -0.664  -0.299  -0.037   0.559   0.654
   4250.  3.50  -1.725  -1.245  -0.661  -0.287  -0.020   0.582   0.676
   4250.  4.00  -1.730  -1.250  -0.657  -0.273  -0.001   0.608   0.702
   4250.  4.50  -1.735  -1.255  -0.655  -0.261   0.016   0.629   0.723
   4250.  5.00  -1.741  -1.263  -0.657  -0.253   0.029   0.646   0.739
   4500.  0.00  -1.886  -1.298  -0.639  -0.234   0.049   0.666   0.756
   4500.  0.50  -1.765  -1.216  -0.593  -0.213   0.056   0.650   0.737
   4500.  1.00  -1.660  -1.148  -0.556  -0.199   0.059   0.633   0.719
   4500.  1.50  -1.579  -1.096  -0.531  -0.190   0.059   0.619   0.703
   4500.  2.00  -1.521  -1.060  -0.515  -0.185   0.058   0.608   0.692
   4500.  2.50  -1.483  -1.038  -0.504  -0.181   0.059   0.603   0.686
   4500.  3.00  -1.463  -1.026  -0.498  -0.176   0.063   0.604   0.686
   4500.  3.50  -1.456  -1.023  -0.495  -0.170   0.071   0.612   0.694
   4500.  4.00  -1.460  -1.027  -0.494  -0.162   0.083   0.629   0.711
   4500.  4.50  -1.471  -1.034  -0.494  -0.153   0.097   0.648   0.730
   4500.  5.00  -1.481  -1.042  -0.494  -0.145   0.109   0.665   0.747
   4750.  0.00  -1.458  -0.991  -0.437  -0.098   0.151   0.690   0.767
   4750.  0.50  -1.384  -0.946  -0.417  -0.094   0.146   0.671   0.747
   4750.  1.00  -1.328  -0.913  -0.404  -0.094   0.139   0.654   0.729
   4750.  1.50  -1.285  -0.887  -0.395  -0.094   0.133   0.640   0.714
   4750.  2.00  -1.257  -0.870  -0.388  -0.095   0.128   0.629   0.703
   4750.  2.50  -1.241  -0.860  -0.383  -0.094   0.126   0.623   0.697
   4750.  3.00  -1.235  -0.854  -0.379  -0.091   0.128   0.623   0.696
   4750.  3.50  -1.235  -0.852  -0.375  -0.086   0.134   0.629   0.701
   4750.  4.00  -1.240  -0.854  -0.373  -0.080   0.143   0.639   0.712
   4750.  4.50  -1.249  -0.859  -0.372  -0.073   0.153   0.653   0.726
   4750.  5.00  -1.260  -0.865  -0.371  -0.066   0.165   0.669   0.741
   5000.  0.00  -1.123  -0.752  -0.287  -0.003   0.216   0.688   0.756
   5000.  0.50  -1.081  -0.732  -0.285  -0.010   0.204   0.669   0.736
   5000.  1.00  -1.051  -0.718  -0.286  -0.017   0.191   0.652   0.718
   5000.  1.50  -1.033  -0.712  -0.289  -0.026   0.180   0.638   0.703
   5000.  2.00  -1.026  -0.710  -0.293  -0.032   0.171   0.627   0.692
   5000.  2.50  -1.026  -0.711  -0.295  -0.036   0.166   0.620   0.685
   5000.  3.00  -1.031  -0.713  -0.294  -0.036   0.166   0.619   0.684
   5000.  3.50  -1.040  -0.715  -0.291  -0.032   0.171   0.624   0.689
   5000.  4.00  -1.050  -0.718  -0.287  -0.025   0.180   0.634   0.699
   5000.  4.50  -1.061  -0.721  -0.284  -0.018   0.189   0.647   0.711
   5000.  5.00  -1.072  -0.725  -0.281  -0.010   0.200   0.660   0.724
   5250.  0.00  -0.864  -0.567  -0.176   0.064   0.257   0.672   0.732
   5250.  0.50  -0.846  -0.564  -0.186   0.051   0.240   0.654   0.713
   5250.  1.00  -0.836  -0.566  -0.196   0.038   0.225   0.638   0.696
   5250.  1.50  -0.835  -0.572  -0.208   0.024   0.210   0.623   0.681
   5250.  2.00  -0.841  -0.582  -0.220   0.011   0.196   0.611   0.669
   5250.  2.50  -0.852  -0.593  -0.230   0.002   0.187   0.601   0.660
   5250.  3.00  -0.864  -0.601  -0.235  -0.003   0.182   0.598   0.656
   5250.  3.50  -0.878  -0.608  -0.235  -0.002   0.185   0.601   0.659
   5250.  4.00  -0.892  -0.612  -0.231   0.004   0.192   0.610   0.667
   5250.  4.50  -0.905  -0.616  -0.226   0.013   0.203   0.623   0.680
   5250.  5.00  -0.917  -0.619  -0.221   0.021   0.214   0.637   0.694
   5500.  0.00  -0.657  -0.419  -0.092   0.112   0.279   0.644   0.699
   5500.  0.50  -0.658  -0.429  -0.108   0.096   0.263   0.630   0.683
   5500.  1.00  -0.664  -0.442  -0.125   0.079   0.246   0.616   0.668
   5500.  1.50  -0.677  -0.458  -0.142   0.062   0.229   0.602   0.654
   5500.  2.00  -0.693  -0.476  -0.160   0.046   0.214   0.589   0.641
   5500.  2.50  -0.713  -0.495  -0.176   0.031   0.200   0.578   0.630
   5500.  3.00  -0.732  -0.511  -0.189   0.020   0.190   0.570   0.622
   5500.  3.50  -0.749  -0.523  -0.195   0.015   0.186   0.569   0.621
   5500.  4.00  -0.765  -0.531  -0.195   0.017   0.190   0.574   0.626
   5500.  4.50  -0.779  -0.535  -0.191   0.025   0.200   0.586   0.637
   5500.  5.00  -0.791  -0.538  -0.185   0.034   0.212   0.600   0.651
   5750.  0.00  -0.485  -0.297  -0.026   0.145   0.290   0.607   0.660
   5750.  0.50  -0.501  -0.316  -0.045   0.128   0.275   0.598   0.647
   5750.  1.00  -0.520  -0.337  -0.065   0.111   0.259   0.587   0.635
   5750.  1.50  -0.543  -0.361  -0.087   0.092   0.242   0.576   0.622
   5750.  2.00  -0.570  -0.386  -0.109   0.073   0.225   0.563   0.609
   5750.  2.50  -0.597  -0.412  -0.130   0.054   0.208   0.551   0.597
   5750.  3.00  -0.624  -0.435  -0.149   0.038   0.194   0.541   0.587
   5750.  3.50  -0.648  -0.454  -0.162   0.028   0.185   0.536   0.582
   5750.  4.00  -0.666  -0.467  -0.169   0.024   0.183   0.536   0.582
   5750.  4.50  -0.681  -0.474  -0.168   0.027   0.188   0.543   0.589
   5750.  5.00  -0.692  -0.477  -0.163   0.035   0.199   0.556   0.602
   6000.  0.00  -0.337  -0.194   0.026   0.168   0.290   0.562   0.614
   6000.  0.50  -0.366  -0.219   0.007   0.153   0.279   0.560   0.607
   6000.  1.00  -0.395  -0.246  -0.015   0.136   0.265   0.554   0.598
   6000.  1.50  -0.427  -0.275  -0.038   0.117   0.249   0.545   0.588
   6000.  2.00  -0.461  -0.306  -0.063   0.096   0.232   0.535   0.576
   6000.  2.50  -0.497  -0.337  -0.089   0.075   0.214   0.523   0.564
   6000.  3.00  -0.531  -0.368  -0.113   0.055   0.197   0.512   0.552
   6000.  3.50  -0.562  -0.394  -0.132   0.038   0.182   0.503   0.543
   6000.  4.00  -0.587  -0.413  -0.146   0.028   0.174   0.498   0.539
   6000.  4.50  -0.604  -0.425  -0.151   0.026   0.174   0.501   0.542
   6000.  5.00  -0.617  -0.431  -0.149   0.030   0.181   0.510   0.551
   6250.  0.50  -0.246  -0.134   0.049   0.169   0.275   0.515   0.561
   6250.  1.00  -0.284  -0.164   0.028   0.154   0.265   0.515   0.557
   6250.  1.50  -0.323  -0.197   0.004   0.136   0.252   0.510   0.550
   6250.  2.00  -0.364  -0.232  -0.023   0.115   0.235   0.503   0.540
   6250.  2.50  -0.406  -0.269  -0.051   0.093   0.217   0.493   0.529
   6250.  3.00  -0.448  -0.305  -0.079   0.070   0.198   0.482   0.517
   6250.  3.50  -0.486  -0.338  -0.104   0.049   0.180   0.471   0.506
   6250.  4.00  -0.518  -0.365  -0.124   0.033   0.167   0.463   0.498
   6250.  4.50  -0.542  -0.384  -0.136   0.023   0.160   0.460   0.496
   6250.  5.00  -0.558  -0.395  -0.140   0.022   0.161   0.464   0.500
   6500.  0.50  -0.134  -0.058   0.078   0.174   0.260   0.462   0.509
   6500.  1.00  -0.183  -0.092   0.062   0.166   0.258   0.469   0.512
   6500.  1.50  -0.229  -0.127   0.040   0.151   0.249   0.471   0.509
   6500.  2.00  -0.275  -0.165   0.013   0.131   0.235   0.467   0.502
   6500.  2.50  -0.323  -0.206  -0.016   0.108   0.217   0.460   0.492
   6500.  3.00  -0.370  -0.246  -0.047   0.083   0.197   0.449   0.481
   6500.  3.50  -0.415  -0.285  -0.077   0.059   0.177   0.438   0.469
   6500.  4.00  -0.455  -0.319  -0.103   0.038   0.159   0.428   0.459
   6500.  4.50  -0.486  -0.346  -0.122   0.022   0.147   0.421   0.452
   6500.  5.00  -0.509  -0.364  -0.133   0.015   0.142   0.420   0.452
   6750.  0.50  -0.048   0.002   0.102   0.177   0.244   0.408   0.457
   6750.  1.00  -0.087  -0.027   0.086   0.168   0.242   0.417   0.460
   6750.  1.50  -0.142  -0.064   0.069   0.159   0.240   0.426   0.463
   6750.  2.00  -0.194  -0.105   0.044   0.142   0.230   0.427   0.460
   6750.  2.50  -0.246  -0.147   0.014   0.119   0.214   0.423   0.453
   6750.  3.00  -0.298  -0.191  -0.018   0.094   0.194   0.415   0.443
   6750.  3.50  -0.349  -0.235  -0.051   0.068   0.173   0.405   0.431
   6750.  4.00  -0.396  -0.275  -0.081   0.043   0.153   0.393   0.420
   6750.  4.50  -0.435  -0.309  -0.107   0.022   0.136   0.384   0.411
   6750.  5.00  -0.465  -0.335  -0.125   0.008   0.125   0.379   0.406
   7000.  0.50   0.012   0.043   0.118   0.176   0.228   0.358   0.407
   7000.  1.00  -0.015   0.023   0.104   0.167   0.224   0.365   0.408
   7000.  1.50  -0.059  -0.008   0.087   0.157   0.221   0.374   0.411
   7000.  2.00  -0.119  -0.050   0.068   0.146   0.218   0.382   0.414
   7000.  2.50  -0.176  -0.094   0.040   0.127   0.207   0.383   0.410
   7000.  3.00  -0.232  -0.140   0.008   0.103   0.189   0.378   0.403
   7000.  3.50  -0.287  -0.187  -0.027   0.075   0.167   0.370   0.392
   7000.  4.00  -0.340  -0.233  -0.061   0.048   0.145   0.359   0.381
   7000.  4.50  -0.386  -0.274  -0.091   0.023   0.125   0.348   0.370
   7000.  5.00  -0.424  -0.307  -0.116   0.003   0.109   0.340   0.362
   7250.  0.50   0.044   0.066   0.126   0.170   0.210   0.311   0.359
   7250.  1.00   0.034   0.056   0.114   0.161   0.204   0.314   0.358
   7250.  1.50   0.002   0.033   0.100   0.152   0.201   0.322   0.359
   7250.  2.00  -0.048  -0.002   0.081   0.142   0.198   0.331   0.362
   7250.  2.50  -0.111  -0.047   0.060   0.129   0.193   0.338   0.364
   7250.  3.00  -0.171  -0.094   0.030   0.108   0.180   0.338   0.360
   7250.  3.50  -0.230  -0.143  -0.005   0.081   0.160   0.332   0.352
   7250.  4.00  -0.287  -0.192  -0.041   0.052   0.137   0.323   0.341
   7250.  4.50  -0.340  -0.239  -0.076   0.024   0.115   0.312   0.330
   7250.  5.00  -0.386  -0.279  -0.107  -0.001   0.095   0.302   0.320
   7500.  0.50   0.032   0.056   0.120   0.158   0.194   0.273   0.318
   7500.  1.00   0.061   0.072   0.114   0.149   0.181   0.265   0.308
   7500.  1.50   0.041   0.057   0.103   0.142   0.178   0.271   0.308
   7500.  2.00   0.003   0.031   0.088   0.133   0.175   0.278   0.310
   7500.  2.50  -0.050  -0.007   0.069   0.122   0.171   0.287   0.312
   7500.  3.00  -0.115  -0.054   0.045   0.107   0.165   0.293   0.313
   7500.  3.50  -0.178  -0.104   0.013   0.083   0.149   0.292   0.309
   7500.  4.00  -0.239  -0.155  -0.024   0.054   0.128   0.285   0.300
   7500.  4.50  -0.297  -0.205  -0.061   0.025   0.104   0.275   0.289
   7500.  5.00  -0.349  -0.251  -0.096  -0.004   0.081   0.264   0.278
   7750.  1.00   0.062   0.066   0.101   0.128   0.154   0.217   0.259
   7750.  1.50   0.060   0.065   0.096   0.124   0.150   0.219   0.256
   7750.  2.00   0.032   0.047   0.085   0.118   0.149   0.226   0.257
   7750.  2.50  -0.010   0.018   0.069   0.108   0.145   0.234   0.259
   7750.  3.00  -0.066  -0.022   0.049   0.096   0.140   0.242   0.261
   7750.  3.50  -0.131  -0.070   0.024   0.079   0.133   0.247   0.262
   7750.  4.00  -0.195  -0.122  -0.010   0.054   0.115   0.245   0.256
   7750.  4.50  -0.256  -0.174  -0.048   0.024   0.092   0.238   0.247
   7750.  5.00  -0.314  -0.225  -0.086  -0.007   0.068   0.227   0.236
   8000.  1.00   0.029   0.034   0.072   0.098   0.122   0.173   0.211
   8000.  1.50   0.059   0.056   0.077   0.098   0.117   0.167   0.203
   8000.  2.00   0.043   0.047   0.071   0.095   0.116   0.173   0.203
   8000.  2.50   0.010   0.026   0.060   0.088   0.114   0.180   0.204
   8000.  3.00  -0.034  -0.005   0.043   0.077   0.110   0.187   0.205
   8000.  3.50  -0.092  -0.046   0.023   0.065   0.106   0.196   0.209
   8000.  4.00  -0.157  -0.094  -0.003   0.047   0.097   0.201   0.209
   8000.  4.50  -0.220  -0.147  -0.039   0.020   0.077   0.197   0.203
   8000.  5.00  -0.281  -0.200  -0.078  -0.011   0.053   0.188   0.194
   8250.  1.00  -0.039  -0.029   0.021   0.052   0.080   0.131   0.162
   8250.  1.50   0.037   0.029   0.046   0.063   0.078   0.116   0.150
   8250.  2.00   0.037   0.033   0.046   0.063   0.078   0.118   0.148
   8250.  2.50   0.014   0.019   0.040   0.059   0.077   0.125   0.148
   8250.  3.00  -0.023  -0.004   0.028   0.052   0.075   0.132   0.149
   8250.  3.50  -0.070  -0.037   0.011   0.041   0.071   0.140   0.151
   8250.  4.00  -0.128  -0.077  -0.007   0.031   0.068   0.149   0.156
   8250.  4.50  -0.190  -0.126  -0.035   0.011   0.057   0.153   0.156
   8250.  5.00  -0.253  -0.179  -0.072  -0.018   0.036   0.148   0.150
   8500.  1.50  -0.003  -0.013   0.004   0.020   0.034   0.065   0.095
   8500.  2.00   0.016   0.005   0.012   0.025   0.035   0.063   0.091
   8500.  2.50   0.003   0.000   0.011   0.024   0.036   0.068   0.090
   8500.  3.00  -0.026  -0.017   0.003   0.020   0.036   0.075   0.091
   8500.  3.50  -0.066  -0.042  -0.009   0.012   0.033   0.083   0.093
   8500.  4.00  -0.113  -0.075  -0.026   0.002   0.029   0.091   0.096
   8500.  4.50  -0.170  -0.115  -0.042  -0.008   0.028   0.102   0.103
   8500.  5.00  -0.230  -0.164  -0.072  -0.029   0.015   0.104   0.102
   8750.  1.50  -0.055  -0.066  -0.047  -0.031  -0.017   0.011   0.037
   8750.  2.00  -0.017  -0.033  -0.030  -0.020  -0.013   0.007   0.033
   8750.  2.50  -0.019  -0.029  -0.027  -0.018  -0.011   0.010   0.031
   8750.  3.00  -0.040  -0.039  -0.030  -0.019  -0.009   0.017   0.032
   8750.  3.50  -0.073  -0.059  -0.038  -0.024  -0.010   0.024   0.033
   8750.  4.00  -0.115  -0.086  -0.050  -0.031  -0.012   0.032   0.036
   8750.  4.50  -0.164  -0.119  -0.065  -0.040  -0.014   0.042   0.041
   8750.  5.00  -0.217  -0.158  -0.081  -0.049  -0.015   0.053   0.049
   9000.  1.50  -0.112  -0.124  -0.104  -0.087  -0.072  -0.046  -0.024
   9000.  2.00  -0.059  -0.079  -0.078  -0.070  -0.064  -0.050  -0.027
   9000.  2.50  -0.051  -0.067  -0.070  -0.065  -0.061  -0.049  -0.029
   9000.  3.00  -0.065  -0.071  -0.070  -0.064  -0.059  -0.043  -0.029
   9000.  3.50  -0.091  -0.085  -0.074  -0.065  -0.057  -0.036  -0.028
   9000.  4.00  -0.127  -0.106  -0.082  -0.070  -0.057  -0.027  -0.025
   9000.  4.50  -0.170  -0.135  -0.095  -0.078  -0.059  -0.019  -0.021
   9000.  5.00  -0.217  -0.166  -0.106  -0.082  -0.057  -0.005  -0.011
   9250.  2.00  -0.107  -0.129  -0.130  -0.123  -0.118  -0.109  -0.088
   9250.  2.50  -0.091  -0.112  -0.119  -0.116  -0.114  -0.108  -0.091
   9250.  3.00  -0.097  -0.110  -0.115  -0.112  -0.111  -0.104  -0.091
   9250.  3.50  -0.118  -0.118  -0.116  -0.112  -0.108  -0.097  -0.090
   9250.  4.00  -0.148  -0.134  -0.120  -0.114  -0.106  -0.088  -0.087
   9250.  4.50  -0.186  -0.158  -0.129  -0.118  -0.106  -0.079  -0.083
   9250.  5.00  -0.229  -0.187  -0.140  -0.124  -0.106  -0.069  -0.076
   9500.  2.00  -0.156  -0.181  -0.183  -0.177  -0.174  -0.167  -0.150
   9500.  2.50  -0.135  -0.159  -0.170  -0.169  -0.169  -0.168  -0.153
   9500.  3.00  -0.136  -0.154  -0.165  -0.164  -0.166  -0.165  -0.154
   9500.  3.50  -0.151  -0.158  -0.163  -0.162  -0.162  -0.159  -0.153
   9500.  4.00  -0.176  -0.170  -0.164  -0.161  -0.158  -0.150  -0.150
   9500.  4.50  -0.209  -0.188  -0.169  -0.163  -0.156  -0.141  -0.146
   9500.  5.00  -0.249  -0.213  -0.177  -0.168  -0.156  -0.131  -0.140
   9750.  2.00  -0.205  -0.233  -0.237  -0.232  -0.229  -0.226  -0.212
   9750.  2.50  -0.181  -0.209  -0.223  -0.222  -0.225  -0.228  -0.215
   9750.  3.00  -0.179  -0.201  -0.216  -0.218  -0.221  -0.226  -0.217
   9750.  3.50  -0.190  -0.203  -0.213  -0.214  -0.217  -0.221  -0.216
   9750.  4.00  -0.210  -0.210  -0.211  -0.212  -0.213  -0.212  -0.213
   9750.  4.50  -0.238  -0.224  -0.213  -0.211  -0.209  -0.203  -0.209
   9750.  5.00  -0.274  -0.244  -0.218  -0.213  -0.207  -0.192  -0.203
  10000.  2.00  -0.254  -0.284  -0.290  -0.286  -0.285  -0.285  -0.273
  10000.  2.50  -0.228  -0.259  -0.275  -0.277  -0.280  -0.288  -0.277
  10000.  3.00  -0.223  -0.250  -0.268  -0.272  -0.277  -0.287  -0.279
  10000.  3.50  -0.231  -0.249  -0.264  -0.268  -0.274  -0.283  -0.279
  10000.  4.00  -0.248  -0.254  -0.261  -0.265  -0.269  -0.275  -0.277
  10000.  4.50  -0.272  -0.264  -0.261  -0.263  -0.264  -0.265  -0.272
  10000.  5.00  -0.303  -0.280  -0.262  -0.262  -0.260  -0.255  -0.266
  10250.  2.00  -0.303  -0.335  -0.343  -0.340  -0.340  -0.343  -0.334
  10250.  2.50  -0.276  -0.310  -0.328  -0.331  -0.336  -0.347  -0.338
  10250.  3.00  -0.270  -0.300  -0.321  -0.326  -0.333  -0.348  -0.341
  10250.  3.50  -0.275  -0.298  -0.317  -0.322  -0.330  -0.344  -0.342
  10250.  4.00  -0.289  -0.300  -0.313  -0.319  -0.325  -0.338  -0.340
  10250.  4.50  -0.310  -0.308  -0.311  -0.316  -0.320  -0.328  -0.336
  10250.  5.00  -0.337  -0.320  -0.310  -0.313  -0.314  -0.317  -0.329
  10500.  2.00  -0.351  -0.385  -0.396  -0.394  -0.394  -0.401  -0.394
  10500.  2.50  -0.323  -0.360  -0.381  -0.384  -0.391  -0.406  -0.398
  10500.  3.00  -0.316  -0.350  -0.374  -0.380  -0.389  -0.407  -0.402
  10500.  3.50  -0.320  -0.347  -0.369  -0.377  -0.386  -0.405  -0.404
  10500.  4.00  -0.332  -0.348  -0.366  -0.373  -0.382  -0.399  -0.403
  10500.  4.50  -0.351  -0.354  -0.362  -0.369  -0.376  -0.390  -0.399
  10500.  5.00  -0.374  -0.363  -0.359  -0.365  -0.370  -0.379  -0.392
  10750.  2.00  -0.399  -0.435  -0.447  -0.447  -0.448  -0.458  -0.453
  10750.  2.50  -0.371  -0.410  -0.433  -0.437  -0.445  -0.463  -0.458
  10750.  3.00  -0.363  -0.399  -0.426  -0.434  -0.444  -0.466  -0.462
  10750.  3.50  -0.366  -0.396  -0.422  -0.431  -0.442  -0.465  -0.465
  10750.  4.00  -0.377  -0.397  -0.418  -0.428  -0.438  -0.460  -0.464
  10750.  4.50  -0.393  -0.401  -0.414  -0.424  -0.433  -0.452  -0.461
  10750.  5.00  -0.414  -0.408  -0.410  -0.419  -0.426  -0.441  -0.455
  11000.  2.00  -0.446  -0.484  -0.499  -0.499  -0.502  -0.515  -0.512
  11000.  2.50  -0.418  -0.459  -0.484  -0.490  -0.499  -0.520  -0.517
  11000.  3.00  -0.410  -0.449  -0.478  -0.487  -0.498  -0.524  -0.522
  11000.  3.50  -0.413  -0.445  -0.474  -0.484  -0.497  -0.524  -0.525
  11000.  4.00  -0.422  -0.445  -0.470  -0.481  -0.494  -0.520  -0.525
  11000.  4.50  -0.436  -0.449  -0.467  -0.478  -0.489  -0.513  -0.523
  11000.  5.00  -0.455  -0.454  -0.462  -0.472  -0.482  -0.503  -0.517
  11250.  2.00  -0.492  -0.533  -0.549  -0.551  -0.555  -0.571  -0.570
  11250.  2.50  -0.464  -0.507  -0.535  -0.542  -0.552  -0.577  -0.575
  11250.  3.00  -0.456  -0.497  -0.529  -0.539  -0.552  -0.581  -0.580
  11250.  3.50  -0.459  -0.494  -0.526  -0.537  -0.552  -0.581  -0.584
  11250.  4.00  -0.467  -0.494  -0.522  -0.535  -0.549  -0.579  -0.585
  11250.  4.50  -0.480  -0.497  -0.519  -0.531  -0.545  -0.572  -0.583
  11250.  5.00  -0.498  -0.501  -0.514  -0.526  -0.538  -0.563  -0.578
  11500.  2.00  -0.538  -0.581  -0.599  -0.602  -0.607  -0.626  -0.627
  11500.  2.50  -0.510  -0.555  -0.585  -0.593  -0.605  -0.632  -0.632
  11500.  3.00  -0.502  -0.546  -0.580  -0.591  -0.605  -0.637  -0.638
  11500.  3.50  -0.505  -0.543  -0.577  -0.590  -0.605  -0.638  -0.642
  11500.  4.00  -0.512  -0.543  -0.574  -0.588  -0.603  -0.636  -0.644
  11500.  4.50  -0.525  -0.545  -0.570  -0.584  -0.599  -0.631  -0.643
  11500.  5.00  -0.541  -0.549  -0.566  -0.579  -0.593  -0.623  -0.638
  11750.  2.00  -0.584  -0.628  -0.649  -0.652  -0.659  -0.680  -0.683
  11750.  2.50  -0.555  -0.603  -0.635  -0.644  -0.657  -0.687  -0.689
  11750.  3.00  -0.548  -0.594  -0.630  -0.642  -0.658  -0.693  -0.695
  11750.  3.50  -0.550  -0.591  -0.627  -0.642  -0.658  -0.695  -0.700
  11750.  4.00  -0.558  -0.591  -0.625  -0.640  -0.657  -0.693  -0.702
  11750.  4.50  -0.570  -0.593  -0.622  -0.637  -0.654  -0.689  -0.701
  11750.  5.00  -0.584  -0.596  -0.617  -0.632  -0.648  -0.681  -0.697
  12000.  2.50  -0.600  -0.650  -0.684  -0.694  -0.708  -0.742  -0.744
  12000.  3.00  -0.593  -0.641  -0.679  -0.693  -0.710  -0.747  -0.751
  12000.  3.50  -0.596  -0.639  -0.677  -0.693  -0.711  -0.750  -0.756
  12000.  4.00  -0.603  -0.638  -0.675  -0.691  -0.710  -0.749  -0.759
  12000.  4.50  -0.614  -0.641  -0.672  -0.689  -0.707  -0.745  -0.758
  12000.  5.00  -0.628  -0.643  -0.668  -0.684  -0.702  -0.738  -0.755
  12250.  2.50  -0.644  -0.696  -0.732  -0.744  -0.759  -0.795  -0.799
  12250.  3.00  -0.638  -0.688  -0.728  -0.743  -0.761  -0.801  -0.807
  12250.  3.50  -0.641  -0.686  -0.727  -0.743  -0.762  -0.805  -0.812
  12250.  4.00  -0.648  -0.686  -0.725  -0.742  -0.762  -0.804  -0.815
  12250.  4.50  -0.659  -0.688  -0.722  -0.740  -0.759  -0.801  -0.815
  12250.  5.00  -0.671  -0.690  -0.718  -0.736  -0.755  -0.795  -0.812
  12500.  2.50  -0.688  -0.741  -0.780  -0.792  -0.809  -0.848  -0.854
  12500.  3.00  -0.682  -0.734  -0.776  -0.792  -0.811  -0.855  -0.861
  12500.  3.50  -0.685  -0.732  -0.775  -0.793  -0.813  -0.858  -0.867
  12500.  4.00  -0.692  -0.732  -0.774  -0.792  -0.813  -0.858  -0.870
  12500.  4.50  -0.703  -0.735  -0.772  -0.790  -0.811  -0.856  -0.870
  12500.  5.00  -0.715  -0.737  -0.767  -0.787  -0.807  -0.850  -0.868
  12750.  2.50  -0.731  -0.786  -0.827  -0.841  -0.858  -0.900  -0.907
  12750.  3.00  -0.725  -0.779  -0.824  -0.841  -0.861  -0.907  -0.915
  12750.  3.50  -0.729  -0.778  -0.823  -0.842  -0.864  -0.911  -0.921
  12750.  4.00  -0.736  -0.778  -0.822  -0.842  -0.864  -0.912  -0.924
  12750.  4.50  -0.746  -0.781  -0.820  -0.840  -0.862  -0.910  -0.925
  12750.  5.00  -0.758  -0.783  -0.816  -0.837  -0.858  -0.904  -0.923
  13000.  2.50  -0.774  -0.831  -0.873  -0.888  -0.907  -0.951  -0.959
  13000.  3.00  -0.768  -0.824  -0.871  -0.889  -0.910  -0.959  -0.968
  13000.  3.50  -0.772  -0.823  -0.871  -0.890  -0.913  -0.963  -0.974
  13000.  4.00  -0.779  -0.824  -0.870  -0.890  -0.914  -0.964  -0.978
  13000.  4.50  -0.790  -0.826  -0.868  -0.889  -0.912  -0.963  -0.979
  13000.  5.00  -0.801  -0.828  -0.864  -0.886  -0.909  -0.958  -0.977
  14000.  2.00  -0.970  -1.029  -1.065  -1.077  -1.093  -1.137  -1.151
  14000.  2.50  -0.937  -1.001  -1.051  -1.070  -1.094  -1.149  -1.161
  14000.  3.00  -0.934  -0.997  -1.052  -1.074  -1.100  -1.159  -1.172
  14000.  3.50  -0.939  -0.998  -1.054  -1.077  -1.105  -1.165  -1.179
  14000.  4.00  -0.947  -1.000  -1.054  -1.078  -1.106  -1.167  -1.184
  14000.  4.50  -0.958  -1.003  -1.053  -1.078  -1.106  -1.166  -1.186
  14000.  5.00  -0.968  -1.005  -1.050  -1.076  -1.103  -1.163  -1.185
  15000.  2.50  -1.092  -1.162  -1.219  -1.241  -1.269  -1.333  -1.349
  15000.  3.00  -1.089  -1.159  -1.221  -1.247  -1.278  -1.346  -1.362
  15000.  3.50  -1.097  -1.162  -1.226  -1.253  -1.285  -1.354  -1.372
  15000.  4.00  -1.106  -1.166  -1.228  -1.256  -1.288  -1.358  -1.378
  15000.  4.50  -1.117  -1.170  -1.228  -1.256  -1.288  -1.358  -1.380
  15000.  5.00  -1.128  -1.172  -1.226  -1.255  -1.286  -1.355  -1.380
  16000.  2.50  -1.237  -1.313  -1.375  -1.401  -1.432  -1.505  -1.524
  16000.  3.00  -1.236  -1.312  -1.381  -1.410  -1.444  -1.521  -1.541
  16000.  3.50  -1.245  -1.317  -1.387  -1.418  -1.454  -1.532  -1.553
  16000.  4.00  -1.256  -1.322  -1.391  -1.423  -1.459  -1.537  -1.560
  16000.  4.50  -1.267  -1.327  -1.393  -1.425  -1.460  -1.538  -1.563
  16000.  5.00  -1.279  -1.330  -1.391  -1.424  -1.459  -1.536  -1.563
  17000.  2.50  -1.374  -1.455  -1.523  -1.551  -1.585  -1.665  -1.687
  17000.  3.00  -1.374  -1.455  -1.530  -1.562  -1.600  -1.685  -1.707
  17000.  3.50  -1.385  -1.463  -1.539  -1.573  -1.612  -1.699  -1.722
  17000.  4.00  -1.397  -1.470  -1.545  -1.580  -1.619  -1.706  -1.730
  17000.  4.50  -1.410  -1.476  -1.548  -1.583  -1.622  -1.708  -1.735
  17000.  5.00  -1.421  -1.480  -1.548  -1.583  -1.622  -1.707  -1.735
  18000.  2.50  -1.504  -1.589  -1.661  -1.692  -1.729  -1.815  -1.840
  18000.  3.00  -1.504  -1.590  -1.670  -1.705  -1.746  -1.838  -1.863
  18000.  3.50  -1.516  -1.600  -1.682  -1.719  -1.761  -1.855  -1.880
  18000.  4.00  -1.530  -1.609  -1.690  -1.727  -1.770  -1.864  -1.891
  18000.  4.50  -1.544  -1.616  -1.694  -1.732  -1.775  -1.868  -1.896
  18000.  5.00  -1.556  -1.621  -1.695  -1.733  -1.775  -1.868  -1.898
  19000.  2.50  -1.627  -1.716  -1.792  -1.825  -1.864  -1.956  -1.983
  19000.  3.00  -1.626  -1.717  -1.802  -1.840  -1.884  -1.982  -2.009
  19000.  3.50  -1.641  -1.729  -1.816  -1.856  -1.901  -2.001  -2.028
  19000.  4.00  -1.656  -1.739  -1.826  -1.866  -1.912  -2.012  -2.041
  19000.  4.50  -1.671  -1.748  -1.832  -1.872  -1.918  -2.018  -2.048
  19000.  5.00  -1.683  -1.754  -1.834  -1.875  -1.920  -2.019  -2.051
  20000.  3.00  -1.742  -1.837  -1.927  -1.967  -2.014  -2.118  -2.146
  20000.  3.50  -1.758  -1.851  -1.943  -1.985  -2.033  -2.139  -2.168
  20000.  4.00  -1.775  -1.863  -1.955  -1.997  -2.046  -2.152  -2.183
  20000.  4.50  -1.790  -1.873  -1.962  -2.005  -2.054  -2.160  -2.191
  20000.  5.00  -1.804  -1.880  -1.965  -2.008  -2.057  -2.162  -2.195
  21000.  3.00  -1.851  -1.951  -2.045  -2.087  -2.136  -2.246  -2.276
  21000.  3.50  -1.869  -1.966  -2.063  -2.107  -2.158  -2.270  -2.301
  21000.  4.00  -1.888  -1.980  -2.077  -2.121  -2.173  -2.285  -2.317
  21000.  4.50  -1.904  -1.991  -2.085  -2.130  -2.182  -2.293  -2.326
  21000.  5.00  -1.918  -1.999  -2.089  -2.135  -2.186  -2.297  -2.331
  22000.  3.00  -1.954  -2.057  -2.155  -2.199  -2.251  -2.365  -2.398
  22000.  3.50  -1.975  -2.076  -2.177  -2.223  -2.276  -2.393  -2.426
  22000.  4.00  -1.994  -2.092  -2.192  -2.239  -2.293  -2.410  -2.444
  22000.  4.50  -2.012  -2.103  -2.202  -2.249  -2.303  -2.420  -2.455
  22000.  5.00  -2.026  -2.112  -2.207  -2.254  -2.308  -2.424  -2.460
  23000.  3.00  -2.049  -2.156  -2.258  -2.304  -2.358  -2.477  -2.511
  23000.  3.50  -2.074  -2.179  -2.284  -2.332  -2.388  -2.510  -2.544
  23000.  4.00  -2.096  -2.197  -2.302  -2.351  -2.407  -2.529  -2.564
  23000.  4.50  -2.114  -2.210  -2.313  -2.362  -2.419  -2.541  -2.576
  23000.  5.00  -2.129  -2.219  -2.319  -2.368  -2.425  -2.546  -2.583
  24000.  3.00  -2.136  -2.246  -2.352  -2.400  -2.456  -2.580  -2.615
  24000.  3.50  -2.167  -2.276  -2.385  -2.435  -2.493  -2.620  -2.655
  24000.  4.00  -2.192  -2.297  -2.406  -2.457  -2.515  -2.642  -2.678
  24000.  4.50  -2.211  -2.311  -2.419  -2.470  -2.528  -2.655  -2.692
  24000.  5.00  -2.227  -2.321  -2.425  -2.477  -2.535  -2.661  -2.699
  25000.  3.00  -2.211  -2.325  -2.434  -2.483  -2.541  -2.670  -2.707
  25000.  3.50  -2.253  -2.366  -2.479  -2.531  -2.591  -2.723  -2.759
  25000.  4.00  -2.282  -2.390  -2.504  -2.556  -2.617  -2.749  -2.786
  25000.  4.50  -2.303  -2.407  -2.518  -2.571  -2.632  -2.764  -2.802
  25000.  5.00  -2.319  -2.418  -2.526  -2.579  -2.640  -2.771  -2.810
  26000.  3.00  -2.275  -2.391  -2.501  -2.551  -2.610  -2.742  -2.779
  26000.  3.50  -2.332  -2.448  -2.565  -2.619  -2.682  -2.818  -2.855
  26000.  4.00  -2.366  -2.478  -2.595  -2.650  -2.713  -2.849  -2.887
  26000.  4.50  -2.390  -2.497  -2.612  -2.667  -2.730  -2.866  -2.905
  26000.  5.00  -2.407  -2.509  -2.622  -2.676  -2.739  -2.875  -2.914
  27000.  3.50  -2.403  -2.522  -2.642  -2.698  -2.763  -2.903  -2.942
  27000.  4.00  -2.444  -2.560  -2.680  -2.736  -2.802  -2.942  -2.982
  27000.  4.50  -2.470  -2.582  -2.701  -2.757  -2.822  -2.962  -3.002
  27000.  5.00  -2.489  -2.595  -2.711  -2.768  -2.833  -2.973  -3.013
  28000.  3.50  -2.464  -2.586  -2.709  -2.766  -2.833  -2.977  -3.017
  28000.  4.00  -2.515  -2.634  -2.758  -2.816  -2.883  -3.028  -3.068
  28000.  4.50  -2.545  -2.660  -2.783  -2.841  -2.908  -3.052  -3.093
  28000.  5.00  -2.565  -2.676  -2.795  -2.853  -2.921  -3.064  -3.106
  29000.  3.50  -2.519  -2.644  -2.769  -2.826  -2.894  -3.040  -3.081
  29000.  4.00  -2.578  -2.700  -2.828  -2.887  -2.956  -3.105  -3.146
  29000.  4.50  -2.614  -2.732  -2.858  -2.918  -2.987  -3.135  -3.177
  29000.  5.00  -2.636  -2.750  -2.873  -2.933  -3.002  -3.150  -3.192
  30000.  3.50  -2.575  -2.702  -2.828  -2.885  -2.953  -3.099  -3.141
  30000.  4.00  -2.635  -2.760  -2.891  -2.951  -3.022  -3.174  -3.216
  30000.  4.50  -2.676  -2.797  -2.927  -2.988  -3.059  -3.211  -3.253
  30000.  5.00  -2.701  -2.818  -2.945  -3.006  -3.077  -3.229  -3.272
  31000.  3.50  -2.637  -2.764  -2.890  -2.947  -3.015  -3.160  -3.202
  31000.  4.00  -2.688  -2.816  -2.949  -3.010  -3.083  -3.237  -3.279
  31000.  4.50  -2.732  -2.857  -2.989  -3.051  -3.124  -3.280  -3.323
  31000.  5.00  -2.760  -2.881  -3.011  -3.074  -3.146  -3.301  -3.345
  32000.  4.00  -2.741  -2.871  -3.006  -3.068  -3.141  -3.296  -3.339
  32000.  4.50  -2.785  -2.913  -3.048  -3.111  -3.186  -3.343  -3.387
  32000.  5.00  -2.816  -2.939  -3.073  -3.136  -3.210  -3.368  -3.412
  33000.  4.00  -2.799  -2.930  -3.067  -3.128  -3.202  -3.357  -3.401
  33000.  4.50  -2.837  -2.967  -3.104  -3.168  -3.244  -3.403  -3.447
  33000.  5.00  -2.868  -2.995  -3.131  -3.195  -3.271  -3.431  -3.475
  34000.  4.00  -2.863  -2.995  -3.132  -3.193  -3.268  -3.422  -3.466
  34000.  4.50  -2.891  -3.023  -3.163  -3.227  -3.303  -3.463  -3.508
  34000.  5.00  -2.920  -3.049  -3.187  -3.253  -3.330  -3.491  -3.536
  35000.  4.00  -2.933  -3.066  -3.203  -3.264  -3.338  -3.491  -3.534
  35000.  4.50  -2.951  -3.084  -3.225  -3.289  -3.366  -3.526  -3.571
  35000.  5.00  -2.974  -3.105  -3.246  -3.312  -3.390  -3.552  -3.597
  36000.  4.00  -3.008  -3.141  -3.279  -3.339  -3.413  -3.564  -3.607
  36000.  4.50  -3.014  -3.148  -3.290  -3.354  -3.432  -3.591  -3.636
  36000.  5.00  -3.032  -3.165  -3.307  -3.373  -3.452  -3.614  -3.660
  37000.  4.00  -3.086  -3.220  -3.358  -3.418  -3.492  -3.642  -3.685
  37000.  4.50  -3.083  -3.218  -3.361  -3.424  -3.502  -3.659  -3.704
  37000.  5.00  -3.094  -3.228  -3.372  -3.437  -3.517  -3.679  -3.724
  38000.  4.00  -3.167  -3.301  -3.440  -3.499  -3.574  -3.723  -3.766
  38000.  4.50  -3.156  -3.291  -3.435  -3.497  -3.576  -3.731  -3.776
  38000.  5.00  -3.160  -3.295  -3.440  -3.505  -3.585  -3.745  -3.791
  39000.  4.00  -3.248  -3.383  -3.523  -3.582  -3.656  -3.806  -3.849
  39000.  4.50  -3.231  -3.367  -3.512  -3.574  -3.653  -3.807  -3.852
  39000.  5.00  -3.230  -3.366  -3.512  -3.576  -3.656  -3.816  -3.861
  40000.  4.50  -3.309  -3.445  -3.591  -3.653  -3.732  -3.886  -3.931
  40000.  5.00  -3.303  -3.439  -3.586  -3.650  -3.731  -3.889  -3.935
  41000.  4.50  -3.386  -3.523  -3.670  -3.732  -3.811  -3.965  -4.010
  41000.  5.00  -3.377  -3.514  -3.662  -3.726  -3.807  -3.964  -4.010
  42000.  4.50  -3.463  -3.601  -3.748  -3.811  -3.890  -4.045  -4.090
  42000.  5.00  -3.453  -3.590  -3.739  -3.803  -3.884  -4.041  -4.087
  43000.  4.50  -3.539  -3.678  -3.826  -3.888  -3.968  -4.123  -4.168
  43000.  5.00  -3.528  -3.666  -3.816  -3.880  -3.962  -4.119  -4.164
  44000.  4.50  -3.613  -3.753  -3.901  -3.964  -4.045  -4.200  -4.246
  44000.  5.00  -3.602  -3.741  -3.892  -3.956  -4.038  -4.195  -4.241
  45000.  4.50  -3.686  -3.826  -3.976  -4.039  -4.120  -4.276  -4.321
  45000.  5.00  -3.676  -3.815  -3.967  -4.031  -4.114  -4.271  -4.318
  46000.  4.50  -3.757  -3.898  -4.048  -4.112  -4.193  -4.350  -4.395
  46000.  5.00  -3.748  -3.888  -4.040  -4.105  -4.188  -4.346  -4.392
  47000.  4.50  -3.827  -3.968  -4.119  -4.183  -4.264  -4.422  -4.468
  47000.  5.00  -3.819  -3.959  -4.113  -4.178  -4.261  -4.420  -4.466
  48000.  4.50  -3.895  -4.037  -4.188  -4.252  -4.334  -4.493  -4.538
  48000.  5.00  -3.888  -4.029  -4.183  -4.248  -4.332  -4.491  -4.538
  49000.  4.50  -3.962  -4.104  -4.256  -4.320  -4.402  -4.562  -4.607
  49000.  5.00  -3.956  -4.097  -4.252  -4.318  -4.402  -4.562  -4.608
  50000.  5.00  -4.022  -4.164  -4.320  -4.385  -4.470  -4.630  -4.677
