   3500.  0.00  -5.306  -4.131  -2.943  -2.055  -1.622  -0.406  -0.186
   3500.  0.50  -4.901  -3.831  -2.714  -1.902  -1.484  -0.337  -0.127
   3500.  1.00  -4.544  -3.575  -2.525  -1.771  -1.367  -0.271  -0.068
   3500.  1.50  -4.260  -3.376  -2.379  -1.665  -1.271  -0.210  -0.013
   3500.  2.00  -4.102  -3.268  -2.301  -1.599  -1.209  -0.160   0.034
   3500.  2.50  -4.035  -3.223  -2.265  -1.560  -1.169  -0.124   0.067
   3500.  3.00  -3.999  -3.201  -2.246  -1.536  -1.145  -0.104   0.086
   3500.  3.50  -3.997  -3.206  -2.243  -1.525  -1.131  -0.092   0.097
   3500.  4.00  -4.029  -3.237  -2.256  -1.521  -1.122  -0.083   0.106
   3500.  4.50  -4.082  -3.283  -2.277  -1.517  -1.111  -0.070   0.118
   3500.  5.00  -4.144  -3.332  -2.302  -1.508  -1.095  -0.047   0.140
   3750.  0.00  -4.771  -3.678  -2.587  -1.801  -1.391  -0.287  -0.092
   3750.  0.50  -4.472  -3.470  -2.442  -1.718  -1.323  -0.275  -0.086
   3750.  1.00  -4.203  -3.291  -2.321  -1.643  -1.261  -0.255  -0.071
   3750.  1.50  -3.973  -3.141  -2.217  -1.572  -1.199  -0.223  -0.044
   3750.  2.00  -3.798  -3.025  -2.134  -1.508  -1.141  -0.184  -0.008
   3750.  2.50  -3.710  -2.964  -2.088  -1.463  -1.096  -0.140   0.035
   3750.  3.00  -3.666  -2.932  -2.059  -1.429  -1.061  -0.101   0.073
   3750.  3.50  -3.649  -2.923  -2.049  -1.411  -1.041  -0.079   0.094
   3750.  4.00  -3.646  -2.925  -2.043  -1.396  -1.023  -0.062   0.110
   3750.  4.50  -3.667  -2.947  -2.048  -1.387  -1.008  -0.048   0.124
   3750.  5.00  -3.706  -2.981  -2.059  -1.377  -0.992  -0.031   0.140
   4000.  0.00  -4.190  -3.204  -2.213  -1.523  -1.139  -0.138   0.036
   4000.  0.50  -3.943  -3.033  -2.102  -1.467  -1.099  -0.145   0.023
   4000.  1.00  -3.738  -2.902  -2.023  -1.429  -1.075  -0.154   0.011
   4000.  1.50  -3.581  -2.808  -1.970  -1.403  -1.058  -0.160   0.003
   4000.  2.00  -3.467  -2.744  -1.934  -1.382  -1.042  -0.159   0.002
   4000.  2.50  -3.392  -2.702  -1.905  -1.357  -1.017  -0.143   0.017
   4000.  3.00  -3.359  -2.681  -1.885  -1.330  -0.988  -0.109   0.050
   4000.  3.50  -3.338  -2.665  -1.865  -1.300  -0.955  -0.070   0.088
   4000.  4.00  -3.325  -2.657  -1.852  -1.279  -0.931  -0.042   0.115
   4000.  4.50  -3.326  -2.663  -1.850  -1.267  -0.914  -0.025   0.133
   4000.  5.00  -3.343  -2.682  -1.855  -1.258  -0.900  -0.010   0.147
   4250.  0.00  -3.665  -2.802  -1.907  -1.302  -0.944  -0.032   0.123
   4250.  0.50  -3.478  -2.673  -1.828  -1.265  -0.921  -0.046   0.105
   4250.  1.00  -3.320  -2.571  -1.769  -1.240  -0.909  -0.062   0.087
   4250.  1.50  -3.198  -2.496  -1.730  -1.225  -0.903  -0.075   0.072
   4250.  2.00  -3.113  -2.447  -1.706  -1.216  -0.900  -0.084   0.062
   4250.  2.50  -3.058  -2.418  -1.692  -1.208  -0.895  -0.086   0.059
   4250.  3.00  -3.027  -2.404  -1.683  -1.199  -0.885  -0.079   0.066
   4250.  3.50  -3.024  -2.404  -1.679  -1.185  -0.868  -0.056   0.088
   4250.  4.00  -3.029  -2.408  -1.675  -1.171  -0.849  -0.031   0.114
   4250.  4.50  -3.034  -2.413  -1.672  -1.158  -0.832  -0.009   0.135
   4250.  5.00  -3.039  -2.422  -1.673  -1.149  -0.818   0.007   0.151
   4500.  0.00  -3.182  -2.449  -1.655  -1.129  -0.799   0.028   0.168
   4500.  0.50  -3.063  -2.370  -1.610  -1.111  -0.792   0.011   0.148
   4500.  1.00  -2.961  -2.304  -1.575  -1.099  -0.789  -0.005   0.130
   4500.  1.50  -2.881  -2.255  -1.551  -1.092  -0.790  -0.020   0.114
   4500.  2.00  -2.824  -2.221  -1.535  -1.088  -0.791  -0.031   0.103
   4500.  2.50  -2.787  -2.200  -1.525  -1.085  -0.791  -0.037   0.096
   4500.  3.00  -2.767  -2.189  -1.519  -1.081  -0.787  -0.036   0.097
   4500.  3.50  -2.760  -2.186  -1.516  -1.074  -0.779  -0.027   0.105
   4500.  4.00  -2.764  -2.191  -1.515  -1.065  -0.766  -0.010   0.122
   4500.  4.50  -2.775  -2.197  -1.514  -1.056  -0.753   0.009   0.141
   4500.  5.00  -2.784  -2.205  -1.514  -1.047  -0.740   0.026   0.157
   4750.  0.00  -2.763  -2.152  -1.457  -1.001  -0.698   0.050   0.176
   4750.  0.50  -2.692  -2.110  -1.438  -0.999  -0.704   0.032   0.157
   4750.  1.00  -2.636  -2.078  -1.426  -0.999  -0.711   0.015   0.139
   4750.  1.50  -2.595  -2.054  -1.417  -1.001  -0.717   0.000   0.124
   4750.  2.00  -2.567  -2.038  -1.411  -1.002  -0.722  -0.011   0.112
   4750.  2.50  -2.551  -2.028  -1.406  -1.002  -0.724  -0.017   0.106
   4750.  3.00  -2.545  -2.022  -1.402  -0.999  -0.722  -0.017   0.106
   4750.  3.50  -2.545  -2.020  -1.398  -0.994  -0.716  -0.011   0.111
   4750.  4.00  -2.549  -2.022  -1.396  -0.988  -0.708  -0.001   0.121
   4750.  4.50  -2.558  -2.027  -1.394  -0.980  -0.697   0.014   0.135
   4750.  5.00  -2.568  -2.032  -1.393  -0.972  -0.686   0.029   0.150
   5000.  0.00  -2.435  -1.922  -1.310  -0.911  -0.634   0.048   0.164
   5000.  0.50  -2.395  -1.904  -1.309  -0.919  -0.647   0.029   0.144
   5000.  1.00  -2.366  -1.892  -1.311  -0.928  -0.660   0.012   0.126
   5000.  1.50  -2.349  -1.887  -1.314  -0.937  -0.671  -0.003   0.112
   5000.  2.00  -2.343  -1.885  -1.318  -0.944  -0.681  -0.014   0.100
   5000.  2.50  -2.343  -1.886  -1.320  -0.948  -0.686  -0.020   0.093
   5000.  3.00  -2.347  -1.888  -1.319  -0.948  -0.686  -0.021   0.092
   5000.  3.50  -2.355  -1.889  -1.316  -0.943  -0.681  -0.016   0.097
   5000.  4.00  -2.365  -1.891  -1.312  -0.936  -0.672  -0.007   0.107
   5000.  4.50  -2.375  -1.894  -1.308  -0.929  -0.662   0.006   0.119
   5000.  5.00  -2.385  -1.897  -1.305  -0.921  -0.652   0.020   0.132
   5250.  0.00  -2.182  -1.745  -1.202  -0.850  -0.596   0.031   0.139
   5250.  0.50  -2.165  -1.744  -1.212  -0.863  -0.612   0.013   0.120
   5250.  1.00  -2.157  -1.746  -1.223  -0.877  -0.628  -0.003   0.103
   5250.  1.50  -2.156  -1.753  -1.235  -0.891  -0.643  -0.018   0.088
   5250.  2.00  -2.163  -1.763  -1.247  -0.904  -0.656  -0.031   0.076
   5250.  2.50  -2.173  -1.773  -1.256  -0.913  -0.666  -0.040   0.067
   5250.  3.00  -2.186  -1.782  -1.261  -0.918  -0.670  -0.043   0.063
   5250.  3.50  -2.199  -1.787  -1.261  -0.917  -0.668  -0.040   0.066
   5250.  4.00  -2.211  -1.791  -1.258  -0.910  -0.660  -0.031   0.074
   5250.  4.50  -2.224  -1.794  -1.252  -0.902  -0.649  -0.019   0.087
   5250.  5.00  -2.235  -1.796  -1.247  -0.892  -0.638  -0.004   0.101
   5500.  0.00  -1.979  -1.604  -1.120  -0.807  -0.574   0.002   0.105
   5500.  0.50  -1.982  -1.614  -1.136  -0.823  -0.591  -0.012   0.089
   5500.  1.00  -1.989  -1.628  -1.153  -0.840  -0.607  -0.026   0.074
   5500.  1.50  -2.001  -1.644  -1.170  -0.857  -0.624  -0.040   0.060
   5500.  2.00  -2.018  -1.662  -1.188  -0.873  -0.640  -0.053   0.047
   5500.  2.50  -2.038  -1.681  -1.204  -0.888  -0.654  -0.064   0.036
   5500.  3.00  -2.057  -1.696  -1.217  -0.898  -0.663  -0.071   0.028
   5500.  3.50  -2.074  -1.708  -1.223  -0.903  -0.667  -0.073   0.027
   5500.  4.00  -2.088  -1.714  -1.223  -0.900  -0.663  -0.067   0.032
   5500.  4.50  -2.101  -1.718  -1.218  -0.892  -0.653  -0.056   0.043
   5500.  5.00  -2.113  -1.719  -1.212  -0.882  -0.641  -0.042   0.057
   5750.  0.00  -1.811  -1.487  -1.056  -0.778  -0.565  -0.035   0.065
   5750.  0.50  -1.828  -1.506  -1.075  -0.794  -0.580  -0.045   0.053
   5750.  1.00  -1.847  -1.527  -1.095  -0.811  -0.596  -0.055   0.040
   5750.  1.50  -1.871  -1.551  -1.116  -0.830  -0.612  -0.067   0.027
   5750.  2.00  -1.897  -1.576  -1.138  -0.849  -0.629  -0.079   0.014
   5750.  2.50  -1.925  -1.601  -1.160  -0.867  -0.646  -0.091   0.002
   5750.  3.00  -1.952  -1.624  -1.178  -0.882  -0.660  -0.101  -0.008
   5750.  3.50  -1.975  -1.642  -1.191  -0.893  -0.669  -0.106  -0.013
   5750.  4.00  -1.993  -1.654  -1.198  -0.897  -0.671  -0.106  -0.013
   5750.  4.50  -2.006  -1.660  -1.196  -0.893  -0.666  -0.099  -0.005
   5750.  5.00  -2.018  -1.663  -1.191  -0.884  -0.655  -0.086   0.007
   6000.  0.00  -1.667  -1.388  -1.005  -0.760  -0.566  -0.081   0.019
   6000.  0.50  -1.696  -1.413  -1.025  -0.774  -0.577  -0.084   0.012
   6000.  1.00  -1.725  -1.439  -1.046  -0.790  -0.590  -0.089   0.003
   6000.  1.50  -1.756  -1.468  -1.069  -0.808  -0.606  -0.098  -0.008
   6000.  2.00  -1.791  -1.498  -1.094  -0.828  -0.623  -0.108  -0.020
   6000.  2.50  -1.826  -1.530  -1.119  -0.849  -0.641  -0.119  -0.032
   6000.  3.00  -1.861  -1.559  -1.143  -0.868  -0.658  -0.131  -0.043
   6000.  3.50  -1.891  -1.585  -1.163  -0.885  -0.672  -0.140  -0.052
   6000.  4.00  -1.915  -1.604  -1.176  -0.895  -0.680  -0.144  -0.057
   6000.  4.50  -1.933  -1.615  -1.181  -0.897  -0.681  -0.142  -0.054
   6000.  5.00  -1.945  -1.620  -1.179  -0.892  -0.674  -0.132  -0.045
   6250.  0.50  -1.578  -1.332  -0.985  -0.761  -0.582  -0.129  -0.034
   6250.  1.00  -1.616  -1.362  -1.005  -0.775  -0.591  -0.129  -0.039
   6250.  1.50  -1.654  -1.394  -1.028  -0.792  -0.604  -0.133  -0.046
   6250.  2.00  -1.695  -1.428  -1.055  -0.812  -0.621  -0.140  -0.056
   6250.  2.50  -1.737  -1.464  -1.083  -0.834  -0.639  -0.150  -0.068
   6250.  3.00  -1.778  -1.499  -1.110  -0.856  -0.658  -0.162  -0.079
   6250.  3.50  -1.816  -1.531  -1.135  -0.876  -0.675  -0.172  -0.090
   6250.  4.00  -1.848  -1.558  -1.155  -0.892  -0.688  -0.180  -0.098
   6250.  4.50  -1.871  -1.576  -1.167  -0.901  -0.695  -0.183  -0.101
   6250.  5.00  -1.887  -1.586  -1.171  -0.902  -0.694  -0.179  -0.096
   6500.  0.50  -1.469  -1.261  -0.957  -0.759  -0.598  -0.182  -0.087
   6500.  1.00  -1.517  -1.293  -0.972  -0.766  -0.599  -0.175  -0.085
   6500.  1.50  -1.562  -1.327  -0.994  -0.781  -0.608  -0.173  -0.088
   6500.  2.00  -1.607  -1.364  -1.020  -0.800  -0.622  -0.177  -0.095
   6500.  2.50  -1.654  -1.403  -1.049  -0.822  -0.640  -0.184  -0.105
   6500.  3.00  -1.702  -1.443  -1.080  -0.846  -0.659  -0.194  -0.117
   6500.  3.50  -1.746  -1.481  -1.109  -0.869  -0.679  -0.205  -0.128
   6500.  4.00  -1.786  -1.514  -1.134  -0.889  -0.696  -0.215  -0.138
   6500.  4.50  -1.817  -1.540  -1.154  -0.904  -0.709  -0.222  -0.145
   6500.  5.00  -1.839  -1.557  -1.164  -0.911  -0.714  -0.223  -0.145
   6750.  0.50  -1.385  -1.205  -0.934  -0.760  -0.614  -0.236  -0.139
   6750.  1.00  -1.423  -1.232  -0.950  -0.768  -0.617  -0.227  -0.137
   6750.  1.50  -1.476  -1.267  -0.966  -0.776  -0.618  -0.219  -0.134
   6750.  2.00  -1.527  -1.306  -0.990  -0.792  -0.628  -0.217  -0.138
   6750.  2.50  -1.579  -1.347  -1.020  -0.813  -0.644  -0.221  -0.145
   6750.  3.00  -1.631  -1.390  -1.051  -0.837  -0.663  -0.229  -0.155
   6750.  3.50  -1.681  -1.433  -1.084  -0.862  -0.684  -0.239  -0.167
   6750.  4.00  -1.727  -1.472  -1.114  -0.886  -0.704  -0.250  -0.178
   6750.  4.50  -1.766  -1.506  -1.139  -0.906  -0.721  -0.259  -0.187
   6750.  5.00  -1.796  -1.530  -1.157  -0.920  -0.732  -0.265  -0.192
   7000.  0.50  -1.327  -1.165  -0.919  -0.764  -0.632  -0.287  -0.189
   7000.  1.00  -1.352  -1.185  -0.933  -0.772  -0.635  -0.280  -0.188
   7000.  1.50  -1.395  -1.215  -0.949  -0.780  -0.637  -0.271  -0.186
   7000.  2.00  -1.453  -1.254  -0.968  -0.789  -0.640  -0.263  -0.184
   7000.  2.50  -1.509  -1.297  -0.995  -0.807  -0.652  -0.262  -0.188
   7000.  3.00  -1.565  -1.342  -1.026  -0.831  -0.669  -0.266  -0.196
   7000.  3.50  -1.620  -1.387  -1.061  -0.857  -0.690  -0.275  -0.206
   7000.  4.00  -1.672  -1.432  -1.094  -0.884  -0.712  -0.285  -0.218
   7000.  4.50  -1.718  -1.471  -1.125  -0.908  -0.732  -0.296  -0.229
   7000.  5.00  -1.756  -1.504  -1.149  -0.927  -0.748  -0.304  -0.236
   7250.  0.50  -1.295  -1.144  -0.912  -0.772  -0.650  -0.335  -0.237
   7250.  1.00  -1.304  -1.154  -0.924  -0.780  -0.655  -0.331  -0.239
   7250.  1.50  -1.335  -1.176  -0.938  -0.787  -0.659  -0.324  -0.238
   7250.  2.00  -1.383  -1.209  -0.955  -0.796  -0.661  -0.315  -0.236
   7250.  2.50  -1.445  -1.252  -0.976  -0.808  -0.665  -0.307  -0.234
   7250.  3.00  -1.504  -1.297  -1.006  -0.828  -0.679  -0.307  -0.239
   7250.  3.50  -1.563  -1.345  -1.040  -0.854  -0.698  -0.312  -0.248
   7250.  4.00  -1.620  -1.393  -1.076  -0.882  -0.721  -0.322  -0.258
   7250.  4.50  -1.672  -1.438  -1.110  -0.909  -0.743  -0.332  -0.270
   7250.  5.00  -1.718  -1.477  -1.140  -0.933  -0.763  -0.343  -0.279
   7500.  0.50  -1.307  -1.153  -0.918  -0.784  -0.667  -0.373  -0.278
   7500.  1.00  -1.278  -1.139  -0.925  -0.794  -0.679  -0.381  -0.289
   7500.  1.50  -1.298  -1.153  -0.935  -0.800  -0.682  -0.375  -0.289
   7500.  2.00  -1.334  -1.179  -0.950  -0.808  -0.685  -0.367  -0.288
   7500.  2.50  -1.386  -1.214  -0.968  -0.818  -0.688  -0.359  -0.287
   7500.  3.00  -1.449  -1.259  -0.991  -0.832  -0.694  -0.352  -0.286
   7500.  3.50  -1.511  -1.307  -1.023  -0.854  -0.710  -0.353  -0.291
   7500.  4.00  -1.571  -1.357  -1.059  -0.881  -0.731  -0.360  -0.300
   7500.  4.50  -1.629  -1.406  -1.096  -0.910  -0.754  -0.369  -0.311
   7500.  5.00  -1.681  -1.451  -1.130  -0.938  -0.777  -0.380  -0.322
   7750.  1.00  -1.279  -1.146  -0.938  -0.815  -0.707  -0.429  -0.338
   7750.  1.50  -1.280  -1.147  -0.943  -0.819  -0.710  -0.427  -0.341
   7750.  2.00  -1.306  -1.165  -0.953  -0.825  -0.712  -0.420  -0.341
   7750.  2.50  -1.346  -1.192  -0.969  -0.834  -0.716  -0.412  -0.340
   7750.  3.00  -1.401  -1.229  -0.988  -0.845  -0.719  -0.404  -0.339
   7750.  3.50  -1.465  -1.275  -1.013  -0.860  -0.727  -0.398  -0.338
   7750.  4.00  -1.528  -1.326  -1.046  -0.884  -0.744  -0.400  -0.344
   7750.  4.50  -1.589  -1.377  -1.084  -0.913  -0.767  -0.408  -0.353
   7750.  5.00  -1.646  -1.426  -1.121  -0.942  -0.791  -0.418  -0.364
   8000.  1.00  -1.312  -1.177  -0.966  -0.846  -0.739  -0.473  -0.387
   8000.  1.50  -1.282  -1.157  -0.963  -0.847  -0.744  -0.479  -0.395
   8000.  2.00  -1.296  -1.165  -0.968  -0.850  -0.745  -0.474  -0.396
   8000.  2.50  -1.328  -1.186  -0.979  -0.856  -0.747  -0.466  -0.395
   8000.  3.00  -1.370  -1.215  -0.995  -0.866  -0.751  -0.459  -0.394
   8000.  3.50  -1.426  -1.253  -1.014  -0.876  -0.754  -0.450  -0.392
   8000.  4.00  -1.490  -1.300  -1.039  -0.892  -0.763  -0.445  -0.392
   8000.  4.50  -1.553  -1.351  -1.075  -0.918  -0.782  -0.448  -0.398
   8000.  5.00  -1.613  -1.403  -1.113  -0.948  -0.806  -0.457  -0.407
   8250.  1.00  -1.380  -1.239  -1.017  -0.892  -0.780  -0.515  -0.437
   8250.  1.50  -1.304  -1.184  -0.993  -0.882  -0.783  -0.530  -0.448
   8250.  2.00  -1.303  -1.181  -0.993  -0.883  -0.784  -0.528  -0.451
   8250.  2.50  -1.325  -1.193  -0.999  -0.886  -0.784  -0.522  -0.451
   8250.  3.00  -1.360  -1.216  -1.011  -0.892  -0.786  -0.514  -0.451
   8250.  3.50  -1.405  -1.246  -1.027  -0.902  -0.790  -0.507  -0.450
   8250.  4.00  -1.461  -1.285  -1.044  -0.911  -0.792  -0.497  -0.446
   8250.  4.50  -1.522  -1.331  -1.072  -0.929  -0.803  -0.493  -0.445
   8250.  5.00  -1.585  -1.383  -1.108  -0.957  -0.824  -0.498  -0.452
   8500.  1.50  -1.345  -1.226  -1.035  -0.926  -0.827  -0.582  -0.504
   8500.  2.00  -1.325  -1.209  -1.027  -0.922  -0.827  -0.584  -0.508
   8500.  2.50  -1.336  -1.213  -1.029  -0.922  -0.826  -0.579  -0.509
   8500.  3.00  -1.364  -1.229  -1.036  -0.926  -0.826  -0.571  -0.509
   8500.  3.50  -1.401  -1.253  -1.048  -0.932  -0.828  -0.564  -0.508
   8500.  4.00  -1.447  -1.284  -1.063  -0.942  -0.832  -0.556  -0.506
   8500.  4.50  -1.502  -1.322  -1.080  -0.950  -0.833  -0.545  -0.499
   8500.  5.00  -1.562  -1.369  -1.108  -0.970  -0.846  -0.542  -0.500
   8750.  1.50  -1.398  -1.279  -1.087  -0.977  -0.878  -0.636  -0.562
   8750.  2.00  -1.358  -1.247  -1.070  -0.967  -0.874  -0.640  -0.567
   8750.  2.50  -1.359  -1.243  -1.066  -0.965  -0.872  -0.637  -0.569
   8750.  3.00  -1.379  -1.253  -1.069  -0.966  -0.871  -0.630  -0.569
   8750.  3.50  -1.410  -1.271  -1.077  -0.969  -0.871  -0.622  -0.568
   8750.  4.00  -1.449  -1.296  -1.089  -0.976  -0.874  -0.614  -0.566
   8750.  4.50  -1.497  -1.328  -1.102  -0.983  -0.875  -0.604  -0.561
   8750.  5.00  -1.549  -1.364  -1.118  -0.991  -0.876  -0.593  -0.553
   9000.  1.50  -1.454  -1.337  -1.143  -1.032  -0.933  -0.692  -0.624
   9000.  2.00  -1.401  -1.294  -1.118  -1.017  -0.926  -0.697  -0.627
   9000.  2.50  -1.392  -1.282  -1.111  -1.012  -0.923  -0.696  -0.629
   9000.  3.00  -1.404  -1.285  -1.110  -1.011  -0.920  -0.690  -0.630
   9000.  3.50  -1.429  -1.298  -1.113  -1.012  -0.919  -0.683  -0.629
   9000.  4.00  -1.462  -1.317  -1.121  -1.016  -0.919  -0.674  -0.627
   9000.  4.50  -1.504  -1.344  -1.133  -1.023  -0.921  -0.666  -0.624
   9000.  5.00  -1.549  -1.374  -1.143  -1.026  -0.918  -0.652  -0.614
   9250.  2.00  -1.449  -1.344  -1.170  -1.070  -0.980  -0.756  -0.689
   9250.  2.50  -1.432  -1.327  -1.159  -1.063  -0.976  -0.756  -0.691
   9250.  3.00  -1.438  -1.325  -1.155  -1.060  -0.973  -0.751  -0.692
   9250.  3.50  -1.456  -1.332  -1.156  -1.059  -0.970  -0.744  -0.692
   9250.  4.00  -1.484  -1.347  -1.160  -1.060  -0.968  -0.735  -0.689
   9250.  4.50  -1.520  -1.368  -1.168  -1.064  -0.968  -0.726  -0.686
   9250.  5.00  -1.562  -1.395  -1.178  -1.069  -0.968  -0.716  -0.679
   9500.  2.00  -1.499  -1.396  -1.224  -1.125  -1.035  -0.815  -0.751
   9500.  2.50  -1.477  -1.375  -1.211  -1.117  -1.031  -0.816  -0.754
   9500.  3.00  -1.477  -1.370  -1.205  -1.113  -1.028  -0.812  -0.755
   9500.  3.50  -1.490  -1.373  -1.203  -1.110  -1.024  -0.806  -0.755
   9500.  4.00  -1.513  -1.383  -1.204  -1.109  -1.021  -0.797  -0.752
   9500.  4.50  -1.543  -1.399  -1.208  -1.110  -1.019  -0.788  -0.749
   9500.  5.00  -1.581  -1.422  -1.215  -1.114  -1.018  -0.778  -0.743
   9750.  2.00  -1.549  -1.448  -1.277  -1.180  -1.091  -0.874  -0.813
   9750.  2.50  -1.524  -1.425  -1.263  -1.171  -1.087  -0.876  -0.816
   9750.  3.00  -1.520  -1.417  -1.257  -1.166  -1.083  -0.874  -0.818
   9750.  3.50  -1.529  -1.418  -1.253  -1.163  -1.080  -0.868  -0.818
   9750.  4.00  -1.547  -1.424  -1.251  -1.160  -1.075  -0.860  -0.816
   9750.  4.50  -1.573  -1.436  -1.252  -1.159  -1.071  -0.850  -0.812
   9750.  5.00  -1.607  -1.454  -1.256  -1.160  -1.069  -0.840  -0.806
  10000.  2.00  -1.598  -1.500  -1.331  -1.234  -1.147  -0.933  -0.875
  10000.  2.50  -1.571  -1.476  -1.316  -1.225  -1.143  -0.936  -0.878
  10000.  3.00  -1.565  -1.466  -1.309  -1.221  -1.140  -0.935  -0.881
  10000.  3.50  -1.572  -1.465  -1.305  -1.217  -1.136  -0.930  -0.881
  10000.  4.00  -1.586  -1.469  -1.302  -1.214  -1.131  -0.923  -0.880
  10000.  4.50  -1.608  -1.477  -1.300  -1.211  -1.126  -0.913  -0.876
  10000.  5.00  -1.637  -1.491  -1.301  -1.209  -1.122  -0.902  -0.870
  10250.  2.00  -1.647  -1.551  -1.384  -1.288  -1.202  -0.991  -0.936
  10250.  2.50  -1.619  -1.526  -1.369  -1.280  -1.198  -0.995  -0.939
  10250.  3.00  -1.612  -1.516  -1.362  -1.275  -1.196  -0.995  -0.943
  10250.  3.50  -1.616  -1.514  -1.357  -1.272  -1.192  -0.992  -0.944
  10250.  4.00  -1.628  -1.516  -1.354  -1.268  -1.188  -0.985  -0.943
  10250.  4.50  -1.647  -1.522  -1.351  -1.264  -1.182  -0.976  -0.939
  10250.  5.00  -1.672  -1.532  -1.349  -1.261  -1.177  -0.964  -0.933
  10500.  2.00  -1.695  -1.601  -1.436  -1.342  -1.256  -1.049  -0.996
  10500.  2.50  -1.667  -1.577  -1.422  -1.334  -1.253  -1.053  -1.000
  10500.  3.00  -1.659  -1.566  -1.415  -1.330  -1.251  -1.055  -1.004
  10500.  3.50  -1.662  -1.563  -1.410  -1.326  -1.249  -1.053  -1.006
  10500.  4.00  -1.672  -1.564  -1.406  -1.323  -1.245  -1.047  -1.006
  10500.  4.50  -1.688  -1.568  -1.402  -1.319  -1.239  -1.038  -1.003
  10500.  5.00  -1.710  -1.576  -1.399  -1.314  -1.232  -1.027  -0.996
  10750.  2.00  -1.743  -1.651  -1.488  -1.395  -1.310  -1.106  -1.056
  10750.  2.50  -1.715  -1.627  -1.474  -1.387  -1.307  -1.111  -1.060
  10750.  3.00  -1.706  -1.616  -1.467  -1.384  -1.306  -1.114  -1.065
  10750.  3.50  -1.708  -1.613  -1.463  -1.381  -1.305  -1.112  -1.067
  10750.  4.00  -1.717  -1.613  -1.459  -1.377  -1.301  -1.108  -1.068
  10750.  4.50  -1.731  -1.616  -1.455  -1.373  -1.296  -1.100  -1.065
  10750.  5.00  -1.750  -1.621  -1.450  -1.368  -1.289  -1.089  -1.059
  11000.  2.00  -1.791  -1.701  -1.539  -1.448  -1.364  -1.162  -1.114
  11000.  2.50  -1.762  -1.676  -1.525  -1.440  -1.361  -1.168  -1.119
  11000.  3.00  -1.753  -1.666  -1.519  -1.437  -1.361  -1.171  -1.124
  11000.  3.50  -1.755  -1.662  -1.515  -1.435  -1.360  -1.171  -1.128
  11000.  4.00  -1.762  -1.662  -1.511  -1.431  -1.357  -1.168  -1.128
  11000.  4.50  -1.775  -1.664  -1.507  -1.427  -1.352  -1.161  -1.127
  11000.  5.00  -1.792  -1.668  -1.502  -1.422  -1.345  -1.150  -1.121
  11250.  2.00  -1.837  -1.749  -1.590  -1.499  -1.417  -1.218  -1.172
  11250.  2.50  -1.809  -1.725  -1.576  -1.492  -1.414  -1.224  -1.178
  11250.  3.00  -1.800  -1.715  -1.570  -1.490  -1.415  -1.229  -1.183
  11250.  3.50  -1.801  -1.712  -1.567  -1.488  -1.414  -1.229  -1.187
  11250.  4.00  -1.808  -1.711  -1.563  -1.485  -1.412  -1.226  -1.188
  11250.  4.50  -1.820  -1.713  -1.559  -1.481  -1.407  -1.220  -1.187
  11250.  5.00  -1.835  -1.716  -1.554  -1.476  -1.401  -1.211  -1.183
  11500.  2.00  -1.884  -1.798  -1.640  -1.551  -1.469  -1.274  -1.230
  11500.  2.50  -1.855  -1.773  -1.626  -1.543  -1.467  -1.280  -1.235
  11500.  3.00  -1.847  -1.764  -1.621  -1.542  -1.468  -1.285  -1.241
  11500.  3.50  -1.848  -1.760  -1.618  -1.540  -1.468  -1.286  -1.245
  11500.  4.00  -1.854  -1.760  -1.615  -1.538  -1.466  -1.284  -1.247
  11500.  4.50  -1.865  -1.761  -1.611  -1.535  -1.462  -1.279  -1.247
  11500.  5.00  -1.878  -1.763  -1.606  -1.530  -1.456  -1.270  -1.243
  11750.  2.00  -1.929  -1.845  -1.690  -1.602  -1.521  -1.328  -1.286
  11750.  2.50  -1.900  -1.820  -1.676  -1.594  -1.519  -1.335  -1.292
  11750.  3.00  -1.892  -1.812  -1.671  -1.593  -1.521  -1.340  -1.298
  11750.  3.50  -1.894  -1.809  -1.669  -1.592  -1.521  -1.343  -1.303
  11750.  4.00  -1.900  -1.808  -1.666  -1.591  -1.520  -1.341  -1.305
  11750.  4.50  -1.910  -1.809  -1.663  -1.588  -1.517  -1.337  -1.305
  11750.  5.00  -1.922  -1.811  -1.658  -1.583  -1.511  -1.329  -1.302
  12000.  2.50  -1.945  -1.868  -1.725  -1.645  -1.571  -1.389  -1.348
  12000.  3.00  -1.938  -1.859  -1.721  -1.644  -1.572  -1.395  -1.355
  12000.  3.50  -1.939  -1.857  -1.719  -1.644  -1.574  -1.398  -1.360
  12000.  4.00  -1.945  -1.856  -1.717  -1.642  -1.573  -1.397  -1.363
  12000.  4.50  -1.955  -1.857  -1.713  -1.640  -1.570  -1.393  -1.363
  12000.  5.00  -1.966  -1.859  -1.708  -1.635  -1.565  -1.386  -1.360
  12250.  2.50  -1.990  -1.914  -1.774  -1.694  -1.621  -1.443  -1.403
  12250.  3.00  -1.983  -1.906  -1.770  -1.694  -1.624  -1.449  -1.410
  12250.  3.50  -1.984  -1.904  -1.768  -1.694  -1.625  -1.453  -1.416
  12250.  4.00  -1.990  -1.904  -1.766  -1.693  -1.625  -1.452  -1.419
  12250.  4.50  -1.999  -1.905  -1.764  -1.691  -1.622  -1.449  -1.419
  12250.  5.00  -2.010  -1.906  -1.759  -1.687  -1.618  -1.443  -1.417
  12500.  2.50  -2.034  -1.960  -1.821  -1.743  -1.671  -1.496  -1.457
  12500.  3.00  -2.027  -1.952  -1.818  -1.743  -1.674  -1.503  -1.465
  12500.  3.50  -2.029  -1.951  -1.817  -1.744  -1.676  -1.506  -1.471
  12500.  4.00  -2.035  -1.950  -1.815  -1.744  -1.676  -1.507  -1.474
  12500.  4.50  -2.044  -1.952  -1.813  -1.742  -1.674  -1.504  -1.475
  12500.  5.00  -2.054  -1.953  -1.808  -1.738  -1.670  -1.498  -1.473
  12750.  2.50  -2.077  -2.005  -1.869  -1.792  -1.721  -1.548  -1.511
  12750.  3.00  -2.070  -1.998  -1.866  -1.792  -1.724  -1.555  -1.519
  12750.  3.50  -2.073  -1.997  -1.865  -1.794  -1.727  -1.559  -1.525
  12750.  4.00  -2.079  -1.997  -1.864  -1.793  -1.727  -1.560  -1.529
  12750.  4.50  -2.088  -1.998  -1.862  -1.792  -1.725  -1.558  -1.530
  12750.  5.00  -2.098  -1.999  -1.857  -1.788  -1.721  -1.553  -1.528
  13000.  2.50  -2.120  -2.049  -1.915  -1.839  -1.769  -1.599  -1.563
  13000.  3.00  -2.113  -2.043  -1.913  -1.840  -1.773  -1.607  -1.572
  13000.  3.50  -2.116  -2.042  -1.913  -1.842  -1.776  -1.612  -1.578
  13000.  4.00  -2.122  -2.042  -1.912  -1.842  -1.777  -1.613  -1.582
  13000.  4.50  -2.132  -2.044  -1.910  -1.841  -1.775  -1.611  -1.584
  13000.  5.00  -2.141  -2.045  -1.906  -1.837  -1.772  -1.606  -1.582
  14000.  2.00  -2.317  -2.248  -2.107  -2.028  -1.955  -1.785  -1.755
  14000.  2.50  -2.284  -2.221  -2.094  -2.022  -1.957  -1.797  -1.765
  14000.  3.00  -2.280  -2.216  -2.094  -2.026  -1.963  -1.807  -1.776
  14000.  3.50  -2.284  -2.217  -2.096  -2.030  -1.968  -1.813  -1.784
  14000.  4.00  -2.291  -2.219  -2.096  -2.031  -1.970  -1.815  -1.789
  14000.  4.50  -2.300  -2.221  -2.095  -2.031  -1.969  -1.815  -1.791
  14000.  5.00  -2.310  -2.223  -2.092  -2.028  -1.967  -1.811  -1.790
  15000.  2.50  -2.439  -2.382  -2.261  -2.194  -2.132  -1.981  -1.954
  15000.  3.00  -2.436  -2.380  -2.264  -2.200  -2.141  -1.995  -1.968
  15000.  3.50  -2.443  -2.383  -2.268  -2.206  -2.148  -2.003  -1.977
  15000.  4.00  -2.451  -2.386  -2.270  -2.209  -2.151  -2.006  -1.983
  15000.  4.50  -2.461  -2.389  -2.270  -2.210  -2.152  -2.006  -1.986
  15000.  5.00  -2.470  -2.391  -2.268  -2.208  -2.150  -2.004  -1.986
  16000.  2.50  -2.585  -2.533  -2.418  -2.354  -2.295  -2.153  -2.129
  16000.  3.00  -2.584  -2.533  -2.424  -2.364  -2.308  -2.170  -2.146
  16000.  3.50  -2.592  -2.538  -2.430  -2.372  -2.317  -2.181  -2.158
  16000.  4.00  -2.602  -2.543  -2.434  -2.377  -2.322  -2.186  -2.165
  16000.  4.50  -2.612  -2.547  -2.435  -2.378  -2.324  -2.187  -2.169
  16000.  5.00  -2.622  -2.550  -2.434  -2.377  -2.323  -2.185  -2.169
  17000.  2.50  -2.723  -2.676  -2.566  -2.505  -2.448  -2.314  -2.293
  17000.  3.00  -2.722  -2.677  -2.573  -2.517  -2.464  -2.334  -2.313
  17000.  3.50  -2.732  -2.684  -2.582  -2.528  -2.476  -2.347  -2.328
  17000.  4.00  -2.744  -2.691  -2.588  -2.534  -2.483  -2.354  -2.337
  17000.  4.50  -2.755  -2.696  -2.591  -2.537  -2.486  -2.357  -2.341
  17000.  5.00  -2.765  -2.700  -2.590  -2.537  -2.486  -2.356  -2.342
  18000.  2.50  -2.853  -2.811  -2.705  -2.646  -2.592  -2.464  -2.446
  18000.  3.00  -2.853  -2.812  -2.714  -2.660  -2.610  -2.487  -2.469
  18000.  3.50  -2.864  -2.822  -2.725  -2.674  -2.625  -2.503  -2.486
  18000.  4.00  -2.877  -2.830  -2.733  -2.682  -2.634  -2.513  -2.497
  18000.  4.50  -2.890  -2.837  -2.737  -2.687  -2.639  -2.517  -2.503
  18000.  5.00  -2.901  -2.842  -2.738  -2.688  -2.639  -2.517  -2.505
  19000.  2.50  -2.977  -2.938  -2.836  -2.780  -2.728  -2.605  -2.590
  19000.  3.00  -2.976  -2.940  -2.846  -2.795  -2.748  -2.631  -2.615
  19000.  3.50  -2.989  -2.951  -2.860  -2.811  -2.765  -2.650  -2.635
  19000.  4.00  -3.004  -2.962  -2.870  -2.822  -2.776  -2.661  -2.648
  19000.  4.50  -3.017  -2.970  -2.875  -2.828  -2.782  -2.667  -2.655
  19000.  5.00  -3.029  -2.975  -2.877  -2.830  -2.784  -2.668  -2.658
  20000.  3.00  -3.092  -3.061  -2.971  -2.923  -2.878  -2.767  -2.753
  20000.  3.50  -3.107  -3.074  -2.987  -2.941  -2.897  -2.788  -2.775
  20000.  4.00  -3.123  -3.086  -2.999  -2.953  -2.910  -2.801  -2.790
  20000.  4.50  -3.138  -3.095  -3.006  -2.961  -2.918  -2.809  -2.799
  20000.  5.00  -3.150  -3.102  -3.008  -2.964  -2.921  -2.811  -2.803
  21000.  3.00  -3.202  -3.174  -3.089  -3.043  -3.000  -2.895  -2.883
  21000.  3.50  -3.219  -3.190  -3.107  -3.063  -3.022  -2.919  -2.908
  21000.  4.00  -3.236  -3.204  -3.121  -3.078  -3.037  -2.934  -2.924
  21000.  4.50  -3.252  -3.214  -3.129  -3.087  -3.046  -2.942  -2.934
  21000.  5.00  -3.265  -3.221  -3.133  -3.091  -3.050  -2.946  -2.939
  22000.  3.00  -3.305  -3.281  -3.199  -3.156  -3.115  -3.015  -3.005
  22000.  3.50  -3.325  -3.300  -3.221  -3.180  -3.141  -3.043  -3.033
  22000.  4.00  -3.344  -3.315  -3.237  -3.196  -3.158  -3.060  -3.051
  22000.  4.50  -3.360  -3.327  -3.246  -3.206  -3.168  -3.069  -3.062
  22000.  5.00  -3.374  -3.335  -3.251  -3.211  -3.173  -3.074  -3.068
  23000.  3.00  -3.400  -3.380  -3.302  -3.261  -3.222  -3.127  -3.119
  23000.  3.50  -3.424  -3.403  -3.329  -3.289  -3.253  -3.159  -3.152
  23000.  4.00  -3.446  -3.421  -3.346  -3.308  -3.272  -3.179  -3.172
  23000.  4.50  -3.463  -3.434  -3.357  -3.319  -3.283  -3.190  -3.184
  23000.  5.00  -3.477  -3.443  -3.363  -3.325  -3.289  -3.195  -3.191
  24000.  3.00  -3.487  -3.471  -3.396  -3.357  -3.320  -3.229  -3.223
  24000.  3.50  -3.518  -3.501  -3.430  -3.393  -3.358  -3.269  -3.263
  24000.  4.00  -3.542  -3.521  -3.450  -3.414  -3.380  -3.292  -3.286
  24000.  4.50  -3.561  -3.536  -3.463  -3.427  -3.393  -3.304  -3.300
  24000.  5.00  -3.575  -3.545  -3.469  -3.434  -3.400  -3.311  -3.307
  25000.  3.00  -3.563  -3.550  -3.478  -3.441  -3.406  -3.320  -3.315
  25000.  3.50  -3.605  -3.591  -3.524  -3.489  -3.456  -3.372  -3.367
  25000.  4.00  -3.632  -3.615  -3.548  -3.514  -3.482  -3.398  -3.394
  25000.  4.50  -3.653  -3.632  -3.563  -3.529  -3.497  -3.413  -3.410
  25000.  5.00  -3.668  -3.642  -3.570  -3.537  -3.505  -3.420  -3.418
  26000.  3.00  -3.627  -3.616  -3.545  -3.508  -3.474  -3.391  -3.387
  26000.  3.50  -3.684  -3.674  -3.610  -3.577  -3.546  -3.467  -3.464
  26000.  4.00  -3.717  -3.704  -3.640  -3.608  -3.578  -3.499  -3.496
  26000.  4.50  -3.740  -3.722  -3.657  -3.625  -3.595  -3.516  -3.514
  26000.  5.00  -3.756  -3.734  -3.666  -3.634  -3.604  -3.524  -3.523
  27000.  3.50  -3.755  -3.748  -3.687  -3.656  -3.627  -3.553  -3.550
  27000.  4.00  -3.795  -3.785  -3.725  -3.695  -3.667  -3.592  -3.590
  27000.  4.50  -3.821  -3.807  -3.745  -3.715  -3.687  -3.612  -3.611
  27000.  5.00  -3.839  -3.820  -3.756  -3.726  -3.698  -3.622  -3.622
  28000.  3.50  -3.816  -3.812  -3.755  -3.725  -3.697  -3.627  -3.625
  28000.  4.00  -3.866  -3.860  -3.803  -3.775  -3.748  -3.678  -3.677
  28000.  4.50  -3.896  -3.886  -3.828  -3.799  -3.773  -3.702  -3.702
  28000.  5.00  -3.916  -3.901  -3.840  -3.812  -3.786  -3.714  -3.715
  29000.  3.50  -3.872  -3.870  -3.814  -3.785  -3.759  -3.690  -3.689
  29000.  4.00  -3.930  -3.927  -3.873  -3.846  -3.821  -3.755  -3.755
  29000.  4.50  -3.965  -3.958  -3.903  -3.877  -3.852  -3.785  -3.786
  29000.  5.00  -3.987  -3.976  -3.918  -3.892  -3.867  -3.800  -3.801
  30000.  3.50  -3.928  -3.928  -3.873  -3.844  -3.818  -3.749  -3.749
  30000.  4.00  -3.987  -3.987  -3.936  -3.910  -3.887  -3.824  -3.825
  30000.  4.50  -4.027  -4.024  -3.972  -3.947  -3.924  -3.861  -3.862
  30000.  5.00  -4.052  -4.044  -3.990  -3.966  -3.942  -3.879  -3.881
  31000.  3.50  -3.990  -3.990  -3.935  -3.906  -3.879  -3.810  -3.811
  31000.  4.00  -4.041  -4.043  -3.995  -3.970  -3.948  -3.886  -3.888
  31000.  4.50  -4.084  -4.083  -4.035  -4.011  -3.989  -3.929  -3.932
  31000.  5.00  -4.112  -4.107  -4.056  -4.033  -4.011  -3.951  -3.954
  32000.  4.00  -4.094  -4.098  -4.051  -4.027  -4.006  -3.946  -3.948
  32000.  4.50  -4.138  -4.140  -4.094  -4.071  -4.051  -3.993  -3.996
  32000.  5.00  -4.168  -4.166  -4.118  -4.096  -4.076  -4.018  -4.022
  33000.  4.00  -4.153  -4.157  -4.112  -4.088  -4.067  -4.007  -4.010
  33000.  4.50  -4.190  -4.194  -4.150  -4.128  -4.109  -4.053  -4.056
  33000.  5.00  -4.220  -4.222  -4.176  -4.155  -4.136  -4.081  -4.085
  34000.  4.00  -4.217  -4.222  -4.178  -4.153  -4.133  -4.072  -4.075
  34000.  4.50  -4.244  -4.250  -4.208  -4.187  -4.168  -4.113  -4.117
  34000.  5.00  -4.272  -4.276  -4.233  -4.213  -4.195  -4.141  -4.146
  35000.  4.00  -4.287  -4.293  -4.249  -4.223  -4.202  -4.141  -4.144
  35000.  4.50  -4.304  -4.311  -4.271  -4.249  -4.231  -4.176  -4.180
  35000.  5.00  -4.327  -4.333  -4.292  -4.272  -4.255  -4.202  -4.207
  36000.  4.00  -4.361  -4.368  -4.325  -4.298  -4.277  -4.214  -4.217
  36000.  4.50  -4.368  -4.376  -4.336  -4.314  -4.297  -4.241  -4.245
  36000.  5.00  -4.386  -4.393  -4.353  -4.334  -4.317  -4.265  -4.270
  37000.  4.00  -4.440  -4.447  -4.404  -4.377  -4.356  -4.292  -4.295
  37000.  4.50  -4.437  -4.445  -4.407  -4.384  -4.366  -4.309  -4.313
  37000.  5.00  -4.448  -4.456  -4.418  -4.398  -4.382  -4.329  -4.334
  38000.  4.00  -4.521  -4.529  -4.486  -4.459  -4.438  -4.373  -4.376
  38000.  4.50  -4.509  -4.518  -4.481  -4.458  -4.440  -4.382  -4.386
  38000.  5.00  -4.514  -4.523  -4.486  -4.465  -4.450  -4.396  -4.401
  39000.  4.00  -4.602  -4.610  -4.569  -4.541  -4.521  -4.456  -4.459
  39000.  4.50  -4.585  -4.595  -4.558  -4.534  -4.517  -4.458  -4.462
  39000.  5.00  -4.584  -4.593  -4.558  -4.537  -4.521  -4.466  -4.471
  40000.  4.50  -4.663  -4.673  -4.637  -4.613  -4.596  -4.536  -4.540
  40000.  5.00  -4.657  -4.667  -4.632  -4.611  -4.595  -4.539  -4.544
  41000.  4.50  -4.740  -4.751  -4.716  -4.692  -4.675  -4.616  -4.620
  41000.  5.00  -4.731  -4.742  -4.709  -4.687  -4.672  -4.615  -4.620
  42000.  4.50  -4.817  -4.829  -4.795  -4.771  -4.755  -4.695  -4.699
  42000.  5.00  -4.807  -4.818  -4.786  -4.763  -4.749  -4.692  -4.697
  43000.  4.50  -4.893  -4.905  -4.872  -4.848  -4.833  -4.774  -4.778
  43000.  5.00  -4.882  -4.894  -4.862  -4.840  -4.826  -4.769  -4.774
  44000.  4.50  -4.968  -4.980  -4.948  -4.925  -4.909  -4.851  -4.855
  44000.  5.00  -4.957  -4.969  -4.939  -4.917  -4.903  -4.846  -4.851
  45000.  4.50  -5.041  -5.054  -5.022  -4.999  -4.984  -4.926  -4.931
  45000.  5.00  -5.030  -5.043  -5.014  -4.992  -4.978  -4.922  -4.927
  46000.  4.50  -5.112  -5.126  -5.095  -5.072  -5.057  -5.000  -5.005
  46000.  5.00  -5.102  -5.116  -5.087  -5.066  -5.053  -4.997  -5.002
  47000.  4.50  -5.182  -5.196  -5.166  -5.143  -5.129  -5.073  -5.077
  47000.  5.00  -5.173  -5.187  -5.159  -5.138  -5.125  -5.070  -5.076
  48000.  4.50  -5.250  -5.265  -5.235  -5.213  -5.199  -5.143  -5.148
  48000.  5.00  -5.243  -5.257  -5.230  -5.209  -5.197  -5.142  -5.148
  49000.  4.50  -5.317  -5.332  -5.303  -5.281  -5.267  -5.212  -5.217
  49000.  5.00  -5.310  -5.326  -5.299  -5.278  -5.266  -5.212  -5.218
  50000.  5.00  -5.377  -5.393  -5.366  -5.346  -5.334  -5.281  -5.287
