   3500.  0.00  -3.759  -2.836  -1.842  -1.179  -0.796   0.198   0.368
   3500.  0.50  -3.488  -2.660  -1.731  -1.112  -0.742   0.235   0.403
   3500.  1.00  -3.255  -2.509  -1.637  -1.049  -0.691   0.278   0.444
   3500.  1.50  -3.057  -2.378  -1.552  -0.988  -0.638   0.326   0.491
   3500.  2.00  -2.888  -2.263  -1.473  -0.925  -0.581   0.377   0.541
   3500.  2.50  -2.765  -2.173  -1.404  -0.862  -0.520   0.432   0.594
   3500.  3.00  -2.701  -2.115  -1.344  -0.792  -0.447   0.492   0.649
   3500.  3.50  -2.669  -2.078  -1.293  -0.726  -0.374   0.537   0.688
   3500.  4.00  -2.676  -2.078  -1.277  -0.692  -0.334   0.557   0.705
   3500.  4.50  -2.715  -2.109  -1.288  -0.679  -0.313   0.568   0.713
   3500.  5.00  -2.791  -2.172  -1.326  -0.686  -0.310   0.573   0.717
   3750.  0.00  -3.173  -2.304  -1.394  -0.817  -0.460   0.350   0.484
   3750.  0.50  -2.980  -2.193  -1.332  -0.784  -0.438   0.352   0.484
   3750.  1.00  -2.823  -2.106  -1.286  -0.756  -0.417   0.361   0.492
   3750.  1.50  -2.690  -2.032  -1.245  -0.727  -0.392   0.380   0.510
   3750.  2.00  -2.572  -1.962  -1.203  -0.695  -0.363   0.407   0.537
   3750.  2.50  -2.474  -1.901  -1.162  -0.659  -0.329   0.441   0.571
   3750.  3.00  -2.412  -1.858  -1.128  -0.622  -0.292   0.483   0.613
   3750.  3.50  -2.387  -1.833  -1.098  -0.581  -0.247   0.533   0.662
   3750.  4.00  -2.367  -1.811  -1.069  -0.542  -0.204   0.572   0.698
   3750.  4.50  -2.371  -1.813  -1.061  -0.521  -0.179   0.594   0.718
   3750.  5.00  -2.403  -1.841  -1.072  -0.514  -0.165   0.608   0.730
   4000.  0.00  -2.644  -1.848  -1.030  -0.539  -0.214   0.489   0.601
   4000.  0.50  -2.475  -1.749  -0.981  -0.517  -0.205   0.478   0.589
   4000.  1.00  -2.351  -1.684  -0.954  -0.507  -0.202   0.470   0.580
   4000.  1.50  -2.263  -1.646  -0.941  -0.502  -0.201   0.466   0.575
   4000.  2.00  -2.200  -1.623  -0.936  -0.498  -0.197   0.466   0.575
   4000.  2.50  -2.152  -1.607  -0.931  -0.489  -0.187   0.475   0.583
   4000.  3.00  -2.112  -1.590  -0.920  -0.473  -0.167   0.494   0.602
   4000.  3.50  -2.091  -1.580  -0.907  -0.451  -0.140   0.528   0.636
   4000.  4.00  -2.087  -1.575  -0.893  -0.424  -0.109   0.571   0.679
   4000.  4.50  -2.078  -1.564  -0.876  -0.398  -0.079   0.607   0.714
   4000.  5.00  -2.083  -1.570  -0.873  -0.383  -0.059   0.630   0.737
   4250.  0.00  -2.221  -1.507  -0.766  -0.334  -0.036   0.591   0.687
   4250.  0.50  -2.072  -1.416  -0.721  -0.317  -0.033   0.575   0.670
   4250.  1.00  -1.962  -1.355  -0.696  -0.310  -0.035   0.562   0.656
   4250.  1.50  -1.884  -1.317  -0.685  -0.309  -0.040   0.552   0.646
   4250.  2.00  -1.832  -1.297  -0.684  -0.311  -0.044   0.545   0.639
   4250.  2.50  -1.797  -1.289  -0.687  -0.314  -0.046   0.543   0.636
   4250.  3.00  -1.776  -1.289  -0.693  -0.315  -0.044   0.544   0.637
   4250.  3.50  -1.766  -1.295  -0.698  -0.313  -0.037   0.551   0.644
   4250.  4.00  -1.774  -1.309  -0.704  -0.305  -0.022   0.572   0.665
   4250.  4.50  -1.792  -1.323  -0.705  -0.291  -0.000   0.605   0.698
   4250.  5.00  -1.802  -1.331  -0.701  -0.274   0.023   0.637   0.730
   4500.  0.00  -1.864  -1.237  -0.567  -0.183   0.092   0.663   0.746
   4500.  0.50  -1.746  -1.163  -0.531  -0.171   0.092   0.644   0.725
   4500.  1.00  -1.657  -1.112  -0.511  -0.167   0.088   0.627   0.709
   4500.  1.50  -1.594  -1.080  -0.501  -0.167   0.081   0.615   0.696
   4500.  2.00  -1.551  -1.061  -0.499  -0.170   0.075   0.606   0.687
   4500.  2.50  -1.523  -1.052  -0.501  -0.173   0.071   0.601   0.682
   4500.  3.00  -1.505  -1.049  -0.505  -0.176   0.069   0.599   0.680
   4500.  3.50  -1.495  -1.052  -0.510  -0.177   0.071   0.601   0.682
   4500.  4.00  -1.491  -1.060  -0.517  -0.176   0.077   0.607   0.688
   4500.  4.50  -1.501  -1.075  -0.525  -0.173   0.087   0.621   0.702
   4500.  5.00  -1.523  -1.094  -0.531  -0.165   0.103   0.646   0.727
   4750.  0.00  -1.529  -0.995  -0.404  -0.067   0.183   0.701   0.774
   4750.  0.50  -1.447  -0.946  -0.383  -0.063   0.179   0.682   0.754
   4750.  1.00  -1.384  -0.910  -0.370  -0.062   0.172   0.665   0.737
   4750.  1.50  -1.340  -0.888  -0.364  -0.065   0.164   0.652   0.723
   4750.  2.00  -1.311  -0.874  -0.363  -0.068   0.158   0.642   0.713
   4750.  2.50  -1.292  -0.867  -0.364  -0.072   0.152   0.635   0.707
   4750.  3.00  -1.281  -0.864  -0.366  -0.075   0.150   0.632   0.703
   4750.  3.50  -1.274  -0.864  -0.368  -0.075   0.150   0.632   0.703
   4750.  4.00  -1.271  -0.867  -0.371  -0.074   0.154   0.635   0.706
   4750.  4.50  -1.272  -0.873  -0.375  -0.072   0.160   0.642   0.713
   4750.  5.00  -1.281  -0.886  -0.381  -0.069   0.170   0.654   0.724
   5000.  0.00  -1.212  -0.775  -0.268   0.022   0.247   0.710   0.774
   5000.  0.50  -1.166  -0.751  -0.262   0.019   0.237   0.692   0.755
   5000.  1.00  -1.131  -0.733  -0.259   0.014   0.227   0.677   0.740
   5000.  1.50  -1.106  -0.723  -0.260   0.008   0.218   0.664   0.727
   5000.  2.00  -1.092  -0.718  -0.262   0.002   0.210   0.654   0.716
   5000.  2.50  -1.085  -0.716  -0.265  -0.002   0.204   0.646   0.709
   5000.  3.00  -1.082  -0.717  -0.267  -0.005   0.201   0.642   0.705
   5000.  3.50  -1.083  -0.717  -0.268  -0.006   0.201   0.642   0.705
   5000.  4.00  -1.084  -0.719  -0.268  -0.004   0.204   0.645   0.707
   5000.  4.50  -1.087  -0.721  -0.268  -0.001   0.210   0.651   0.713
   5000.  5.00  -1.092  -0.726  -0.268   0.004   0.218   0.659   0.721
   5250.  0.00  -0.939  -0.587  -0.158   0.089   0.287   0.697   0.754
   5250.  0.50  -0.918  -0.581  -0.164   0.079   0.274   0.682   0.738
   5250.  1.00  -0.904  -0.579  -0.170   0.069   0.262   0.668   0.724
   5250.  1.50  -0.898  -0.581  -0.177   0.060   0.251   0.656   0.712
   5250.  2.00  -0.898  -0.585  -0.184   0.052   0.242   0.647   0.703
   5250.  2.50  -0.903  -0.591  -0.191   0.045   0.234   0.640   0.695
   5250.  3.00  -0.909  -0.597  -0.195   0.040   0.230   0.635   0.691
   5250.  3.50  -0.917  -0.601  -0.197   0.039   0.229   0.635   0.690
   5250.  4.00  -0.924  -0.604  -0.196   0.041   0.232   0.637   0.693
   5250.  4.50  -0.931  -0.606  -0.194   0.045   0.238   0.643   0.699
   5250.  5.00  -0.938  -0.608  -0.192   0.051   0.246   0.652   0.707
   5500.  0.00  -0.714  -0.432  -0.072   0.137   0.311   0.670   0.723
   5500.  0.50  -0.711  -0.439  -0.085   0.124   0.296   0.658   0.709
   5500.  1.00  -0.712  -0.447  -0.098   0.111   0.283   0.646   0.697
   5500.  1.50  -0.718  -0.459  -0.111   0.098   0.270   0.636   0.686
   5500.  2.00  -0.730  -0.472  -0.123   0.086   0.259   0.627   0.677
   5500.  2.50  -0.744  -0.485  -0.134   0.076   0.249   0.620   0.669
   5500.  3.00  -0.759  -0.497  -0.143   0.069   0.243   0.615   0.664
   5500.  3.50  -0.774  -0.506  -0.148   0.066   0.240   0.613   0.662
   5500.  4.00  -0.786  -0.512  -0.148   0.066   0.242   0.616   0.665
   5500.  4.50  -0.797  -0.516  -0.146   0.070   0.248   0.622   0.671
   5500.  5.00  -0.806  -0.518  -0.142   0.077   0.256   0.631   0.679
   5750.  0.00  -0.528  -0.303  -0.005   0.171   0.321   0.632   0.683
   5750.  0.50  -0.539  -0.319  -0.022   0.156   0.308   0.625   0.673
   5750.  1.00  -0.552  -0.336  -0.039   0.142   0.294   0.617   0.663
   5750.  1.50  -0.568  -0.354  -0.056   0.127   0.281   0.608   0.653
   5750.  2.00  -0.588  -0.374  -0.073   0.112   0.268   0.600   0.644
   5750.  2.50  -0.610  -0.394  -0.089   0.099   0.256   0.592   0.636
   5750.  3.00  -0.632  -0.412  -0.102   0.088   0.247   0.586   0.630
   5750.  3.50  -0.653  -0.428  -0.112   0.080   0.240   0.582   0.626
   5750.  4.00  -0.670  -0.439  -0.116   0.078   0.239   0.583   0.627
   5750.  4.50  -0.685  -0.445  -0.116   0.080   0.243   0.588   0.632
   5750.  5.00  -0.696  -0.448  -0.112   0.086   0.251   0.597   0.641
   6000.  0.00  -0.369  -0.195   0.047   0.192   0.319   0.586   0.636
   6000.  0.50  -0.394  -0.218   0.030   0.180   0.310   0.585   0.631
   6000.  1.00  -0.417  -0.240   0.011   0.165   0.299   0.581   0.625
   6000.  1.50  -0.441  -0.264  -0.009   0.150   0.286   0.576   0.617
   6000.  2.00  -0.468  -0.289  -0.029   0.133   0.273   0.569   0.608
   6000.  2.50  -0.497  -0.315  -0.049   0.117   0.259   0.561   0.600
   6000.  3.00  -0.526  -0.340  -0.067   0.102   0.246   0.554   0.592
   6000.  3.50  -0.552  -0.361  -0.083   0.090   0.236   0.548   0.587
   6000.  4.00  -0.575  -0.378  -0.093   0.082   0.231   0.546   0.585
   6000.  4.50  -0.593  -0.389  -0.097   0.081   0.231   0.549   0.587
   6000.  5.00  -0.607  -0.395  -0.095   0.085   0.237   0.556   0.595
   6250.  0.50  -0.265  -0.130   0.070   0.194   0.303   0.538   0.584
   6250.  1.00  -0.299  -0.157   0.053   0.182   0.297   0.540   0.582
   6250.  1.50  -0.331  -0.185   0.032   0.167   0.286   0.538   0.577
   6250.  2.00  -0.364  -0.214   0.010   0.150   0.273   0.534   0.570
   6250.  2.50  -0.399  -0.245  -0.013   0.132   0.258   0.528   0.562
   6250.  3.00  -0.434  -0.275  -0.036   0.114   0.244   0.520   0.554
   6250.  3.50  -0.467  -0.303  -0.057   0.097   0.230   0.513   0.547
   6250.  4.00  -0.496  -0.326  -0.073   0.085   0.220   0.508   0.542
   6250.  4.50  -0.519  -0.344  -0.083   0.078   0.215   0.507   0.541
   6250.  5.00  -0.536  -0.354  -0.086   0.077   0.217   0.512   0.545
   6500.  0.50  -0.147  -0.053   0.098   0.197   0.286   0.483   0.529
   6500.  1.00  -0.191  -0.083   0.085   0.191   0.286   0.492   0.533
   6500.  1.50  -0.232  -0.114   0.066   0.179   0.280   0.496   0.533
   6500.  2.00  -0.272  -0.147   0.043   0.163   0.269   0.495   0.528
   6500.  2.50  -0.313  -0.182   0.018   0.144   0.255   0.491   0.522
   6500.  3.00  -0.353  -0.217  -0.008   0.123   0.239   0.484   0.514
   6500.  3.50  -0.393  -0.250  -0.033   0.104   0.223   0.477   0.506
   6500.  4.00  -0.428  -0.280  -0.054   0.086   0.209   0.470   0.499
   6500.  4.50  -0.457  -0.304  -0.071   0.074   0.200   0.466   0.495
   6500.  5.00  -0.479  -0.320  -0.080   0.068   0.196   0.466   0.495
   6750.  0.50  -0.058   0.007   0.121   0.198   0.268   0.428   0.475
   6750.  1.00  -0.092  -0.018   0.106   0.190   0.267   0.437   0.479
   6750.  1.50  -0.141  -0.051   0.092   0.184   0.267   0.447   0.484
   6750.  2.00  -0.189  -0.087   0.071   0.170   0.260   0.452   0.483
   6750.  2.50  -0.234  -0.125   0.046   0.152   0.248   0.451   0.479
   6750.  3.00  -0.280  -0.163   0.018   0.131   0.232   0.447   0.473
   6750.  3.50  -0.325  -0.202  -0.010   0.109   0.215   0.440   0.464
   6750.  4.00  -0.367  -0.237  -0.037   0.088   0.198   0.432   0.456
   6750.  4.50  -0.403  -0.268  -0.059   0.070   0.184   0.425   0.450
   6750.  5.00  -0.432  -0.291  -0.075   0.058   0.175   0.422   0.447
   7000.  0.50   0.006   0.050   0.136   0.195   0.250   0.376   0.424
   7000.  1.00  -0.018   0.032   0.123   0.187   0.247   0.383   0.426
   7000.  1.50  -0.056   0.004   0.108   0.180   0.245   0.393   0.429
   7000.  2.00  -0.111  -0.033   0.092   0.172   0.245   0.403   0.434
   7000.  2.50  -0.164  -0.073   0.069   0.156   0.237   0.407   0.434
   7000.  3.00  -0.214  -0.114   0.041   0.136   0.223   0.406   0.429
   7000.  3.50  -0.264  -0.156   0.011   0.113   0.206   0.401   0.422
   7000.  4.00  -0.311  -0.197  -0.019   0.089   0.187   0.393   0.414
   7000.  4.50  -0.354  -0.234  -0.047   0.067   0.170   0.386   0.406
   7000.  5.00  -0.389  -0.264  -0.069   0.050   0.156   0.380   0.400
   7250.  0.50   0.042   0.073   0.143   0.188   0.230   0.328   0.375
   7250.  1.00   0.034   0.065   0.132   0.180   0.225   0.331   0.374
   7250.  1.50   0.005   0.045   0.119   0.173   0.224   0.340   0.377
   7250.  2.00  -0.039   0.014   0.103   0.165   0.222   0.349   0.380
   7250.  2.50  -0.098  -0.027   0.085   0.155   0.220   0.359   0.384
   7250.  3.00  -0.154  -0.070   0.059   0.137   0.210   0.362   0.383
   7250.  3.50  -0.208  -0.115   0.029   0.114   0.194   0.360   0.378
   7250.  4.00  -0.260  -0.159  -0.003   0.089   0.175   0.354   0.370
   7250.  4.50  -0.309  -0.201  -0.035   0.065   0.156   0.346   0.362
   7250.  5.00  -0.351  -0.238  -0.062   0.043   0.138   0.338   0.355
   7500.  0.50   0.029   0.062   0.136   0.176   0.214   0.291   0.335
   7500.  1.00   0.065   0.082   0.131   0.167   0.201   0.281   0.323
   7500.  1.50   0.046   0.069   0.122   0.162   0.199   0.288   0.325
   7500.  2.00   0.012   0.046   0.109   0.154   0.197   0.297   0.327
   7500.  2.50  -0.037   0.012   0.092   0.145   0.195   0.306   0.330
   7500.  3.00  -0.098  -0.032   0.071   0.133   0.191   0.314   0.333
   7500.  3.50  -0.157  -0.078   0.043   0.113   0.179   0.316   0.331
   7500.  4.00  -0.213  -0.125   0.010   0.088   0.161   0.313   0.326
   7500.  4.50  -0.267  -0.171  -0.024   0.061   0.141   0.306   0.318
   7500.  5.00  -0.315  -0.213  -0.055   0.036   0.121   0.298   0.310
   7750.  1.00   0.067   0.077   0.118   0.146   0.172   0.233   0.274
   7750.  1.50   0.068   0.078   0.114   0.143   0.170   0.235   0.272
   7750.  2.00   0.043   0.062   0.106   0.139   0.170   0.244   0.274
   7750.  2.50   0.004   0.036   0.092   0.130   0.167   0.252   0.276
   7750.  3.00  -0.048  -0.000   0.073   0.120   0.164   0.261   0.279
   7750.  3.50  -0.111  -0.046   0.051   0.106   0.159   0.268   0.282
   7750.  4.00  -0.171  -0.094   0.020   0.083   0.144   0.269   0.279
   7750.  4.50  -0.229  -0.143  -0.015   0.057   0.125   0.264   0.273
   7750.  5.00  -0.283  -0.190  -0.049   0.029   0.104   0.257   0.265
   8000.  1.00   0.036   0.045   0.089   0.115   0.140   0.189   0.226
   8000.  1.50   0.069   0.070   0.095   0.116   0.135   0.183   0.218
   8000.  2.00   0.057   0.064   0.091   0.114   0.136   0.189   0.219
   8000.  2.50   0.026   0.045   0.082   0.109   0.136   0.198   0.221
   8000.  3.00  -0.016   0.016   0.067   0.100   0.133   0.206   0.223
   8000.  3.50  -0.071  -0.022   0.048   0.089   0.130   0.215   0.227
   8000.  4.00  -0.134  -0.069   0.024   0.074   0.123   0.221   0.229
   8000.  4.50  -0.195  -0.119  -0.009   0.049   0.106   0.221   0.226
   8000.  5.00  -0.253  -0.169  -0.044   0.021   0.085   0.215   0.219
   8250.  1.00  -0.029  -0.016   0.038   0.069   0.098   0.147   0.176
   8250.  1.50   0.050   0.044   0.064   0.081   0.096   0.131   0.163
   8250.  2.00   0.053   0.050   0.066   0.082   0.096   0.133   0.162
   8250.  2.50   0.031   0.038   0.061   0.080   0.098   0.141   0.164
   8250.  3.00  -0.004   0.017   0.051   0.075   0.097   0.150   0.166
   8250.  3.50  -0.048  -0.013   0.036   0.065   0.094   0.158   0.169
   8250.  4.00  -0.105  -0.053   0.017   0.054   0.092   0.168   0.173
   8250.  4.50  -0.167  -0.101  -0.008   0.037   0.083   0.173   0.175
   8250.  5.00  -0.227  -0.151  -0.043   0.011   0.064   0.171   0.171
   8500.  1.50   0.012   0.004   0.023   0.038   0.052   0.079   0.109
   8500.  2.00   0.033   0.023   0.031   0.043   0.052   0.077   0.104
   8500.  2.50   0.021   0.019   0.031   0.043   0.054   0.083   0.104
   8500.  3.00  -0.006   0.004   0.025   0.041   0.055   0.092   0.107
   8500.  3.50  -0.044  -0.019   0.014   0.035   0.055   0.100   0.110
   8500.  4.00  -0.090  -0.051  -0.001   0.025   0.052   0.109   0.113
   8500.  4.50  -0.147  -0.091  -0.018   0.015   0.050   0.120   0.120
   8500.  5.00  -0.207  -0.138  -0.046  -0.004   0.039   0.124   0.121
   8750.  1.50  -0.037  -0.048  -0.027  -0.011   0.003   0.027   0.052
   8750.  2.00   0.002  -0.014  -0.010  -0.002   0.005   0.021   0.046
   8750.  2.50   0.000  -0.010  -0.007   0.001   0.007   0.024   0.045
   8750.  3.00  -0.020  -0.019  -0.009   0.000   0.009   0.032   0.046
   8750.  3.50  -0.052  -0.037  -0.016  -0.003   0.010   0.040   0.049
   8750.  4.00  -0.092  -0.063  -0.027  -0.010   0.009   0.049   0.052
   8750.  4.50  -0.141  -0.096  -0.042  -0.018   0.007   0.059   0.058
   8750.  5.00  -0.195  -0.135  -0.058  -0.027   0.007   0.071   0.066
   9000.  1.50  -0.091  -0.103  -0.082  -0.065  -0.051  -0.028  -0.007
   9000.  2.00  -0.038  -0.058  -0.057  -0.050  -0.045  -0.034  -0.012
   9000.  2.50  -0.031  -0.047  -0.050  -0.046  -0.043  -0.034  -0.015
   9000.  3.00  -0.044  -0.051  -0.050  -0.045  -0.041  -0.028  -0.015
   9000.  3.50  -0.070  -0.064  -0.053  -0.046  -0.039  -0.021  -0.014
   9000.  4.00  -0.105  -0.084  -0.061  -0.050  -0.038  -0.012  -0.010
   9000.  4.50  -0.148  -0.112  -0.072  -0.056  -0.039  -0.002  -0.005
   9000.  5.00  -0.196  -0.145  -0.084  -0.062  -0.038   0.010   0.004
   9250.  2.00  -0.084  -0.106  -0.107  -0.101  -0.097  -0.091  -0.071
   9250.  2.50  -0.068  -0.089  -0.097  -0.095  -0.094  -0.092  -0.075
   9250.  3.00  -0.075  -0.089  -0.094  -0.092  -0.092  -0.088  -0.076
   9250.  3.50  -0.096  -0.097  -0.095  -0.092  -0.089  -0.081  -0.075
   9250.  4.00  -0.127  -0.113  -0.100  -0.094  -0.088  -0.073  -0.072
   9250.  4.50  -0.164  -0.136  -0.108  -0.099  -0.088  -0.064  -0.068
   9250.  5.00  -0.208  -0.165  -0.119  -0.105  -0.088  -0.054  -0.062
   9500.  2.00  -0.131  -0.156  -0.159  -0.153  -0.150  -0.147  -0.131
   9500.  2.50  -0.110  -0.135  -0.146  -0.146  -0.147  -0.150  -0.135
   9500.  3.00  -0.112  -0.131  -0.142  -0.143  -0.145  -0.148  -0.137
   9500.  3.50  -0.128  -0.136  -0.141  -0.142  -0.143  -0.142  -0.137
   9500.  4.00  -0.154  -0.148  -0.144  -0.142  -0.140  -0.135  -0.135
   9500.  4.50  -0.187  -0.167  -0.149  -0.144  -0.138  -0.126  -0.131
   9500.  5.00  -0.228  -0.192  -0.157  -0.149  -0.138  -0.116  -0.125
   9750.  2.00  -0.179  -0.207  -0.211  -0.207  -0.204  -0.204  -0.191
   9750.  2.50  -0.154  -0.183  -0.197  -0.198  -0.201  -0.208  -0.195
   9750.  3.00  -0.153  -0.176  -0.192  -0.195  -0.199  -0.207  -0.198
   9750.  3.50  -0.165  -0.179  -0.190  -0.193  -0.197  -0.203  -0.199
   9750.  4.00  -0.187  -0.188  -0.190  -0.192  -0.194  -0.196  -0.198
   9750.  4.50  -0.216  -0.202  -0.193  -0.192  -0.191  -0.188  -0.194
   9750.  5.00  -0.253  -0.224  -0.198  -0.195  -0.189  -0.178  -0.189
  10000.  2.00  -0.227  -0.257  -0.263  -0.260  -0.258  -0.261  -0.251
  10000.  2.50  -0.200  -0.232  -0.249  -0.251  -0.255  -0.266  -0.255
  10000.  3.00  -0.196  -0.224  -0.243  -0.247  -0.254  -0.267  -0.259
  10000.  3.50  -0.205  -0.224  -0.240  -0.245  -0.252  -0.264  -0.261
  10000.  4.00  -0.223  -0.231  -0.239  -0.244  -0.248  -0.258  -0.260
  10000.  4.50  -0.249  -0.242  -0.240  -0.243  -0.245  -0.249  -0.257
  10000.  5.00  -0.282  -0.260  -0.243  -0.244  -0.242  -0.240  -0.252
  10250.  2.00  -0.275  -0.307  -0.315  -0.312  -0.312  -0.318  -0.310
  10250.  2.50  -0.247  -0.282  -0.300  -0.303  -0.309  -0.323  -0.315
  10250.  3.00  -0.241  -0.272  -0.294  -0.300  -0.308  -0.325  -0.319
  10250.  3.50  -0.248  -0.271  -0.292  -0.298  -0.307  -0.324  -0.322
  10250.  4.00  -0.263  -0.276  -0.290  -0.297  -0.304  -0.319  -0.322
  10250.  4.50  -0.286  -0.285  -0.290  -0.295  -0.300  -0.311  -0.319
  10250.  5.00  -0.315  -0.299  -0.291  -0.294  -0.296  -0.302  -0.314
  10500.  2.00  -0.323  -0.357  -0.367  -0.365  -0.366  -0.374  -0.369
  10500.  2.50  -0.294  -0.331  -0.352  -0.356  -0.363  -0.380  -0.374
  10500.  3.00  -0.287  -0.321  -0.346  -0.353  -0.362  -0.383  -0.379
  10500.  3.50  -0.292  -0.319  -0.343  -0.352  -0.362  -0.383  -0.382
  10500.  4.00  -0.305  -0.323  -0.342  -0.350  -0.360  -0.379  -0.383
  10500.  4.50  -0.325  -0.330  -0.340  -0.348  -0.356  -0.372  -0.381
  10500.  5.00  -0.351  -0.341  -0.340  -0.346  -0.351  -0.363  -0.377
  10750.  2.00  -0.370  -0.406  -0.418  -0.417  -0.419  -0.430  -0.427
  10750.  2.50  -0.340  -0.380  -0.403  -0.408  -0.416  -0.436  -0.432
  10750.  3.00  -0.333  -0.370  -0.397  -0.406  -0.416  -0.441  -0.438
  10750.  3.50  -0.337  -0.368  -0.395  -0.405  -0.416  -0.442  -0.442
  10750.  4.00  -0.349  -0.371  -0.393  -0.404  -0.415  -0.439  -0.444
  10750.  4.50  -0.367  -0.376  -0.392  -0.402  -0.412  -0.433  -0.443
  10750.  5.00  -0.390  -0.386  -0.390  -0.399  -0.407  -0.424  -0.439
  11000.  2.00  -0.417  -0.455  -0.469  -0.469  -0.472  -0.486  -0.485
  11000.  2.50  -0.387  -0.428  -0.454  -0.460  -0.469  -0.492  -0.490
  11000.  3.00  -0.379  -0.419  -0.448  -0.458  -0.470  -0.497  -0.497
  11000.  3.50  -0.383  -0.417  -0.446  -0.457  -0.471  -0.499  -0.501
  11000.  4.00  -0.394  -0.419  -0.445  -0.457  -0.470  -0.498  -0.504
  11000.  4.50  -0.410  -0.424  -0.443  -0.455  -0.467  -0.493  -0.503
  11000.  5.00  -0.431  -0.432  -0.441  -0.452  -0.463  -0.485  -0.500
  11250.  2.00  -0.463  -0.504  -0.520  -0.521  -0.525  -0.542  -0.542
  11250.  2.50  -0.433  -0.477  -0.504  -0.511  -0.521  -0.548  -0.547
  11250.  3.00  -0.425  -0.467  -0.499  -0.509  -0.523  -0.553  -0.554
  11250.  3.50  -0.429  -0.465  -0.497  -0.510  -0.524  -0.556  -0.560
  11250.  4.00  -0.439  -0.467  -0.496  -0.509  -0.524  -0.556  -0.563
  11250.  4.50  -0.453  -0.472  -0.495  -0.508  -0.522  -0.552  -0.563
  11250.  5.00  -0.473  -0.478  -0.493  -0.506  -0.518  -0.545  -0.560
  11500.  2.00  -0.509  -0.552  -0.570  -0.572  -0.577  -0.597  -0.599
  11500.  2.50  -0.479  -0.524  -0.554  -0.562  -0.574  -0.603  -0.604
  11500.  3.00  -0.471  -0.515  -0.549  -0.561  -0.575  -0.609  -0.611
  11500.  3.50  -0.474  -0.513  -0.548  -0.561  -0.577  -0.612  -0.617
  11500.  4.00  -0.484  -0.515  -0.547  -0.562  -0.578  -0.613  -0.621
  11500.  4.50  -0.498  -0.519  -0.546  -0.561  -0.577  -0.610  -0.622
  11500.  5.00  -0.516  -0.526  -0.544  -0.559  -0.573  -0.604  -0.620
  11750.  2.00  -0.555  -0.600  -0.620  -0.623  -0.629  -0.651  -0.655
  11750.  2.50  -0.524  -0.572  -0.603  -0.613  -0.625  -0.657  -0.660
  11750.  3.00  -0.516  -0.563  -0.599  -0.612  -0.627  -0.664  -0.667
  11750.  3.50  -0.519  -0.561  -0.598  -0.612  -0.630  -0.668  -0.674
  11750.  4.00  -0.529  -0.563  -0.598  -0.613  -0.631  -0.669  -0.678
  11750.  4.50  -0.542  -0.567  -0.597  -0.613  -0.630  -0.667  -0.680
  11750.  5.00  -0.559  -0.573  -0.595  -0.611  -0.627  -0.662  -0.679
  12000.  2.50  -0.569  -0.619  -0.652  -0.663  -0.677  -0.711  -0.715
  12000.  3.00  -0.561  -0.610  -0.648  -0.662  -0.679  -0.718  -0.723
  12000.  3.50  -0.564  -0.608  -0.647  -0.663  -0.681  -0.722  -0.730
  12000.  4.00  -0.573  -0.610  -0.648  -0.664  -0.683  -0.724  -0.734
  12000.  4.50  -0.586  -0.614  -0.647  -0.664  -0.683  -0.723  -0.737
  12000.  5.00  -0.603  -0.620  -0.646  -0.663  -0.681  -0.719  -0.736
  12250.  2.50  -0.613  -0.665  -0.701  -0.712  -0.727  -0.765  -0.770
  12250.  3.00  -0.606  -0.656  -0.697  -0.712  -0.730  -0.771  -0.778
  12250.  3.50  -0.609  -0.655  -0.696  -0.713  -0.733  -0.776  -0.785
  12250.  4.00  -0.618  -0.657  -0.697  -0.715  -0.735  -0.779  -0.790
  12250.  4.50  -0.631  -0.661  -0.697  -0.715  -0.735  -0.778  -0.793
  12250.  5.00  -0.646  -0.666  -0.695  -0.714  -0.733  -0.775  -0.793
  12500.  2.50  -0.657  -0.711  -0.749  -0.762  -0.778  -0.817  -0.824
  12500.  3.00  -0.650  -0.702  -0.745  -0.761  -0.780  -0.824  -0.832
  12500.  3.50  -0.653  -0.701  -0.745  -0.763  -0.783  -0.829  -0.839
  12500.  4.00  -0.662  -0.704  -0.746  -0.764  -0.785  -0.832  -0.845
  12500.  4.50  -0.674  -0.708  -0.746  -0.765  -0.786  -0.833  -0.848
  12500.  5.00  -0.689  -0.713  -0.745  -0.764  -0.785  -0.830  -0.848
  12750.  2.50  -0.701  -0.757  -0.796  -0.810  -0.827  -0.870  -0.878
  12750.  3.00  -0.694  -0.748  -0.793  -0.810  -0.830  -0.877  -0.886
  12750.  3.50  -0.697  -0.747  -0.793  -0.811  -0.833  -0.882  -0.893
  12750.  4.00  -0.706  -0.750  -0.794  -0.813  -0.836  -0.885  -0.898
  12750.  4.50  -0.718  -0.754  -0.794  -0.814  -0.837  -0.886  -0.902
  12750.  5.00  -0.733  -0.759  -0.793  -0.814  -0.836  -0.884  -0.903
  13000.  2.50  -0.744  -0.801  -0.843  -0.858  -0.876  -0.921  -0.930
  13000.  3.00  -0.737  -0.793  -0.840  -0.858  -0.879  -0.929  -0.939
  13000.  3.50  -0.741  -0.793  -0.840  -0.860  -0.883  -0.934  -0.946
  13000.  4.00  -0.749  -0.795  -0.841  -0.862  -0.885  -0.937  -0.952
  13000.  4.50  -0.761  -0.799  -0.842  -0.863  -0.887  -0.938  -0.955
  13000.  5.00  -0.775  -0.804  -0.841  -0.863  -0.886  -0.937  -0.956
  14000.  2.00  -0.945  -1.004  -1.039  -1.050  -1.065  -1.109  -1.124
  14000.  2.50  -0.909  -0.974  -1.023  -1.042  -1.064  -1.119  -1.133
  14000.  3.00  -0.904  -0.968  -1.022  -1.044  -1.070  -1.129  -1.143
  14000.  3.50  -0.909  -0.968  -1.024  -1.047  -1.074  -1.135  -1.151
  14000.  4.00  -0.918  -0.972  -1.026  -1.050  -1.078  -1.139  -1.157
  14000.  4.50  -0.929  -0.976  -1.027  -1.052  -1.079  -1.141  -1.161
  14000.  5.00  -0.942  -0.980  -1.026  -1.052  -1.079  -1.140  -1.163
  15000.  2.50  -1.065  -1.136  -1.191  -1.214  -1.240  -1.305  -1.322
  15000.  3.00  -1.062  -1.132  -1.194  -1.219  -1.249  -1.317  -1.334
  15000.  3.50  -1.069  -1.135  -1.198  -1.224  -1.256  -1.326  -1.344
  15000.  4.00  -1.078  -1.139  -1.200  -1.228  -1.260  -1.330  -1.351
  15000.  4.50  -1.090  -1.144  -1.202  -1.230  -1.262  -1.332  -1.355
  15000.  5.00  -1.102  -1.148  -1.202  -1.231  -1.262  -1.332  -1.357
  16000.  2.50  -1.211  -1.287  -1.349  -1.374  -1.405  -1.477  -1.497
  16000.  3.00  -1.210  -1.286  -1.354  -1.383  -1.417  -1.494  -1.514
  16000.  3.50  -1.219  -1.291  -1.361  -1.391  -1.426  -1.504  -1.526
  16000.  4.00  -1.230  -1.297  -1.366  -1.397  -1.432  -1.511  -1.534
  16000.  4.50  -1.242  -1.303  -1.368  -1.400  -1.435  -1.513  -1.538
  16000.  5.00  -1.255  -1.308  -1.368  -1.400  -1.436  -1.513  -1.540
  17000.  2.50  -1.348  -1.429  -1.496  -1.524  -1.557  -1.637  -1.660
  17000.  3.00  -1.349  -1.430  -1.504  -1.536  -1.574  -1.658  -1.681
  17000.  3.50  -1.360  -1.439  -1.514  -1.548  -1.586  -1.672  -1.696
  17000.  4.00  -1.374  -1.446  -1.521  -1.555  -1.594  -1.680  -1.706
  17000.  4.50  -1.386  -1.453  -1.525  -1.559  -1.598  -1.684  -1.711
  17000.  5.00  -1.399  -1.458  -1.526  -1.561  -1.600  -1.685  -1.713
  18000.  2.50  -1.476  -1.562  -1.633  -1.663  -1.700  -1.786  -1.811
  18000.  3.00  -1.479  -1.565  -1.645  -1.679  -1.720  -1.811  -1.837
  18000.  3.50  -1.493  -1.577  -1.658  -1.694  -1.736  -1.829  -1.855
  18000.  4.00  -1.508  -1.587  -1.667  -1.704  -1.747  -1.840  -1.867
  18000.  4.50  -1.522  -1.595  -1.673  -1.710  -1.752  -1.845  -1.874
  18000.  5.00  -1.536  -1.601  -1.675  -1.712  -1.754  -1.846  -1.877
  19000.  2.50  -1.597  -1.686  -1.761  -1.793  -1.832  -1.923  -1.951
  19000.  3.00  -1.601  -1.692  -1.776  -1.813  -1.857  -1.955  -1.982
  19000.  3.50  -1.618  -1.706  -1.793  -1.832  -1.877  -1.976  -2.004
  19000.  4.00  -1.635  -1.719  -1.805  -1.844  -1.890  -1.989  -2.018
  19000.  4.50  -1.651  -1.729  -1.812  -1.852  -1.897  -1.996  -2.027
  19000.  5.00  -1.665  -1.736  -1.815  -1.855  -1.901  -1.999  -2.031
  20000.  3.00  -1.715  -1.810  -1.899  -1.939  -1.985  -2.089  -2.118
  20000.  3.50  -1.735  -1.828  -1.919  -1.961  -2.009  -2.114  -2.144
  20000.  4.00  -1.755  -1.843  -1.934  -1.976  -2.024  -2.130  -2.160
  20000.  4.50  -1.772  -1.855  -1.943  -1.985  -2.034  -2.139  -2.171
  20000.  5.00  -1.787  -1.863  -1.948  -1.990  -2.038  -2.143  -2.176
  21000.  3.00  -1.822  -1.921  -2.014  -2.056  -2.104  -2.214  -2.245
  21000.  3.50  -1.845  -1.942  -2.038  -2.082  -2.132  -2.244  -2.275
  21000.  4.00  -1.867  -1.960  -2.056  -2.100  -2.151  -2.262  -2.294
  21000.  4.50  -1.886  -1.974  -2.067  -2.111  -2.162  -2.273  -2.306
  21000.  5.00  -1.902  -1.983  -2.073  -2.118  -2.168  -2.278  -2.313
  22000.  3.00  -1.923  -2.026  -2.122  -2.165  -2.216  -2.330  -2.363
  22000.  3.50  -1.949  -2.050  -2.150  -2.196  -2.249  -2.365  -2.398
  22000.  4.00  -1.974  -2.071  -2.171  -2.217  -2.271  -2.387  -2.421
  22000.  4.50  -1.994  -2.086  -2.184  -2.231  -2.284  -2.400  -2.435
  22000.  5.00  -2.011  -2.097  -2.191  -2.238  -2.292  -2.407  -2.443
  23000.  3.00  -2.017  -2.123  -2.223  -2.268  -2.321  -2.439  -2.473
  23000.  3.50  -2.047  -2.152  -2.255  -2.303  -2.358  -2.480  -2.514
  23000.  4.00  -2.074  -2.175  -2.279  -2.327  -2.384  -2.505  -2.540
  23000.  4.50  -2.096  -2.192  -2.294  -2.343  -2.399  -2.520  -2.556
  23000.  5.00  -2.114  -2.204  -2.303  -2.352  -2.408  -2.528  -2.565
  24000.  3.00  -2.103  -2.213  -2.316  -2.363  -2.418  -2.541  -2.576
  24000.  3.50  -2.139  -2.247  -2.355  -2.404  -2.462  -2.587  -2.623
  24000.  4.00  -2.168  -2.273  -2.381  -2.432  -2.490  -2.616  -2.653
  24000.  4.50  -2.192  -2.293  -2.399  -2.450  -2.508  -2.634  -2.671
  24000.  5.00  -2.211  -2.306  -2.409  -2.460  -2.518  -2.644  -2.682
  25000.  3.00  -2.180  -2.294  -2.399  -2.448  -2.505  -2.632  -2.668
  25000.  3.50  -2.225  -2.337  -2.448  -2.499  -2.559  -2.689  -2.726
  25000.  4.00  -2.258  -2.366  -2.478  -2.530  -2.590  -2.721  -2.759
  25000.  4.50  -2.283  -2.387  -2.497  -2.550  -2.611  -2.741  -2.779
  25000.  5.00  -2.303  -2.402  -2.509  -2.562  -2.623  -2.753  -2.792
  26000.  3.00  -2.248  -2.364  -2.471  -2.520  -2.578  -2.708  -2.745
  26000.  3.50  -2.304  -2.420  -2.534  -2.587  -2.649  -2.784  -2.822
  26000.  4.00  -2.341  -2.454  -2.569  -2.622  -2.685  -2.820  -2.859
  26000.  4.50  -2.369  -2.477  -2.590  -2.645  -2.707  -2.843  -2.882
  26000.  5.00  -2.390  -2.493  -2.604  -2.658  -2.721  -2.856  -2.896
  27000.  3.50  -2.375  -2.494  -2.613  -2.667  -2.731  -2.871  -2.910
  27000.  4.00  -2.419  -2.535  -2.654  -2.709  -2.774  -2.914  -2.953
  27000.  4.50  -2.449  -2.561  -2.678  -2.734  -2.799  -2.938  -2.978
  27000.  5.00  -2.472  -2.578  -2.693  -2.749  -2.814  -2.953  -2.993
  28000.  3.50  -2.439  -2.561  -2.682  -2.738  -2.804  -2.948  -2.987
  28000.  4.00  -2.491  -2.610  -2.732  -2.789  -2.856  -3.000  -3.041
  28000.  4.50  -2.524  -2.639  -2.760  -2.818  -2.884  -3.028  -3.069
  28000.  5.00  -2.548  -2.658  -2.776  -2.834  -2.901  -3.044  -3.085
  29000.  3.50  -2.498  -2.622  -2.746  -2.803  -2.870  -3.015  -3.056
  29000.  4.00  -2.556  -2.678  -2.803  -2.862  -2.931  -3.079  -3.121
  29000.  4.50  -2.594  -2.712  -2.836  -2.895  -2.964  -3.112  -3.154
  29000.  5.00  -2.619  -2.733  -2.854  -2.914  -2.982  -3.130  -3.172
  30000.  3.50  -2.558  -2.684  -2.809  -2.866  -2.934  -3.080  -3.121
  30000.  4.00  -2.614  -2.739  -2.868  -2.929  -2.999  -3.151  -3.193
  30000.  4.50  -2.657  -2.778  -2.906  -2.967  -3.037  -3.189  -3.231
  30000.  5.00  -2.685  -2.802  -2.927  -2.988  -3.058  -3.209  -3.252
  31000.  3.50  -2.624  -2.751  -2.877  -2.933  -3.001  -3.146  -3.188
  31000.  4.00  -2.671  -2.798  -2.930  -2.991  -3.063  -3.217  -3.259
  31000.  4.50  -2.715  -2.839  -2.970  -3.032  -3.105  -3.260  -3.303
  31000.  5.00  -2.745  -2.866  -2.994  -3.056  -3.129  -3.283  -3.327
  32000.  4.00  -2.727  -2.857  -2.990  -3.052  -3.125  -3.280  -3.323
  32000.  4.50  -2.770  -2.898  -3.032  -3.095  -3.169  -3.326  -3.370
  32000.  5.00  -2.802  -2.925  -3.057  -3.121  -3.195  -3.352  -3.396
  33000.  4.00  -2.788  -2.919  -3.054  -3.116  -3.190  -3.345  -3.388
  33000.  4.50  -2.824  -2.954  -3.091  -3.154  -3.230  -3.389  -3.433
  33000.  5.00  -2.856  -2.983  -3.118  -3.182  -3.257  -3.417  -3.462
  34000.  4.00  -2.854  -2.986  -3.122  -3.183  -3.258  -3.412  -3.456
  34000.  4.50  -2.881  -3.013  -3.152  -3.216  -3.292  -3.452  -3.497
  34000.  5.00  -2.910  -3.039  -3.176  -3.241  -3.318  -3.480  -3.525
  35000.  4.00  -2.924  -3.057  -3.194  -3.255  -3.330  -3.483  -3.526
  35000.  4.50  -2.942  -3.075  -3.215  -3.280  -3.357  -3.517  -3.562
  35000.  5.00  -2.966  -3.097  -3.237  -3.303  -3.381  -3.543  -3.588
  36000.  4.00  -2.999  -3.132  -3.271  -3.331  -3.406  -3.557  -3.601
  36000.  4.50  -3.007  -3.141  -3.283  -3.346  -3.424  -3.583  -3.628
  36000.  5.00  -3.026  -3.158  -3.300  -3.365  -3.444  -3.607  -3.652
  37000.  4.00  -3.077  -3.211  -3.350  -3.410  -3.485  -3.636  -3.679
  37000.  4.50  -3.075  -3.210  -3.353  -3.417  -3.495  -3.653  -3.698
  37000.  5.00  -3.088  -3.222  -3.365  -3.431  -3.510  -3.672  -3.718
  38000.  4.00  -3.157  -3.292  -3.431  -3.491  -3.566  -3.717  -3.760
  38000.  4.50  -3.148  -3.283  -3.428  -3.491  -3.569  -3.726  -3.771
  38000.  5.00  -3.154  -3.289  -3.434  -3.499  -3.579  -3.740  -3.786
  39000.  4.00  -3.236  -3.372  -3.513  -3.572  -3.648  -3.798  -3.842
  39000.  4.50  -3.223  -3.359  -3.504  -3.567  -3.646  -3.802  -3.847
  39000.  5.00  -3.223  -3.359  -3.505  -3.570  -3.651  -3.810  -3.856
  40000.  4.50  -3.299  -3.436  -3.582  -3.645  -3.724  -3.880  -3.925
  40000.  5.00  -3.295  -3.431  -3.579  -3.644  -3.725  -3.883  -3.929
  41000.  4.50  -3.375  -3.512  -3.660  -3.723  -3.803  -3.958  -4.003
  41000.  5.00  -3.369  -3.506  -3.654  -3.719  -3.801  -3.959  -4.005
  42000.  4.50  -3.450  -3.588  -3.737  -3.800  -3.880  -4.036  -4.081
  42000.  5.00  -3.443  -3.580  -3.730  -3.795  -3.877  -4.035  -4.081
  43000.  4.50  -3.524  -3.663  -3.812  -3.875  -3.956  -4.113  -4.158
  43000.  5.00  -3.516  -3.655  -3.806  -3.870  -3.953  -4.111  -4.157
  44000.  4.50  -3.596  -3.736  -3.886  -3.950  -4.031  -4.188  -4.233
  44000.  5.00  -3.589  -3.728  -3.880  -3.945  -4.028  -4.186  -4.232
  45000.  4.50  -3.667  -3.808  -3.958  -4.022  -4.104  -4.261  -4.307
  45000.  5.00  -3.661  -3.801  -3.954  -4.019  -4.102  -4.261  -4.307
  46000.  4.50  -3.737  -3.878  -4.029  -4.093  -4.175  -4.333  -4.379
  46000.  5.00  -3.732  -3.872  -4.025  -4.091  -4.175  -4.334  -4.380
  47000.  4.50  -3.805  -3.946  -4.098  -4.163  -4.245  -4.404  -4.450
  47000.  5.00  -3.801  -3.941  -4.096  -4.161  -4.246  -4.405  -4.452
  48000.  4.50  -3.872  -4.014  -4.166  -4.231  -4.313  -4.473  -4.519
  48000.  5.00  -3.868  -4.010  -4.165  -4.230  -4.315  -4.475  -4.522
  49000.  4.50  -3.937  -4.080  -4.232  -4.297  -4.380  -4.540  -4.586
  49000.  5.00  -3.934  -4.076  -4.232  -4.298  -4.383  -4.544  -4.591
  50000.  5.00  -3.999  -4.142  -4.298  -4.364  -4.449  -4.611  -4.658
