   3500.  0.00  -5.199  -4.171  -3.166  -2.423  -2.040  -0.531  -0.267
   3500.  0.50  -5.110  -4.158  -3.212  -2.486  -2.114  -0.540  -0.270
   3500.  1.00  -5.023  -4.141  -3.250  -2.536  -2.173  -0.542  -0.266
   3500.  1.50  -4.921  -4.108  -3.266  -2.561  -2.206  -0.532  -0.251
   3500.  2.00  -4.801  -4.052  -3.253  -2.559  -2.210  -0.508  -0.225
   3500.  2.50  -4.662  -3.970  -3.206  -2.523  -2.179  -0.469  -0.186
   3500.  3.00  -4.510  -3.863  -3.125  -2.455  -2.115  -0.413  -0.132
   3500.  3.50  -4.356  -3.737  -3.005  -2.345  -2.004  -0.336  -0.061
   3500.  4.00  -4.210  -3.595  -2.845  -2.187  -1.841  -0.241   0.023
   3500.  4.50  -4.101  -3.477  -2.693  -2.026  -1.669  -0.165   0.088
   3500.  5.00  -4.065  -3.422  -2.597  -1.907  -1.537  -0.118   0.124
   3750.  0.00  -4.445  -3.433  -2.403  -1.722  -1.333  -0.285  -0.089
   3750.  0.50  -4.363  -3.414  -2.416  -1.746  -1.362  -0.291  -0.093
   3750.  1.00  -4.296  -3.405  -2.439  -1.776  -1.397  -0.296  -0.094
   3750.  1.50  -4.233  -3.397  -2.464  -1.808  -1.433  -0.297  -0.091
   3750.  2.00  -4.167  -3.385  -2.486  -1.837  -1.467  -0.294  -0.084
   3750.  2.50  -4.099  -3.366  -2.500  -1.857  -1.492  -0.285  -0.071
   3750.  3.00  -4.022  -3.334  -2.499  -1.864  -1.503  -0.267  -0.051
   3750.  3.50  -3.946  -3.293  -2.480  -1.848  -1.490  -0.237  -0.019
   3750.  4.00  -3.879  -3.241  -2.430  -1.795  -1.435  -0.185   0.031
   3750.  4.50  -3.806  -3.170  -2.349  -1.707  -1.343  -0.124   0.087
   3750.  5.00  -3.755  -3.116  -2.279  -1.626  -1.255  -0.076   0.130
   4000.  0.00  -3.907  -2.941  -1.983  -1.384  -1.019  -0.146   0.018
   4000.  0.50  -3.830  -2.918  -1.984  -1.391  -1.029  -0.153   0.012
   4000.  1.00  -3.769  -2.906  -1.992  -1.402  -1.041  -0.156   0.008
   4000.  1.50  -3.719  -2.903  -2.005  -1.414  -1.054  -0.159   0.006
   4000.  2.00  -3.670  -2.900  -2.020  -1.428  -1.068  -0.161   0.006
   4000.  2.50  -3.629  -2.900  -2.036  -1.443  -1.083  -0.161   0.008
   4000.  3.00  -3.591  -2.900  -2.051  -1.457  -1.097  -0.158   0.013
   4000.  3.50  -3.560  -2.901  -2.064  -1.468  -1.108  -0.149   0.024
   4000.  4.00  -3.534  -2.897  -2.068  -1.466  -1.105  -0.128   0.047
   4000.  4.50  -3.514  -2.883  -2.050  -1.438  -1.073  -0.087   0.087
   4000.  5.00  -3.487  -2.857  -2.017  -1.394  -1.025  -0.043   0.129
   4250.  0.00  -3.496  -2.596  -1.706  -1.172  -0.829  -0.052   0.093
   4250.  0.50  -3.423  -2.566  -1.702  -1.177  -0.839  -0.061   0.084
   4250.  1.00  -3.367  -2.550  -1.705  -1.184  -0.848  -0.066   0.078
   4250.  1.50  -3.321  -2.543  -1.714  -1.193  -0.858  -0.070   0.075
   4250.  2.00  -3.278  -2.539  -1.724  -1.201  -0.866  -0.073   0.072
   4250.  2.50  -3.241  -2.540  -1.736  -1.210  -0.874  -0.075   0.070
   4250.  3.00  -3.215  -2.546  -1.749  -1.218  -0.879  -0.075   0.070
   4250.  3.50  -3.198  -2.557  -1.764  -1.226  -0.884  -0.074   0.072
   4250.  4.00  -3.193  -2.574  -1.780  -1.233  -0.886  -0.068   0.078
   4250.  4.50  -3.195  -2.590  -1.792  -1.232  -0.881  -0.053   0.094
   4250.  5.00  -3.206  -2.601  -1.793  -1.218  -0.862  -0.021   0.126
   4500.  0.00  -3.169  -2.343  -1.513  -1.023  -0.698   0.018   0.146
   4500.  0.50  -3.105  -2.313  -1.506  -1.027  -0.707   0.006   0.135
   4500.  1.00  -3.057  -2.295  -1.506  -1.033  -0.716  -0.002   0.128
   4500.  1.50  -3.019  -2.286  -1.512  -1.041  -0.726  -0.007   0.123
   4500.  2.00  -2.984  -2.282  -1.520  -1.049  -0.734  -0.011   0.119
   4500.  2.50  -2.951  -2.279  -1.529  -1.057  -0.742  -0.014   0.116
   4500.  3.00  -2.925  -2.282  -1.540  -1.064  -0.747  -0.016   0.114
   4500.  3.50  -2.908  -2.290  -1.551  -1.070  -0.750  -0.016   0.114
   4500.  4.00  -2.901  -2.305  -1.566  -1.076  -0.752  -0.013   0.116
   4500.  4.50  -2.903  -2.325  -1.582  -1.080  -0.750  -0.008   0.122
   4500.  5.00  -2.916  -2.350  -1.597  -1.080  -0.745   0.005   0.134
   4750.  0.00  -2.886  -2.138  -1.368  -0.916  -0.607   0.067   0.182
   4750.  0.50  -2.832  -2.112  -1.362  -0.919  -0.616   0.053   0.169
   4750.  1.00  -2.793  -2.096  -1.361  -0.925  -0.625   0.043   0.160
   4750.  1.50  -2.763  -2.087  -1.364  -0.932  -0.633   0.036   0.153
   4750.  2.00  -2.738  -2.082  -1.370  -0.939  -0.642   0.030   0.148
   4750.  2.50  -2.713  -2.078  -1.376  -0.946  -0.650   0.026   0.144
   4750.  3.00  -2.692  -2.077  -1.383  -0.952  -0.656   0.022   0.140
   4750.  3.50  -2.675  -2.080  -1.391  -0.958  -0.660   0.020   0.138
   4750.  4.00  -2.664  -2.088  -1.401  -0.962  -0.661   0.021   0.139
   4750.  4.50  -2.661  -2.102  -1.413  -0.966  -0.660   0.025   0.142
   4750.  5.00  -2.665  -2.121  -1.428  -0.969  -0.657   0.031   0.148
   5000.  0.00  -2.624  -1.957  -1.251  -0.837  -0.547   0.093   0.199
   5000.  0.50  -2.584  -1.939  -1.249  -0.842  -0.556   0.079   0.185
   5000.  1.00  -2.554  -1.928  -1.250  -0.849  -0.565   0.068   0.174
   5000.  1.50  -2.532  -1.921  -1.253  -0.855  -0.573   0.059   0.166
   5000.  2.00  -2.515  -1.918  -1.258  -0.862  -0.582   0.052   0.159
   5000.  2.50  -2.500  -1.916  -1.263  -0.868  -0.589   0.046   0.154
   5000.  3.00  -2.487  -1.915  -1.268  -0.874  -0.595   0.041   0.149
   5000.  3.50  -2.476  -1.916  -1.273  -0.878  -0.599   0.038   0.146
   5000.  4.00  -2.467  -1.919  -1.279  -0.882  -0.601   0.037   0.146
   5000.  4.50  -2.462  -1.926  -1.286  -0.884  -0.600   0.039   0.147
   5000.  5.00  -2.461  -1.937  -1.295  -0.885  -0.597   0.044   0.152
   5250.  0.00  -2.378  -1.791  -1.151  -0.777  -0.507   0.095   0.194
   5250.  0.50  -2.355  -1.784  -1.155  -0.785  -0.518   0.082   0.181
   5250.  1.00  -2.337  -1.780  -1.160  -0.793  -0.527   0.071   0.171
   5250.  1.50  -2.324  -1.779  -1.166  -0.801  -0.536   0.062   0.162
   5250.  2.00  -2.315  -1.780  -1.172  -0.808  -0.544   0.055   0.154
   5250.  2.50  -2.309  -1.782  -1.178  -0.815  -0.551   0.049   0.149
   5250.  3.00  -2.305  -1.784  -1.184  -0.820  -0.557   0.044   0.144
   5250.  3.50  -2.301  -1.786  -1.188  -0.824  -0.561   0.040   0.141
   5250.  4.00  -2.299  -1.789  -1.192  -0.827  -0.562   0.039   0.139
   5250.  4.50  -2.297  -1.792  -1.195  -0.828  -0.562   0.040   0.140
   5250.  5.00  -2.297  -1.798  -1.199  -0.827  -0.559   0.044   0.144
   5500.  0.00  -2.151  -1.640  -1.067  -0.732  -0.484   0.075   0.171
   5500.  0.50  -2.145  -1.644  -1.076  -0.743  -0.494   0.066   0.160
   5500.  1.00  -2.140  -1.649  -1.086  -0.752  -0.504   0.057   0.151
   5500.  1.50  -2.138  -1.654  -1.095  -0.761  -0.514   0.050   0.143
   5500.  2.00  -2.138  -1.660  -1.104  -0.770  -0.522   0.043   0.136
   5500.  2.50  -2.140  -1.667  -1.112  -0.778  -0.530   0.037   0.130
   5500.  3.00  -2.143  -1.673  -1.119  -0.784  -0.536   0.032   0.125
   5500.  3.50  -2.146  -1.679  -1.125  -0.789  -0.541   0.029   0.122
   5500.  4.00  -2.150  -1.684  -1.128  -0.792  -0.542   0.028   0.121
   5500.  4.50  -2.154  -1.687  -1.131  -0.792  -0.541   0.029   0.122
   5500.  5.00  -2.157  -1.691  -1.132  -0.790  -0.538   0.032   0.125
   5750.  0.00  -1.950  -1.509  -0.998  -0.702  -0.474   0.039   0.134
   5750.  0.50  -1.958  -1.522  -1.012  -0.713  -0.484   0.035   0.127
   5750.  1.00  -1.965  -1.534  -1.024  -0.723  -0.493   0.030   0.120
   5750.  1.50  -1.972  -1.545  -1.037  -0.734  -0.503   0.025   0.113
   5750.  2.00  -1.981  -1.557  -1.048  -0.743  -0.512   0.020   0.107
   5750.  2.50  -1.990  -1.569  -1.059  -0.752  -0.520   0.015   0.102
   5750.  3.00  -2.001  -1.580  -1.069  -0.760  -0.527   0.010   0.097
   5750.  3.50  -2.011  -1.589  -1.076  -0.766  -0.532   0.007   0.094
   5750.  4.00  -2.021  -1.597  -1.082  -0.770  -0.535   0.006   0.092
   5750.  4.50  -2.029  -1.603  -1.085  -0.771  -0.535   0.007   0.093
   5750.  5.00  -2.036  -1.608  -1.086  -0.770  -0.531   0.010   0.097
   6000.  0.00  -1.771  -1.396  -0.946  -0.685  -0.479  -0.009   0.086
   6000.  0.50  -1.795  -1.417  -0.960  -0.693  -0.483  -0.007   0.084
   6000.  1.00  -1.811  -1.434  -0.975  -0.704  -0.491  -0.007   0.080
   6000.  1.50  -1.827  -1.451  -0.989  -0.714  -0.500  -0.009   0.076
   6000.  2.00  -1.843  -1.468  -1.003  -0.725  -0.509  -0.012   0.071
   6000.  2.50  -1.860  -1.484  -1.017  -0.735  -0.517  -0.016   0.066
   6000.  3.00  -1.877  -1.500  -1.029  -0.745  -0.525  -0.019   0.062
   6000.  3.50  -1.894  -1.514  -1.039  -0.753  -0.531  -0.022   0.059
   6000.  4.00  -1.909  -1.526  -1.047  -0.758  -0.536  -0.023   0.057
   6000.  4.50  -1.923  -1.535  -1.053  -0.761  -0.537  -0.023   0.058
   6000.  5.00  -1.934  -1.542  -1.055  -0.760  -0.535  -0.020   0.061
   6250.  0.50  -1.648  -1.325  -0.922  -0.686  -0.495  -0.058   0.033
   6250.  1.00  -1.677  -1.348  -0.935  -0.692  -0.497  -0.052   0.035
   6250.  1.50  -1.701  -1.369  -0.950  -0.702  -0.504  -0.050   0.033
   6250.  2.00  -1.723  -1.390  -0.966  -0.713  -0.512  -0.050   0.030
   6250.  2.50  -1.746  -1.411  -0.982  -0.725  -0.521  -0.052   0.026
   6250.  3.00  -1.770  -1.431  -0.997  -0.736  -0.529  -0.054   0.022
   6250.  3.50  -1.792  -1.450  -1.011  -0.745  -0.537  -0.056   0.019
   6250.  4.00  -1.814  -1.466  -1.022  -0.753  -0.543  -0.058   0.017
   6250.  4.50  -1.832  -1.480  -1.030  -0.758  -0.546  -0.058   0.017
   6250.  5.00  -1.847  -1.489  -1.034  -0.760  -0.546  -0.056   0.020
   6500.  0.50  -1.521  -1.248  -0.895  -0.688  -0.516  -0.116  -0.023
   6500.  1.00  -1.555  -1.272  -0.907  -0.691  -0.514  -0.106  -0.018
   6500.  1.50  -1.590  -1.297  -0.919  -0.697  -0.515  -0.097  -0.015
   6500.  2.00  -1.619  -1.321  -0.936  -0.707  -0.520  -0.094  -0.016
   6500.  2.50  -1.647  -1.346  -0.953  -0.718  -0.529  -0.093  -0.018
   6500.  3.00  -1.676  -1.370  -0.971  -0.731  -0.538  -0.093  -0.021
   6500.  3.50  -1.705  -1.394  -0.988  -0.743  -0.547  -0.095  -0.024
   6500.  4.00  -1.731  -1.415  -1.002  -0.753  -0.555  -0.097  -0.026
   6500.  4.50  -1.755  -1.433  -1.014  -0.761  -0.560  -0.097  -0.027
   6500.  5.00  -1.774  -1.447  -1.022  -0.765  -0.562  -0.096  -0.026
   6750.  0.50  -1.425  -1.189  -0.876  -0.693  -0.538  -0.174  -0.080
   6750.  1.00  -1.449  -1.208  -0.888  -0.698  -0.538  -0.164  -0.076
   6750.  1.50  -1.487  -1.234  -0.898  -0.700  -0.535  -0.152  -0.070
   6750.  2.00  -1.526  -1.262  -0.912  -0.706  -0.535  -0.142  -0.065
   6750.  2.50  -1.561  -1.289  -0.929  -0.717  -0.541  -0.137  -0.065
   6750.  3.00  -1.595  -1.317  -0.949  -0.730  -0.550  -0.136  -0.067
   6750.  3.50  -1.629  -1.345  -0.968  -0.743  -0.560  -0.137  -0.069
   6750.  4.00  -1.661  -1.371  -0.987  -0.757  -0.569  -0.138  -0.072
   6750.  4.50  -1.689  -1.394  -1.002  -0.768  -0.578  -0.140  -0.074
   6750.  5.00  -1.714  -1.413  -1.014  -0.775  -0.583  -0.139  -0.073
   7000.  0.50  -1.352  -1.147  -0.865  -0.703  -0.562  -0.231  -0.135
   7000.  1.00  -1.369  -1.160  -0.875  -0.707  -0.562  -0.221  -0.132
   7000.  1.50  -1.397  -1.180  -0.885  -0.711  -0.561  -0.210  -0.128
   7000.  2.00  -1.440  -1.209  -0.897  -0.713  -0.557  -0.197  -0.120
   7000.  2.50  -1.485  -1.240  -0.912  -0.720  -0.558  -0.187  -0.116
   7000.  3.00  -1.525  -1.271  -0.931  -0.732  -0.565  -0.182  -0.115
   7000.  3.50  -1.563  -1.302  -0.953  -0.747  -0.575  -0.181  -0.117
   7000.  4.00  -1.600  -1.333  -0.974  -0.762  -0.586  -0.182  -0.120
   7000.  4.50  -1.634  -1.360  -0.994  -0.776  -0.597  -0.183  -0.122
   7000.  5.00  -1.664  -1.384  -1.010  -0.787  -0.605  -0.184  -0.123
   7250.  0.50  -1.309  -1.123  -0.861  -0.714  -0.585  -0.281  -0.187
   7250.  1.00  -1.310  -1.127  -0.869  -0.720  -0.589  -0.277  -0.188
   7250.  1.50  -1.333  -1.143  -0.878  -0.723  -0.587  -0.267  -0.184
   7250.  2.00  -1.365  -1.165  -0.889  -0.727  -0.586  -0.255  -0.179
   7250.  2.50  -1.413  -1.196  -0.902  -0.730  -0.583  -0.241  -0.171
   7250.  3.00  -1.462  -1.231  -0.919  -0.739  -0.585  -0.232  -0.167
   7250.  3.50  -1.505  -1.265  -0.941  -0.753  -0.594  -0.228  -0.167
   7250.  4.00  -1.547  -1.299  -0.964  -0.769  -0.605  -0.227  -0.169
   7250.  4.50  -1.586  -1.331  -0.987  -0.786  -0.617  -0.228  -0.171
   7250.  5.00  -1.621  -1.360  -1.007  -0.800  -0.628  -0.230  -0.173
   7500.  0.50  -1.321  -1.136  -0.870  -0.728  -0.601  -0.315  -0.225
   7500.  1.00  -1.273  -1.110  -0.873  -0.738  -0.618  -0.331  -0.241
   7500.  1.50  -1.286  -1.118  -0.878  -0.739  -0.616  -0.323  -0.239
   7500.  2.00  -1.313  -1.136  -0.887  -0.742  -0.614  -0.311  -0.235
   7500.  2.50  -1.351  -1.161  -0.899  -0.747  -0.614  -0.300  -0.231
   7500.  3.00  -1.403  -1.196  -0.913  -0.752  -0.611  -0.286  -0.223
   7500.  3.50  -1.454  -1.233  -0.933  -0.763  -0.616  -0.278  -0.219
   7500.  4.00  -1.501  -1.269  -0.957  -0.779  -0.626  -0.275  -0.220
   7500.  4.50  -1.545  -1.305  -0.982  -0.797  -0.639  -0.275  -0.222
   7500.  5.00  -1.585  -1.339  -1.006  -0.814  -0.651  -0.276  -0.224
   7750.  1.00  -1.264  -1.113  -0.887  -0.761  -0.648  -0.379  -0.292
   7750.  1.50  -1.259  -1.109  -0.889  -0.762  -0.649  -0.376  -0.294
   7750.  2.00  -1.280  -1.121  -0.894  -0.763  -0.646  -0.366  -0.290
   7750.  2.50  -1.311  -1.141  -0.903  -0.766  -0.645  -0.356  -0.287
   7750.  3.00  -1.352  -1.168  -0.916  -0.772  -0.645  -0.345  -0.283
   7750.  3.50  -1.407  -1.205  -0.932  -0.779  -0.644  -0.332  -0.276
   7750.  4.00  -1.460  -1.245  -0.954  -0.792  -0.651  -0.325  -0.273
   7750.  4.50  -1.509  -1.284  -0.979  -0.810  -0.662  -0.323  -0.273
   7750.  5.00  -1.554  -1.321  -1.006  -0.829  -0.676  -0.324  -0.275
   8000.  1.00  -1.290  -1.142  -0.915  -0.792  -0.680  -0.422  -0.339
   8000.  1.50  -1.251  -1.115  -0.908  -0.791  -0.685  -0.430  -0.348
   8000.  2.00  -1.261  -1.119  -0.909  -0.790  -0.682  -0.422  -0.347
   8000.  2.50  -1.287  -1.134  -0.915  -0.791  -0.679  -0.411  -0.343
   8000.  3.00  -1.322  -1.156  -0.925  -0.795  -0.678  -0.401  -0.339
   8000.  3.50  -1.368  -1.186  -0.939  -0.802  -0.679  -0.390  -0.335
   8000.  4.00  -1.425  -1.225  -0.957  -0.810  -0.680  -0.379  -0.329
   8000.  4.50  -1.478  -1.266  -0.981  -0.826  -0.689  -0.373  -0.326
   8000.  5.00  -1.528  -1.306  -1.008  -0.845  -0.702  -0.372  -0.327
   8250.  1.00  -1.349  -1.200  -0.967  -0.838  -0.723  -0.462  -0.389
   8250.  1.50  -1.265  -1.137  -0.938  -0.826  -0.725  -0.482  -0.403
   8250.  2.00  -1.259  -1.130  -0.934  -0.824  -0.723  -0.479  -0.404
   8250.  2.50  -1.277  -1.138  -0.936  -0.822  -0.719  -0.469  -0.401
   8250.  3.00  -1.307  -1.155  -0.942  -0.824  -0.716  -0.458  -0.397
   8250.  3.50  -1.346  -1.180  -0.953  -0.829  -0.716  -0.447  -0.394
   8250.  4.00  -1.395  -1.213  -0.968  -0.836  -0.717  -0.437  -0.389
   8250.  4.50  -1.452  -1.253  -0.987  -0.847  -0.720  -0.427  -0.383
   8250.  5.00  -1.506  -1.295  -1.013  -0.864  -0.731  -0.423  -0.381
   8500.  1.50  -1.298  -1.175  -0.978  -0.869  -0.769  -0.533  -0.458
   8500.  2.00  -1.273  -1.154  -0.968  -0.863  -0.768  -0.535  -0.462
   8500.  2.50  -1.281  -1.155  -0.966  -0.860  -0.764  -0.527  -0.461
   8500.  3.00  -1.305  -1.166  -0.968  -0.859  -0.759  -0.516  -0.457
   8500.  3.50  -1.338  -1.185  -0.975  -0.861  -0.757  -0.505  -0.453
   8500.  4.00  -1.380  -1.212  -0.987  -0.868  -0.758  -0.496  -0.449
   8500.  4.50  -1.432  -1.248  -1.002  -0.875  -0.758  -0.485  -0.443
   8500.  5.00  -1.488  -1.289  -1.023  -0.887  -0.763  -0.476  -0.437
   8750.  1.50  -1.342  -1.222  -1.026  -0.917  -0.817  -0.584  -0.514
   8750.  2.00  -1.301  -1.189  -1.009  -0.908  -0.816  -0.591  -0.521
   8750.  2.50  -1.300  -1.183  -1.004  -0.904  -0.812  -0.587  -0.521
   8750.  3.00  -1.316  -1.189  -1.003  -0.901  -0.807  -0.577  -0.518
   8750.  3.50  -1.343  -1.202  -1.006  -0.900  -0.803  -0.566  -0.514
   8750.  4.00  -1.379  -1.223  -1.013  -0.903  -0.801  -0.555  -0.510
   8750.  4.50  -1.424  -1.252  -1.026  -0.910  -0.802  -0.545  -0.505
   8750.  5.00  -1.477  -1.289  -1.041  -0.916  -0.802  -0.533  -0.496
   9000.  1.50  -1.391  -1.273  -1.078  -0.968  -0.869  -0.637  -0.572
   9000.  2.00  -1.338  -1.230  -1.054  -0.955  -0.865  -0.647  -0.579
   9000.  2.50  -1.328  -1.219  -1.047  -0.951  -0.863  -0.646  -0.582
   9000.  3.00  -1.338  -1.220  -1.045  -0.948  -0.859  -0.639  -0.581
   9000.  3.50  -1.360  -1.230  -1.045  -0.946  -0.854  -0.628  -0.577
   9000.  4.00  -1.390  -1.245  -1.048  -0.945  -0.850  -0.617  -0.572
   9000.  4.50  -1.428  -1.268  -1.056  -0.949  -0.848  -0.606  -0.567
   9000.  5.00  -1.475  -1.298  -1.068  -0.955  -0.848  -0.595  -0.560
   9250.  2.00  -1.378  -1.275  -1.102  -1.004  -0.915  -0.702  -0.637
   9250.  2.50  -1.363  -1.259  -1.093  -1.000  -0.914  -0.705  -0.643
   9250.  3.00  -1.368  -1.258  -1.090  -0.997  -0.912  -0.700  -0.644
   9250.  3.50  -1.386  -1.264  -1.089  -0.995  -0.907  -0.691  -0.641
   9250.  4.00  -1.412  -1.276  -1.090  -0.993  -0.902  -0.680  -0.636
   9250.  4.50  -1.445  -1.294  -1.094  -0.993  -0.899  -0.669  -0.631
   9250.  5.00  -1.485  -1.318  -1.102  -0.997  -0.897  -0.658  -0.624
   9500.  2.00  -1.422  -1.322  -1.151  -1.054  -0.966  -0.756  -0.695
   9500.  2.50  -1.401  -1.303  -1.140  -1.050  -0.966  -0.762  -0.702
   9500.  3.00  -1.403  -1.299  -1.137  -1.048  -0.965  -0.761  -0.705
   9500.  3.50  -1.418  -1.304  -1.136  -1.046  -0.962  -0.754  -0.705
   9500.  4.00  -1.440  -1.313  -1.136  -1.044  -0.958  -0.744  -0.702
   9500.  4.50  -1.470  -1.327  -1.137  -1.043  -0.953  -0.733  -0.696
   9500.  5.00  -1.505  -1.347  -1.142  -1.043  -0.949  -0.721  -0.689
   9750.  2.00  -1.466  -1.369  -1.200  -1.104  -1.017  -0.810  -0.752
   9750.  2.50  -1.442  -1.348  -1.189  -1.099  -1.017  -0.817  -0.760
   9750.  3.00  -1.441  -1.343  -1.185  -1.099  -1.018  -0.819  -0.766
   9750.  3.50  -1.454  -1.346  -1.185  -1.098  -1.017  -0.816  -0.768
   9750.  4.00  -1.474  -1.354  -1.184  -1.096  -1.013  -0.808  -0.766
   9750.  4.50  -1.500  -1.366  -1.185  -1.094  -1.009  -0.797  -0.761
   9750.  5.00  -1.532  -1.382  -1.187  -1.094  -1.004  -0.785  -0.754
  10000.  2.00  -1.511  -1.416  -1.250  -1.155  -1.068  -0.863  -0.809
  10000.  2.50  -1.485  -1.394  -1.237  -1.149  -1.068  -0.872  -0.818
  10000.  3.00  -1.482  -1.388  -1.234  -1.149  -1.070  -0.877  -0.825
  10000.  3.50  -1.492  -1.390  -1.234  -1.150  -1.071  -0.876  -0.829
  10000.  4.00  -1.510  -1.397  -1.234  -1.149  -1.069  -0.870  -0.829
  10000.  4.50  -1.535  -1.407  -1.234  -1.147  -1.065  -0.861  -0.826
  10000.  5.00  -1.564  -1.422  -1.235  -1.146  -1.060  -0.850  -0.820
  10250.  2.00  -1.556  -1.464  -1.299  -1.205  -1.119  -0.917  -0.866
  10250.  2.50  -1.528  -1.440  -1.286  -1.199  -1.119  -0.927  -0.875
  10250.  3.00  -1.524  -1.433  -1.283  -1.200  -1.122  -0.933  -0.883
  10250.  3.50  -1.532  -1.435  -1.283  -1.201  -1.124  -0.934  -0.889
  10250.  4.00  -1.549  -1.441  -1.284  -1.201  -1.124  -0.931  -0.891
  10250.  4.50  -1.572  -1.451  -1.284  -1.201  -1.121  -0.924  -0.889
  10250.  5.00  -1.599  -1.463  -1.284  -1.199  -1.117  -0.914  -0.884
  10500.  2.00  -1.602  -1.512  -1.349  -1.256  -1.171  -0.971  -0.923
  10500.  2.50  -1.572  -1.486  -1.335  -1.249  -1.170  -0.980  -0.931
  10500.  3.00  -1.567  -1.479  -1.332  -1.250  -1.174  -0.988  -0.940
  10500.  3.50  -1.574  -1.480  -1.332  -1.252  -1.177  -0.991  -0.948
  10500.  4.00  -1.589  -1.486  -1.334  -1.254  -1.178  -0.990  -0.951
  10500.  4.50  -1.610  -1.495  -1.334  -1.254  -1.177  -0.985  -0.951
  10500.  5.00  -1.636  -1.507  -1.335  -1.252  -1.173  -0.976  -0.948
  10750.  2.00  -1.647  -1.559  -1.398  -1.306  -1.222  -1.025  -0.979
  10750.  2.50  -1.616  -1.533  -1.383  -1.299  -1.221  -1.034  -0.987
  10750.  3.00  -1.610  -1.525  -1.380  -1.300  -1.225  -1.042  -0.997
  10750.  3.50  -1.617  -1.526  -1.381  -1.303  -1.229  -1.047  -1.005
  10750.  4.00  -1.631  -1.532  -1.383  -1.305  -1.231  -1.048  -1.010
  10750.  4.50  -1.651  -1.541  -1.385  -1.306  -1.231  -1.045  -1.012
  10750.  5.00  -1.675  -1.552  -1.385  -1.306  -1.229  -1.038  -1.010
  11000.  2.00  -1.693  -1.607  -1.448  -1.357  -1.274  -1.079  -1.035
  11000.  2.50  -1.661  -1.579  -1.432  -1.348  -1.271  -1.087  -1.042
  11000.  3.00  -1.654  -1.571  -1.429  -1.349  -1.275  -1.096  -1.052
  11000.  3.50  -1.660  -1.573  -1.430  -1.353  -1.280  -1.102  -1.061
  11000.  4.00  -1.673  -1.578  -1.433  -1.356  -1.284  -1.105  -1.068
  11000.  4.50  -1.692  -1.587  -1.435  -1.358  -1.285  -1.103  -1.071
  11000.  5.00  -1.715  -1.597  -1.436  -1.359  -1.284  -1.098  -1.071
  11250.  2.00  -1.739  -1.655  -1.498  -1.408  -1.325  -1.133  -1.092
  11250.  2.50  -1.705  -1.626  -1.481  -1.398  -1.322  -1.140  -1.097
  11250.  3.00  -1.697  -1.618  -1.477  -1.399  -1.326  -1.149  -1.107
  11250.  3.50  -1.703  -1.619  -1.479  -1.402  -1.331  -1.156  -1.117
  11250.  4.00  -1.716  -1.624  -1.482  -1.407  -1.336  -1.160  -1.125
  11250.  4.50  -1.734  -1.632  -1.485  -1.410  -1.338  -1.160  -1.129
  11250.  5.00  -1.756  -1.642  -1.486  -1.411  -1.338  -1.157  -1.130
  11500.  2.00  -1.784  -1.702  -1.547  -1.458  -1.377  -1.187  -1.148
  11500.  2.50  -1.749  -1.672  -1.529  -1.448  -1.372  -1.193  -1.152
  11500.  3.00  -1.741  -1.664  -1.525  -1.448  -1.376  -1.202  -1.162
  11500.  3.50  -1.746  -1.664  -1.527  -1.452  -1.381  -1.209  -1.172
  11500.  4.00  -1.759  -1.670  -1.530  -1.457  -1.387  -1.214  -1.180
  11500.  4.50  -1.776  -1.678  -1.534  -1.460  -1.390  -1.216  -1.186
  11500.  5.00  -1.797  -1.688  -1.536  -1.462  -1.391  -1.214  -1.188
  11750.  2.00  -1.830  -1.750  -1.596  -1.509  -1.428  -1.241  -1.203
  11750.  2.50  -1.794  -1.719  -1.578  -1.497  -1.423  -1.246  -1.207
  11750.  3.00  -1.785  -1.710  -1.573  -1.497  -1.426  -1.254  -1.216
  11750.  3.50  -1.789  -1.710  -1.575  -1.501  -1.431  -1.262  -1.226
  11750.  4.00  -1.801  -1.716  -1.579  -1.506  -1.437  -1.268  -1.235
  11750.  4.50  -1.818  -1.724  -1.582  -1.510  -1.441  -1.271  -1.241
  11750.  5.00  -1.839  -1.734  -1.585  -1.513  -1.444  -1.270  -1.245
  12000.  2.50  -1.838  -1.765  -1.626  -1.546  -1.473  -1.299  -1.261
  12000.  3.00  -1.829  -1.755  -1.621  -1.546  -1.476  -1.306  -1.270
  12000.  3.50  -1.833  -1.756  -1.623  -1.550  -1.481  -1.314  -1.280
  12000.  4.00  -1.845  -1.761  -1.626  -1.555  -1.487  -1.320  -1.289
  12000.  4.50  -1.861  -1.769  -1.630  -1.560  -1.492  -1.324  -1.296
  12000.  5.00  -1.881  -1.779  -1.634  -1.563  -1.495  -1.325  -1.300
  12250.  2.50  -1.882  -1.811  -1.674  -1.595  -1.523  -1.351  -1.315
  12250.  3.00  -1.872  -1.801  -1.669  -1.594  -1.525  -1.359  -1.323
  12250.  3.50  -1.876  -1.801  -1.670  -1.598  -1.530  -1.366  -1.333
  12250.  4.00  -1.887  -1.807  -1.674  -1.603  -1.536  -1.372  -1.342
  12250.  4.50  -1.903  -1.815  -1.678  -1.608  -1.542  -1.377  -1.350
  12250.  5.00  -1.923  -1.824  -1.682  -1.612  -1.545  -1.379  -1.355
  12500.  2.50  -1.925  -1.856  -1.721  -1.644  -1.573  -1.403  -1.369
  12500.  3.00  -1.916  -1.846  -1.716  -1.643  -1.575  -1.410  -1.376
  12500.  3.50  -1.919  -1.847  -1.717  -1.646  -1.580  -1.417  -1.385
  12500.  4.00  -1.930  -1.852  -1.721  -1.651  -1.585  -1.424  -1.394
  12500.  4.50  -1.946  -1.860  -1.725  -1.657  -1.591  -1.429  -1.402
  12500.  5.00  -1.964  -1.869  -1.729  -1.661  -1.595  -1.431  -1.408
  12750.  2.50  -1.969  -1.901  -1.768  -1.692  -1.622  -1.455  -1.422
  12750.  3.00  -1.959  -1.892  -1.763  -1.691  -1.624  -1.462  -1.429
  12750.  3.50  -1.962  -1.891  -1.764  -1.694  -1.628  -1.469  -1.438
  12750.  4.00  -1.973  -1.896  -1.768  -1.699  -1.634  -1.475  -1.447
  12750.  4.50  -1.988  -1.904  -1.772  -1.704  -1.640  -1.480  -1.455
  12750.  5.00  -2.006  -1.914  -1.776  -1.709  -1.644  -1.483  -1.461
  13000.  2.50  -2.011  -1.946  -1.814  -1.739  -1.670  -1.506  -1.474
  13000.  3.00  -2.002  -1.936  -1.810  -1.739  -1.672  -1.513  -1.481
  13000.  3.50  -2.005  -1.936  -1.811  -1.742  -1.677  -1.519  -1.490
  13000.  4.00  -2.015  -1.941  -1.814  -1.746  -1.682  -1.525  -1.498
  13000.  4.50  -2.030  -1.949  -1.819  -1.752  -1.688  -1.531  -1.506
  13000.  5.00  -2.048  -1.958  -1.823  -1.757  -1.693  -1.534  -1.513
  14000.  2.00  -2.219  -2.152  -2.013  -1.935  -1.862  -1.696  -1.670
  14000.  2.50  -2.177  -2.118  -1.994  -1.923  -1.858  -1.703  -1.675
  14000.  3.00  -2.169  -2.110  -1.991  -1.924  -1.861  -1.711  -1.684
  14000.  3.50  -2.172  -2.110  -1.992  -1.927  -1.866  -1.717  -1.692
  14000.  4.00  -2.182  -2.115  -1.996  -1.932  -1.872  -1.723  -1.700
  14000.  4.50  -2.196  -2.123  -2.000  -1.937  -1.877  -1.728  -1.707
  14000.  5.00  -2.212  -2.131  -2.004  -1.942  -1.881  -1.732  -1.714
  15000.  2.50  -2.333  -2.280  -2.161  -2.095  -2.033  -1.887  -1.863
  15000.  3.00  -2.327  -2.275  -2.162  -2.099  -2.041  -1.899  -1.875
  15000.  3.50  -2.332  -2.277  -2.166  -2.104  -2.047  -1.907  -1.884
  15000.  4.00  -2.342  -2.283  -2.170  -2.110  -2.053  -1.913  -1.892
  15000.  4.50  -2.356  -2.290  -2.175  -2.115  -2.058  -1.917  -1.899
  15000.  5.00  -2.372  -2.298  -2.179  -2.119  -2.062  -1.921  -1.905
  16000.  2.50  -2.478  -2.430  -2.317  -2.255  -2.196  -2.059  -2.038
  16000.  3.00  -2.476  -2.430  -2.323  -2.264  -2.209  -2.075  -2.054
  16000.  3.50  -2.483  -2.434  -2.329  -2.272  -2.218  -2.085  -2.066
  16000.  4.00  -2.495  -2.441  -2.335  -2.278  -2.225  -2.093  -2.075
  16000.  4.50  -2.510  -2.450  -2.341  -2.285  -2.231  -2.098  -2.082
  16000.  5.00  -2.525  -2.458  -2.345  -2.289  -2.235  -2.101  -2.087
  17000.  2.50  -2.614  -2.570  -2.461  -2.402  -2.347  -2.217  -2.199
  17000.  3.00  -2.615  -2.574  -2.473  -2.417  -2.365  -2.240  -2.222
  17000.  3.50  -2.625  -2.582  -2.483  -2.429  -2.378  -2.253  -2.236
  17000.  4.00  -2.638  -2.590  -2.490  -2.437  -2.387  -2.262  -2.247
  17000.  4.50  -2.655  -2.601  -2.498  -2.445  -2.395  -2.269  -2.255
  17000.  5.00  -2.671  -2.611  -2.504  -2.451  -2.400  -2.273  -2.261
  18000.  2.50  -2.741  -2.701  -2.595  -2.538  -2.485  -2.362  -2.347
  18000.  3.00  -2.745  -2.708  -2.612  -2.559  -2.511  -2.393  -2.377
  18000.  3.50  -2.759  -2.720  -2.627  -2.576  -2.528  -2.411  -2.396
  18000.  4.00  -2.773  -2.731  -2.636  -2.587  -2.539  -2.422  -2.408
  18000.  4.50  -2.792  -2.744  -2.646  -2.596  -2.549  -2.430  -2.418
  18000.  5.00  -2.810  -2.755  -2.654  -2.604  -2.556  -2.436  -2.425
  19000.  2.50  -2.861  -2.823  -2.719  -2.663  -2.612  -2.492  -2.480
  19000.  3.00  -2.865  -2.832  -2.740  -2.691  -2.645  -2.534  -2.521
  19000.  3.50  -2.884  -2.850  -2.761  -2.713  -2.669  -2.558  -2.546
  19000.  4.00  -2.900  -2.863  -2.773  -2.727  -2.683  -2.572  -2.560
  19000.  4.50  -2.920  -2.877  -2.785  -2.738  -2.694  -2.582  -2.572
  19000.  5.00  -2.941  -2.891  -2.795  -2.748  -2.703  -2.589  -2.580
  20000.  3.00  -2.978  -2.948  -2.859  -2.812  -2.769  -2.664  -2.653
  20000.  3.50  -3.001  -2.971  -2.886  -2.841  -2.800  -2.696  -2.685
  20000.  4.00  -3.020  -2.987  -2.902  -2.858  -2.817  -2.713  -2.703
  20000.  4.50  -3.041  -3.002  -2.915  -2.871  -2.830  -2.724  -2.716
  20000.  5.00  -3.063  -3.019  -2.928  -2.884  -2.841  -2.734  -2.726
  21000.  3.00  -3.084  -3.058  -2.971  -2.926  -2.884  -2.783  -2.774
  21000.  3.50  -3.111  -3.084  -3.003  -2.961  -2.921  -2.823  -2.814
  21000.  4.00  -3.134  -3.104  -3.023  -2.982  -2.943  -2.845  -2.837
  21000.  4.50  -3.154  -3.120  -3.037  -2.996  -2.957  -2.858  -2.851
  21000.  5.00  -3.178  -3.139  -3.052  -3.011  -2.971  -2.869  -2.863
  22000.  3.00  -3.185  -3.161  -3.076  -3.033  -2.993  -2.896  -2.888
  22000.  3.50  -3.214  -3.191  -3.112  -3.072  -3.034  -2.941  -2.934
  22000.  4.00  -3.241  -3.215  -3.137  -3.098  -3.061  -2.969  -2.962
  22000.  4.50  -3.262  -3.232  -3.152  -3.114  -3.077  -2.984  -2.978
  22000.  5.00  -3.286  -3.251  -3.169  -3.130  -3.093  -2.997  -2.992
  23000.  3.00  -3.281  -3.260  -3.178  -3.136  -3.098  -3.004  -2.998
  23000.  3.50  -3.312  -3.291  -3.215  -3.177  -3.141  -3.052  -3.046
  23000.  4.00  -3.341  -3.319  -3.244  -3.207  -3.172  -3.084  -3.079
  23000.  4.50  -3.364  -3.338  -3.262  -3.226  -3.191  -3.102  -3.098
  23000.  5.00  -3.388  -3.357  -3.278  -3.242  -3.207  -3.117  -3.113
  24000.  3.00  -3.371  -3.353  -3.274  -3.234  -3.197  -3.107  -3.102
  24000.  3.50  -3.404  -3.387  -3.313  -3.277  -3.243  -3.158  -3.153
  24000.  4.00  -3.437  -3.417  -3.345  -3.310  -3.277  -3.193  -3.189
  24000.  4.50  -3.462  -3.439  -3.366  -3.331  -3.298  -3.214  -3.211
  24000.  5.00  -3.485  -3.457  -3.382  -3.347  -3.314  -3.229  -3.227
  25000.  3.00  -3.454  -3.439  -3.362  -3.323  -3.288  -3.202  -3.198
  25000.  3.50  -3.492  -3.478  -3.407  -3.373  -3.341  -3.260  -3.256
  25000.  4.00  -3.527  -3.511  -3.441  -3.408  -3.377  -3.297  -3.294
  25000.  4.50  -3.555  -3.535  -3.465  -3.432  -3.401  -3.321  -3.319
  25000.  5.00  -3.577  -3.553  -3.481  -3.448  -3.417  -3.336  -3.335
  26000.  3.00  -3.534  -3.520  -3.444  -3.406  -3.370  -3.285  -3.282
  26000.  3.50  -3.574  -3.563  -3.495  -3.463  -3.433  -3.356  -3.354
  26000.  4.00  -3.613  -3.600  -3.533  -3.501  -3.472  -3.396  -3.394
  26000.  4.50  -3.643  -3.626  -3.559  -3.527  -3.498  -3.422  -3.421
  26000.  5.00  -3.666  -3.645  -3.576  -3.545  -3.515  -3.438  -3.438
  27000.  3.50  -3.649  -3.640  -3.576  -3.546  -3.518  -3.445  -3.444
  27000.  4.00  -3.693  -3.683  -3.619  -3.590  -3.562  -3.490  -3.490
  27000.  4.50  -3.726  -3.712  -3.648  -3.618  -3.591  -3.518  -3.518
  27000.  5.00  -3.750  -3.733  -3.666  -3.637  -3.609  -3.536  -3.537
  28000.  3.50  -3.718  -3.712  -3.651  -3.621  -3.595  -3.526  -3.526
  28000.  4.00  -3.767  -3.760  -3.699  -3.672  -3.647  -3.579  -3.579
  28000.  4.50  -3.803  -3.793  -3.731  -3.704  -3.678  -3.610  -3.611
  28000.  5.00  -3.830  -3.815  -3.752  -3.725  -3.699  -3.629  -3.631
  29000.  3.50  -3.786  -3.782  -3.723  -3.694  -3.668  -3.601  -3.602
  29000.  4.00  -3.835  -3.830  -3.773  -3.748  -3.724  -3.661  -3.662
  29000.  4.50  -3.875  -3.867  -3.809  -3.784  -3.760  -3.696  -3.698
  29000.  5.00  -3.904  -3.893  -3.832  -3.807  -3.783  -3.717  -3.720
  30000.  3.50  -3.856  -3.854  -3.796  -3.767  -3.742  -3.675  -3.676
  30000.  4.00  -3.899  -3.897  -3.843  -3.819  -3.797  -3.736  -3.738
  30000.  4.50  -3.941  -3.937  -3.882  -3.858  -3.836  -3.776  -3.778
  30000.  5.00  -3.973  -3.965  -3.907  -3.884  -3.861  -3.800  -3.803
  31000.  3.50  -3.932  -3.931  -3.875  -3.845  -3.820  -3.751  -3.753
  31000.  4.00  -3.962  -3.962  -3.911  -3.887  -3.866  -3.808  -3.810
  31000.  4.50  -4.004  -4.002  -3.950  -3.928  -3.907  -3.850  -3.853
  31000.  5.00  -4.037  -4.032  -3.978  -3.955  -3.935  -3.877  -3.880
  32000.  4.00  -4.026  -4.029  -3.980  -3.956  -3.936  -3.879  -3.882
  32000.  4.50  -4.064  -4.065  -4.016  -3.995  -3.976  -3.921  -3.925
  32000.  5.00  -4.098  -4.095  -4.044  -4.023  -4.004  -3.949  -3.953
  33000.  4.00  -4.095  -4.099  -4.052  -4.028  -4.009  -3.951  -3.954
  33000.  4.50  -4.125  -4.128  -4.082  -4.061  -4.043  -3.990  -3.994
  33000.  5.00  -4.157  -4.157  -4.109  -4.089  -4.071  -4.018  -4.023
  34000.  4.00  -4.167  -4.172  -4.127  -4.103  -4.084  -4.025  -4.029
  34000.  4.50  -4.189  -4.193  -4.150  -4.129  -4.112  -4.059  -4.064
  34000.  5.00  -4.217  -4.219  -4.174  -4.154  -4.138  -4.086  -4.092
  35000.  4.00  -4.243  -4.249  -4.205  -4.181  -4.162  -4.102  -4.106
  35000.  4.50  -4.256  -4.262  -4.220  -4.199  -4.183  -4.130  -4.135
  35000.  5.00  -4.279  -4.283  -4.240  -4.221  -4.205  -4.155  -4.160
  36000.  4.00  -4.321  -4.328  -4.286  -4.261  -4.242  -4.182  -4.186
  36000.  4.50  -4.326  -4.332  -4.293  -4.271  -4.256  -4.202  -4.207
  36000.  5.00  -4.343  -4.349  -4.308  -4.289  -4.274  -4.224  -4.229
  37000.  4.00  -4.401  -4.409  -4.368  -4.343  -4.325  -4.264  -4.268
  37000.  4.50  -4.398  -4.406  -4.368  -4.346  -4.331  -4.277  -4.282
  37000.  5.00  -4.410  -4.417  -4.378  -4.359  -4.345  -4.293  -4.299
  38000.  4.00  -4.481  -4.489  -4.450  -4.425  -4.407  -4.347  -4.350
  38000.  4.50  -4.472  -4.481  -4.445  -4.423  -4.409  -4.353  -4.359
  38000.  5.00  -4.479  -4.487  -4.450  -4.431  -4.417  -4.365  -4.371
  39000.  4.00  -4.559  -4.569  -4.531  -4.506  -4.488  -4.428  -4.432
  39000.  4.50  -4.548  -4.558  -4.524  -4.502  -4.487  -4.432  -4.437
  39000.  5.00  -4.551  -4.559  -4.525  -4.505  -4.492  -4.439  -4.445
  40000.  4.50  -4.623  -4.634  -4.601  -4.580  -4.566  -4.511  -4.516
  40000.  5.00  -4.623  -4.633  -4.600  -4.580  -4.568  -4.515  -4.521
  41000.  4.50  -4.698  -4.709  -4.678  -4.657  -4.643  -4.589  -4.594
  41000.  5.00  -4.696  -4.707  -4.676  -4.656  -4.644  -4.591  -4.597
  42000.  4.50  -4.771  -4.783  -4.754  -4.732  -4.719  -4.665  -4.671
  42000.  5.00  -4.769  -4.780  -4.751  -4.731  -4.720  -4.667  -4.673
  43000.  4.50  -4.843  -4.856  -4.827  -4.806  -4.793  -4.740  -4.746
  43000.  5.00  -4.841  -4.853  -4.825  -4.805  -4.795  -4.742  -4.749
  44000.  4.50  -4.913  -4.927  -4.899  -4.878  -4.866  -4.813  -4.819
  44000.  5.00  -4.911  -4.924  -4.898  -4.878  -4.868  -4.816  -4.822
  45000.  4.50  -4.982  -4.996  -4.969  -4.948  -4.936  -4.884  -4.890
  45000.  5.00  -4.980  -4.994  -4.969  -4.949  -4.939  -4.888  -4.895
  46000.  4.50  -5.049  -5.065  -5.038  -5.017  -5.006  -4.954  -4.960
  46000.  5.00  -5.048  -5.063  -5.038  -5.019  -5.009  -4.958  -4.965
  47000.  4.50  -5.115  -5.132  -5.105  -5.085  -5.073  -5.023  -5.029
  47000.  5.00  -5.114  -5.130  -5.106  -5.087  -5.078  -5.027  -5.035
  48000.  4.50  -5.180  -5.197  -5.171  -5.151  -5.140  -5.090  -5.096
  48000.  5.00  -5.180  -5.196  -5.173  -5.154  -5.145  -5.095  -5.102
  49000.  4.50  -5.244  -5.262  -5.236  -5.216  -5.205  -5.156  -5.162
  49000.  5.00  -5.244  -5.261  -5.238  -5.220  -5.211  -5.162  -5.169
  50000.  5.00  -5.307  -5.324  -5.302  -5.284  -5.275  -5.227  -5.234
