   3500.  0.00  -5.02864  -3.95874  -2.84184  -2.05091  -1.63624  -0.43303  -0.20913
   3500.  0.50  -4.76219  -3.78853  -2.73320  -1.98653  -1.58358  -0.39610  -0.17442
   3500.  1.00  -4.53415  -3.64349  -2.64060  -1.92663  -1.53311  -0.35353  -0.13334
   3500.  1.50  -4.34039  -3.51797  -2.55713  -1.86691  -1.48047  -0.30568  -0.08679
   3500.  2.00  -4.17500  -3.40664  -2.47916  -1.80589  -1.42464  -0.25431  -0.03693
   3500.  2.50  -4.05353  -3.31959  -2.41019  -1.74317  -1.36371  -0.19926   0.01591
   3500.  3.00  -3.99149  -3.26245  -2.34945  -1.67266  -1.29013  -0.14000   0.07101
   3500.  3.50  -3.95910  -3.22444  -2.29814  -1.60512  -1.21737  -0.09578   0.10917
   3500.  4.00  -3.96434  -3.22411  -2.28185  -1.56987  -1.17641  -0.07556   0.12497
   3500.  4.50  -4.00148  -3.25421  -2.29174  -1.55571  -1.15552  -0.06511   0.13284
   3500.  5.00  -4.07407  -3.31454  -2.32900  -1.55943  -1.15137  -0.06081   0.13621
   3750.  0.00  -4.44289  -3.43245  -2.39955  -1.69575  -1.30305  -0.28521  -0.09828
   3750.  0.50  -4.25350  -3.32587  -2.33881  -1.66500  -1.28104  -0.28304  -0.09838
   3750.  1.00  -4.10066  -3.24418  -2.29337  -1.63898  -1.26076  -0.27402  -0.09050
   3750.  1.50  -3.97144  -3.17436  -2.25266  -1.61121  -1.23679  -0.25521  -0.07221
   3750.  2.00  -3.85623  -3.10823  -2.21131  -1.57961  -1.20810  -0.22792  -0.04516
   3750.  2.50  -3.76052  -3.04990  -2.17066  -1.54449  -1.17449  -0.19394  -0.01147
   3750.  3.00  -3.70006  -3.00892  -2.13649  -1.50750  -1.13675  -0.15146   0.03047
   3750.  3.50  -3.67656  -2.98364  -2.10567  -1.46524  -1.09156  -0.10143   0.07895
   3750.  4.00  -3.65720  -2.96108  -2.07650  -1.42509  -1.04845  -0.06275   0.11501
   3750.  4.50  -3.66091  -2.96321  -2.06823  -1.40359  -1.02295  -0.04126   0.13459
   3750.  5.00  -3.69113  -2.99022  -2.07862  -1.39517  -1.00876  -0.02793   0.14674
   4000.  0.00  -3.91926  -2.98191  -2.04062  -1.42489  -1.05936  -0.14858   0.01542
   4000.  0.50  -3.75368  -2.88794  -1.99258  -1.40623  -1.05112  -0.15913   0.00293
   4000.  1.00  -3.63261  -2.82788  -1.96663  -1.39740  -1.04861  -0.16701  -0.00596
   4000.  1.50  -3.54718  -2.79283  -1.95492  -1.39352  -1.04754  -0.17143  -0.01088
   4000.  2.00  -3.48680  -2.77304  -1.94961  -1.38960  -1.04376  -0.17073  -0.01049
   4000.  2.50  -3.44067  -2.75915  -1.94356  -1.38103  -1.03362  -0.16267  -0.00277
   4000.  3.00  -3.40128  -2.74445  -1.93188  -1.36421  -1.01418  -0.14343   0.01610
   4000.  3.50  -3.38128  -2.73542  -1.91880  -1.34074  -0.98680  -0.10887   0.05050
   4000.  4.00  -3.37845  -2.72941  -1.90441  -1.31337  -0.95549  -0.06631   0.09277
   4000.  4.50  -3.36980  -2.71898  -1.88722  -1.28592  -0.92490  -0.02981   0.12856
   4000.  5.00  -3.37469  -2.72435  -1.88275  -1.26956  -0.90442  -0.00671   0.15094
   4250.  0.00  -3.50190  -2.64764  -1.77955  -1.22673  -0.88301  -0.04684   0.09960
   4250.  0.50  -3.35634  -2.56073  -1.73607  -1.21230  -0.88003  -0.06336   0.08171
   4250.  1.00  -3.24931  -2.50356  -1.71254  -1.20728  -0.88280  -0.07673   0.06768
   4250.  1.50  -3.17439  -2.46945  -1.70266  -1.20761  -0.88762  -0.08659   0.05757
   4250.  2.00  -3.12391  -2.45199  -1.70125  -1.21013  -0.89182  -0.09296   0.05114
   4250.  2.50  -3.09080  -2.44602  -1.70469  -1.21275  -0.89388  -0.09573   0.04834
   4250.  3.00  -3.07017  -2.44747  -1.70982  -1.21335  -0.89207  -0.09436   0.04958
   4250.  3.50  -3.06017  -2.45447  -1.71492  -1.21035  -0.88499  -0.08723   0.05641
   4250.  4.00  -3.06821  -2.46850  -1.71937  -1.20121  -0.86994  -0.06634   0.07714
   4250.  4.50  -3.08651  -2.48218  -1.71924  -1.18522  -0.84789  -0.03309   0.11038
   4250.  5.00  -3.09662  -2.49010  -1.71507  -1.16693  -0.82426  -0.00095   0.14224
   4500.  0.00  -3.15178  -2.38425  -1.58347  -1.08041  -0.75590   0.02364   0.15614
   4500.  0.50  -3.03624  -2.31420  -1.54926  -1.07070  -0.75648   0.00430   0.13570
   4500.  1.00  -2.94978  -2.26617  -1.52983  -1.06812  -0.76145  -0.01186   0.11912
   4500.  1.50  -2.88935  -2.23639  -1.52110  -1.06980  -0.76800  -0.02431   0.10659
   4500.  2.00  -2.84824  -2.21964  -1.51914  -1.07340  -0.77428  -0.03325   0.09771
   4500.  2.50  -2.82090  -2.21211  -1.52125  -1.07716  -0.77879  -0.03862   0.09240
   4500.  3.00  -2.80346  -2.21096  -1.52518  -1.07959  -0.78033  -0.04042   0.09057
   4500.  3.50  -2.79320  -2.21478  -1.53019  -1.08018  -0.77846  -0.03854   0.09232
   4500.  4.00  -2.78945  -2.22359  -1.53640  -1.07864  -0.77276  -0.03249   0.09806
   4500.  4.50  -2.79824  -2.23876  -1.54314  -1.07368  -0.76204  -0.01826   0.11201
   4500.  5.00  -2.82000  -2.25752  -1.54850  -1.06439  -0.74638   0.00668   0.13702
   4750.  0.00  -2.82372  -2.15109  -1.42376  -0.96980  -0.66608   0.06137   0.18297
   4750.  0.50  -2.74431  -2.10432  -1.40341  -0.96697  -0.67120   0.04209   0.16272
   4750.  1.00  -2.68363  -2.07113  -1.39159  -0.96797  -0.67830   0.02548   0.14568
   4750.  1.50  -2.64117  -2.05002  -1.38639  -0.97141  -0.68599   0.01205   0.13217
   4750.  2.00  -2.61309  -2.03793  -1.38554  -0.97582  -0.69307   0.00193   0.12212
   4750.  2.50  -2.59543  -2.03194  -1.38684  -0.97970  -0.69827  -0.00474   0.11552
   4750.  3.00  -2.58412  -2.02965  -1.38890  -0.98235  -0.70114  -0.00832   0.11194
   4750.  3.50  -2.57725  -2.03010  -1.39098  -0.98285  -0.70068  -0.00824   0.11190
   4750.  4.00  -2.57353  -2.03331  -1.39351  -0.98157  -0.69717  -0.00485   0.11506
   4750.  4.50  -2.57357  -2.04020  -1.39715  -0.97877  -0.69072   0.00200   0.12155
   4750.  5.00  -2.58193  -2.05303  -1.40235  -0.97412  -0.68079   0.01410   0.13327
   5000.  0.00  -2.51550  -1.94004  -1.29028  -0.88553  -0.60429   0.06896   0.18163
   5000.  0.50  -2.47093  -1.91727  -1.28488  -0.89043  -0.61438   0.05147   0.16328
   5000.  1.00  -2.43715  -1.90128  -1.28272  -0.89617  -0.62421   0.03613   0.14749
   5000.  1.50  -2.41426  -1.89188  -1.28352  -0.90257  -0.63357   0.02312   0.13434
   5000.  2.00  -2.40068  -1.88768  -1.28621  -0.90879  -0.64169   0.01294   0.12417
   5000.  2.50  -2.39390  -1.88654  -1.28914  -0.91375  -0.64775   0.00572   0.11699
   5000.  3.00  -2.39128  -1.88698  -1.29145  -0.91674  -0.65109   0.00167   0.11294
   5000.  3.50  -2.39119  -1.88795  -1.29231  -0.91706  -0.65101   0.00119   0.11235
   5000.  4.00  -2.39202  -1.88914  -1.29200  -0.91497  -0.64779   0.00400   0.11494
   5000.  4.50  -2.39349  -1.89160  -1.29189  -0.91130  -0.64201   0.00979   0.12041
   5000.  5.00  -2.39742  -1.89634  -1.29206  -0.90608  -0.63363   0.01870   0.12889
   5250.  0.00  -2.24903  -1.75996  -1.18327  -0.82380  -0.56482   0.05528   0.16106
   5250.  0.50  -2.22956  -1.75531  -1.18928  -0.83442  -0.57812   0.04020   0.14481
   5250.  1.00  -2.21718  -1.75411  -1.19588  -0.84454  -0.59035   0.02679   0.13073
   5250.  1.50  -2.21193  -1.75637  -1.20315  -0.85419  -0.60145   0.01515   0.11879
   5250.  2.00  -2.21273  -1.76123  -1.21049  -0.86283  -0.61091   0.00566   0.10920
   5250.  2.50  -2.21723  -1.76693  -1.21686  -0.86982  -0.61831  -0.00161   0.10194
   5250.  3.00  -2.22374  -1.77239  -1.22145  -0.87431  -0.62277  -0.00585   0.09770
   5250.  3.50  -2.23056  -1.77634  -1.22327  -0.87553  -0.62360  -0.00669   0.09675
   5250.  4.00  -2.23707  -1.77877  -1.22245  -0.87336  -0.62056  -0.00384   0.09941
   5250.  4.50  -2.24271  -1.78034  -1.22017  -0.86879  -0.61457   0.00219   0.10516
   5250.  5.00  -2.24797  -1.78185  -1.21714  -0.86247  -0.60622   0.01077   0.11335
   5500.  0.00  -2.03020  -1.61186  -1.09954  -0.78041  -0.54275   0.02766   0.12886
   5500.  0.50  -2.02819  -1.61952  -1.11282  -0.79415  -0.55706   0.01576   0.11500
   5500.  1.00  -2.03024  -1.62879  -1.12584  -0.80730  -0.57055   0.00456   0.10254
   5500.  1.50  -2.03749  -1.64024  -1.13877  -0.81988  -0.58316  -0.00570   0.09155
   5500.  2.00  -2.04922  -1.65314  -1.15109  -0.83142  -0.59443  -0.01469   0.08223
   5500.  2.50  -2.06345  -1.66613  -1.16203  -0.84135  -0.60391  -0.02214   0.07465
   5500.  3.00  -2.07851  -1.67772  -1.17039  -0.84848  -0.61040  -0.02694   0.06981
   5500.  3.50  -2.09211  -1.68631  -1.17501  -0.85192  -0.61317  -0.02868   0.06803
   5500.  4.00  -2.10413  -1.69194  -1.17579  -0.85110  -0.61137  -0.02620   0.07035
   5500.  4.50  -2.11379  -1.69468  -1.17325  -0.84657  -0.60558  -0.02003   0.07628
   5500.  5.00  -2.12175  -1.69587  -1.16893  -0.83965  -0.59702  -0.01105   0.08495
   5750.  0.00  -1.84921  -1.48962  -1.03410  -0.75119  -0.53397  -0.01020   0.08865
   5750.  0.50  -1.86113  -1.50594  -1.05120  -0.76551  -0.54696  -0.01751   0.07825
   5750.  1.00  -1.87446  -1.52272  -1.06809  -0.77986  -0.56008  -0.02556   0.06798
   5750.  1.50  -1.89123  -1.54102  -1.08512  -0.79433  -0.57327  -0.03394   0.05814
   5750.  2.00  -1.91125  -1.56054  -1.10198  -0.80857  -0.58615  -0.04231   0.04893
   5750.  2.50  -1.93307  -1.58001  -1.11772  -0.82176  -0.59801  -0.05013   0.04070
   5750.  3.00  -1.95512  -1.59791  -1.13100  -0.83261  -0.60754  -0.05619   0.03449
   5750.  3.50  -1.97517  -1.61244  -1.14036  -0.83987  -0.61362  -0.05972   0.03094
   5750.  4.00  -1.99229  -1.62268  -1.14477  -0.84216  -0.61464  -0.05896   0.03163
   5750.  4.50  -2.00565  -1.62821  -1.14408  -0.83936  -0.61054  -0.05370   0.03672
   5750.  5.00  -2.01611  -1.63061  -1.14013  -0.83293  -0.60254  -0.04472   0.04545
   6000.  0.00  -1.69423  -1.38718  -0.98425  -0.73425  -0.53680  -0.05714   0.04129
   6000.  0.50  -1.71935  -1.40947  -1.00127  -0.74604  -0.54553  -0.05804   0.03605
   6000.  1.00  -1.74220  -1.43163  -1.01974  -0.75982  -0.55664  -0.06173   0.02892
   6000.  1.50  -1.76715  -1.45523  -1.03926  -0.77485  -0.56912  -0.06715   0.02101
   6000.  2.00  -1.79439  -1.48009  -1.05940  -0.79069  -0.58253  -0.07394   0.01258
   6000.  2.50  -1.82296  -1.50515  -1.07921  -0.80652  -0.59611  -0.08146   0.00412
   6000.  3.00  -1.85139  -1.52916  -1.09757  -0.82121  -0.60871  -0.08869  -0.00353
   6000.  3.50  -1.87784  -1.55016  -1.11255  -0.83293  -0.61854  -0.09421  -0.00916
   6000.  4.00  -1.90012  -1.56613  -1.12238  -0.83994  -0.62389  -0.09627  -0.01123
   6000.  4.50  -1.91753  -1.57632  -1.12614  -0.84121  -0.62364  -0.09377  -0.00874
   6000.  5.00  -1.93063  -1.58138  -1.12442  -0.83689  -0.61769  -0.08619  -0.00128
   6250.  0.50  -1.59401  -1.32624  -0.96275  -0.73597  -0.55331  -0.10600  -0.01200
   6250.  1.00  -1.62692  -1.35227  -0.97982  -0.74662  -0.55991  -0.10375  -0.01447
   6250.  1.50  -1.65897  -1.37970  -1.00006  -0.76079  -0.57034  -0.10525  -0.01971
   6250.  2.00  -1.69251  -1.40863  -1.02201  -0.77700  -0.58307  -0.10940  -0.02657
   6250.  2.50  -1.72737  -1.43857  -1.04495  -0.79457  -0.59741  -0.11565  -0.03453
   6250.  3.00  -1.76213  -1.46809  -1.06750  -0.81218  -0.61206  -0.12303  -0.04284
   6250.  3.50  -1.79494  -1.49526  -1.08772  -0.82796  -0.62520  -0.12995  -0.05013
   6250.  4.00  -1.82320  -1.51769  -1.10363  -0.84017  -0.63520  -0.13491  -0.05511
   6250.  4.50  -1.84603  -1.53412  -1.11343  -0.84670  -0.63975  -0.13569  -0.05580
   6250.  5.00  -1.86246  -1.54356  -1.11628  -0.84676  -0.63805  -0.13133  -0.05140
   6500.  0.50  -1.47959  -1.25408  -0.93636  -0.73637  -0.57162  -0.16174  -0.06677
   6500.  1.00  -1.52238  -1.28248  -0.94915  -0.74134  -0.57110  -0.15240  -0.06322
   6500.  1.50  -1.56256  -1.31261  -0.96732  -0.75214  -0.57698  -0.14837  -0.06421
   6500.  2.00  -1.60187  -1.34467  -0.98975  -0.76755  -0.58787  -0.14892  -0.06866
   6500.  2.50  -1.64219  -1.37833  -1.01443  -0.78564  -0.60178  -0.15288  -0.07537
   6500.  3.00  -1.68272  -1.41241  -1.03999  -0.80505  -0.61734  -0.15923  -0.08342
   6500.  3.50  -1.72177  -1.44514  -1.06453  -0.82405  -0.63290  -0.16658  -0.09157
   6500.  4.00  -1.75665  -1.47411  -1.08614  -0.84088  -0.64680  -0.17356  -0.09874
   6500.  4.50  -1.78583  -1.49731  -1.10229  -0.85291  -0.65630  -0.17751  -0.10258
   6500.  5.00  -1.80744  -1.51291  -1.11131  -0.85856  -0.65983  -0.17701  -0.10186
   6750.  0.50  -1.39279  -1.19758  -0.91502  -0.73872  -0.59035  -0.21694  -0.12062
   6750.  1.00  -1.42531  -1.22127  -0.92895  -0.74530  -0.59172  -0.20787  -0.11792
   6750.  1.50  -1.47377  -1.25317  -0.94271  -0.75058  -0.59080  -0.19735  -0.11347
   6750.  2.00  -1.52021  -1.28755  -0.96296  -0.76272  -0.59732  -0.19279  -0.11407
   6750.  2.50  -1.56543  -1.32376  -0.98781  -0.77992  -0.60940  -0.19338  -0.11860
   6750.  3.00  -1.61094  -1.36131  -1.01505  -0.79996  -0.62472  -0.19756  -0.12543
   6750.  3.50  -1.65546  -1.39863  -1.04288  -0.82116  -0.64166  -0.20431  -0.13364
   6750.  4.00  -1.69677  -1.43341  -1.06909  -0.84151  -0.65829  -0.21204  -0.14195
   6750.  4.50  -1.73271  -1.46328  -1.09109  -0.85844  -0.67202  -0.21836  -0.14825
   6750.  5.00  -1.76093  -1.48599  -1.10686  -0.87001  -0.68094  -0.22147  -0.15102
   7000.  0.50  -1.33086  -1.15742  -0.90090  -0.74418  -0.60982  -0.26957  -0.17235
   7000.  1.00  -1.35326  -1.17494  -0.91366  -0.75107  -0.61246  -0.26200  -0.17099
   7000.  1.50  -1.39087  -1.20117  -0.92781  -0.75760  -0.61334  -0.25227  -0.16800
   7000.  2.00  -1.44434  -1.23653  -0.94321  -0.76410  -0.61313  -0.24172  -0.16367
   7000.  2.50  -1.49574  -1.27478  -0.96593  -0.77820  -0.62107  -0.23739  -0.16447
   7000.  3.00  -1.54550  -1.31473  -0.99344  -0.79759  -0.63488  -0.23859  -0.16940
   7000.  3.50  -1.59465  -1.35538  -1.02308  -0.81969  -0.65193  -0.24364  -0.17682
   7000.  4.00  -1.64170  -1.39497  -1.05268  -0.84240  -0.67009  -0.25091  -0.18523
   7000.  4.50  -1.68431  -1.43105  -1.07974  -0.86335  -0.68707  -0.25851  -0.19302
   7000.  5.00  -1.71963  -1.46073  -1.10166  -0.88020  -0.70065  -0.26437  -0.19856
   7250.  0.50  -1.29638  -1.13577  -0.89520  -0.75325  -0.62967  -0.31774  -0.22104
   7250.  1.00  -1.30327  -1.14384  -0.90578  -0.76046  -0.63452  -0.31425  -0.22261
   7250.  1.50  -1.33129  -1.16356  -0.91783  -0.76646  -0.63591  -0.30564  -0.22085
   7250.  2.00  -1.37387  -1.19288  -0.93315  -0.77395  -0.63737  -0.29601  -0.21806
   7250.  2.50  -1.43107  -1.23151  -0.95079  -0.78241  -0.63873  -0.28612  -0.21431
   7250.  3.00  -1.48600  -1.27296  -0.97607  -0.79882  -0.64866  -0.28287  -0.21597
   7250.  3.50  -1.53923  -1.31594  -1.00598  -0.82035  -0.66430  -0.28500  -0.22149
   7250.  4.00  -1.59101  -1.35912  -1.03766  -0.84425  -0.68290  -0.29085  -0.22917
   7250.  4.50  -1.63952  -1.40028  -1.06852  -0.86806  -0.70196  -0.29860  -0.23753
   7250.  5.00  -1.68173  -1.43638  -1.09574  -0.88923  -0.71914  -0.30608  -0.24483
   7500.  0.50  -1.30889  -1.14537  -0.90165  -0.76574  -0.64606  -0.35479  -0.26177
   7500.  1.00  -1.27428  -1.12875  -0.90743  -0.77561  -0.65984  -0.36497  -0.27357
   7500.  1.50  -1.29168  -1.14080  -0.91599  -0.77999  -0.66094  -0.35802  -0.27287
   7500.  2.00  -1.32476  -1.16335  -0.92876  -0.78656  -0.66258  -0.34933  -0.27128
   7500.  2.50  -1.37162  -1.19547  -0.94525  -0.79506  -0.66475  -0.34005  -0.26881
   7500.  3.00  -1.43153  -1.23671  -0.96497  -0.80553  -0.66790  -0.33126  -0.26600
   7500.  3.50  -1.48908  -1.28100  -0.99287  -0.82435  -0.67999  -0.32920  -0.26833
   7500.  4.00  -1.54480  -1.32654  -1.02500  -0.84796  -0.69752  -0.33255  -0.27441
   7500.  4.50  -1.59814  -1.37142  -1.05814  -0.87324  -0.71733  -0.33913  -0.28225
   7500.  5.00  -1.64643  -1.41286  -1.08949  -0.89767  -0.73705  -0.34724  -0.29044
   7750.  1.00  -1.27246  -1.13409  -0.92082  -0.79768  -0.68849  -0.41326  -0.32367
   7750.  1.50  -1.27074  -1.13328  -0.92451  -0.80059  -0.69085  -0.41084  -0.32597
   7750.  2.00  -1.29493  -1.14846  -0.93278  -0.80430  -0.69076  -0.40253  -0.32457
   7750.  2.50  -1.33196  -1.17327  -0.94621  -0.81149  -0.69282  -0.39392  -0.32313
   7750.  3.00  -1.38246  -1.20803  -0.96386  -0.82101  -0.69573  -0.38490  -0.32063
   7750.  3.50  -1.44392  -1.25140  -0.98568  -0.83358  -0.70087  -0.37737  -0.31858
   7750.  4.00  -1.50330  -1.29792  -1.01584  -0.85465  -0.71511  -0.37677  -0.32175
   7750.  4.50  -1.56050  -1.34526  -1.04968  -0.87990  -0.73416  -0.38110  -0.32808
   7750.  5.00  -1.61384  -1.39086  -1.08382  -0.90634  -0.75518  -0.38868  -0.33608
   8000.  1.00  -1.30459  -1.16563  -0.94975  -0.82877  -0.72091  -0.45728  -0.37196
   8000.  1.50  -1.27069  -1.14270  -0.94446  -0.82903  -0.72594  -0.46370  -0.38014
   8000.  2.00  -1.28226  -1.14851  -0.94801  -0.83035  -0.72528  -0.45755  -0.38001
   8000.  2.50  -1.31114  -1.16631  -0.95676  -0.83436  -0.72521  -0.44881  -0.37834
   8000.  3.00  -1.35144  -1.19327  -0.97098  -0.84225  -0.72778  -0.44029  -0.37678
   8000.  3.50  -1.40501  -1.22995  -0.98886  -0.85199  -0.73069  -0.43122  -0.37390
   8000.  4.00  -1.46693  -1.27467  -1.01239  -0.86630  -0.73755  -0.42466  -0.37222
   8000.  4.50  -1.52704  -1.32279  -1.04453  -0.88933  -0.75366  -0.42528  -0.37563
   8000.  5.00  -1.58437  -1.37106  -1.07968  -0.91612  -0.77436  -0.43107  -0.38247
   8250.  1.00  -1.36925  -1.22569  -1.00032  -0.87448  -0.76256  -0.49958  -0.42233
   8250.  1.50  -1.29108  -1.16863  -0.97544  -0.86494  -0.76572  -0.51615  -0.43493
   8250.  2.00  -1.28721  -1.16341  -0.97385  -0.86402  -0.76524  -0.51358  -0.43707
   8250.  2.50  -1.30741  -1.17410  -0.97826  -0.86532  -0.76368  -0.50563  -0.43587
   8250.  3.00  -1.34034  -1.19426  -0.98755  -0.86972  -0.76372  -0.49657  -0.43393
   8250.  3.50  -1.38305  -1.22274  -1.00214  -0.87806  -0.76665  -0.48811  -0.43202
   8250.  4.00  -1.43819  -1.26052  -1.01966  -0.88745  -0.76908  -0.47858  -0.42793
   8250.  4.50  -1.49887  -1.30570  -1.04483  -0.90351  -0.77777  -0.47302  -0.42627
   8250.  5.00  -1.55866  -1.35452  -1.07838  -0.92824  -0.79578  -0.47530  -0.43039
   8500.  1.50  -1.32959  -1.20940  -1.01676  -0.90779  -0.80972  -0.56771  -0.49023
   8500.  2.00  -1.30776  -1.19107  -1.00859  -0.90393  -0.80935  -0.56972  -0.49507
   8500.  2.50  -1.31803  -1.19415  -1.00896  -0.90318  -0.80734  -0.56387  -0.49531
   8500.  3.00  -1.34368  -1.20819  -1.01430  -0.90506  -0.80593  -0.55529  -0.49355
   8500.  3.50  -1.37930  -1.23026  -1.02431  -0.91017  -0.80656  -0.54634  -0.49127
   8500.  4.00  -1.42412  -1.26027  -1.03908  -0.91860  -0.80942  -0.53765  -0.48840
   8500.  4.50  -1.47930  -1.29794  -1.05532  -0.92674  -0.81052  -0.52679  -0.48233
   8500.  5.00  -1.53830  -1.34323  -1.08214  -0.94475  -0.82139  -0.52280  -0.48114
   8750.  1.50  -1.37952  -1.26056  -1.06681  -0.95732  -0.85881  -0.61972  -0.54699
   8750.  2.00  -1.33996  -1.22852  -1.05043  -0.94894  -0.85698  -0.62565  -0.55325
   8750.  2.50  -1.33989  -1.22407  -1.04700  -0.94642  -0.85492  -0.62262  -0.55527
   8750.  3.00  -1.35858  -1.23248  -1.04903  -0.94639  -0.85268  -0.61534  -0.55459
   8750.  3.50  -1.38834  -1.24913  -1.05519  -0.94889  -0.85161  -0.60657  -0.55265
   8750.  4.00  -1.42659  -1.27299  -1.06567  -0.95443  -0.85252  -0.59748  -0.54971
   8750.  4.50  -1.47345  -1.30408  -1.07947  -0.96181  -0.85410  -0.58763  -0.54487
   8750.  5.00  -1.52636  -1.34063  -1.09480  -0.96922  -0.85458  -0.57591  -0.53682
   9000.  1.50  -1.43377  -1.31605  -1.12162  -1.01127  -0.91210  -0.67443  -0.60693
   9000.  2.00  -1.38070  -1.27280  -1.09712  -0.99734  -0.90682  -0.68143  -0.61195
   9000.  2.50  -1.37173  -1.26193  -1.09035  -0.99323  -0.90465  -0.68082  -0.61522
   9000.  3.00  -1.38365  -1.26530  -1.08992  -0.99214  -0.90252  -0.67560  -0.61616
   9000.  3.50  -1.40733  -1.27669  -1.09269  -0.99258  -0.90041  -0.66782  -0.61514
   9000.  4.00  -1.44051  -1.29566  -1.09955  -0.99565  -0.89966  -0.65869  -0.61230
   9000.  4.50  -1.48104  -1.32138  -1.11046  -1.00147  -0.90065  -0.64918  -0.60788
   9000.  5.00  -1.52763  -1.35197  -1.12172  -1.00605  -0.89909  -0.63646  -0.59917
   9250.  2.00  -1.42631  -1.32120  -1.14724  -1.04850  -0.95886  -0.73777  -0.67157
   9250.  2.50  -1.40968  -1.30468  -1.13731  -1.04276  -0.95637  -0.73929  -0.67574
   9250.  3.00  -1.41560  -1.30358  -1.13441  -1.04034  -0.95390  -0.73552  -0.67751
   9250.  3.50  -1.43462  -1.31142  -1.13523  -1.03969  -0.95138  -0.72854  -0.67696
   9250.  4.00  -1.46267  -1.32597  -1.13922  -1.04090  -0.94956  -0.71994  -0.67464
   9250.  4.50  -1.49785  -1.34673  -1.14683  -1.04473  -0.94949  -0.71106  -0.67117
   9250.  5.00  -1.53983  -1.37351  -1.15719  -1.04992  -0.94967  -0.70064  -0.66494
   9500.  2.00  -1.47415  -1.37153  -1.19916  -1.10121  -1.01227  -0.79446  -0.73161
   9500.  2.50  -1.45204  -1.35103  -1.18693  -1.09422  -1.00945  -0.79740  -0.73602
   9500.  3.00  -1.45283  -1.34649  -1.18252  -1.09127  -1.00731  -0.79544  -0.73874
   9500.  3.50  -1.46706  -1.35085  -1.18160  -1.08977  -1.00471  -0.78982  -0.73920
   9500.  4.00  -1.49073  -1.36165  -1.18318  -1.08947  -1.00206  -0.78190  -0.73762
   9500.  4.50  -1.52197  -1.37837  -1.18758  -1.09097  -1.00029  -0.77282  -0.73424
   9500.  5.00  -1.56026  -1.40137  -1.19533  -1.09467  -0.99976  -0.76295  -0.72884
   9750.  2.00  -1.52259  -1.42226  -1.25152  -1.15441  -1.06621  -0.85146  -0.79189
   9750.  2.50  -1.49717  -1.39943  -1.23796  -1.14669  -1.06321  -0.85532  -0.79634
   9750.  3.00  -1.49414  -1.39242  -1.23252  -1.14345  -1.06142  -0.85499  -0.79985
   9750.  3.50  -1.50447  -1.39410  -1.23041  -1.14148  -1.05900  -0.85075  -0.80129
   9750.  4.00  -1.52423  -1.40185  -1.23029  -1.14024  -1.05604  -0.84373  -0.80052
   9750.  4.50  -1.55160  -1.41499  -1.23222  -1.14009  -1.05323  -0.83495  -0.79758
   9750.  5.00  -1.58601  -1.43413  -1.23712  -1.14193  -1.05154  -0.82533  -0.79258
  10000.  2.00  -1.57100  -1.47283  -1.30381  -1.20761  -1.12019  -0.90846  -0.85197
  10000.  2.50  -1.54360  -1.44866  -1.28952  -1.19955  -1.11719  -0.91311  -0.85661
  10000.  3.00  -1.53808  -1.44016  -1.28360  -1.19632  -1.11590  -0.91414  -0.86077
  10000.  3.50  -1.54541  -1.43993  -1.28082  -1.19426  -1.11391  -0.91132  -0.86311
  10000.  4.00  -1.56187  -1.44532  -1.27957  -1.19250  -1.11095  -0.90527  -0.86305
  10000.  4.50  -1.58559  -1.45550  -1.27974  -1.19123  -1.10756  -0.89696  -0.86047
  10000.  5.00  -1.61616  -1.47113  -1.28223  -1.19142  -1.10480  -0.88746  -0.85575
  10250.  2.00  -1.61913  -1.52308  -1.35583  -1.26062  -1.17405  -0.96526  -0.91162
  10250.  2.50  -1.59058  -1.49818  -1.34122  -1.25246  -1.17117  -0.97056  -0.91648
  10250.  3.00  -1.58361  -1.48897  -1.33529  -1.24955  -1.17052  -0.97282  -0.92129
  10250.  3.50  -1.58877  -1.48759  -1.33235  -1.24775  -1.16917  -0.97132  -0.92434
  10250.  4.00  -1.60233  -1.49119  -1.33053  -1.24588  -1.16655  -0.96634  -0.92491
  10250.  4.50  -1.62275  -1.49895  -1.32949  -1.24392  -1.16292  -0.95868  -0.92287
  10250.  5.00  -1.64973  -1.51138  -1.32986  -1.24262  -1.15917  -0.94932  -0.91851
  10500.  2.00  -1.66688  -1.57290  -1.40749  -1.31331  -1.22763  -1.02174  -0.97073
  10500.  2.50  -1.63757  -1.54752  -1.39266  -1.30510  -1.22485  -1.02754  -0.97582
  10500.  3.00  -1.62979  -1.53803  -1.38693  -1.30262  -1.22485  -1.03091  -0.98127
  10500.  3.50  -1.63356  -1.53606  -1.38416  -1.30128  -1.22427  -1.03067  -0.98502
  10500.  4.00  -1.64514  -1.53859  -1.38221  -1.29963  -1.22221  -1.02688  -0.98636
  10500.  4.50  -1.66291  -1.54454  -1.38041  -1.29731  -1.21861  -1.02000  -0.98497
  10500.  5.00  -1.68684  -1.55438  -1.37915  -1.29492  -1.21418  -1.01089  -0.98098
  10750.  2.00  -1.71441  -1.62246  -1.45889  -1.36577  -1.28099  -1.07790  -1.02931
  10750.  2.50  -1.68452  -1.59671  -1.44390  -1.35749  -1.27825  -1.08405  -1.03455
  10750.  3.00  -1.67630  -1.58717  -1.43845  -1.35545  -1.27884  -1.08833  -1.04058
  10750.  3.50  -1.67924  -1.58498  -1.43602  -1.35467  -1.27905  -1.08930  -1.04508
  10750.  4.00  -1.68934  -1.58685  -1.43422  -1.35344  -1.27769  -1.08672  -1.04722
  10750.  4.50  -1.70506  -1.59159  -1.43212  -1.35117  -1.27444  -1.08078  -1.04651
  10750.  5.00  -1.72631  -1.59942  -1.42989  -1.34819  -1.26978  -1.07214  -1.04291
  11000.  2.00  -1.76151  -1.67158  -1.50990  -1.41788  -1.33405  -1.13375  -1.08738
  11000.  2.50  -1.73111  -1.64549  -1.49472  -1.40947  -1.33125  -1.14008  -1.09268
  11000.  3.00  -1.72272  -1.63602  -1.48956  -1.40783  -1.33233  -1.14510  -1.09920
  11000.  3.50  -1.72520  -1.63384  -1.48754  -1.40761  -1.33327  -1.14713  -1.10439
  11000.  4.00  -1.73437  -1.63541  -1.48605  -1.40691  -1.33266  -1.14571  -1.10730
  11000.  4.50  -1.74863  -1.63942  -1.48400  -1.40495  -1.32999  -1.14083  -1.10735
  11000.  5.00  -1.76777  -1.64588  -1.48133  -1.40183  -1.32549  -1.13288  -1.10426
  11250.  2.00  -1.80834  -1.72038  -1.56059  -1.46967  -1.38679  -1.18922  -1.14491
  11250.  2.50  -1.77749  -1.69397  -1.54519  -1.46109  -1.38387  -1.19558  -1.15015
  11250.  3.00  -1.76901  -1.68462  -1.54031  -1.45978  -1.38535  -1.20120  -1.15707
  11250.  3.50  -1.77124  -1.68252  -1.53868  -1.46007  -1.38691  -1.20411  -1.16286
  11250.  4.00  -1.77978  -1.68400  -1.53759  -1.45993  -1.38705  -1.20378  -1.16649
  11250.  4.50  -1.79295  -1.68760  -1.53581  -1.45845  -1.38508  -1.19999  -1.16731
  11250.  5.00  -1.81039  -1.69312  -1.53306  -1.45551  -1.38101  -1.19293  -1.16489
  11500.  2.00  -1.85479  -1.76876  -1.61084  -1.52105  -1.43914  -1.24428  -1.20187
  11500.  2.50  -1.82348  -1.74201  -1.59522  -1.51228  -1.43608  -1.25060  -1.20702
  11500.  3.00  -1.81496  -1.73278  -1.59058  -1.51122  -1.43785  -1.25665  -1.21423
  11500.  3.50  -1.81709  -1.73083  -1.58930  -1.51194  -1.43991  -1.26028  -1.22050
  11500.  4.00  -1.82525  -1.73234  -1.58860  -1.51233  -1.44071  -1.26087  -1.22475
  11500.  4.50  -1.83766  -1.73577  -1.58721  -1.51139  -1.43946  -1.25812  -1.22629
  11500.  5.00  -1.85386  -1.74072  -1.58463  -1.50881  -1.43596  -1.25203  -1.22461
  11750.  2.00  -1.90081  -1.81667  -1.66063  -1.57198  -1.49104  -1.29887  -1.25822
  11750.  2.50  -1.86910  -1.78965  -1.64485  -1.56307  -1.48787  -1.30515  -1.26327
  11750.  3.00  -1.86064  -1.78059  -1.64044  -1.56225  -1.48990  -1.31152  -1.27070
  11750.  3.50  -1.86274  -1.77882  -1.63948  -1.56332  -1.49237  -1.31569  -1.27733
  11750.  4.00  -1.87062  -1.78039  -1.63914  -1.56415  -1.49371  -1.31705  -1.28211
  11750.  4.50  -1.88243  -1.78373  -1.63813  -1.56372  -1.49312  -1.31523  -1.28427
  11750.  5.00  -1.89761  -1.78830  -1.63583  -1.56159  -1.49025  -1.31011  -1.28331
  12000.  2.50  -1.91431  -1.83681  -1.69397  -1.61334  -1.53916  -1.35914  -1.31887
  12000.  3.00  -1.90591  -1.82792  -1.68978  -1.61272  -1.54139  -1.36574  -1.32644
  12000.  3.50  -1.90804  -1.82632  -1.68909  -1.61408  -1.54417  -1.37034  -1.33336
  12000.  4.00  -1.91576  -1.82800  -1.68906  -1.61528  -1.54595  -1.37233  -1.33856
  12000.  4.50  -1.92713  -1.83131  -1.68840  -1.61531  -1.54593  -1.37133  -1.34129
  12000.  5.00  -1.94156  -1.83568  -1.68644  -1.61366  -1.54370  -1.36713  -1.34101
  12250.  2.50  -1.95900  -1.88345  -1.74258  -1.66312  -1.58995  -1.41262  -1.37386
  12250.  3.00  -1.95076  -1.87479  -1.73865  -1.66272  -1.59241  -1.41941  -1.38155
  12250.  3.50  -1.95296  -1.87338  -1.73821  -1.66433  -1.59544  -1.42432  -1.38867
  12250.  4.00  -1.96056  -1.87516  -1.73846  -1.66583  -1.59756  -1.42680  -1.39417
  12250.  4.50  -1.97163  -1.87850  -1.73809  -1.66624  -1.59802  -1.42647  -1.39737
  12250.  5.00  -1.98544  -1.88275  -1.73648  -1.66503  -1.59636  -1.42309  -1.39767
  12500.  2.50  -2.00325  -1.92959  -1.79065  -1.71235  -1.64019  -1.46548  -1.42815
  12500.  3.00  -1.99516  -1.92115  -1.78697  -1.71217  -1.64285  -1.47246  -1.43596
  12500.  3.50  -1.99745  -1.91994  -1.78677  -1.71400  -1.64611  -1.47764  -1.44324
  12500.  4.00  -2.00497  -1.92180  -1.78722  -1.71571  -1.64848  -1.48046  -1.44895
  12500.  4.50  -2.01582  -1.92518  -1.78711  -1.71643  -1.64931  -1.48069  -1.45253
  12500.  5.00  -2.02914  -1.92935  -1.78579  -1.71561  -1.64814  -1.47801  -1.45333
  12750.  2.50  -2.04697  -1.97514  -1.83809  -1.76093  -1.68978  -1.51768  -1.48169
  12750.  3.00  -2.03908  -1.96698  -1.83473  -1.76104  -1.69272  -1.52488  -1.48966
  12750.  3.50  -2.04152  -1.96600  -1.83479  -1.76310  -1.69620  -1.53027  -1.49707
  12750.  4.00  -2.04901  -1.96799  -1.83544  -1.76502  -1.69877  -1.53337  -1.50294
  12750.  4.50  -2.05968  -1.97140  -1.83554  -1.76598  -1.69990  -1.53403  -1.50680
  12750.  5.00  -2.07259  -1.97552  -1.83449  -1.76550  -1.69915  -1.53196  -1.50801
  13000.  2.50  -2.09005  -2.02003  -1.88487  -1.80885  -1.73872  -1.56921  -1.53447
  13000.  3.00  -2.08249  -2.01227  -1.88194  -1.80937  -1.74205  -1.57674  -1.54272
  13000.  3.50  -2.08511  -2.01154  -1.88227  -1.81165  -1.74572  -1.58230  -1.55023
  13000.  4.00  -2.09260  -2.01364  -1.88308  -1.81372  -1.74845  -1.58559  -1.55620
  13000.  4.50  -2.10311  -2.01707  -1.88334  -1.81485  -1.74977  -1.58655  -1.56025
  13000.  5.00  -2.11568  -2.02115  -1.88249  -1.81462  -1.74935  -1.58497  -1.56179
  14000.  2.00  -2.29184  -2.22219  -2.08048  -2.00099  -1.92793  -1.75759  -1.72914
  14000.  2.50  -2.25646  -2.19318  -2.06512  -1.99347  -1.92719  -1.76759  -1.73740
  14000.  3.00  -2.25061  -2.18742  -2.06442  -1.99617  -1.93273  -1.77715  -1.74746
  14000.  3.50  -2.25441  -2.18813  -2.06623  -1.99979  -1.93764  -1.78371  -1.75571
  14000.  4.00  -2.26222  -2.19089  -2.06781  -2.00250  -1.94095  -1.78757  -1.76194
  14000.  4.50  -2.27232  -2.19446  -2.06852  -2.00405  -1.94271  -1.78916  -1.76623
  14000.  5.00  -2.28406  -2.19844  -2.06815  -2.00437  -1.94296  -1.78867  -1.76847
  15000.  2.50  -2.41282  -2.35563  -2.23392  -2.16626  -2.10353  -1.95303  -1.92675
  15000.  3.00  -2.40915  -2.35238  -2.23616  -2.17198  -2.11219  -1.96570  -1.93970
  15000.  3.50  -2.41482  -2.35518  -2.24015  -2.17766  -2.11912  -1.97406  -1.94949
  15000.  4.00  -2.42352  -2.35909  -2.24294  -2.18146  -2.12344  -1.97876  -1.95630
  15000.  4.50  -2.43368  -2.36306  -2.24419  -2.18344  -2.12558  -1.98071  -1.96073
  15000.  5.00  -2.44494  -2.36704  -2.24407  -2.18394  -2.12600  -1.98055  -1.96303
  16000.  2.50  -2.55931  -2.50762  -2.39154  -2.32742  -2.26785  -2.12552  -2.10269
  16000.  3.00  -2.55795  -2.50708  -2.39707  -2.33664  -2.28026  -2.14215  -2.11938
  16000.  3.50  -2.56601  -2.51248  -2.40382  -2.34506  -2.28994  -2.15313  -2.13157
  16000.  4.00  -2.57617  -2.51806  -2.40837  -2.35052  -2.29586  -2.15928  -2.13958
  16000.  4.50  -2.58686  -2.52286  -2.41055  -2.35332  -2.29876  -2.16189  -2.14440
  16000.  5.00  -2.59798  -2.52705  -2.41079  -2.35409  -2.29942  -2.16195  -2.14672
  17000.  2.50  -2.69654  -2.64979  -2.53858  -2.47755  -2.42079  -2.28576  -2.26600
  17000.  3.00  -2.69722  -2.65178  -2.54744  -2.49041  -2.43715  -2.30672  -2.28683
  17000.  3.50  -2.70803  -2.66013  -2.55735  -2.50201  -2.45004  -2.32089  -2.30200
  17000.  4.00  -2.72011  -2.66782  -2.56409  -2.50962  -2.45812  -2.32909  -2.31185
  17000.  4.50  -2.73179  -2.67386  -2.56762  -2.51370  -2.46226  -2.33285  -2.31757
  17000.  5.00  -2.74320  -2.67864  -2.56857  -2.51511  -2.46352  -2.33345  -2.32022
  18000.  2.50  -2.82537  -2.78299  -2.67587  -2.61751  -2.56315  -2.43460  -2.41761
  18000.  3.00  -2.82772  -2.78728  -2.68804  -2.63410  -2.58368  -2.46025  -2.44296
  18000.  3.50  -2.84134  -2.79867  -2.70127  -2.64906  -2.60001  -2.47785  -2.46137
  18000.  4.00  -2.85558  -2.80870  -2.71049  -2.65913  -2.61054  -2.48848  -2.47346
  18000.  4.50  -2.86856  -2.81625  -2.71563  -2.66479  -2.61626  -2.49380  -2.48053
  18000.  5.00  -2.88058  -2.82191  -2.71758  -2.66716  -2.61847  -2.49532  -2.48390
  19000.  2.50  -2.94648  -2.90788  -2.80405  -2.74783  -2.69545  -2.57236  -2.55785
  19000.  3.00  -2.95002  -2.91418  -2.81956  -2.76845  -2.72067  -2.60376  -2.58879
  19000.  3.50  -2.96648  -2.92870  -2.83624  -2.78690  -2.74055  -2.62487  -2.61057
  19000.  4.00  -2.98304  -2.94122  -2.84810  -2.79959  -2.75372  -2.63807  -2.62504
  19000.  4.50  -2.99757  -2.95051  -2.85509  -2.80710  -2.76128  -2.64524  -2.63379
  19000.  5.00  -3.01044  -2.95724  -2.85824  -2.81064  -2.76466  -2.64793  -2.63817
  20000.  3.00  -3.06478  -3.03315  -2.94268  -2.89413  -2.84876  -2.73787  -2.72503
  20000.  3.50  -3.08415  -3.05090  -2.96304  -2.91638  -2.87257  -2.76300  -2.75067
  20000.  4.00  -3.10305  -3.06599  -2.97762  -2.93177  -2.88842  -2.77876  -2.76754
  20000.  4.50  -3.11919  -3.07707  -2.98653  -2.94117  -2.89788  -2.78777  -2.77797
  20000.  5.00  -3.13297  -3.08496  -2.99100  -2.94601  -2.90259  -2.79182  -2.78357
  21000.  3.00  -3.17244  -3.14467  -3.05787  -3.01161  -2.96837  -2.86290  -2.85197
  21000.  3.50  -3.19487  -3.16584  -3.08219  -3.03803  -2.99659  -2.89279  -2.88227
  21000.  4.00  -3.21618  -3.18357  -3.09964  -3.05629  -3.01534  -2.91138  -2.90180
  21000.  4.50  -3.23397  -3.19652  -3.11055  -3.06764  -3.02674  -2.92220  -2.91391
  21000.  5.00  -3.24874  -3.20562  -3.11637  -3.07383  -3.03279  -2.92756  -2.92069
  22000.  3.00  -3.27345  -3.24928  -3.16583  -3.12157  -3.08023  -2.97943  -2.97023
  22000.  3.50  -3.29916  -3.27403  -3.19427  -3.15242  -3.11319  -3.01475  -3.00590
  22000.  4.00  -3.32296  -3.29452  -3.21475  -3.17376  -3.13508  -3.03657  -3.02854
  22000.  4.50  -3.34244  -3.30939  -3.22776  -3.18718  -3.14854  -3.04940  -3.04250
  22000.  5.00  -3.35828  -3.31978  -3.23500  -3.19475  -3.15597  -3.05603  -3.05042
  23000.  3.00  -3.36790  -3.34721  -3.26696  -3.22455  -3.18499  -3.08843  -3.08080
  23000.  3.50  -3.39730  -3.37587  -3.29970  -3.25996  -3.22275  -3.12916  -3.12182
  23000.  4.00  -3.42368  -3.39915  -3.32328  -3.28451  -3.24797  -3.15460  -3.14801
  23000.  4.50  -3.44499  -3.41608  -3.33853  -3.30019  -3.26372  -3.16975  -3.16418
  23000.  5.00  -3.46184  -3.42773  -3.34721  -3.30916  -3.27255  -3.17774  -3.17332
  24000.  3.00  -3.45482  -3.43750  -3.36047  -3.31996  -3.28221  -3.18998  -3.18380
  24000.  3.50  -3.48966  -3.47177  -3.39902  -3.36126  -3.32596  -3.23688  -3.23091
  24000.  4.00  -3.51871  -3.49788  -3.42564  -3.38894  -3.35442  -3.26585  -3.26059
  24000.  4.50  -3.54185  -3.51685  -3.44315  -3.40693  -3.37254  -3.28349  -3.27917
  24000.  5.00  -3.55983  -3.52988  -3.45340  -3.41746  -3.38294  -3.29309  -3.28981
  25000.  3.00  -3.53242  -3.51813  -3.44389  -3.40514  -3.36906  -3.28127  -3.27650
  25000.  3.50  -3.57613  -3.56170  -3.49239  -3.45658  -3.42318  -3.33850  -3.33380
  25000.  4.00  -3.60837  -3.59108  -3.52231  -3.48756  -3.45494  -3.37083  -3.36679
  25000.  4.50  -3.63325  -3.61198  -3.54193  -3.50771  -3.47528  -3.39090  -3.38775
  25000.  5.00  -3.65239  -3.62638  -3.55374  -3.51984  -3.48732  -3.40224  -3.40005
  26000.  3.00  -3.60071  -3.58846  -3.51577  -3.47769  -3.44247  -3.35714  -3.35365
  26000.  3.50  -3.65585  -3.64485  -3.57903  -3.54524  -3.51379  -3.43366  -3.43018
  26000.  4.00  -3.69256  -3.67871  -3.61335  -3.58050  -3.54975  -3.46997  -3.46706
  26000.  4.50  -3.71935  -3.70164  -3.63507  -3.60276  -3.57220  -3.49222  -3.49015
  26000.  5.00  -3.73964  -3.71739  -3.64841  -3.61644  -3.58583  -3.50527  -3.50412
  27000.  3.50  -3.72766  -3.71995  -3.65749  -3.62568  -3.59615  -3.52061  -3.51832
  27000.  4.00  -3.77096  -3.76049  -3.69854  -3.66763  -3.63875  -3.56332  -3.56148
  27000.  4.50  -3.80017  -3.78594  -3.72276  -3.69228  -3.66354  -3.58779  -3.58673
  27000.  5.00  -3.82159  -3.80299  -3.73751  -3.70737  -3.67858  -3.60234  -3.60213
  28000.  3.50  -3.79153  -3.78671  -3.72724  -3.69694  -3.66905  -3.59723  -3.59605
  28000.  4.00  -3.84283  -3.83569  -3.77716  -3.74818  -3.72120  -3.65012  -3.64933
  28000.  4.50  -3.87558  -3.86473  -3.80493  -3.77627  -3.74934  -3.67776  -3.67764
  28000.  5.00  -3.89832  -3.88325  -3.82118  -3.79282  -3.76580  -3.69368  -3.69436
  29000.  3.50  -3.85102  -3.84846  -3.79114  -3.76164  -3.73480  -3.66515  -3.66485
  29000.  4.00  -3.90780  -3.90384  -3.84854  -3.82134  -3.79614  -3.72919  -3.72939
  29000.  4.50  -3.94515  -3.93763  -3.88115  -3.85429  -3.82915  -3.76164  -3.76242
  29000.  5.00  -3.96975  -3.95813  -3.89940  -3.87275  -3.84745  -3.77929  -3.78079
  30000.  3.50  -3.91168  -3.91065  -3.85473  -3.82527  -3.79896  -3.72990  -3.73022
  30000.  4.00  -3.96699  -3.96592  -3.91367  -3.88786  -3.86424  -3.80048  -3.80154
  30000.  4.50  -4.00869  -4.00438  -3.95111  -3.92594  -3.90250  -3.83886  -3.84048
  30000.  5.00  -4.03576  -4.02751  -3.97205  -3.94706  -3.92345  -3.85908  -3.86136
  31000.  3.50  -3.97735  -3.97715  -3.92196  -3.89195  -3.86571  -3.79617  -3.79687
  31000.  4.00  -4.02377  -4.02513  -3.97543  -3.95053  -3.92814  -3.86659  -3.86834
  31000.  4.50  -4.06726  -4.06596  -4.01572  -3.99199  -3.97009  -3.90973  -3.91211
  31000.  5.00  -4.09678  -4.09178  -4.03944  -4.01598  -3.99395  -3.93310  -3.93608
  32000.  4.00  -4.08038  -4.08361  -4.03601  -4.01159  -3.99016  -3.92987  -3.93217
  32000.  4.50  -4.12315  -4.12454  -4.07713  -4.05447  -4.03393  -3.97594  -3.97893
  32000.  5.00  -4.15396  -4.15201  -4.10258  -4.08043  -4.05980  -4.00201  -4.00558
  33000.  4.00  -4.14124  -4.14581  -4.09990  -4.07547  -4.05471  -3.99478  -3.99747
  33000.  4.50  -4.17739  -4.18106  -4.13616  -4.11426  -4.09490  -4.03867  -4.04217
  33000.  5.00  -4.20882  -4.20963  -4.16309  -4.14195  -4.12265  -4.06705  -4.07113
  34000.  4.00  -4.20722  -4.21266  -4.16803  -4.14314  -4.12271  -4.06229  -4.06521
  34000.  4.50  -4.23459  -4.24002  -4.19727  -4.17573  -4.15731  -4.10203  -4.10592
  34000.  5.00  -4.26265  -4.26587  -4.22191  -4.20155  -4.18342  -4.12956  -4.13404
  35000.  4.00  -4.27794  -4.28400  -4.24033  -4.21473  -4.19436  -4.13280  -4.13579
  35000.  4.50  -4.29562  -4.30231  -4.26137  -4.23977  -4.22206  -4.16689  -4.17105
  35000.  5.00  -4.31931  -4.32444  -4.28273  -4.26281  -4.24566  -4.19278  -4.19759
  36000.  4.00  -4.35297  -4.35963  -4.31679  -4.29053  -4.27016  -4.20736  -4.21029
  36000.  4.50  -4.36044  -4.36806  -4.32862  -4.30661  -4.28933  -4.23352  -4.23785
  36000.  5.00  -4.37879  -4.38540  -4.34568  -4.32582  -4.30945  -4.25684  -4.26190
  37000.  4.00  -4.43117  -4.43846  -4.39644  -4.36977  -4.34947  -4.28587  -4.28877
  37000.  4.50  -4.42930  -4.43766  -4.39953  -4.37691  -4.35989  -4.30303  -4.30740
  37000.  5.00  -4.44149  -4.44922  -4.41122  -4.39110  -4.37529  -4.32229  -4.32752
  38000.  4.00  -4.51085  -4.51881  -4.47759  -4.45081  -4.43071  -4.36690  -4.36982
  38000.  4.50  -4.50173  -4.51077  -4.47383  -4.45069  -4.43390  -4.37597  -4.38034
  38000.  5.00  -4.50766  -4.51627  -4.47984  -4.45925  -4.44388  -4.38998  -4.39529
  39000.  4.00  -4.59052  -4.59917  -4.55870  -4.53201  -4.51218  -4.44865  -4.45165
  39000.  4.50  -4.57667  -4.58640  -4.55060  -4.52714  -4.51061  -4.45201  -4.45638
  39000.  5.00  -4.57710  -4.58646  -4.55146  -4.53039  -4.51539  -4.46046  -4.46582
  40000.  4.50  -4.65277  -4.66320  -4.62847  -4.60491  -4.58871  -4.52991  -4.53431
  40000.  5.00  -4.64914  -4.65921  -4.62552  -4.60409  -4.58945  -4.53370  -4.53909
  41000.  4.50  -4.72889  -4.74002  -4.70629  -4.68280  -4.66696  -4.60833  -4.61282
  41000.  5.00  -4.72269  -4.73345  -4.70098  -4.67936  -4.66509  -4.60888  -4.61432
  42000.  4.50  -4.80420  -4.81603  -4.78321  -4.75991  -4.74445  -4.68623  -4.69083
  42000.  5.00  -4.79679  -4.80823  -4.77689  -4.75524  -4.74136  -4.68500  -4.69051
  43000.  4.50  -4.87826  -4.89078  -4.85879  -4.83573  -4.82064  -4.76299  -4.76771
  43000.  5.00  -4.87062  -4.88274  -4.85242  -4.83086  -4.81738  -4.76115  -4.76676
  44000.  4.50  -4.95088  -4.96406  -4.93277  -4.91000  -4.89525  -4.83825  -4.84309
  44000.  5.00  -4.94364  -4.95642  -4.92703  -4.90565  -4.89256  -4.83667  -4.84238
  45000.  4.50  -5.02196  -5.03578  -5.00510  -4.98264  -4.96819  -4.91188  -4.91684
  45000.  5.00  -5.01546  -5.02890  -5.00036  -4.97921  -4.96649  -4.91108  -4.91692
  46000.  4.50  -5.09151  -5.10596  -5.07583  -5.05367  -5.03949  -4.98388  -4.98895
  46000.  5.00  -5.08595  -5.10002  -5.07226  -5.05137  -5.03901  -4.98415  -4.99012
  47000.  4.50  -5.15960  -5.17465  -5.14499  -5.12313  -5.10919  -5.05430  -5.05948
  47000.  5.00  -5.15500  -5.16969  -5.14263  -5.12201  -5.10999  -5.05572  -5.06181
  48000.  4.50  -5.22630  -5.24192  -5.21266  -5.19110  -5.17738  -5.12321  -5.12848
  48000.  5.00  -5.22261  -5.23789  -5.21145  -5.19112  -5.17941  -5.12576  -5.13197
  49000.  4.50  -5.29163  -5.30782  -5.27893  -5.25767  -5.24414  -5.19070  -5.19605
  49000.  5.00  -5.28881  -5.30468  -5.27879  -5.25874  -5.24730  -5.19432  -5.20063
  50000.  5.00  -5.35366  -5.37009  -5.34469  -5.32492  -5.31372  -5.26144  -5.26783
