   3500.  0.00  -5.448  -4.407  -3.466  -2.718  -2.354  -0.586  -0.293
   3500.  0.50  -5.430  -4.465  -3.585  -2.843  -2.490  -0.629  -0.324
   3500.  1.00  -5.395  -4.509  -3.684  -2.946  -2.599  -0.666  -0.350
   3500.  1.50  -5.341  -4.537  -3.761  -3.024  -2.682  -0.695  -0.370
   3500.  2.00  -5.257  -4.532  -3.802  -3.067  -2.728  -0.707  -0.376
   3500.  2.50  -5.138  -4.488  -3.798  -3.068  -2.733  -0.696  -0.362
   3500.  3.00  -4.987  -4.395  -3.740  -3.021  -2.689  -0.653  -0.321
   3500.  3.50  -4.801  -4.248  -3.616  -2.914  -2.587  -0.574  -0.249
   3500.  4.00  -4.596  -4.061  -3.433  -2.749  -2.424  -0.465  -0.151
   3500.  4.50  -4.393  -3.855  -3.208  -2.538  -2.209  -0.338  -0.039
   3500.  5.00  -4.236  -3.678  -2.986  -2.315  -1.976  -0.231   0.052
   3750.  0.00  -4.605  -3.548  -2.503  -1.809  -1.420  -0.271  -0.062
   3750.  0.50  -4.558  -3.560  -2.552  -1.866  -1.483  -0.286  -0.072
   3750.  1.00  -4.507  -3.568  -2.602  -1.925  -1.550  -0.299  -0.079
   3750.  1.50  -4.444  -3.570  -2.651  -1.985  -1.618  -0.312  -0.086
   3750.  2.00  -4.381  -3.570  -2.699  -2.044  -1.684  -0.324  -0.092
   3750.  2.50  -4.316  -3.567  -2.745  -2.098  -1.747  -0.334  -0.096
   3750.  3.00  -4.260  -3.567  -2.786  -2.145  -1.800  -0.339  -0.096
   3750.  3.50  -4.199  -3.553  -2.807  -2.170  -1.829  -0.332  -0.085
   3750.  4.00  -4.129  -3.519  -2.794  -2.159  -1.820  -0.305  -0.056
   3750.  4.50  -4.038  -3.445  -2.721  -2.085  -1.744  -0.247  -0.002
   3750.  5.00  -3.936  -3.347  -2.605  -1.965  -1.618  -0.173   0.065
   4000.  0.00  -4.045  -3.021  -2.019  -1.396  -1.021  -0.121   0.049
   4000.  0.50  -3.999  -3.022  -2.039  -1.417  -1.044  -0.129   0.042
   4000.  1.00  -3.951  -3.023  -2.061  -1.440  -1.069  -0.135   0.037
   4000.  1.50  -3.885  -3.014  -2.078  -1.463  -1.094  -0.141   0.033
   4000.  2.00  -3.822  -3.006  -2.097  -1.488  -1.122  -0.147   0.029
   4000.  2.50  -3.761  -2.998  -2.119  -1.516  -1.155  -0.154   0.026
   4000.  3.00  -3.715  -3.000  -2.150  -1.551  -1.194  -0.158   0.025
   4000.  3.50  -3.684  -3.009  -2.185  -1.588  -1.233  -0.160   0.027
   4000.  4.00  -3.661  -3.018  -2.216  -1.619  -1.266  -0.156   0.035
   4000.  4.50  -3.639  -3.019  -2.228  -1.626  -1.273  -0.137   0.057
   4000.  5.00  -3.607  -2.994  -2.198  -1.585  -1.228  -0.097   0.095
   4250.  0.00  -3.609  -2.648  -1.715  -1.158  -0.805  -0.027   0.120
   4250.  0.50  -3.570  -2.645  -1.727  -1.173  -0.821  -0.034   0.113
   4250.  1.00  -3.528  -2.642  -1.740  -1.186  -0.836  -0.039   0.108
   4250.  1.50  -3.475  -2.634  -1.750  -1.198  -0.849  -0.044   0.104
   4250.  2.00  -3.415  -2.622  -1.758  -1.209  -0.861  -0.049   0.099
   4250.  2.50  -3.362  -2.615  -1.768  -1.219  -0.872  -0.053   0.095
   4250.  3.00  -3.319  -2.614  -1.783  -1.234  -0.886  -0.057   0.092
   4250.  3.50  -3.296  -2.626  -1.807  -1.253  -0.904  -0.059   0.092
   4250.  4.00  -3.284  -2.644  -1.832  -1.274  -0.923  -0.058   0.095
   4250.  4.50  -3.282  -2.665  -1.859  -1.293  -0.940  -0.053   0.103
   4250.  5.00  -3.283  -2.681  -1.875  -1.298  -0.943  -0.035   0.122
   4500.  0.00  -3.256  -2.374  -1.504  -0.998  -0.664   0.037   0.167
   4500.  0.50  -3.222  -2.366  -1.511  -1.009  -0.677   0.030   0.160
   4500.  1.00  -3.191  -2.362  -1.520  -1.020  -0.689   0.025   0.156
   4500.  1.50  -3.154  -2.358  -1.530  -1.031  -0.701   0.021   0.152
   4500.  2.00  -3.106  -2.347  -1.536  -1.039  -0.711   0.015   0.147
   4500.  2.50  -3.059  -2.339  -1.543  -1.047  -0.720   0.011   0.142
   4500.  3.00  -3.021  -2.336  -1.552  -1.055  -0.726   0.007   0.138
   4500.  3.50  -2.996  -2.344  -1.567  -1.065  -0.734   0.006   0.137
   4500.  4.00  -2.984  -2.361  -1.587  -1.076  -0.742   0.007   0.138
   4500.  4.50  -2.983  -2.382  -1.608  -1.087  -0.749   0.010   0.142
   4500.  5.00  -2.992  -2.409  -1.632  -1.098  -0.754   0.017   0.149
   4750.  0.00  -2.959  -2.159  -1.352  -0.886  -0.568   0.084   0.198
   4750.  0.50  -2.929  -2.150  -1.355  -0.894  -0.578   0.075   0.191
   4750.  1.00  -2.903  -2.145  -1.361  -0.902  -0.589   0.069   0.186
   4750.  1.50  -2.878  -2.141  -1.369  -0.912  -0.599   0.064   0.181
   4750.  2.00  -2.846  -2.134  -1.375  -0.920  -0.609   0.058   0.176
   4750.  2.50  -2.810  -2.125  -1.379  -0.927  -0.618   0.053   0.171
   4750.  3.00  -2.778  -2.121  -1.385  -0.933  -0.625   0.048   0.166
   4750.  3.50  -2.753  -2.122  -1.394  -0.940  -0.630   0.046   0.163
   4750.  4.00  -2.738  -2.131  -1.407  -0.947  -0.635   0.046   0.163
   4750.  4.50  -2.733  -2.148  -1.424  -0.955  -0.638   0.049   0.166
   4750.  5.00  -2.735  -2.170  -1.443  -0.962  -0.639   0.053   0.170
   5000.  0.00  -2.698  -1.978  -1.234  -0.805  -0.505   0.113   0.216
   5000.  0.50  -2.671  -1.970  -1.237  -0.812  -0.514   0.103   0.207
   5000.  1.00  -2.650  -1.966  -1.242  -0.820  -0.523   0.095   0.200
   5000.  1.50  -2.631  -1.963  -1.248  -0.828  -0.532   0.089   0.195
   5000.  2.00  -2.611  -1.959  -1.254  -0.835  -0.541   0.083   0.190
   5000.  2.50  -2.588  -1.954  -1.258  -0.842  -0.550   0.077   0.184
   5000.  3.00  -2.566  -1.950  -1.262  -0.848  -0.557   0.071   0.178
   5000.  3.50  -2.547  -1.948  -1.267  -0.853  -0.562   0.067   0.174
   5000.  4.00  -2.533  -1.951  -1.275  -0.859  -0.566   0.066   0.173
   5000.  4.50  -2.524  -1.960  -1.286  -0.864  -0.568   0.067   0.173
   5000.  5.00  -2.521  -1.975  -1.299  -0.869  -0.569   0.070   0.177
   5250.  0.00  -2.457  -1.815  -1.136  -0.746  -0.465   0.121   0.217
   5250.  0.50  -2.439  -1.813  -1.142  -0.754  -0.474   0.111   0.207
   5250.  1.00  -2.424  -1.811  -1.148  -0.761  -0.483   0.104   0.200
   5250.  1.50  -2.411  -1.812  -1.155  -0.769  -0.491   0.097   0.194
   5250.  2.00  -2.399  -1.812  -1.161  -0.777  -0.500   0.091   0.188
   5250.  2.50  -2.387  -1.811  -1.167  -0.783  -0.507   0.085   0.182
   5250.  3.00  -2.376  -1.810  -1.171  -0.789  -0.514   0.079   0.177
   5250.  3.50  -2.366  -1.810  -1.175  -0.794  -0.519   0.075   0.173
   5250.  4.00  -2.357  -1.811  -1.180  -0.798  -0.522   0.072   0.170
   5250.  4.50  -2.351  -1.815  -1.186  -0.801  -0.524   0.072   0.170
   5250.  5.00  -2.347  -1.823  -1.194  -0.804  -0.524   0.074   0.172
   5500.  0.00  -2.232  -1.665  -1.051  -0.701  -0.442   0.107   0.199
   5500.  0.50  -2.227  -1.671  -1.061  -0.710  -0.451   0.100   0.192
   5500.  1.00  -2.221  -1.675  -1.070  -0.719  -0.459   0.094   0.185
   5500.  1.50  -2.216  -1.679  -1.078  -0.727  -0.467   0.088   0.179
   5500.  2.00  -2.211  -1.684  -1.087  -0.735  -0.475   0.083   0.173
   5500.  2.50  -2.207  -1.688  -1.094  -0.743  -0.483   0.077   0.168
   5500.  3.00  -2.204  -1.691  -1.101  -0.749  -0.489   0.072   0.163
   5500.  3.50  -2.202  -1.695  -1.106  -0.754  -0.494   0.068   0.159
   5500.  4.00  -2.201  -1.698  -1.110  -0.757  -0.497   0.065   0.156
   5500.  4.50  -2.200  -1.701  -1.114  -0.759  -0.498   0.065   0.155
   5500.  5.00  -2.199  -1.706  -1.118  -0.760  -0.497   0.066   0.157
   5750.  0.00  -2.024  -1.530  -0.981  -0.670  -0.432   0.075   0.166
   5750.  0.50  -2.034  -1.544  -0.993  -0.679  -0.439   0.073   0.162
   5750.  1.00  -2.038  -1.554  -1.005  -0.688  -0.447   0.070   0.157
   5750.  1.50  -2.041  -1.563  -1.015  -0.697  -0.455   0.066   0.152
   5750.  2.00  -2.044  -1.572  -1.026  -0.706  -0.463   0.062   0.147
   5750.  2.50  -2.048  -1.581  -1.036  -0.714  -0.470   0.058   0.142
   5750.  3.00  -2.052  -1.589  -1.045  -0.721  -0.477   0.053   0.138
   5750.  3.50  -2.057  -1.596  -1.052  -0.727  -0.482   0.050   0.134
   5750.  4.00  -2.061  -1.603  -1.057  -0.732  -0.486   0.048   0.132
   5750.  4.50  -2.066  -1.608  -1.061  -0.734  -0.487   0.047   0.131
   5750.  5.00  -2.070  -1.613  -1.064  -0.734  -0.486   0.049   0.133
   6000.  0.00  -1.833  -1.411  -0.926  -0.653  -0.438   0.027   0.119
   6000.  0.50  -1.859  -1.432  -0.939  -0.660  -0.440   0.032   0.120
   6000.  1.00  -1.875  -1.448  -0.952  -0.667  -0.445   0.033   0.118
   6000.  1.50  -1.886  -1.462  -0.964  -0.676  -0.452   0.033   0.115
   6000.  2.00  -1.897  -1.476  -0.976  -0.685  -0.459   0.031   0.112
   6000.  2.50  -1.908  -1.489  -0.988  -0.694  -0.466   0.029   0.108
   6000.  3.00  -1.918  -1.501  -0.999  -0.702  -0.473   0.026   0.105
   6000.  3.50  -1.929  -1.512  -1.009  -0.710  -0.479   0.023   0.102
   6000.  4.00  -1.939  -1.522  -1.016  -0.715  -0.484   0.022   0.100
   6000.  4.50  -1.949  -1.531  -1.022  -0.719  -0.486   0.021   0.099
   6000.  5.00  -1.957  -1.537  -1.026  -0.720  -0.485   0.023   0.101
   6250.  0.50  -1.698  -1.333  -0.899  -0.653  -0.453  -0.021   0.068
   6250.  1.00  -1.727  -1.355  -0.910  -0.657  -0.453  -0.013   0.071
   6250.  1.50  -1.749  -1.374  -0.923  -0.664  -0.457  -0.009   0.072
   6250.  2.00  -1.767  -1.392  -0.937  -0.673  -0.463  -0.007   0.071
   6250.  2.50  -1.784  -1.409  -0.950  -0.682  -0.469  -0.007   0.068
   6250.  3.00  -1.801  -1.425  -0.963  -0.691  -0.476  -0.008   0.066
   6250.  3.50  -1.818  -1.440  -0.974  -0.699  -0.483  -0.009   0.064
   6250.  4.00  -1.833  -1.454  -0.985  -0.706  -0.488  -0.011   0.062
   6250.  4.50  -1.848  -1.466  -0.992  -0.711  -0.491  -0.011   0.062
   6250.  5.00  -1.860  -1.475  -0.998  -0.714  -0.492  -0.009   0.063
   6500.  0.50  -1.565  -1.253  -0.870  -0.653  -0.474  -0.079   0.011
   6500.  1.00  -1.592  -1.273  -0.881  -0.657  -0.472  -0.069   0.016
   6500.  1.50  -1.625  -1.297  -0.891  -0.660  -0.470  -0.058   0.022
   6500.  2.00  -1.651  -1.318  -0.905  -0.667  -0.473  -0.052   0.024
   6500.  2.50  -1.675  -1.339  -0.919  -0.676  -0.478  -0.049   0.024
   6500.  3.00  -1.698  -1.359  -0.934  -0.685  -0.485  -0.047   0.023
   6500.  3.50  -1.720  -1.378  -0.948  -0.695  -0.492  -0.047   0.021
   6500.  4.00  -1.741  -1.396  -0.960  -0.703  -0.498  -0.048   0.020
   6500.  4.50  -1.760  -1.411  -0.971  -0.710  -0.502  -0.048   0.020
   6500.  5.00  -1.777  -1.424  -0.978  -0.714  -0.504  -0.046   0.021
   6750.  0.50  -1.459  -1.190  -0.850  -0.660  -0.498  -0.139  -0.047
   6750.  1.00  -1.480  -1.207  -0.861  -0.663  -0.496  -0.128  -0.042
   6750.  1.50  -1.510  -1.228  -0.871  -0.666  -0.493  -0.116  -0.035
   6750.  2.00  -1.548  -1.254  -0.881  -0.668  -0.490  -0.103  -0.028
   6750.  2.50  -1.579  -1.278  -0.895  -0.675  -0.492  -0.096  -0.025
   6750.  3.00  -1.607  -1.302  -0.911  -0.684  -0.498  -0.091  -0.024
   6750.  3.50  -1.634  -1.324  -0.926  -0.695  -0.505  -0.089  -0.025
   6750.  4.00  -1.661  -1.346  -0.941  -0.704  -0.511  -0.089  -0.025
   6750.  4.50  -1.685  -1.365  -0.954  -0.713  -0.517  -0.088  -0.025
   6750.  5.00  -1.706  -1.382  -0.965  -0.719  -0.521  -0.087  -0.024
   7000.  0.50  -1.377  -1.144  -0.840  -0.672  -0.526  -0.198  -0.105
   7000.  1.00  -1.392  -1.156  -0.848  -0.674  -0.523  -0.188  -0.100
   7000.  1.50  -1.416  -1.173  -0.857  -0.676  -0.520  -0.175  -0.094
   7000.  2.00  -1.450  -1.197  -0.867  -0.678  -0.516  -0.161  -0.087
   7000.  2.50  -1.492  -1.225  -0.878  -0.680  -0.512  -0.148  -0.079
   7000.  3.00  -1.527  -1.252  -0.893  -0.688  -0.515  -0.140  -0.075
   7000.  3.50  -1.560  -1.278  -0.910  -0.698  -0.522  -0.135  -0.074
   7000.  4.00  -1.591  -1.303  -0.927  -0.710  -0.529  -0.133  -0.074
   7000.  4.50  -1.620  -1.327  -0.943  -0.720  -0.536  -0.132  -0.073
   7000.  5.00  -1.646  -1.347  -0.956  -0.729  -0.541  -0.130  -0.072
   7250.  0.50  -1.328  -1.119  -0.837  -0.685  -0.551  -0.250  -0.158
   7250.  1.00  -1.325  -1.120  -0.845  -0.690  -0.553  -0.247  -0.159
   7250.  1.50  -1.345  -1.134  -0.851  -0.690  -0.549  -0.234  -0.153
   7250.  2.00  -1.372  -1.152  -0.860  -0.692  -0.546  -0.221  -0.146
   7250.  2.50  -1.411  -1.178  -0.870  -0.694  -0.541  -0.206  -0.138
   7250.  3.00  -1.457  -1.209  -0.882  -0.697  -0.538  -0.193  -0.130
   7250.  3.50  -1.496  -1.238  -0.899  -0.706  -0.542  -0.185  -0.126
   7250.  4.00  -1.531  -1.266  -0.917  -0.718  -0.549  -0.180  -0.125
   7250.  4.50  -1.565  -1.294  -0.936  -0.730  -0.557  -0.178  -0.124
   7250.  5.00  -1.596  -1.318  -0.952  -0.741  -0.564  -0.176  -0.122
   7500.  0.50  -1.338  -1.134  -0.849  -0.699  -0.566  -0.282  -0.196
   7500.  1.00  -1.280  -1.101  -0.850  -0.710  -0.585  -0.302  -0.215
   7500.  1.50  -1.291  -1.107  -0.853  -0.710  -0.582  -0.293  -0.211
   7500.  2.00  -1.315  -1.122  -0.859  -0.709  -0.577  -0.279  -0.205
   7500.  2.50  -1.347  -1.142  -0.868  -0.712  -0.574  -0.266  -0.199
   7500.  3.00  -1.391  -1.171  -0.879  -0.714  -0.569  -0.251  -0.190
   7500.  3.50  -1.439  -1.205  -0.893  -0.719  -0.568  -0.238  -0.182
   7500.  4.00  -1.481  -1.236  -0.912  -0.730  -0.573  -0.231  -0.178
   7500.  4.50  -1.519  -1.267  -0.932  -0.743  -0.581  -0.227  -0.176
   7500.  5.00  -1.555  -1.295  -0.951  -0.756  -0.589  -0.224  -0.175
   7750.  1.00  -1.263  -1.101  -0.863  -0.734  -0.617  -0.353  -0.267
   7750.  1.50  -1.256  -1.095  -0.864  -0.734  -0.617  -0.350  -0.269
   7750.  2.00  -1.274  -1.105  -0.867  -0.732  -0.612  -0.337  -0.263
   7750.  2.50  -1.303  -1.122  -0.873  -0.733  -0.607  -0.324  -0.257
   7750.  3.00  -1.338  -1.144  -0.883  -0.736  -0.605  -0.311  -0.251
   7750.  3.50  -1.387  -1.176  -0.895  -0.739  -0.601  -0.296  -0.242
   7750.  4.00  -1.437  -1.211  -0.911  -0.747  -0.602  -0.284  -0.234
   7750.  4.50  -1.481  -1.245  -0.931  -0.759  -0.608  -0.278  -0.230
   7750.  5.00  -1.521  -1.277  -0.952  -0.773  -0.617  -0.274  -0.228
   8000.  1.00  -1.280  -1.125  -0.891  -0.764  -0.649  -0.395  -0.314
   8000.  1.50  -1.241  -1.098  -0.883  -0.763  -0.655  -0.404  -0.324
   8000.  2.00  -1.249  -1.100  -0.883  -0.761  -0.650  -0.396  -0.322
   8000.  2.50  -1.273  -1.112  -0.886  -0.759  -0.645  -0.384  -0.317
   8000.  3.00  -1.305  -1.131  -0.893  -0.761  -0.641  -0.371  -0.311
   8000.  3.50  -1.346  -1.157  -0.904  -0.765  -0.639  -0.358  -0.305
   8000.  4.00  -1.399  -1.193  -0.917  -0.769  -0.636  -0.342  -0.294
   8000.  4.50  -1.450  -1.229  -0.936  -0.779  -0.639  -0.332  -0.288
   8000.  5.00  -1.494  -1.264  -0.958  -0.793  -0.647  -0.326  -0.284
   8250.  1.00  -1.330  -1.178  -0.940  -0.809  -0.691  -0.433  -0.362
   8250.  1.50  -1.247  -1.115  -0.911  -0.797  -0.694  -0.456  -0.379
   8250.  2.00  -1.242  -1.108  -0.907  -0.794  -0.691  -0.452  -0.380
   8250.  2.50  -1.260  -1.115  -0.907  -0.792  -0.686  -0.441  -0.375
   8250.  3.00  -1.288  -1.131  -0.912  -0.791  -0.681  -0.428  -0.370
   8250.  3.50  -1.322  -1.151  -0.919  -0.793  -0.678  -0.417  -0.365
   8250.  4.00  -1.367  -1.180  -0.931  -0.798  -0.677  -0.404  -0.358
   8250.  4.50  -1.422  -1.217  -0.946  -0.804  -0.675  -0.390  -0.348
   8250.  5.00  -1.472  -1.255  -0.966  -0.815  -0.680  -0.380  -0.341
   8500.  1.50  -1.272  -1.148  -0.948  -0.837  -0.736  -0.505  -0.432
   8500.  2.00  -1.249  -1.128  -0.938  -0.833  -0.735  -0.508  -0.437
   8500.  2.50  -1.258  -1.129  -0.936  -0.829  -0.730  -0.500  -0.435
   8500.  3.00  -1.282  -1.140  -0.938  -0.827  -0.725  -0.488  -0.430
   8500.  3.50  -1.314  -1.157  -0.942  -0.827  -0.720  -0.476  -0.425
   8500.  4.00  -1.352  -1.181  -0.951  -0.830  -0.719  -0.464  -0.419
   8500.  4.50  -1.401  -1.212  -0.964  -0.835  -0.717  -0.451  -0.411
   8500.  5.00  -1.454  -1.250  -0.980  -0.842  -0.717  -0.438  -0.401
   8750.  1.50  -1.310  -1.191  -0.994  -0.883  -0.783  -0.554  -0.486
   8750.  2.00  -1.270  -1.158  -0.976  -0.875  -0.781  -0.563  -0.494
   8750.  2.50  -1.270  -1.152  -0.972  -0.871  -0.778  -0.559  -0.495
   8750.  3.00  -1.287  -1.159  -0.971  -0.868  -0.772  -0.548  -0.491
   8750.  3.50  -1.315  -1.172  -0.973  -0.866  -0.767  -0.536  -0.486
   8750.  4.00  -1.350  -1.192  -0.978  -0.867  -0.763  -0.524  -0.481
   8750.  4.50  -1.392  -1.218  -0.988  -0.871  -0.762  -0.513  -0.474
   8750.  5.00  -1.442  -1.251  -1.001  -0.876  -0.760  -0.499  -0.464
   9000.  1.50  -1.355  -1.239  -1.044  -0.933  -0.832  -0.605  -0.542
   9000.  2.00  -1.302  -1.196  -1.019  -0.920  -0.829  -0.617  -0.551
   9000.  2.50  -1.292  -1.184  -1.012  -0.916  -0.827  -0.617  -0.554
   9000.  3.00  -1.303  -1.186  -1.009  -0.913  -0.823  -0.609  -0.553
   9000.  3.50  -1.326  -1.195  -1.009  -0.910  -0.817  -0.598  -0.549
   9000.  4.00  -1.357  -1.211  -1.012  -0.909  -0.812  -0.585  -0.543
   9000.  4.50  -1.395  -1.233  -1.019  -0.911  -0.809  -0.574  -0.536
   9000.  5.00  -1.439  -1.261  -1.029  -0.915  -0.808  -0.562  -0.529
   9250.  2.00  -1.339  -1.238  -1.065  -0.968  -0.878  -0.670  -0.607
   9250.  2.50  -1.323  -1.222  -1.056  -0.963  -0.877  -0.674  -0.613
   9250.  3.00  -1.329  -1.221  -1.053  -0.961  -0.875  -0.669  -0.614
   9250.  3.50  -1.347  -1.227  -1.052  -0.958  -0.870  -0.660  -0.612
   9250.  4.00  -1.374  -1.239  -1.052  -0.955  -0.864  -0.648  -0.606
   9250.  4.50  -1.407  -1.256  -1.055  -0.955  -0.859  -0.636  -0.600
   9250.  5.00  -1.447  -1.280  -1.062  -0.957  -0.857  -0.624  -0.592
   9500.  2.00  -1.379  -1.282  -1.112  -1.016  -0.927  -0.722  -0.663
   9500.  2.50  -1.358  -1.263  -1.102  -1.012  -0.928  -0.729  -0.671
   9500.  3.00  -1.361  -1.260  -1.099  -1.010  -0.927  -0.729  -0.675
   9500.  3.50  -1.376  -1.264  -1.097  -1.008  -0.924  -0.722  -0.675
   9500.  4.00  -1.399  -1.273  -1.097  -1.005  -0.919  -0.712  -0.671
   9500.  4.50  -1.429  -1.287  -1.097  -1.003  -0.913  -0.699  -0.664
   9500.  5.00  -1.464  -1.306  -1.101  -1.003  -0.908  -0.687  -0.656
   9750.  2.00  -1.420  -1.327  -1.160  -1.064  -0.976  -0.774  -0.719
   9750.  2.50  -1.397  -1.306  -1.149  -1.060  -0.978  -0.784  -0.728
   9750.  3.00  -1.397  -1.301  -1.146  -1.060  -0.979  -0.787  -0.735
   9750.  3.50  -1.410  -1.305  -1.145  -1.059  -0.978  -0.783  -0.737
   9750.  4.00  -1.430  -1.313  -1.145  -1.057  -0.974  -0.775  -0.735
   9750.  4.50  -1.457  -1.324  -1.144  -1.055  -0.969  -0.764  -0.729
   9750.  5.00  -1.488  -1.340  -1.145  -1.052  -0.963  -0.751  -0.721
  10000.  2.00  -1.463  -1.372  -1.208  -1.113  -1.026  -0.826  -0.774
  10000.  2.50  -1.437  -1.350  -1.196  -1.108  -1.027  -0.837  -0.784
  10000.  3.00  -1.435  -1.344  -1.193  -1.109  -1.030  -0.843  -0.793
  10000.  3.50  -1.446  -1.347  -1.193  -1.110  -1.032  -0.843  -0.798
  10000.  4.00  -1.465  -1.355  -1.194  -1.110  -1.030  -0.837  -0.798
  10000.  4.50  -1.490  -1.365  -1.194  -1.108  -1.026  -0.828  -0.794
  10000.  5.00  -1.519  -1.379  -1.193  -1.105  -1.020  -0.815  -0.786
  10250.  2.00  -1.507  -1.419  -1.257  -1.163  -1.077  -0.880  -0.831
  10250.  2.50  -1.479  -1.395  -1.245  -1.159  -1.079  -0.892  -0.842
  10250.  3.00  -1.477  -1.390  -1.243  -1.161  -1.084  -0.901  -0.853
  10250.  3.50  -1.488  -1.394  -1.245  -1.164  -1.088  -0.905  -0.861
  10250.  4.00  -1.508  -1.403  -1.248  -1.167  -1.090  -0.903  -0.864
  10250.  4.50  -1.533  -1.414  -1.250  -1.167  -1.088  -0.896  -0.863
  10250.  5.00  -1.562  -1.428  -1.250  -1.166  -1.084  -0.886  -0.858
  10500.  2.00  -1.550  -1.465  -1.306  -1.213  -1.128  -0.933  -0.886
  10500.  2.50  -1.521  -1.440  -1.292  -1.207  -1.128  -0.944  -0.896
  10500.  3.00  -1.517  -1.434  -1.290  -1.209  -1.134  -0.954  -0.908
  10500.  3.50  -1.527  -1.438  -1.293  -1.214  -1.140  -0.961  -0.918
  10500.  4.00  -1.546  -1.446  -1.297  -1.218  -1.143  -0.962  -0.924
  10500.  4.50  -1.570  -1.458  -1.299  -1.220  -1.143  -0.958  -0.925
  10500.  5.00  -1.598  -1.471  -1.300  -1.219  -1.140  -0.949  -0.922
  10750.  2.00  -1.594  -1.512  -1.354  -1.263  -1.178  -0.986  -0.942
  10750.  2.50  -1.563  -1.485  -1.339  -1.255  -1.177  -0.996  -0.951
  10750.  3.00  -1.558  -1.478  -1.337  -1.258  -1.183  -1.007  -0.963
  10750.  3.50  -1.567  -1.482  -1.340  -1.263  -1.190  -1.015  -0.974
  10750.  4.00  -1.585  -1.490  -1.345  -1.268  -1.195  -1.018  -0.982
  10750.  4.50  -1.608  -1.502  -1.349  -1.271  -1.197  -1.017  -0.985
  10750.  5.00  -1.636  -1.515  -1.351  -1.272  -1.196  -1.011  -0.984
  11000.  2.00  -1.639  -1.558  -1.403  -1.312  -1.229  -1.039  -0.997
  11000.  2.50  -1.605  -1.529  -1.386  -1.303  -1.226  -1.047  -1.004
  11000.  3.00  -1.598  -1.521  -1.383  -1.304  -1.231  -1.057  -1.015
  11000.  3.50  -1.606  -1.524  -1.385  -1.309  -1.237  -1.065  -1.026
  11000.  4.00  -1.622  -1.531  -1.390  -1.314  -1.243  -1.070  -1.035
  11000.  4.50  -1.643  -1.542  -1.393  -1.318  -1.246  -1.070  -1.039
  11000.  5.00  -1.668  -1.554  -1.396  -1.320  -1.246  -1.066  -1.040
  11250.  2.00  -1.683  -1.605  -1.452  -1.363  -1.280  -1.093  -1.053
  11250.  2.50  -1.648  -1.575  -1.434  -1.352  -1.276  -1.099  -1.058
  11250.  3.00  -1.640  -1.566  -1.430  -1.353  -1.280  -1.109  -1.069
  11250.  3.50  -1.647  -1.568  -1.433  -1.358  -1.287  -1.118  -1.081
  11250.  4.00  -1.663  -1.576  -1.437  -1.364  -1.293  -1.124  -1.090
  11250.  4.50  -1.683  -1.586  -1.442  -1.369  -1.298  -1.126  -1.097
  11250.  5.00  -1.708  -1.599  -1.445  -1.372  -1.300  -1.124  -1.099
  11500.  2.00  -1.728  -1.652  -1.501  -1.413  -1.332  -1.146  -1.108
  11500.  2.50  -1.691  -1.620  -1.481  -1.401  -1.326  -1.152  -1.113
  11500.  3.00  -1.683  -1.611  -1.477  -1.401  -1.329  -1.161  -1.123
  11500.  3.50  -1.689  -1.613  -1.480  -1.406  -1.336  -1.170  -1.134
  11500.  4.00  -1.704  -1.620  -1.485  -1.412  -1.343  -1.177  -1.145
  11500.  4.50  -1.724  -1.631  -1.490  -1.418  -1.349  -1.181  -1.153
  11500.  5.00  -1.748  -1.643  -1.495  -1.423  -1.353  -1.181  -1.156
  11750.  2.00  -1.773  -1.698  -1.549  -1.463  -1.383  -1.200  -1.164
  11750.  2.50  -1.734  -1.665  -1.529  -1.450  -1.376  -1.204  -1.167
  11750.  3.00  -1.725  -1.656  -1.524  -1.449  -1.379  -1.213  -1.176
  11750.  3.50  -1.730  -1.657  -1.527  -1.454  -1.385  -1.222  -1.187
  11750.  4.00  -1.745  -1.664  -1.532  -1.460  -1.393  -1.230  -1.198
  11750.  4.50  -1.765  -1.675  -1.538  -1.467  -1.399  -1.235  -1.207
  11750.  5.00  -1.789  -1.688  -1.543  -1.473  -1.404  -1.237  -1.213
  12000.  2.50  -1.777  -1.711  -1.576  -1.498  -1.425  -1.256  -1.221
  12000.  3.00  -1.767  -1.700  -1.571  -1.497  -1.428  -1.264  -1.229
  12000.  3.50  -1.772  -1.701  -1.573  -1.501  -1.434  -1.273  -1.240
  12000.  4.00  -1.786  -1.708  -1.578  -1.508  -1.441  -1.281  -1.251
  12000.  4.50  -1.805  -1.719  -1.585  -1.515  -1.449  -1.287  -1.261
  12000.  5.00  -1.829  -1.732  -1.591  -1.522  -1.455  -1.291  -1.267
  12250.  2.50  -1.820  -1.755  -1.623  -1.546  -1.475  -1.308  -1.274
  12250.  3.00  -1.809  -1.745  -1.618  -1.545  -1.477  -1.316  -1.282
  12250.  3.50  -1.814  -1.745  -1.620  -1.549  -1.482  -1.324  -1.292
  12250.  4.00  -1.827  -1.752  -1.624  -1.555  -1.490  -1.332  -1.303
  12250.  4.50  -1.846  -1.762  -1.631  -1.563  -1.497  -1.339  -1.313
  12250.  5.00  -1.869  -1.776  -1.638  -1.570  -1.504  -1.343  -1.321
  12500.  2.50  -1.863  -1.800  -1.670  -1.594  -1.524  -1.360  -1.327
  12500.  3.00  -1.852  -1.789  -1.664  -1.592  -1.525  -1.367  -1.334
  12500.  3.50  -1.855  -1.789  -1.666  -1.596  -1.530  -1.374  -1.344
  12500.  4.00  -1.867  -1.795  -1.670  -1.602  -1.537  -1.382  -1.355
  12500.  4.50  -1.886  -1.806  -1.677  -1.610  -1.545  -1.389  -1.365
  12500.  5.00  -1.910  -1.819  -1.684  -1.617  -1.553  -1.395  -1.373
  12750.  2.50  -1.905  -1.844  -1.716  -1.641  -1.572  -1.411  -1.379
  12750.  3.00  -1.893  -1.833  -1.710  -1.640  -1.573  -1.417  -1.386
  12750.  3.50  -1.896  -1.832  -1.711  -1.643  -1.578  -1.425  -1.396
  12750.  4.00  -1.908  -1.838  -1.715  -1.649  -1.585  -1.432  -1.406
  12750.  4.50  -1.926  -1.848  -1.722  -1.656  -1.593  -1.439  -1.416
  12750.  5.00  -1.950  -1.862  -1.729  -1.664  -1.600  -1.445  -1.425
  13000.  2.50  -1.947  -1.887  -1.761  -1.688  -1.620  -1.461  -1.430
  13000.  3.00  -1.935  -1.876  -1.756  -1.686  -1.621  -1.467  -1.438
  13000.  3.50  -1.937  -1.875  -1.757  -1.689  -1.626  -1.474  -1.447
  13000.  4.00  -1.948  -1.881  -1.760  -1.695  -1.632  -1.481  -1.456
  13000.  4.50  -1.966  -1.891  -1.767  -1.702  -1.639  -1.489  -1.466
  13000.  5.00  -1.990  -1.905  -1.775  -1.710  -1.648  -1.495  -1.475
  14000.  2.00  -2.157  -2.095  -1.959  -1.882  -1.811  -1.649  -1.625
  14000.  2.50  -2.110  -2.057  -1.937  -1.868  -1.804  -1.655  -1.628
  14000.  3.00  -2.097  -2.045  -1.932  -1.867  -1.807  -1.662  -1.637
  14000.  3.50  -2.098  -2.044  -1.933  -1.870  -1.811  -1.669  -1.645
  14000.  4.00  -2.107  -2.048  -1.936  -1.875  -1.816  -1.675  -1.653
  14000.  4.50  -2.123  -2.057  -1.942  -1.881  -1.823  -1.681  -1.662
  14000.  5.00  -2.147  -2.071  -1.950  -1.890  -1.831  -1.688  -1.671
  15000.  2.50  -2.264  -2.216  -2.102  -2.037  -1.977  -1.836  -1.814
  15000.  3.00  -2.252  -2.206  -2.099  -2.039  -1.982  -1.846  -1.824
  15000.  3.50  -2.252  -2.204  -2.100  -2.042  -1.987  -1.854  -1.833
  15000.  4.00  -2.259  -2.207  -2.103  -2.046  -1.992  -1.859  -1.841
  15000.  4.50  -2.273  -2.215  -2.108  -2.052  -1.997  -1.865  -1.848
  15000.  5.00  -2.296  -2.229  -2.117  -2.060  -2.005  -1.871  -1.857
  16000.  2.50  -2.409  -2.365  -2.255  -2.194  -2.138  -2.006  -1.986
  16000.  3.00  -2.399  -2.358  -2.257  -2.200  -2.147  -2.020  -2.001
  16000.  3.50  -2.399  -2.357  -2.259  -2.205  -2.153  -2.028  -2.011
  16000.  4.00  -2.404  -2.358  -2.261  -2.208  -2.158  -2.034  -2.018
  16000.  4.50  -2.417  -2.365  -2.266  -2.213  -2.163  -2.039  -2.025
  16000.  5.00  -2.439  -2.380  -2.275  -2.222  -2.171  -2.045  -2.033
  17000.  2.50  -2.544  -2.503  -2.397  -2.339  -2.286  -2.161  -2.145
  17000.  3.00  -2.538  -2.501  -2.404  -2.351  -2.302  -2.182  -2.166
  17000.  3.50  -2.539  -2.501  -2.408  -2.358  -2.310  -2.193  -2.178
  17000.  4.00  -2.543  -2.502  -2.410  -2.361  -2.315  -2.199  -2.185
  17000.  4.50  -2.552  -2.507  -2.413  -2.365  -2.319  -2.203  -2.191
  17000.  5.00  -2.574  -2.521  -2.423  -2.374  -2.327  -2.210  -2.200
  18000.  2.50  -2.672  -2.633  -2.528  -2.472  -2.421  -2.302  -2.288
  18000.  3.00  -2.668  -2.635  -2.542  -2.492  -2.446  -2.334  -2.320
  18000.  3.50  -2.672  -2.638  -2.550  -2.502  -2.457  -2.348  -2.335
  18000.  4.00  -2.675  -2.639  -2.552  -2.506  -2.462  -2.354  -2.343
  18000.  4.50  -2.683  -2.642  -2.554  -2.509  -2.466  -2.358  -2.348
  18000.  5.00  -2.702  -2.655  -2.562  -2.517  -2.473  -2.364  -2.356
  19000.  2.50  -2.795  -2.758  -2.652  -2.597  -2.546  -2.429  -2.418
  19000.  3.00  -2.790  -2.760  -2.669  -2.622  -2.578  -2.473  -2.461
  19000.  3.50  -2.798  -2.768  -2.683  -2.638  -2.596  -2.493  -2.482
  19000.  4.00  -2.803  -2.771  -2.687  -2.643  -2.602  -2.501  -2.491
  19000.  4.50  -2.808  -2.772  -2.687  -2.645  -2.605  -2.504  -2.496
  19000.  5.00  -2.824  -2.782  -2.694  -2.652  -2.611  -2.509  -2.502
  20000.  3.00  -2.904  -2.876  -2.788  -2.743  -2.701  -2.601  -2.591
  20000.  3.50  -2.918  -2.891  -2.808  -2.766  -2.726  -2.629  -2.620
  20000.  4.00  -2.925  -2.896  -2.815  -2.774  -2.735  -2.639  -2.631
  20000.  4.50  -2.930  -2.897  -2.815  -2.775  -2.737  -2.642  -2.635
  20000.  5.00  -2.942  -2.904  -2.820  -2.780  -2.741  -2.645  -2.640
  21000.  3.00  -3.012  -2.987  -2.899  -2.856  -2.815  -2.719  -2.710
  21000.  3.50  -3.030  -3.006  -2.925  -2.885  -2.848  -2.756  -2.748
  21000.  4.00  -3.042  -3.016  -2.937  -2.898  -2.862  -2.771  -2.764
  21000.  4.50  -3.047  -3.018  -2.939  -2.901  -2.864  -2.774  -2.769
  21000.  5.00  -3.057  -3.023  -2.941  -2.903  -2.867  -2.775  -2.771
  22000.  3.00  -3.116  -3.093  -3.007  -2.965  -2.926  -2.832  -2.825
  22000.  3.50  -3.137  -3.115  -3.036  -2.998  -2.962  -2.874  -2.868
  22000.  4.00  -3.153  -3.130  -3.053  -3.016  -2.982  -2.895  -2.890
  22000.  4.50  -3.161  -3.135  -3.058  -3.022  -2.987  -2.900  -2.896
  22000.  5.00  -3.170  -3.139  -3.060  -3.024  -2.989  -2.901  -2.898
  23000.  3.00  -3.215  -3.194  -3.111  -3.071  -3.033  -2.943  -2.937
  23000.  3.50  -3.238  -3.218  -3.141  -3.105  -3.071  -2.986  -2.981
  23000.  4.00  -3.259  -3.238  -3.164  -3.128  -3.095  -3.013  -3.009
  23000.  4.50  -3.271  -3.247  -3.172  -3.138  -3.105  -3.022  -3.019
  23000.  5.00  -3.280  -3.253  -3.176  -3.141  -3.108  -3.024  -3.022
  24000.  3.00  -3.308  -3.290  -3.209  -3.170  -3.135  -3.048  -3.044
  24000.  3.50  -3.334  -3.317  -3.242  -3.207  -3.175  -3.094  -3.090
  24000.  4.00  -3.359  -3.341  -3.268  -3.235  -3.203  -3.124  -3.121
  24000.  4.50  -3.376  -3.354  -3.282  -3.249  -3.218  -3.138  -3.136
  24000.  5.00  -3.387  -3.362  -3.287  -3.254  -3.223  -3.142  -3.141
  25000.  3.00  -3.396  -3.380  -3.300  -3.263  -3.228  -3.144  -3.141
  25000.  3.50  -3.424  -3.410  -3.338  -3.305  -3.275  -3.198  -3.195
  25000.  4.00  -3.454  -3.438  -3.368  -3.336  -3.307  -3.231  -3.229
  25000.  4.50  -3.475  -3.456  -3.386  -3.354  -3.325  -3.249  -3.248
  25000.  5.00  -3.488  -3.467  -3.394  -3.363  -3.333  -3.256  -3.256
  26000.  3.00  -3.486  -3.470  -3.392  -3.353  -3.318  -3.233  -3.231
  26000.  3.50  -3.507  -3.496  -3.427  -3.397  -3.369  -3.296  -3.295
  26000.  4.00  -3.543  -3.530  -3.462  -3.432  -3.405  -3.333  -3.332
  26000.  4.50  -3.568  -3.552  -3.484  -3.454  -3.427  -3.354  -3.354
  26000.  5.00  -3.585  -3.566  -3.496  -3.466  -3.438  -3.365  -3.365
  27000.  3.50  -3.584  -3.576  -3.510  -3.481  -3.455  -3.387  -3.386
  27000.  4.00  -3.625  -3.615  -3.550  -3.523  -3.497  -3.430  -3.430
  27000.  4.50  -3.655  -3.642  -3.577  -3.549  -3.523  -3.454  -3.455
  27000.  5.00  -3.676  -3.659  -3.592  -3.564  -3.538  -3.468  -3.469
  28000.  3.50  -3.658  -3.651  -3.588  -3.560  -3.535  -3.470  -3.470
  28000.  4.00  -3.701  -3.694  -3.632  -3.607  -3.583  -3.520  -3.521
  28000.  4.50  -3.736  -3.726  -3.663  -3.637  -3.614  -3.549  -3.550
  28000.  5.00  -3.761  -3.747  -3.682  -3.656  -3.631  -3.566  -3.568
  29000.  3.50  -3.732  -3.727  -3.666  -3.638  -3.614  -3.549  -3.550
  29000.  4.00  -3.772  -3.767  -3.709  -3.685  -3.663  -3.604  -3.605
  29000.  4.50  -3.811  -3.803  -3.743  -3.720  -3.698  -3.638  -3.640
  29000.  5.00  -3.839  -3.828  -3.766  -3.742  -3.719  -3.657  -3.660
  30000.  3.50  -3.810  -3.807  -3.747  -3.718  -3.694  -3.629  -3.630
  30000.  4.00  -3.840  -3.837  -3.782  -3.759  -3.739  -3.682  -3.685
  30000.  4.50  -3.880  -3.875  -3.819  -3.796  -3.777  -3.720  -3.723
  30000.  5.00  -3.912  -3.903  -3.845  -3.822  -3.801  -3.743  -3.747
  31000.  3.50  -3.894  -3.891  -3.833  -3.804  -3.779  -3.712  -3.714
  31000.  4.00  -3.908  -3.908  -3.854  -3.832  -3.813  -3.757  -3.761
  31000.  4.50  -3.946  -3.944  -3.890  -3.869  -3.851  -3.797  -3.801
  31000.  5.00  -3.980  -3.974  -3.918  -3.897  -3.879  -3.824  -3.828
  32000.  4.00  -3.980  -3.980  -3.929  -3.907  -3.889  -3.833  -3.837
  32000.  4.50  -4.012  -4.011  -3.960  -3.940  -3.923  -3.871  -3.876
  32000.  5.00  -4.045  -4.042  -3.989  -3.969  -3.952  -3.900  -3.904
  33000.  4.00  -4.054  -4.056  -4.007  -3.984  -3.967  -3.911  -3.915
  33000.  4.50  -4.078  -4.080  -4.031  -4.012  -3.996  -3.945  -3.950
  33000.  5.00  -4.109  -4.108  -4.057  -4.039  -4.023  -3.973  -3.978
  34000.  4.00  -4.131  -4.134  -4.088  -4.064  -4.047  -3.990  -3.994
  34000.  4.50  -4.147  -4.150  -4.104  -4.085  -4.070  -4.019  -4.024
  34000.  5.00  -4.174  -4.174  -4.127  -4.109  -4.094  -4.045  -4.051
  35000.  4.00  -4.210  -4.215  -4.170  -4.146  -4.129  -4.072  -4.076
  35000.  4.50  -4.219  -4.223  -4.179  -4.159  -4.145  -4.094  -4.099
  35000.  5.00  -4.240  -4.243  -4.197  -4.180  -4.166  -4.117  -4.123
  36000.  4.00  -4.290  -4.296  -4.254  -4.230  -4.213  -4.156  -4.160
  36000.  4.50  -4.292  -4.298  -4.256  -4.236  -4.222  -4.171  -4.176
  36000.  5.00  -4.308  -4.312  -4.270  -4.252  -4.239  -4.190  -4.196
  37000.  4.00  -4.371  -4.378  -4.338  -4.314  -4.298  -4.240  -4.244
  37000.  4.50  -4.367  -4.374  -4.335  -4.315  -4.302  -4.249  -4.255
  37000.  5.00  -4.379  -4.384  -4.344  -4.326  -4.313  -4.264  -4.270
  38000.  4.00  -4.450  -4.459  -4.421  -4.397  -4.381  -4.324  -4.328
  38000.  4.50  -4.443  -4.451  -4.415  -4.394  -4.382  -4.329  -4.335
  38000.  5.00  -4.451  -4.457  -4.420  -4.401  -4.389  -4.339  -4.346
  39000.  4.00  -4.529  -4.538  -4.501  -4.478  -4.462  -4.406  -4.410
  39000.  4.50  -4.519  -4.529  -4.494  -4.474  -4.462  -4.409  -4.415
  39000.  5.00  -4.524  -4.532  -4.496  -4.478  -4.467  -4.416  -4.423
  40000.  4.50  -4.595  -4.605  -4.573  -4.553  -4.541  -4.489  -4.495
  40000.  5.00  -4.598  -4.607  -4.573  -4.555  -4.544  -4.494  -4.501
  41000.  4.50  -4.669  -4.680  -4.650  -4.630  -4.619  -4.567  -4.574
  41000.  5.00  -4.671  -4.681  -4.650  -4.631  -4.622  -4.571  -4.578
  42000.  4.50  -4.741  -4.754  -4.725  -4.705  -4.694  -4.644  -4.650
  42000.  5.00  -4.743  -4.754  -4.725  -4.707  -4.698  -4.648  -4.655
  43000.  4.50  -4.812  -4.825  -4.798  -4.778  -4.768  -4.718  -4.725
  43000.  5.00  -4.814  -4.826  -4.799  -4.781  -4.773  -4.723  -4.731
  44000.  4.50  -4.881  -4.895  -4.869  -4.850  -4.840  -4.791  -4.797
  44000.  5.00  -4.884  -4.897  -4.871  -4.853  -4.845  -4.797  -4.804
  45000.  4.50  -4.949  -4.964  -4.939  -4.919  -4.910  -4.862  -4.868
  45000.  5.00  -4.952  -4.966  -4.942  -4.924  -4.916  -4.868  -4.876
  46000.  4.50  -5.015  -5.031  -5.007  -4.988  -4.978  -4.931  -4.938
  46000.  5.00  -5.018  -5.033  -5.010  -4.993  -4.985  -4.938  -4.946
  47000.  4.50  -5.080  -5.098  -5.073  -5.055  -5.045  -4.999  -5.006
  47000.  5.00  -5.083  -5.099  -5.077  -5.060  -5.053  -5.006  -5.014
  48000.  4.50  -5.144  -5.163  -5.139  -5.120  -5.111  -5.065  -5.072
  48000.  5.00  -5.147  -5.164  -5.143  -5.126  -5.119  -5.073  -5.081
  49000.  4.50  -5.207  -5.226  -5.203  -5.185  -5.176  -5.131  -5.138
  49000.  5.00  -5.210  -5.228  -5.207  -5.191  -5.184  -5.139  -5.147
  50000.  5.00  -5.272  -5.290  -5.271  -5.254  -5.248  -5.203  -5.211
