   3500.  0.00 -10.44382  -9.76348 -10.89548  -9.14997  -8.47356  -6.32477  -5.32326  -4.11725  -3.21240  -2.45341  -2.09710  -0.57306  -0.29900
   3500.  0.50 -10.38466  -9.76668 -10.86265  -8.93611  -8.14624  -6.09580  -5.19409  -4.10739  -3.25825  -2.51614  -2.16892  -0.58377  -0.30242
   3500.  1.00 -10.31603  -9.76149 -10.81278  -8.70411  -7.81090  -5.87450  -5.07211  -4.09431  -3.29466  -2.56567  -2.22612  -0.58649  -0.29853
   3500.  1.50 -10.23235  -9.74422 -10.74087  -8.45292  -7.46446  -5.65380  -4.94208  -4.06392  -3.30803  -2.59073  -2.25749  -0.57684  -0.28413
   3500.  2.00 -10.13321  -9.71362 -10.64534  -8.18656  -7.10907  -5.43422  -4.80054  -4.01054  -3.29304  -2.58759  -2.25962  -0.55337  -0.25810
   3500.  2.50 -10.02056  -9.66820 -10.52393  -7.91892  -6.76458  -5.22248  -4.64561  -3.92986  -3.24417  -2.55184  -2.22813  -0.51398  -0.21890
   3500.  3.00  -9.89853  -9.60745 -10.37678  -7.66100  -6.44371  -5.02390  -4.48247  -3.82474  -3.16213  -2.48347  -2.16259  -0.45789  -0.16565
   3500.  3.50  -9.77635  -9.52849 -10.20153  -7.43036  -6.16449  -4.85538  -4.32634  -3.69847  -3.04116  -2.37262  -2.05139  -0.38092  -0.09489
   3500.  4.00  -9.65985  -9.43431 -10.00237  -7.22733  -5.92390  -4.71910  -4.18690  -3.55551  -2.88066  -2.21447  -1.88856  -0.28600  -0.01030
   3500.  4.50  -9.58274  -9.35734  -9.81015  -7.08108  -5.75199  -4.64583  -4.09233  -3.43607  -2.72649  -2.05393  -1.71961  -0.20866   0.05483
   3500.  5.00  -9.57041  -9.31083  -9.67607  -7.04768  -5.71370  -4.66998  -4.07113  -3.37877  -2.62487  -1.93551  -1.59058  -0.16113   0.09198
   3750.  0.00 -10.03246  -9.52951 -10.59681  -8.65157  -7.89068  -5.77258  -4.64139  -3.37759  -2.45637  -1.74930  -1.39605  -0.31577  -0.11156
   3750.  0.50  -9.97554  -9.53190 -10.54699  -8.44627  -7.57900  -5.58728  -4.52805  -3.36018  -2.46741  -1.77293  -1.42324  -0.32338  -0.11656
   3750.  1.00  -9.91962  -9.53172 -10.48073  -8.23956  -7.28116  -5.41441  -4.43028  -3.35304  -2.48754  -1.80311  -1.45654  -0.32878  -0.11839
   3750.  1.50  -9.86067  -9.52714 -10.39594  -8.03078  -6.99322  -5.24859  -4.33802  -3.34695  -2.50968  -1.83469  -1.49138  -0.33093  -0.11632
   3750.  2.00  -9.79622  -9.51711 -10.29382  -7.81581  -6.70474  -5.08612  -4.24593  -3.33649  -2.52906  -1.86362  -1.52394  -0.32910  -0.11018
   3750.  2.50  -9.72767  -9.49957 -10.17657  -7.60478  -6.42928  -4.93349  -4.15470  -3.31936  -2.54053  -1.88413  -1.54787  -0.32088  -0.09819
   3750.  3.00  -9.65264  -9.47260 -10.04766  -7.39820  -6.16734  -4.78722  -4.05887  -3.28949  -2.53768  -1.89041  -1.55740  -0.30437  -0.07885
   3750.  3.50  -9.57821  -9.43302  -9.90845  -7.21274  -5.93811  -4.66215  -3.96915  -3.24939  -2.51580  -1.87479  -1.54332  -0.27455  -0.04783
   3750.  4.00  -9.50695  -9.37388  -9.74667  -7.05756  -5.75341  -4.56480  -3.89756  -3.19703  -2.46415  -1.82145  -1.48828  -0.22248   0.00261
   3750.  4.50  -9.43402  -9.30457  -9.55657  -6.88683  -5.55049  -4.47471  -3.83072  -3.12632  -2.38269  -1.73372  -1.39698  -0.16086   0.05902
   3750.  5.00  -9.38954  -9.24815  -9.37540  -6.76952  -5.41710  -4.43012  -3.78807  -3.07145  -2.31069  -1.65267  -1.31112  -0.11179   0.10225
   4000.  0.00  -9.66280  -9.37325 -10.36445  -7.99491  -6.96587  -5.18063  -4.10067  -2.88977  -2.04810  -1.40833  -1.07911  -0.17094   0.00079
   4000.  0.50  -9.60505  -9.37366 -10.29297  -7.78685  -6.68404  -5.02643  -4.00410  -2.86716  -2.04562  -1.41556  -1.08876  -0.17758  -0.00591
   4000.  1.00  -9.55365  -9.37176 -10.20050  -7.58940  -6.42646  -4.88924  -3.92440  -2.85686  -2.05034  -1.42600  -1.09988  -0.18187  -0.00986
   4000.  1.50  -9.50704  -9.36762 -10.08735  -7.40505  -6.19382  -4.76676  -3.85592  -2.85397  -2.05952  -1.43880  -1.11235  -0.18503  -0.01218
   4000.  2.00  -9.45974  -9.36032  -9.95499  -7.22890  -5.97802  -4.65049  -3.78837  -2.85212  -2.06983  -1.45265  -1.12563  -0.18713  -0.01298
   4000.  2.50  -9.41679  -9.34980  -9.81042  -7.07167  -5.78919  -4.54988  -3.72905  -2.85339  -2.08194  -1.46751  -1.13959  -0.18789  -0.01199
   4000.  3.00  -9.37618  -9.33465  -9.66165  -6.93743  -5.63222  -4.46284  -3.67424  -2.85381  -2.09332  -1.48179  -1.15314  -0.18568  -0.00764
   4000.  3.50  -9.33973  -9.31333  -9.51632  -6.82631  -5.50438  -4.39178  -3.62751  -2.85501  -2.10337  -1.49327  -1.16352  -0.17785   0.00249
   4000.  4.00  -9.30536  -9.28015  -9.37082  -6.73691  -5.40487  -4.33600  -3.58997  -2.85172  -2.10363  -1.49156  -1.15984  -0.15714   0.02486
   4000.  4.50  -9.26703  -9.22699  -9.19497  -6.63583  -5.29265  -4.28460  -3.56766  -2.83748  -2.08417  -1.46315  -1.12841  -0.11639   0.06525
   4000.  5.00  -9.22397  -9.16607  -8.99183  -6.51384  -5.15819  -4.22967  -3.54399  -2.81067  -2.05032  -1.41964  -1.08218  -0.07208   0.10749
   4250.  0.00  -9.32856  -9.24550  -9.92882  -7.21251  -5.96899  -4.63850  -3.66196  -2.54775  -1.77736  -1.19350  -0.88580  -0.07364   0.07740
   4250.  0.50  -9.26770  -9.24051  -9.77375  -7.00243  -5.72224  -4.50115  -3.57591  -2.51931  -1.77023  -1.19799  -0.89426  -0.08279   0.06841
   4250.  1.00  -9.21643  -9.23177  -9.58741  -6.80814  -5.49974  -4.38230  -3.50836  -2.50453  -1.77080  -1.20528  -0.90332  -0.08844   0.06277
   4250.  1.50  -9.17083  -9.21904  -9.37998  -6.62434  -5.29316  -4.27611  -3.45109  -2.49852  -1.77618  -1.21425  -0.91240  -0.09205   0.05912
   4250.  2.00  -9.12814  -9.20289  -9.17601  -6.46085  -5.11279  -4.18083  -3.39702  -2.49520  -1.78233  -1.22307  -0.92041  -0.09491   0.05624
   4250.  2.50  -9.09166  -9.18555  -9.00780  -6.32785  -4.96600  -4.10181  -3.34980  -2.49620  -1.78999  -1.23200  -0.92751  -0.09711   0.05417
   4250.  3.00  -9.06548  -9.16893  -8.89026  -6.24177  -4.87062  -4.04646  -3.31323  -2.50274  -1.79908  -1.24029  -0.93274  -0.09769   0.05373
   4250.  3.50  -9.04836  -9.15263  -8.81004  -6.19580  -4.81893  -4.01104  -3.28644  -2.51348  -1.80971  -1.24861  -0.93740  -0.09654   0.05535
   4250.  4.00  -9.04168  -9.13395  -8.74296  -6.18564  -4.80873  -3.99736  -3.27162  -2.52988  -1.82182  -1.25586  -0.93998  -0.09144   0.06115
   4250.  4.50  -9.03700  -9.10215  -8.64334  -6.17867  -4.80714  -3.99233  -3.26775  -2.54597  -1.83008  -1.25587  -0.93497  -0.07607   0.07713
   4250.  5.00  -9.02541  -9.04313  -8.45704  -6.13894  -4.77654  -3.98067  -3.27765  -2.55671  -1.82977  -1.24235  -0.91681  -0.04488   0.10843
   4500.  0.00  -9.03477  -9.09183  -8.87127  -6.50437  -5.20822  -4.17731  -3.30740  -2.29785  -1.58435  -1.04237  -0.75100  -0.00115   0.13254
   4500.  0.50  -8.97651  -9.06718  -8.64113  -6.30867  -4.99824  -4.06103  -3.23435  -2.26927  -1.57571  -1.04594  -0.75922  -0.01330   0.12127
   4500.  1.00  -8.92881  -9.03206  -8.38986  -6.13034  -4.81303  -3.96265  -3.17920  -2.25300  -1.57422  -1.05214  -0.76812  -0.02137   0.11381
   4500.  1.50  -8.88721  -8.98571  -8.13234  -5.96377  -4.64393  -3.87613  -3.13432  -2.24479  -1.57737  -1.05999  -0.77719  -0.02679   0.10877
   4500.  2.00  -8.84860  -8.92937  -7.88981  -5.81107  -4.49092  -3.79875  -3.09390  -2.24083  -1.58255  -1.06829  -0.78560  -0.03077   0.10499
   4500.  2.50  -8.81154  -8.87314  -7.70230  -5.68304  -4.36062  -3.72966  -3.05430  -2.23881  -1.58820  -1.07635  -0.79287  -0.03418   0.10160
   4500.  3.00  -8.78320  -8.83401  -7.60876  -5.59968  -4.26988  -3.67943  -3.02227  -2.24203  -1.59526  -1.08374  -0.79792  -0.03590   0.09976
   4500.  3.50  -8.76429  -8.81188  -7.59641  -5.56354  -4.22297  -3.64886  -2.99836  -2.24967  -1.60320  -1.09023  -0.80088  -0.03600   0.09948
   4500.  4.00  -8.75747  -8.80525  -7.64458  -5.57273  -4.22088  -3.63974  -2.98585  -2.26418  -1.61359  -1.09639  -0.80213  -0.03344   0.10197
   4500.  4.50  -8.76088  -8.80253  -7.70810  -5.61242  -4.25382  -3.64889  -2.98299  -2.28423  -1.62538  -1.10138  -0.80101  -0.02803   0.10729
   4500.  5.00  -8.77075  -8.78550  -7.73156  -5.65844  -4.30143  -3.67151  -2.99226  -2.30765  -1.63668  -1.10263  -0.79555  -0.01564   0.11962
   4750.  0.00  -8.74892  -8.82697  -7.77155  -5.90455  -4.63827  -3.76160  -2.99747  -2.09619  -1.43827  -0.93386  -0.65770   0.05046   0.16969
   4750.  0.50  -8.69524  -8.76268  -7.52696  -5.71500  -4.44364  -3.66485  -2.93787  -2.07146  -1.43050  -0.93721  -0.66547   0.03597   0.15633
   4750.  1.00  -8.65103  -8.68314  -7.28409  -5.54500  -4.27524  -3.58475  -2.89400  -2.05644  -1.42829  -0.94252  -0.67371   0.02554   0.14692
   4750.  1.50  -8.61256  -8.58802  -7.04944  -5.39167  -4.12796  -3.51685  -2.86052  -2.04815  -1.42993  -0.94916  -0.68216   0.01796   0.14020
   4750.  2.00  -8.57627  -8.48006  -6.83055  -5.25254  -3.99685  -3.45776  -2.83239  -2.04373  -1.43367  -0.95645  -0.69044   0.01203   0.13493
   4750.  2.50  -8.54040  -8.37502  -6.65195  -5.13317  -3.88289  -3.40522  -2.80505  -2.04059  -1.43774  -0.96358  -0.69792   0.00700   0.13028
   4750.  3.00  -8.50888  -8.29623  -6.54473  -5.04733  -3.79494  -3.36341  -2.78023  -2.03983  -1.44222  -0.97010  -0.70377   0.00332   0.12673
   4750.  3.50  -8.48545  -8.25707  -6.52380  -5.00475  -3.74107  -3.33625  -2.76008  -2.04293  -1.44754  -0.97572  -0.70726   0.00176   0.12502
   4750.  4.00  -8.47173  -8.25669  -6.58482  -5.00589  -3.72308  -3.32429  -2.74600  -2.05054  -1.45416  -0.98066  -0.70867   0.00264   0.12569
   4750.  4.50  -8.46948  -8.28568  -6.70806  -5.04618  -3.74163  -3.32874  -2.73986  -2.06397  -1.46268  -0.98499  -0.70789   0.00623   0.12902
   4750.  5.00  -8.47797  -8.32679  -6.85722  -5.11295  -3.78990  -3.34862  -2.74195  -2.08294  -1.47278  -0.98838  -0.70477   0.01247   0.13485
   5000.  0.00  -8.42775  -8.45545  -7.00150  -5.40853  -4.18862  -3.37423  -2.71228  -1.91850  -1.31913  -0.85368  -0.59404   0.07817   0.18725
   5000.  0.50  -8.37879  -8.34403  -6.73687  -5.21992  -4.00047  -3.29664  -2.66803  -1.90153  -1.31545  -0.85875  -0.60266   0.06308   0.17284
   5000.  1.00  -8.33575  -8.21255  -6.47579  -5.04556  -3.83358  -3.23075  -2.63485  -1.89087  -1.31517  -0.86471  -0.61117   0.05128   0.16185
   5000.  1.50  -8.29797  -8.06809  -6.23335  -4.89042  -3.69032  -3.17656  -2.61100  -1.88533  -1.31748  -0.87125  -0.61939   0.04215   0.15353
   5000.  2.00  -8.26333  -7.91941  -6.01729  -4.75462  -3.56802  -3.13240  -2.59316  -1.88294  -1.32124  -0.87803  -0.62726   0.03477   0.14689
   5000.  2.50  -8.23071  -7.77988  -5.83764  -4.63953  -3.46458  -3.09584  -2.57772  -1.88166  -1.32517  -0.88446  -0.63437   0.02863   0.14131
   5000.  3.00  -8.20224  -7.67038  -5.71418  -4.55328  -3.38308  -3.06800  -2.56376  -1.88102  -1.32862  -0.89003  -0.64007   0.02376   0.13678
   5000.  3.50  -8.17933  -7.60126  -5.65649  -4.50114  -3.32621  -3.04956  -2.55137  -1.88173  -1.33189  -0.89462  -0.64393   0.02066   0.13375
   5000.  4.00  -8.16431  -7.57829  -5.67225  -4.48862  -3.29830  -3.04226  -2.54177  -1.88482  -1.33532  -0.89806  -0.64545   0.02007   0.13304
   5000.  4.50  -8.15733  -7.59592  -5.75555  -4.51349  -3.29944  -3.04560  -2.53543  -1.89139  -1.33972  -0.90076  -0.64482   0.02213   0.13484
   5000.  5.00  -8.15909  -7.64299  -5.89032  -4.56829  -3.32688  -3.05884  -2.53309  -1.90216  -1.34553  -0.90286  -0.64208   0.02676   0.13907
   5250.  0.00  -8.08588  -8.04677  -6.41717  -4.98285  -3.81688  -3.01104  -2.44564  -1.75575  -1.21690  -0.79227  -0.55074   0.08070   0.18335
   5250.  0.50  -8.03676  -7.89763  -6.15738  -4.80828  -3.64310  -2.95773  -2.42057  -1.74947  -1.21935  -0.80012  -0.56079   0.06752   0.17002
   5250.  1.00  -7.98671  -7.72504  -5.89363  -4.63810  -3.48161  -2.90937  -2.40113  -1.74611  -1.22308  -0.80790  -0.57023   0.05629   0.15898
   5250.  1.50  -7.93768  -7.54183  -5.64564  -4.48240  -3.33986  -2.86892  -2.38781  -1.74567  -1.22797  -0.81555  -0.57899   0.04697   0.15002
   5250.  2.00  -7.89048  -7.35992  -5.42253  -4.34396  -3.21785  -2.83632  -2.37912  -1.74728  -1.23357  -0.82299  -0.58713   0.03916   0.14266
   5250.  2.50  -7.84798  -7.19463  -5.23531  -4.22696  -3.11623  -2.81170  -2.37346  -1.74977  -1.23899  -0.82971  -0.59424   0.03272   0.13665
   5250.  3.00  -7.81414  -7.06331  -5.09684  -4.13667  -3.03578  -2.79538  -2.36946  -1.75219  -1.24339  -0.83522  -0.59985   0.02760   0.13184
   5250.  3.50  -7.78977  -6.97289  -5.01305  -4.07625  -2.97697  -2.78684  -2.36625  -1.75443  -1.24668  -0.83932  -0.60360   0.02416   0.12856
   5250.  4.00  -7.77540  -6.92975  -4.99276  -4.05152  -2.94328  -2.78729  -2.36406  -1.75686  -1.24879  -0.84172  -0.60495   0.02297   0.12734
   5250.  4.50  -7.76768  -6.92616  -5.03116  -4.06036  -2.93361  -2.79530  -2.36246  -1.76025  -1.25047  -0.84282  -0.60408   0.02419   0.12837
   5250.  5.00  -7.76587  -6.95414  -5.12183  -4.09959  -2.94732  -2.81001  -2.36168  -1.76556  -1.25243  -0.84296  -0.60103   0.02795   0.13177
   5500.  0.00  -7.74368  -7.61175  -5.91663  -4.60947  -3.50959  -2.68033  -2.20172  -1.60859  -1.12939  -0.74590  -0.52335   0.06163   0.16048
   5500.  0.50  -7.68752  -7.44314  -5.68166  -4.45708  -3.35419  -2.65113  -2.19543  -1.61322  -1.13809  -0.75626  -0.53430   0.05218   0.14976
   5500.  1.00  -7.61777  -7.24721  -5.43420  -4.29994  -3.20218  -2.62199  -2.19067  -1.61799  -1.14629  -0.76582  -0.54435   0.04335   0.14024
   5500.  1.50  -7.53862  -7.04023  -5.19412  -4.14977  -3.06345  -2.59683  -2.18913  -1.62384  -1.15454  -0.77490  -0.55371   0.03540   0.13197
   5500.  2.00  -7.45507  -6.83599  -4.97201  -4.01154  -2.94071  -2.57603  -2.19010  -1.63054  -1.16288  -0.78361  -0.56251   0.02821   0.12476
   5500.  2.50  -7.37746  -6.65203  -4.78090  -3.89192  -2.83689  -2.56142  -2.19323  -1.63752  -1.17065  -0.79139  -0.57019   0.02209   0.11875
   5500.  3.00  -7.31514  -6.50209  -4.62980  -3.79474  -2.75191  -2.55300  -2.19725  -1.64394  -1.17723  -0.79793  -0.57649   0.01703   0.11385
   5500.  3.50  -7.27279  -6.39377  -4.52581  -3.72421  -2.68699  -2.55116  -2.20184  -1.64961  -1.18227  -0.80275  -0.58079   0.01367   0.11059
   5500.  4.00  -7.25334  -6.33547  -4.47836  -3.68624  -2.64490  -2.55703  -2.20665  -1.65412  -1.18515  -0.80525  -0.58239   0.01248   0.10939
   5500.  4.50  -7.24927  -6.31787  -4.48257  -3.67913  -2.62470  -2.56915  -2.21091  -1.65777  -1.18634  -0.80578  -0.58152   0.01356   0.11033
   5500.  5.00  -7.25585  -6.33550  -4.53775  -3.70303  -2.62727  -2.58737  -2.21452  -1.66118  -1.18628  -0.80449  -0.57807   0.01718   0.11366
   5750.  0.00  -7.38429  -7.14485  -5.47607  -4.29197  -3.26767  -2.39537  -1.98824  -1.48067  -1.05738  -0.71355  -0.51006   0.02672   0.12399
   5750.  0.50  -7.31384  -6.97597  -5.27427  -4.16316  -3.13118  -2.38643  -1.99733  -1.49403  -1.07046  -0.72474  -0.52013   0.02209   0.11674
   5750.  1.00  -7.21523  -6.77407  -5.05094  -4.02086  -2.98882  -2.37344  -2.00500  -1.50602  -1.08254  -0.73545  -0.53004   0.01675   0.10953
   5750.  1.50  -7.09691  -6.55787  -4.82542  -3.87791  -2.85264  -2.36140  -2.01384  -1.51795  -1.09417  -0.74579  -0.53968   0.01117   0.10271
   5750.  2.00  -6.97049  -6.34447  -4.61153  -3.74246  -2.72894  -2.35221  -2.02427  -1.53001  -1.10544  -0.75570  -0.54890   0.00567   0.09648
   5750.  2.50  -6.85152  -6.15120  -4.42179  -3.62130  -2.62115  -2.34723  -2.03592  -1.54178  -1.11585  -0.76475  -0.55724   0.00055   0.09097
   5750.  3.00  -6.75158  -5.98819  -4.26320  -3.51776  -2.52958  -2.34596  -2.04772  -1.55271  -1.12511  -0.77272  -0.56446  -0.00402   0.08627
   5750.  3.50  -6.68056  -5.86624  -4.14566  -3.43772  -2.45631  -2.34941  -2.05933  -1.56237  -1.13256  -0.77890  -0.56977  -0.00727   0.08300
   5750.  4.00  -6.64456  -5.79321  -4.07650  -3.38582  -2.40294  -2.35797  -2.06989  -1.57005  -1.13755  -0.78271  -0.57256  -0.00869   0.08155
   5750.  4.50  -6.63728  -5.76310  -4.05400  -3.36256  -2.37011  -2.37146  -2.07917  -1.57583  -1.14003  -0.78401  -0.57256  -0.00785   0.08230
   5750.  5.00  -6.65508  -5.77423  -4.08076  -3.37037  -2.35989  -2.39075  -2.08701  -1.57983  -1.13996  -0.78256  -0.56934  -0.00421   0.08573
   6000.  0.00  -6.99928  -6.67808  -5.09806  -4.02737  -3.08435  -2.14670  -1.79966  -1.37108  -1.00140  -0.69578  -0.51129  -0.02108   0.07645
   6000.  0.50  -6.91726  -6.52089  -4.92959  -3.92426  -2.96707  -2.16364  -1.82599  -1.39135  -1.01527  -0.70409  -0.51668  -0.01882   0.07475
   6000.  1.00  -6.79168  -6.32300  -4.72978  -3.79627  -2.83445  -2.16488  -1.84398  -1.40905  -1.02979  -0.71458  -0.52500  -0.01971   0.07061
   6000.  1.50  -6.64131  -6.10815  -4.52040  -3.66071  -2.70103  -2.16365  -1.86124  -1.42613  -1.04414  -0.72548  -0.53409  -0.02211   0.06580
   6000.  2.00  -6.48340  -5.89485  -4.31651  -3.52779  -2.57528  -2.16403  -1.87962  -1.44315  -1.05815  -0.73629  -0.54328  -0.02529   0.06092
   6000.  2.50  -6.33445  -5.69812  -4.12910  -3.40419  -2.46165  -2.16693  -1.89882  -1.45973  -1.07145  -0.74669  -0.55220  -0.02894   0.05622
   6000.  3.00  -6.20639  -5.52787  -3.96638  -3.29473  -2.36228  -2.17233  -1.91809  -1.47541  -1.08363  -0.75620  -0.56034  -0.03256   0.05202
   6000.  3.50  -6.11195  -5.39750  -3.83997  -3.20629  -2.27993  -2.18079  -1.93634  -1.48927  -1.09382  -0.76405  -0.56689  -0.03551   0.04879
   6000.  4.00  -6.05582  -5.31121  -3.75372  -3.14126  -2.21445  -2.19175  -1.95280  -1.50093  -1.10171  -0.76986  -0.57139  -0.03719   0.04701
   6000.  4.50  -6.03730  -5.26988  -3.71132  -3.10347  -2.16848  -2.20601  -1.96720  -1.50993  -1.10652  -0.77274  -0.57284  -0.03667   0.04745
   6000.  5.00  -6.05473  -5.27230  -3.71416  -3.09490  -2.14378  -2.22432  -1.97889  -1.51592  -1.10793  -0.77238  -0.57082  -0.03345   0.05054
   6250.  0.50  -6.51860  -6.10469  -4.64026  -3.72700  -2.84716  -1.96502  -1.67195  -1.30288  -0.97326  -0.69577  -0.52558  -0.06991   0.02410
   6250.  1.00  -6.37909  -5.91611  -4.46175  -3.61591  -2.72537  -1.98883  -1.70415  -1.32512  -0.98662  -0.70210  -0.52824  -0.06408   0.02532
   6250.  1.50  -6.21111  -5.70796  -4.26790  -3.48911  -2.59652  -1.99952  -1.72931  -1.34629  -1.00227  -0.71210  -0.53523  -0.06223   0.02338
   6250.  2.00  -6.03589  -5.49829  -4.07309  -3.35870  -2.46943  -2.00829  -1.75408  -1.36740  -1.01844  -0.72331  -0.54383  -0.06250   0.02029
   6250.  2.50  -5.86884  -5.30005  -3.88772  -3.23235  -2.34998  -2.01761  -1.77934  -1.38833  -1.03452  -0.73489  -0.55310  -0.06424   0.01661
   6250.  3.00  -5.72331  -5.12588  -3.72264  -3.11728  -2.24265  -2.02851  -1.80470  -1.40847  -1.04975  -0.74607  -0.56223  -0.06678   0.01286
   6250.  3.50  -5.61193  -4.98815  -3.58770  -3.01931  -2.14933  -2.04122  -1.82935  -1.42704  -1.06330  -0.75603  -0.57029  -0.06929   0.00969
   6250.  4.00  -5.53805  -4.89048  -3.48742  -2.94198  -2.07160  -2.05490  -1.85204  -1.44330  -1.07457  -0.76412  -0.57662  -0.07112   0.00759
   6250.  4.50  -5.50655  -4.83919  -3.42906  -2.89080  -2.01237  -2.07013  -1.87172  -1.45620  -1.08241  -0.76920  -0.57999  -0.07107   0.00751
   6250.  5.00  -5.51452  -4.83084  -3.41157  -2.86641  -1.97262  -2.08715  -1.88767  -1.46533  -1.08643  -0.77086  -0.57991  -0.06866   0.00987
   6500.  0.50  -6.14087  -5.73330  -4.39240  -3.55942  -2.75452  -1.79480  -1.54105  -1.22864  -0.94176  -0.69616  -0.54302  -0.12760  -0.03227
   6500.  1.00  -6.00164  -5.56400  -4.23832  -3.46716  -2.64807  -1.82890  -1.57602  -1.25203  -0.95420  -0.69996  -0.54193  -0.11691  -0.02728
   6500.  1.50  -5.82697  -5.36249  -4.05737  -3.35104  -2.52501  -1.85915  -1.61356  -1.27676  -0.96808  -0.70561  -0.54325  -0.10866  -0.02411
   6500.  2.00  -5.64422  -5.15706  -3.87106  -3.22511  -2.39936  -1.87809  -1.64489  -1.30114  -0.98508  -0.71582  -0.54981  -0.10507  -0.02460
   6500.  2.50  -5.46864  -4.95982  -3.68946  -3.09849  -2.27700  -1.89476  -1.67556  -1.32569  -1.00313  -0.72783  -0.55862  -0.10422  -0.02678
   6500.  3.00  -5.31359  -4.78353  -3.52293  -2.97867  -2.16261  -1.91124  -1.70628  -1.34994  -1.02115  -0.74040  -0.56833  -0.10515  -0.02974
   6500.  3.50  -5.18834  -4.63739  -3.37944  -2.87131  -2.05911  -1.92769  -1.73645  -1.37319  -1.03831  -0.75264  -0.57801  -0.10716  -0.03291
   6500.  4.00  -5.09958  -4.52909  -3.26684  -2.78220  -1.96930  -1.94417  -1.76495  -1.39430  -1.05340  -0.76337  -0.58641  -0.10912  -0.03544
   6500.  4.50  -5.05494  -4.46739  -3.19362  -2.71747  -1.89609  -1.96056  -1.79005  -1.41175  -1.06501  -0.77125  -0.59216  -0.10970  -0.03624
   6500.  5.00  -5.04839  -4.44616  -3.15759  -2.67758  -1.84119  -1.97675  -1.81080  -1.42500  -1.07260  -0.77571  -0.59465  -0.10838  -0.03494
   6750.  0.50  -5.78168  -5.39243  -4.16800  -3.40992  -2.67289  -1.66132  -1.44318  -1.17218  -0.91907  -0.70020  -0.56232  -0.18505  -0.08834
   6750.  1.00  -5.66529  -5.25837  -4.04595  -3.33852  -2.58791  -1.68946  -1.46647  -1.19090  -0.93092  -0.70543  -0.56311  -0.17496  -0.08440
   6750.  1.50  -5.49625  -5.07090  -3.88138  -3.23595  -2.47526  -1.72905  -1.50591  -1.21593  -0.94320  -0.70828  -0.56060  -0.16245  -0.07798
   6750.  2.00  -5.30985  -4.86753  -3.70171  -3.11646  -2.35254  -1.76582  -1.54865  -1.24348  -0.95824  -0.71412  -0.56153  -0.15278  -0.07368
   6750.  2.50  -5.13215  -4.67326  -3.52528  -2.99246  -2.23053  -1.79205  -1.58538  -1.27097  -0.97688  -0.72512  -0.56835  -0.14833  -0.07346
   6750.  3.00  -4.97218  -4.49578  -3.35877  -2.87054  -2.11261  -1.81503  -1.62109  -1.29872  -0.99693  -0.73837  -0.57792  -0.14712  -0.07520
   6750.  3.50  -4.83735  -4.34304  -3.20964  -2.75677  -2.00218  -1.83636  -1.65622  -1.32607  -1.01710  -0.75239  -0.58865  -0.14806  -0.07801
   6750.  4.00  -4.73717  -4.22568  -3.08733  -2.65789  -1.90215  -1.85633  -1.69004  -1.35188  -1.03598  -0.76568  -0.59897  -0.14977  -0.08075
   6750.  4.50  -4.67606  -4.14949  -2.99826  -2.57934  -1.81593  -1.87413  -1.72023  -1.37423  -1.05192  -0.77691  -0.60761  -0.15133  -0.08266
   6750.  5.00  -4.65397  -4.11437  -2.94512  -2.52445  -1.74605  -1.89034  -1.74633  -1.39243  -1.06392  -0.78477  -0.61309  -0.15112  -0.08247
   7000.  0.50  -5.42721  -5.06138  -3.94859  -3.26514  -2.59022  -1.55560  -1.37166  -1.13181  -0.90562  -0.70872  -0.58422  -0.24107  -0.14356
   7000.  1.00  -5.34848  -4.97028  -3.86247  -3.21747  -2.52945  -1.58135  -1.38652  -1.14552  -0.91489  -0.71319  -0.58475  -0.23157  -0.14001
   7000.  1.50  -5.20705  -4.81572  -3.72565  -3.13350  -2.43483  -1.61522  -1.41351  -1.16520  -0.92619  -0.71754  -0.58445  -0.22049  -0.13562
   7000.  2.00  -5.02957  -4.62476  -3.55900  -3.02486  -2.32016  -1.66113  -1.45806  -1.19271  -0.93921  -0.72039  -0.58147  -0.20685  -0.12833
   7000.  2.50  -4.85056  -4.43154  -3.38648  -2.90475  -2.19993  -1.70254  -1.50525  -1.22327  -0.95618  -0.72750  -0.58323  -0.19688  -0.12371
   7000.  3.00  -4.68877  -4.25418  -3.22180  -2.78365  -2.08176  -1.73431  -1.54693  -1.25412  -0.97706  -0.74002  -0.59110  -0.19240  -0.12328
   7000.  3.50  -4.54923  -4.09863  -3.07106  -2.66742  -1.96824  -1.76178  -1.58674  -1.28482  -0.99924  -0.75486  -0.60189  -0.19147  -0.12511
   7000.  4.00  -4.43971  -3.97333  -2.94157  -2.56181  -1.86184  -1.78621  -1.62521  -1.31464  -1.02124  -0.77023  -0.61362  -0.19259  -0.12778
   7000.  4.50  -4.36329  -3.88266  -2.83907  -2.47198  -1.76566  -1.80709  -1.66088  -1.34208  -1.04149  -0.78461  -0.62481  -0.19457  -0.13042
   7000.  5.00  -4.32563  -3.83290  -2.77024  -2.40356  -1.68289  -1.82458  -1.69233  -1.36546  -1.05812  -0.79607  -0.63341  -0.19552  -0.13147
   7250.  0.50  -5.05195  -4.70837  -3.70785  -3.10984  -2.48966  -1.48494  -1.33220  -1.11003  -0.90104  -0.71946  -0.60523  -0.29131  -0.19464
   7250.  1.00  -5.04137  -4.68804  -3.67764  -3.09555  -2.46532  -1.49525  -1.32813  -1.11398  -0.90731  -0.72537  -0.60916  -0.28723  -0.19524
   7250.  1.50  -4.93310  -4.56913  -3.57023  -3.03147  -2.39005  -1.52816  -1.34830  -1.12915  -0.91585  -0.72855  -0.60817  -0.27634  -0.19108
   7250.  2.00  -4.78584  -4.41083  -3.42994  -2.94050  -2.29201  -1.56737  -1.37973  -1.15094  -0.92784  -0.73320  -0.60787  -0.26484  -0.18644
   7250.  2.50  -4.61455  -4.22701  -3.26731  -2.82904  -2.17829  -1.61827  -1.42945  -1.18164  -0.94264  -0.73710  -0.60548  -0.25092  -0.17882
   7250.  3.00  -4.45142  -4.04990  -3.10535  -2.71085  -2.06188  -1.66351  -1.48032  -1.21517  -0.96189  -0.74607  -0.60873  -0.24147  -0.17457
   7250.  3.50  -4.31054  -3.89412  -2.95560  -2.59513  -1.94844  -1.69891  -1.52551  -1.24871  -0.98487  -0.76038  -0.61812  -0.23767  -0.17447
   7250.  4.00  -4.19383  -3.76252  -2.82182  -2.48609  -1.83953  -1.72893  -1.56870  -1.28205  -1.00915  -0.77692  -0.63034  -0.23742  -0.17646
   7250.  4.50  -4.10645  -3.66113  -2.71014  -2.38886  -1.73725  -1.75438  -1.60963  -1.31395  -1.03287  -0.79366  -0.64320  -0.23904  -0.17919
   7250.  5.00  -4.05515  -3.59781  -2.62817  -2.30962  -1.64487  -1.77485  -1.64651  -1.34235  -1.05378  -0.80838  -0.65449  -0.24069  -0.18110
   7500.  0.50  -4.59891  -4.26929  -3.38950  -2.90629  -2.33354  -1.47202  -1.35033  -1.12311  -0.91267  -0.73223  -0.62057  -0.32502  -0.23311
   7500.  1.00  -4.73150  -4.39485  -3.47577  -2.96173  -2.38486  -1.43224  -1.29401  -1.09882  -0.91003  -0.74287  -0.63657  -0.34016  -0.24866
   7500.  1.50  -4.66983  -4.32574  -3.40960  -2.92435  -2.33690  -1.45810  -1.30231  -1.10639  -0.91440  -0.74472  -0.63549  -0.33178  -0.24634
   7500.  2.00  -4.55139  -4.19834  -3.29515  -2.85157  -2.25579  -1.49719  -1.32719  -1.12350  -0.92318  -0.74774  -0.63407  -0.32039  -0.24209
   7500.  2.50  -4.40845  -4.04569  -3.15812  -2.75800  -2.15791  -1.54242  -1.36324  -1.14777  -0.93623  -0.75311  -0.63417  -0.30892  -0.23752
   7500.  3.00  -4.25134  -3.87603  -3.00436  -2.64703  -2.04731  -1.59718  -1.41764  -1.18156  -0.95299  -0.75843  -0.63284  -0.29528  -0.22999
   7500.  3.50  -4.10867  -3.71944  -2.85615  -2.53333  -1.93602  -1.64352  -1.47098  -1.21778  -0.97486  -0.76982  -0.63827  -0.28709  -0.22644
   7500.  4.00  -3.98866  -3.58504  -2.72138  -2.42396  -1.82744  -1.68080  -1.51916  -1.25393  -1.00010  -0.78615  -0.64946  -0.28438  -0.22683
   7500.  4.50  -3.89457  -3.47707  -2.60472  -2.32310  -1.72270  -1.71186  -1.56488  -1.28938  -1.02610  -0.80413  -0.66289  -0.28479  -0.22895
   7500.  5.00  -3.83162  -3.40166  -2.51218  -2.23597  -1.62457  -1.73641  -1.60701  -1.32236  -1.05072  -0.82156  -0.67629  -0.28655  -0.23120
   7750.  1.00  -4.40825  -4.08074  -3.24726  -2.80941  -2.28003  -1.39966  -1.28880  -1.10252  -0.92356  -0.76509  -0.66544  -0.38868  -0.29929
   7750.  1.50  -4.40791  -4.07410  -3.23222  -2.80428  -2.26632  -1.40872  -1.27796  -1.09909  -0.92334  -0.76678  -0.66645  -0.38522  -0.30055
   7750.  2.00  -4.32488  -3.98391  -3.14867  -2.75242  -2.20568  -1.44434  -1.29438  -1.11023  -0.92817  -0.76782  -0.66386  -0.37466  -0.29691
   7750.  2.50  -4.20990  -3.86197  -3.03786  -2.67731  -2.12492  -1.48748  -1.32267  -1.12910  -0.93774  -0.77169  -0.66324  -0.36394  -0.29324
   7750.  3.00  -4.07792  -3.72248  -2.91087  -2.58585  -2.03155  -1.53629  -1.36273  -1.15568  -0.95203  -0.77806  -0.66416  -0.35324  -0.28903
   7750.  3.50  -3.93687  -3.56960  -2.76908  -2.47853  -1.92662  -1.59260  -1.42040  -1.19185  -0.97054  -0.78493  -0.66421  -0.34075  -0.28214
   7750.  4.00  -3.81475  -3.43353  -2.63480  -2.37048  -1.82022  -1.63930  -1.47553  -1.23034  -0.99480  -0.79868  -0.67184  -0.33389  -0.27936
   7750.  4.50  -3.71704  -3.32201  -2.51619  -2.26883  -1.71602  -1.67663  -1.52579  -1.26847  -1.02183  -0.81667  -0.68454  -0.33219  -0.27998
   7750.  5.00  -3.64513  -3.23701  -2.41640  -2.17700  -1.61557  -1.70623  -1.57273  -1.30525  -1.04915  -0.83582  -0.69901  -0.33320  -0.28190
   8000.  1.00  -4.06813  -3.74221  -2.98485  -2.62976  -2.14356  -1.40173  -1.31959  -1.13208  -0.95358  -0.79554  -0.69761  -0.43096  -0.34624
   8000.  1.50  -4.15139  -3.82348  -3.04715  -2.67630  -2.18303  -1.37843  -1.27323  -1.10598  -0.94209  -0.79507  -0.70177  -0.43842  -0.35512
   8000.  2.00  -4.10765  -3.77449  -2.99892  -2.64813  -2.14674  -1.40485  -1.27759  -1.10925  -0.94250  -0.79439  -0.69883  -0.43009  -0.35295
   8000.  2.50  -4.01928  -3.68024  -2.91179  -2.59005  -2.08244  -1.44631  -1.29966  -1.12321  -0.94824  -0.79568  -0.69611  -0.41902  -0.34899
   8000.  3.00  -3.91026  -3.56554  -2.80609  -2.51446  -2.00337  -1.49404  -1.33224  -1.14457  -0.95898  -0.80037  -0.69600  -0.40849  -0.34539
   8000.  3.50  -3.78976  -3.43805  -2.68751  -2.42484  -1.91341  -1.54696  -1.37720  -1.17402  -0.97467  -0.80765  -0.69745  -0.39800  -0.34102
   8000.  4.00  -3.66655  -3.30363  -2.55892  -2.32269  -1.81408  -1.60212  -1.43642  -1.21186  -0.99493  -0.81641  -0.69942  -0.38707  -0.33496
   8000.  4.50  -3.56572  -3.18906  -2.43977  -2.22193  -1.71285  -1.64655  -1.49187  -1.25183  -1.02125  -0.83236  -0.70923  -0.38184  -0.33285
   8000.  5.00  -3.48714  -3.09748  -2.33623  -2.12854  -1.61346  -1.68211  -1.54312  -1.29123  -1.04967  -0.85176  -0.72330  -0.38118  -0.33370
   8250.  1.00  -3.74005  -3.40788  -2.70397  -2.42774  -1.97935  -1.43443  -1.38319  -1.19038  -1.00660  -0.84200  -0.74096  -0.47138  -0.39561
   8250.  1.50  -3.90238  -3.57659  -2.85564  -2.54142  -2.08786  -1.37069  -1.29024  -1.12892  -0.97178  -0.82997  -0.74109  -0.49047  -0.40959
   8250.  2.00  -3.89899  -3.56984  -2.84536  -2.53894  -2.07831  -1.38168  -1.27764  -1.12116  -0.96635  -0.82748  -0.73870  -0.48633  -0.41032
   8250.  2.50  -3.83818  -3.50478  -2.78413  -2.49927  -2.03220  -1.41771  -1.29068  -1.12869  -0.96783  -0.82649  -0.73466  -0.47613  -0.40700
   8250.  3.00  -3.75079  -3.41321  -2.69915  -2.43923  -1.96792  -1.46389  -1.31696  -1.14489  -0.97439  -0.82835  -0.73224  -0.46504  -0.40303
   8250.  3.50  -3.65009  -3.30842  -2.60131  -2.36562  -1.89247  -1.51418  -1.35312  -1.16847  -0.98639  -0.83411  -0.73299  -0.45506  -0.39940
   8250.  4.00  -3.54033  -3.19212  -2.49120  -2.27869  -1.80681  -1.56868  -1.40280  -1.20066  -1.00338  -0.84201  -0.73472  -0.44475  -0.39446
   8250.  4.50  -3.43436  -3.07386  -2.37300  -2.18052  -1.71111  -1.62108  -1.46276  -1.24001  -1.02548  -0.85258  -0.73843  -0.43477  -0.38857
   8250.  5.00  -3.35170  -2.97813  -2.26793  -2.08735  -1.61449  -1.66275  -1.51809  -1.28085  -1.05324  -0.87028  -0.75005  -0.43102  -0.38703
   8500.  1.50  -3.67673  -3.35184  -2.67327  -2.41003  -1.99045  -1.38352  -1.32623  -1.16690  -1.01233  -0.87193  -0.78482  -0.54132  -0.46424
   8500.  2.00  -3.70561  -3.37891  -2.69662  -2.43172  -2.00712  -1.37631  -1.29477  -1.14616  -0.99961  -0.86683  -0.78286  -0.54277  -0.46846
   8500.  2.50  -3.66880  -3.33841  -2.65776  -2.40759  -1.97710  -1.40287  -1.29708  -1.14640  -0.99686  -0.86400  -0.77841  -0.53449  -0.46633
   8500.  3.00  -3.60175  -3.26806  -2.59208  -2.36169  -1.92677  -1.44409  -1.31575  -1.15691  -0.99936  -0.86330  -0.77420  -0.52347  -0.46223
   8500.  3.50  -3.51793  -3.18154  -2.51141  -2.30163  -1.86425  -1.49268  -1.34543  -1.17509  -1.00686  -0.86589  -0.77231  -0.51264  -0.45809
   8500.  4.00  -3.42440  -3.08530  -2.42070  -2.23039  -1.79230  -1.54517  -1.38507  -1.20079  -1.01993  -0.87256  -0.77376  -0.50317  -0.45443
   8500.  4.50  -3.32341  -2.97723  -2.31628  -2.14466  -1.70916  -1.59999  -1.43911  -1.23518  -1.03755  -0.88032  -0.77498  -0.49238  -0.44836
   8500.  5.00  -3.23453  -2.87559  -2.20926  -2.05169  -1.61672  -1.64755  -1.49790  -1.27504  -1.06116  -0.89274  -0.78065  -0.48362  -0.44262
   8750.  1.50  -3.48264  -3.15774  -2.50793  -2.28679  -1.89402  -1.40850  -1.37278  -1.21429  -1.06057  -0.91979  -0.83300  -0.59248  -0.52026
   8750.  2.00  -3.53492  -3.21127  -2.56254  -2.33391  -1.94034  -1.38617  -1.32534  -1.18165  -1.04037  -0.91116  -0.83024  -0.59873  -0.52668
   8750.  2.50  -3.51744  -3.19033  -2.54286  -2.32358  -1.92556  -1.40246  -1.31760  -1.17531  -1.03429  -0.90744  -0.82654  -0.59385  -0.52688
   8750.  3.00  -3.46639  -3.13603  -2.49211  -2.28858  -1.88628  -1.43727  -1.32830  -1.18019  -1.03328  -0.90498  -0.82161  -0.58411  -0.52376
   8750.  3.50  -3.39649  -3.06387  -2.42508  -2.23908  -1.83403  -1.48232  -1.35100  -1.19275  -1.03636  -0.90455  -0.81739  -0.57282  -0.51933
   8750.  4.00  -3.31529  -2.98117  -2.34777  -2.17881  -1.77256  -1.53294  -1.38381  -1.21262  -1.04446  -0.90765  -0.81581  -0.56209  -0.51478
   8750.  4.50  -3.22721  -2.89104  -2.26192  -2.10850  -1.70254  -1.58611  -1.42739  -1.24050  -1.05838  -0.91468  -0.81732  -0.55245  -0.51006
   8750.  5.00  -3.13578  -2.79012  -2.16057  -2.02193  -1.61934  -1.63668  -1.48341  -1.27589  -1.07621  -0.92188  -0.81772  -0.54049  -0.50184
   9000.  1.50  -3.31949  -2.99337  -2.36041  -2.17220  -1.79786  -1.43874  -1.42331  -1.26578  -1.11266  -0.97121  -0.88429  -0.64489  -0.57799
   9000.  2.00  -3.38586  -3.06568  -2.44273  -2.24508  -1.87715  -1.40635  -1.36364  -1.22321  -1.08537  -0.95831  -0.87929  -0.65421  -0.58512
   9000.  2.50  -3.38391  -3.06142  -2.44170  -2.24952  -1.87966  -1.41456  -1.34806  -1.21168  -1.07678  -0.95421  -0.87671  -0.65308  -0.58785
   9000.  3.00  -3.34637  -3.02032  -2.40381  -2.22419  -1.85085  -1.44371  -1.35278  -1.21272  -1.07390  -0.95132  -0.87233  -0.64542  -0.58632
   9000.  3.50  -3.28874  -2.95979  -2.34737  -2.18264  -1.80659  -1.48413  -1.36959  -1.22105  -1.07424  -0.94939  -0.86733  -0.63474  -0.58224
   9000.  4.00  -3.21869  -2.88817  -2.28060  -2.13071  -1.75326  -1.53059  -1.39560  -1.23552  -1.07820  -0.94963  -0.86358  -0.62346  -0.57711
   9000.  4.50  -3.13982  -2.80871  -2.20605  -2.06998  -1.69243  -1.58078  -1.43114  -1.25696  -1.08699  -0.95326  -0.86241  -0.61291  -0.57185
   9000.  5.00  -3.05523  -2.72125  -2.12148  -1.99814  -1.62220  -1.63191  -1.47790  -1.28629  -1.10099  -0.95964  -0.86295  -0.60229  -0.56535
   9250.  2.00  -3.25632  -2.93869  -2.33402  -2.16225  -1.81441  -1.43199  -1.40619  -1.26825  -1.13287  -1.00716  -0.92935  -0.70883  -0.64306
   9250.  2.50  -3.26618  -2.94840  -2.35098  -2.18233  -1.83649  -1.43423  -1.38444  -1.25255  -1.12225  -1.00279  -0.92778  -0.71134  -0.64814
   9250.  3.00  -3.24101  -2.92023  -2.32701  -2.16817  -1.82043  -1.45842  -1.38446  -1.25085  -1.11855  -1.00045  -0.92493  -0.70671  -0.64888
   9250.  3.50  -3.19457  -2.87063  -2.28128  -2.13500  -1.78497  -1.49458  -1.39681  -1.25643  -1.11768  -0.99837  -0.92052  -0.69776  -0.64618
   9250.  4.00  -3.13373  -2.80757  -2.22260  -2.08957  -1.73820  -1.53796  -1.41796  -1.26722  -1.11898  -0.99693  -0.91563  -0.68665  -0.64131
   9250.  4.50  -3.06271  -2.73568  -2.15559  -2.03523  -1.68368  -1.58564  -1.44748  -1.28361  -1.12361  -0.99758  -0.91203  -0.67524  -0.63545
   9250.  5.00  -2.98508  -2.65770  -2.08179  -1.97275  -1.62183  -1.63527  -1.48639  -1.30693  -1.13311  -1.00158  -0.91100  -0.66447  -0.62907
   9500.  2.00  -3.14434  -2.82818  -2.23597  -2.08549  -1.75269  -1.46076  -1.45104  -1.31519  -1.18177  -1.05702  -0.98007  -0.76290  -0.70063
   9500.  2.50  -3.16181  -2.84785  -2.26765  -2.11941  -1.79351  -1.45869  -1.42460  -1.29622  -1.16946  -1.05226  -0.97908  -0.76828  -0.70736
   9500.  3.00  -3.14669  -2.83093  -2.25719  -2.11677  -1.79148  -1.47893  -1.42096  -1.29248  -1.16534  -1.05069  -0.97787  -0.76688  -0.71051
   9500.  3.50  -3.11037  -2.79182  -2.22263  -2.09288  -1.76627  -1.51218  -1.43006  -1.29628  -1.16408  -1.04920  -0.97475  -0.76035  -0.70989
   9500.  4.00  -3.05887  -2.73794  -2.17307  -2.05500  -1.72717  -1.55321  -1.44771  -1.30481  -1.16425  -1.04752  -0.97018  -0.75059  -0.70630
   9500.  4.50  -2.99574  -2.67348  -2.11325  -2.00672  -1.67860  -1.59887  -1.47287  -1.31780  -1.16632  -1.04657  -0.96547  -0.73924  -0.70058
   9500.  5.00  -2.92410  -2.60163  -2.04604  -1.95004  -1.62251  -1.64684  -1.50641  -1.33646  -1.17185  -1.04779  -0.96219  -0.72767  -0.69356
   9750.  2.00  -3.04763  -2.73241  -2.14909  -2.01620  -1.69496  -1.49131  -1.49668  -1.36269  -1.23097  -1.10711  -1.03091  -0.81665  -0.75784
   9750.  2.50  -3.06958  -2.75853  -2.19131  -2.06061  -1.75077  -1.48671  -1.46727  -1.34163  -1.21758  -1.10208  -1.03027  -0.82401  -0.76562
   9750.  3.00  -3.06201  -2.75061  -2.19271  -2.06865  -1.76263  -1.50378  -1.46074  -1.33632  -1.21326  -1.10128  -1.03060  -0.82565  -0.77096
   9750.  3.50  -3.03435  -2.72086  -2.16892  -2.05405  -1.74831  -1.53442  -1.46730  -1.33891  -1.21207  -1.10072  -1.02904  -0.82177  -0.77253
   9750.  4.00  -2.99164  -2.67598  -2.12880  -2.02420  -1.71779  -1.57342  -1.48232  -1.34604  -1.21194  -1.09954  -1.02549  -0.81391  -0.77064
   9750.  4.50  -2.93673  -2.61950  -2.07687  -1.98265  -1.67594  -1.61748  -1.50433  -1.35691  -1.21281  -1.09818  -1.02082  -0.80349  -0.76577
   9750.  5.00  -2.87191  -2.55414  -2.01616  -1.93167  -1.62557  -1.66340  -1.53344  -1.37212  -1.21576  -1.09773  -1.01636  -0.79187  -0.75879
  10000.  2.00  -2.96413  -2.64944  -2.07288  -1.95486  -1.64341  -1.52279  -1.54250  -1.41031  -1.28025  -1.15733  -1.08186  -0.87025  -0.81472
  10000.  2.50  -2.98867  -2.68009  -2.12277  -2.00699  -1.71008  -1.51665  -1.51095  -1.38767  -1.26592  -1.15186  -1.08119  -0.87884  -0.82307
  10000.  3.00  -2.98620  -2.67841  -2.13308  -2.02342  -1.73362  -1.53174  -1.50268  -1.38144  -1.26157  -1.15168  -1.08264  -0.88278  -0.82996
  10000.  3.50  -2.96581  -2.65681  -2.11926  -2.01773  -1.73032  -1.56014  -1.50726  -1.38327  -1.26083  -1.15234  -1.08290  -0.88171  -0.83377
  10000.  4.00  -2.93075  -2.62014  -2.08842  -1.99599  -1.70897  -1.59710  -1.52007  -1.38939  -1.26082  -1.15204  -1.08080  -0.87616  -0.83384
  10000.  4.50  -2.88354  -2.57140  -2.04453  -1.96144  -1.67446  -1.63954  -1.53963  -1.39892  -1.26131  -1.15096  -1.07683  -0.86720  -0.83034
  10000.  5.00  -2.82552  -2.51258  -1.99047  -1.91639  -1.63007  -1.68451  -1.56562  -1.41186  -1.26271  -1.14972  -1.07196  -0.85610  -0.82405
  10250.  2.00  -2.89096  -2.57625  -2.00560  -1.90078  -1.59886  -1.55503  -1.58845  -1.45805  -1.32964  -1.20770  -1.13299  -0.92388  -0.87138
  10250.  2.50  -2.91792  -2.61128  -2.06173  -1.95879  -1.67269  -1.54795  -1.55532  -1.43417  -1.31446  -1.20169  -1.13202  -0.93303  -0.87988
  10250.  3.00  -2.91927  -2.61465  -2.07939  -1.98223  -1.70589  -1.56167  -1.54577  -1.42730  -1.31017  -1.20205  -1.13440  -0.93885  -0.88803
  10250.  3.50  -2.90380  -2.59875  -2.07325  -1.98362  -1.71220  -1.58815  -1.54893  -1.42854  -1.30970  -1.20354  -1.13595  -0.94004  -0.89348
  10250.  4.00  -2.87538  -2.56900  -2.05037  -1.96898  -1.69945  -1.62314  -1.56025  -1.43423  -1.31027  -1.20435  -1.13540  -0.93671  -0.89535
  10250.  4.50  -2.83547  -2.52797  -2.01492  -1.94193  -1.67301  -1.66389  -1.57762  -1.44281  -1.31091  -1.20411  -1.13277  -0.92981  -0.89377
  10250.  5.00  -2.78398  -2.47569  -1.96776  -1.90313  -1.63511  -1.70816  -1.60116  -1.45422  -1.31155  -1.20278  -1.12817  -0.91978  -0.88863
  10500.  2.00  -2.82609  -2.51081  -1.94592  -1.85329  -1.56155  -1.58794  -1.63445  -1.50579  -1.37902  -1.25813  -1.18422  -0.97755  -0.92782
  10500.  2.50  -2.85554  -2.55030  -2.00724  -1.91570  -1.63935  -1.58009  -1.59998  -1.48079  -1.36296  -1.25140  -1.18265  -0.98668  -0.93606
  10500.  3.00  -2.86004  -2.55805  -2.03091  -1.94473  -1.67986  -1.59300  -1.58959  -1.47351  -1.35873  -1.25214  -1.18567  -0.99388  -0.94513
  10500.  3.50  -2.84877  -2.54720  -2.03158  -1.95247  -1.69474  -1.61805  -1.59174  -1.47446  -1.35870  -1.25452  -1.18849  -0.99714  -0.95207
  10500.  4.00  -2.82540  -2.52308  -2.01583  -1.94437  -1.69033  -1.65137  -1.60179  -1.47979  -1.35981  -1.25637  -1.18941  -0.99601  -0.95571
  10500.  4.50  -2.79102  -2.48769  -1.98682  -1.92319  -1.67089  -1.69067  -1.61772  -1.48778  -1.36064  -1.25677  -1.18778  -0.99077  -0.95561
  10500.  5.00  -2.74581  -2.44182  -1.94654  -1.89062  -1.63954  -1.73422  -1.63938  -1.49827  -1.36115  -1.25591  -1.18399  -0.98221  -0.95191
  10750.  2.00  -2.76791  -2.45162  -1.89289  -1.81184  -1.53144  -1.62160  -1.68057  -1.55359  -1.42846  -1.30867  -1.23560  -1.03133  -0.98412
  10750.  2.50  -2.80021  -2.49585  -1.95862  -1.87748  -1.61065  -1.61288  -1.64478  -1.52744  -1.41140  -1.30102  -1.23315  -1.03997  -0.99174
  10750.  3.00  -2.80747  -2.50765  -1.98732  -1.91093  -1.65617  -1.62522  -1.63375  -1.51982  -1.40712  -1.30190  -1.23648  -1.04804  -1.00135
  10750.  3.50  -2.79960  -2.50106  -1.99369  -1.92395  -1.67803  -1.64933  -1.63528  -1.52065  -1.40752  -1.30501  -1.24031  -1.05294  -1.00946
  10750.  4.00  -2.78053  -2.48183  -1.98423  -1.92171  -1.68125  -1.68143  -1.64450  -1.52588  -1.40924  -1.30789  -1.24261  -1.05386  -1.01473
  10750.  4.50  -2.75108  -2.45176  -1.96164  -1.90643  -1.66903  -1.71934  -1.65918  -1.53352  -1.41057  -1.30926  -1.24232  -1.05061  -1.01634
  10750.  5.00  -2.71126  -2.41150  -1.92764  -1.87961  -1.64408  -1.76177  -1.67914  -1.54325  -1.41117  -1.30901  -1.23949  -1.04364  -1.01410
  11000.  2.00  -2.71529  -2.39775  -1.84614  -1.77618  -1.50844  -1.65597  -1.72668  -1.60139  -1.47794  -1.35934  -1.28717  -1.08535  -1.04042
  11000.  2.50  -2.75084  -2.44691  -1.91541  -1.84402  -1.58706  -1.64624  -1.68963  -1.57410  -1.45980  -1.35061  -1.28363  -1.09309  -1.04709
  11000.  3.00  -2.76085  -2.46273  -1.94837  -1.88087  -1.63550  -1.65806  -1.67809  -1.56615  -1.45540  -1.35145  -1.28700  -1.10157  -1.05688
  11000.  3.50  -2.75584  -2.45988  -1.95948  -1.89814  -1.66259  -1.68151  -1.67920  -1.56690  -1.45608  -1.35506  -1.29153  -1.10768  -1.06584
  11000.  4.00  -2.74023  -2.44476  -1.95536  -1.90088  -1.67235  -1.71254  -1.68776  -1.57207  -1.45834  -1.35879  -1.29496  -1.11033  -1.07241
  11000.  4.50  -2.71516  -2.41947  -1.93865  -1.89106  -1.66695  -1.74917  -1.70157  -1.57961  -1.46030  -1.36117  -1.29601  -1.10898  -1.07558
  11000.  5.00  -2.68025  -2.38432  -1.91051  -1.86964  -1.64827  -1.79017  -1.72013  -1.58889  -1.46130  -1.36176  -1.29437  -1.10370  -1.07479
  11250.  2.00  -2.66771  -2.34884  -1.80517  -1.74579  -1.49160  -1.69114  -1.77293  -1.64926  -1.52743  -1.41003  -1.33878  -1.13942  -1.09657
  11250.  2.50  -2.70657  -2.40266  -1.87715  -1.81505  -1.56864  -1.68023  -1.73462  -1.62081  -1.50821  -1.40019  -1.33410  -1.14610  -1.10217
  11250.  3.00  -2.71934  -2.42244  -1.91365  -1.85444  -1.61831  -1.69145  -1.72254  -1.61245  -1.50351  -1.40077  -1.33724  -1.15459  -1.11180
  11250.  3.50  -2.71692  -2.42311  -1.92875  -1.87507  -1.64895  -1.71429  -1.72327  -1.61309  -1.50435  -1.40467  -1.34218  -1.16150  -1.12130
  11250.  4.00  -2.70420  -2.41156  -1.92920  -1.88197  -1.66398  -1.74449  -1.73137  -1.61825  -1.50705  -1.40908  -1.34652  -1.16555  -1.12889
  11250.  4.50  -2.68284  -2.39043  -1.91765  -1.87696  -1.66470  -1.77988  -1.74445  -1.62573  -1.50961  -1.41238  -1.34878  -1.16593  -1.13340
  11250.  5.00  -2.65219  -2.35982  -1.89491  -1.86059  -1.65210  -1.81965  -1.76192  -1.63477  -1.51114  -1.41387  -1.34835  -1.16237  -1.13410
  11500.  2.00  -2.62452  -2.30454  -1.76959  -1.72017  -1.48013  -1.72670  -1.81891  -1.69683  -1.57663  -1.46049  -1.39019  -1.19337  -1.15242
  11500.  2.50  -2.66670  -2.36269  -1.84370  -1.79047  -1.55527  -1.71473  -1.77949  -1.66739  -1.55647  -1.44968  -1.38451  -1.19904  -1.15700
  11500.  3.00  -2.68229  -2.38631  -1.88307  -1.83170  -1.60497  -1.72530  -1.76696  -1.65866  -1.55147  -1.44992  -1.38731  -1.20727  -1.16629
  11500.  3.50  -2.68234  -2.39034  -1.90152  -1.85492  -1.63774  -1.74761  -1.76741  -1.65919  -1.55236  -1.45395  -1.39243  -1.21463  -1.17602
  11500.  4.00  -2.67213  -2.38192  -1.90572  -1.86510  -1.65662  -1.77705  -1.77518  -1.66435  -1.55540  -1.45884  -1.39740  -1.21971  -1.18433
  11500.  4.50  -2.65381  -2.36430  -1.89855  -1.86415  -1.66246  -1.81141  -1.78770  -1.67181  -1.55849  -1.46291  -1.40067  -1.22155  -1.18997
  11500.  5.00  -2.62683  -2.33766  -1.88061  -1.85228  -1.65546  -1.84987  -1.80431  -1.68073  -1.56060  -1.46527  -1.40140  -1.21961  -1.19202
  11750.  2.00  -2.58553  -2.26469  -1.73896  -1.69883  -1.47311  -1.76265  -1.86477  -1.74421  -1.62560  -1.51073  -1.44138  -1.24710  -1.20790
  11750.  2.50  -2.63087  -2.32664  -1.81474  -1.76997  -1.54658  -1.74972  -1.82432  -1.71388  -1.60464  -1.49909  -1.43485  -1.25188  -1.21158
  11750.  3.00  -2.64925  -2.35394  -1.85636  -1.81246  -1.59552  -1.75957  -1.81130  -1.70473  -1.59924  -1.49888  -1.43716  -1.25965  -1.22036
  11750.  3.50  -2.65170  -2.36118  -1.87759  -1.83766  -1.62924  -1.78128  -1.81145  -1.70508  -1.60006  -1.50283  -1.44224  -1.26715  -1.23008
  11750.  4.00  -2.64366  -2.35561  -1.88489  -1.85041  -1.65076  -1.81007  -1.81891  -1.71016  -1.60326  -1.50800  -1.44759  -1.27294  -1.23887
  11750.  4.50  -2.62785  -2.34101  -1.88145  -1.85283  -1.66071  -1.84361  -1.83104  -1.71764  -1.60677  -1.51268  -1.45166  -1.27598  -1.24542
  11750.  5.00  -2.60397  -2.31781  -1.86774  -1.84495  -1.65868  -1.88101  -1.84698  -1.72651  -1.60944  -1.51585  -1.45344  -1.27553  -1.24869
  12000.  2.50  -2.59857  -2.29416  -1.78989  -1.75319  -1.54205  -1.78517  -1.86905  -1.76018  -1.65256  -1.54826  -1.48497  -1.30452  -1.26585
  12000.  3.00  -2.61977  -2.32493  -1.83341  -1.79667  -1.58992  -1.79435  -1.85567  -1.75074  -1.64689  -1.54771  -1.48689  -1.31184  -1.27411
  12000.  3.50  -2.62452  -2.33519  -1.85690  -1.82330  -1.62377  -1.81541  -1.85555  -1.75091  -1.64761  -1.55154  -1.49183  -1.31927  -1.28365
  12000.  4.00  -2.61863  -2.33239  -1.86683  -1.83808  -1.64687  -1.84351  -1.86276  -1.75591  -1.65090  -1.55683  -1.49737  -1.32546  -1.29266
  12000.  4.50  -2.60494  -2.32043  -1.86647  -1.84320  -1.65989  -1.87624  -1.87452  -1.76337  -1.65472  -1.56195  -1.50202  -1.32941  -1.29987
  12000.  5.00  -2.58377  -2.30029  -1.85645  -1.83870  -1.66201  -1.91248  -1.88984  -1.77219  -1.65786  -1.56579  -1.50469  -1.33022  -1.30412
  12250.  2.50  -2.56959  -2.26519  -1.76897  -1.73986  -1.54113  -1.82075  -1.91339  -1.80611  -1.70014  -1.59714  -1.53481  -1.35690  -1.31973
  12250.  3.00  -2.59344  -2.29908  -1.81402  -1.78413  -1.58795  -1.82935  -1.89971  -1.79643  -1.69425  -1.59629  -1.53638  -1.36378  -1.32752
  12250.  3.50  -2.60052  -2.31227  -1.83939  -1.81187  -1.62144  -1.84983  -1.89939  -1.79646  -1.69484  -1.59994  -1.54112  -1.37104  -1.33679
  12250.  4.00  -2.59660  -2.31202  -1.85146  -1.82814  -1.64525  -1.87723  -1.90634  -1.80131  -1.69810  -1.60519  -1.54665  -1.37738  -1.34580
  12250.  4.50  -2.58479  -2.30245  -1.85366  -1.83539  -1.66041  -1.90929  -1.91785  -1.80874  -1.70212  -1.61059  -1.55168  -1.38197  -1.35347
  12250.  5.00  -2.56588  -2.28494  -1.84674  -1.83371  -1.66586  -1.94462  -1.93273  -1.81754  -1.70564  -1.61497  -1.55503  -1.38380  -1.35850
  12500.  2.50  -2.54371  -2.23947  -1.75150  -1.72948  -1.54313  -1.85647  -1.95746  -1.85173  -1.74735  -1.64562  -1.58424  -1.40887  -1.37312
  12500.  3.00  -2.57000  -2.27608  -1.79784  -1.77449  -1.58913  -1.86467  -1.94364  -1.84193  -1.74135  -1.64460  -1.58560  -1.41543  -1.38053
  12500.  3.50  -2.57930  -2.29196  -1.82475  -1.80308  -1.62202  -1.88455  -1.94313  -1.84182  -1.74183  -1.64807  -1.59013  -1.42245  -1.38948
  12500.  4.00  -2.57739  -2.29423  -1.83865  -1.82052  -1.64594  -1.91127  -1.94987  -1.84655  -1.74504  -1.65324  -1.59558  -1.42877  -1.39838
  12500.  4.50  -2.56733  -2.28688  -1.84298  -1.82943  -1.66245  -1.94259  -1.96109  -1.85389  -1.74916  -1.65879  -1.60082  -1.43378  -1.40629
  12500.  5.00  -2.55041  -2.27176  -1.83875  -1.83011  -1.67052  -1.97702  -1.97554  -1.86263  -1.75296  -1.66358  -1.60473  -1.43645  -1.41196
  12750.  2.50  -2.52070  -2.21675  -1.73711  -1.72172  -1.54753  -1.89221  -2.00118  -1.89692  -1.79410  -1.69364  -1.63322  -1.46035  -1.42591
  12750.  3.00  -2.54923  -2.25582  -1.78471  -1.76757  -1.59315  -1.90020  -1.98732  -1.88715  -1.78814  -1.69260  -1.63453  -1.46676  -1.43314
  12750.  3.50  -2.56059  -2.27413  -1.81289  -1.79682  -1.62533  -1.91949  -1.98662  -1.88689  -1.78849  -1.69589  -1.63884  -1.47352  -1.44176
  12750.  4.00  -2.56060  -2.27874  -1.82829  -1.81516  -1.64905  -1.94555  -1.99315  -1.89149  -1.79163  -1.70095  -1.64416  -1.47975  -1.45046
  12750.  4.50  -2.55223  -2.27351  -1.83440  -1.82534  -1.66626  -1.97612  -2.00411  -1.89871  -1.79576  -1.70652  -1.64946  -1.48496  -1.45845
  12750.  5.00  -2.53706  -2.26054  -1.83241  -1.82793  -1.67620  -2.00979  -2.01823  -1.90737  -1.79976  -1.71157  -1.65372  -1.48823  -1.46457
  13000.  2.50  -2.50011  -2.19667  -1.72537  -1.71615  -1.55386  -1.92769  -2.04431  -1.94150  -1.84023  -1.74104  -1.68159  -1.51122  -1.47804
  13000.  3.00  -2.53081  -2.23804  -1.77428  -1.76299  -1.59948  -1.93567  -2.03051  -1.93186  -1.83443  -1.74013  -1.68298  -1.51764  -1.48522
  13000.  3.50  -2.54416  -2.25861  -1.80361  -1.79289  -1.63112  -1.95455  -2.02978  -1.93161  -1.83480  -1.74337  -1.68720  -1.52422  -1.49360
  13000.  4.00  -2.54605  -2.26540  -1.82027  -1.81194  -1.65441  -1.98000  -2.03619  -1.93614  -1.83789  -1.74831  -1.69238  -1.53030  -1.50207
  13000.  4.50  -2.53929  -2.26217  -1.82781  -1.82307  -1.67180  -2.00985  -2.04692  -1.94323  -1.84198  -1.75381  -1.69762  -1.53555  -1.50999
  13000.  5.00  -2.52568  -2.25114  -1.82769  -1.82716  -1.68302  -2.04280  -2.06071  -1.95177  -1.84606  -1.75901  -1.70210  -1.53924  -1.51641
  14000.  2.00  -2.37226  -2.05210  -1.60415  -1.62125  -1.50649  -2.07996  -2.25784  -2.14788  -2.04097  -1.93611  -1.87442  -1.70137  -1.67416
  14000.  2.50  -2.43937  -2.13882  -1.69905  -1.71053  -1.59222  -2.06689  -2.21165  -2.11419  -2.01868  -1.92437  -1.86857  -1.70790  -1.67916
  14000.  3.00  -2.47835  -2.18891  -1.75439  -1.76309  -1.64100  -2.07639  -2.19922  -2.10619  -2.01472  -1.92519  -1.87165  -1.71567  -1.68748
  14000.  3.50  -2.49791  -2.21627  -1.78746  -1.79556  -1.67208  -2.09444  -2.19868  -2.10636  -2.01561  -1.92876  -1.87610  -1.72219  -1.69557
  14000.  4.00  -2.50645  -2.23031  -1.80792  -1.81686  -1.69403  -2.11839  -2.20516  -2.11107  -2.01890  -1.93365  -1.88108  -1.72790  -1.70340
  14000.  4.50  -2.50562  -2.23387  -1.81933  -1.83022  -1.71033  -2.14574  -2.21527  -2.11778  -2.02279  -1.93877  -1.88590  -1.73277  -1.71064
  14000.  5.00  -2.49716  -2.22915  -1.82389  -1.83756  -1.72268  -2.17578  -2.22794  -2.12574  -2.02674  -1.94385  -1.89036  -1.73686  -1.71711
  15000.  2.50  -2.40287  -2.10567  -1.69376  -1.72104  -1.64082  -2.19872  -2.36897  -2.27617  -2.18587  -2.09604  -2.04369  -1.89225  -1.86728
  15000.  3.00  -2.45062  -2.16527  -1.75806  -1.78238  -1.69755  -2.21207  -2.35932  -2.27140  -2.18542  -2.10041  -2.05033  -1.90332  -1.87868
  15000.  3.50  -2.47543  -2.19835  -1.79559  -1.81879  -1.73109  -2.23108  -2.36008  -2.27311  -2.18799  -2.10558  -2.05631  -1.91111  -1.88782
  15000.  4.00  -2.48920  -2.21786  -1.81940  -1.84261  -1.75339  -2.25469  -2.36734  -2.27869  -2.19220  -2.11120  -2.06193  -1.91717  -1.89574
  15000.  4.50  -2.49392  -2.22705  -1.83369  -1.85781  -1.76885  -2.28081  -2.37782  -2.28585  -2.19654  -2.11650  -2.06678  -1.92186  -1.90255
  15000.  5.00  -2.48960  -2.22693  -1.84041  -1.86625  -1.77979  -2.30826  -2.38971  -2.29329  -2.20017  -2.12108  -2.07072  -1.92545  -1.90829
  16000.  2.50  -2.38133  -2.08720  -1.69930  -1.73886  -1.69119  -2.32167  -2.51590  -2.42700  -2.34123  -2.25544  -2.20625  -2.06353  -2.04190
  16000.  3.00  -2.43878  -2.15760  -1.77474  -1.81141  -1.75927  -2.34027  -2.50964  -2.42635  -2.34545  -2.26470  -2.21790  -2.07948  -2.05794
  16000.  3.50  -2.46918  -2.19678  -1.81808  -1.85344  -1.79800  -2.36182  -2.51276  -2.43066  -2.35079  -2.27259  -2.22657  -2.08969  -2.06928
  16000.  4.00  -2.48655  -2.22035  -1.84524  -1.88027  -1.82245  -2.38594  -2.52105  -2.43751  -2.35640  -2.27954  -2.23349  -2.09687  -2.07809
  16000.  4.50  -2.49656  -2.23476  -1.86301  -1.89831  -1.83899  -2.41232  -2.53291  -2.44606  -2.36209  -2.28595  -2.23932  -2.10225  -2.08533
  16000.  5.00  -2.49649  -2.23883  -1.87183  -1.90812  -1.84937  -2.43850  -2.54510  -2.45387  -2.36614  -2.29071  -2.24334  -2.10571  -2.09073
  17000.  2.50  -2.36945  -2.07779  -1.71027  -1.75938  -1.73888  -2.43569  -2.65318  -2.56716  -2.48500  -2.40262  -2.35618  -2.22146  -2.20284
  17000.  3.00  -2.43657  -2.15926  -1.79781  -1.84440  -1.82078  -2.46012  -2.65017  -2.57090  -2.49456  -2.41779  -2.37407  -2.24384  -2.22507
  17000.  3.50  -2.47405  -2.20603  -1.84868  -1.89391  -1.86687  -2.48563  -2.65664  -2.57892  -2.50384  -2.42958  -2.38662  -2.25760  -2.23975
  17000.  4.00  -2.49389  -2.23266  -1.87899  -1.92380  -1.89441  -2.51065  -2.66596  -2.58710  -2.51102  -2.43812  -2.39515  -2.26632  -2.24990
  17000.  4.50  -2.50869  -2.25199  -1.90082  -1.94555  -1.91374  -2.53827  -2.67973  -2.59761  -2.51868  -2.44630  -2.40264  -2.27307  -2.25828
  17000.  5.00  -2.51333  -2.26058  -1.91273  -1.95794  -1.92522  -2.56463  -2.69326  -2.60676  -2.52402  -2.45212  -2.40761  -2.27721  -2.26414
  18000.  2.50  -2.36449  -2.07490  -1.72462  -1.78102  -1.78222  -2.54131  -2.78185  -2.69768  -2.61807  -2.53812  -2.49380  -2.36570  -2.34985
  18000.  3.00  -2.43998  -2.16614  -1.82359  -1.87827  -1.87959  -2.57151  -2.78114  -2.70528  -2.63295  -2.55980  -2.51896  -2.39659  -2.38033
  18000.  3.50  -2.48566  -2.22157  -1.88314  -1.93648  -1.93452  -2.60191  -2.79161  -2.71779  -2.64708  -2.57648  -2.53643  -2.41493  -2.39938
  18000.  4.00  -2.50842  -2.25163  -1.91706  -1.97000  -1.96600  -2.62843  -2.80238  -2.72777  -2.65632  -2.58715  -2.54710  -2.42570  -2.41142
  18000.  4.50  -2.52683  -2.27499  -1.94279  -1.99546  -1.98869  -2.65751  -2.81792  -2.74023  -2.66604  -2.59727  -2.55649  -2.43413  -2.42128
  18000.  5.00  -2.53643  -2.28849  -1.95876  -2.01160  -2.00307  -2.68525  -2.83356  -2.75146  -2.67342  -2.60490  -2.56313  -2.43965  -2.42832
  19000.  2.50  -2.36526  -2.07783  -1.74231  -1.80414  -1.82173  -2.63973  -2.90358  -2.82038  -2.74224  -2.66353  -2.62049  -2.49651  -2.48315
  19000.  3.00  -2.44688  -2.17620  -1.85041  -1.91164  -1.93436  -2.67482  -2.90327  -2.83012  -2.76115  -2.69114  -2.65287  -2.53775  -2.52382
  19000.  3.50  -2.50118  -2.24069  -1.91922  -1.97930  -1.99955  -2.71086  -2.91818  -2.84772  -2.78090  -2.71370  -2.67635  -2.56212  -2.54867
  19000.  4.00  -2.52816  -2.27525  -1.95761  -2.01732  -2.03580  -2.73962  -2.93102  -2.86018  -2.79292  -2.72718  -2.68987  -2.57555  -2.56321
  19000.  4.50  -2.54867  -2.30125  -1.98624  -2.04568  -2.06162  -2.76974  -2.94774  -2.87411  -2.80435  -2.73904  -2.70102  -2.58562  -2.57456
  19000.  5.00  -2.56301  -2.31970  -2.00677  -2.06613  -2.07968  -2.79942  -2.96574  -2.88781  -2.81421  -2.74895  -2.70984  -2.59298  -2.58325
  20000.  3.00  -2.45613  -2.18851  -1.87765  -1.94414  -1.98478  -2.77056  -3.01741  -2.94632  -2.88001  -2.81250  -2.77636  -2.66742  -2.65563
  20000.  3.50  -2.51874  -2.26162  -1.95543  -2.02114  -2.06097  -2.81266  -3.03672  -2.96910  -2.90565  -2.84150  -2.80663  -2.69921  -2.68773
  20000.  4.00  -2.55128  -2.30180  -1.99927  -2.06466  -2.10303  -2.84459  -3.05239  -2.98480  -2.92125  -2.85863  -2.82386  -2.71632  -2.70576
  20000.  4.50  -2.57292  -2.32929  -2.02961  -2.09483  -2.13118  -2.87503  -3.06956  -2.99963  -2.93394  -2.87188  -2.83648  -2.72784  -2.71845
  20000.  5.00  -2.59112  -2.35206  -2.05452  -2.11956  -2.15336  -2.90673  -3.08980  -3.01577  -2.94640  -2.88430  -2.84776  -2.73735  -2.72911
  21000.  3.00  -2.46755  -2.20342  -1.90633  -1.97711  -2.03278  -2.86021  -3.12505  -3.05557  -2.99136  -2.92569  -2.89124  -2.78700  -2.77711
  21000.  3.50  -2.53722  -2.28341  -1.99118  -2.06157  -2.11843  -2.90766  -3.14787  -3.08259  -3.02201  -2.96046  -2.92778  -2.82647  -2.81683
  21000.  4.00  -2.57644  -2.33018  -2.04135  -2.11153  -2.16745  -2.94371  -3.16706  -3.10223  -3.04190  -2.98207  -2.94960  -2.84838  -2.83952
  21000.  4.50  -2.59925  -2.35896  -2.07301  -2.14316  -2.19773  -2.97440  -3.18457  -3.11788  -3.05582  -2.99670  -2.96372  -2.86161  -2.85380
  21000.  5.00  -2.61965  -2.38440  -2.10089  -2.17088  -2.22319  -3.00731  -3.20614  -3.13575  -3.07032  -3.01123  -2.97717  -2.87302  -2.86621
  22000.  3.00  -2.48111  -2.22163  -1.93773  -2.01232  -2.08142  -2.94555  -3.22728  -3.15940  -3.09713  -3.03299  -2.99997  -2.89928  -2.89100
  22000.  3.50  -2.55605  -2.30577  -2.02658  -2.10090  -2.17256  -2.99650  -3.25241  -3.18907  -3.13091  -3.07151  -3.04071  -2.94458  -2.93659
  22000.  4.00  -2.60231  -2.35926  -2.08307  -2.15728  -2.22866  -3.03704  -3.27526  -3.21281  -3.15528  -3.09789  -3.06748  -2.97195  -2.96467
  22000.  4.50  -2.62692  -2.38970  -2.11619  -2.19048  -2.26106  -3.06826  -3.29337  -3.22946  -3.17055  -3.11403  -3.08323  -2.98713  -2.98081
  22000.  5.00  -2.64843  -2.41657  -2.14576  -2.22004  -2.28909  -3.10173  -3.31552  -3.24839  -3.18656  -3.13024  -3.09849  -3.00045  -2.99503
  23000.  3.00  -2.49673  -2.24358  -1.97240  -2.05070  -2.13284  -3.02791  -3.32461  -3.25869  -3.19865  -3.13615  -3.10461  -3.00737  -3.00049
  23000.  3.50  -2.57524  -2.32917  -2.06254  -2.14033  -2.22536  -3.08052  -3.35131  -3.28978  -3.23381  -3.17627  -3.14714  -3.05529  -3.04876
  23000.  4.00  -2.62804  -2.38844  -2.12422  -2.20189  -2.28706  -3.12497  -3.37751  -3.31713  -3.26208  -3.20677  -3.17819  -3.08760  -3.08175
  23000.  4.50  -2.65653  -2.42247  -2.16055  -2.23832  -2.32294  -3.15812  -3.39741  -3.33591  -3.27976  -3.22546  -3.19659  -3.10569  -3.10074
  23000.  5.00  -2.67731  -2.44854  -2.18930  -2.26723  -2.35112  -3.19050  -3.41869  -3.35444  -3.29579  -3.24192  -3.21226  -3.11989  -3.11577
  24000.  3.00  -2.51350  -2.26767  -2.00752  -2.08938  -2.18351  -3.10560  -3.41561  -3.35188  -3.29429  -3.23364  -3.20369  -3.11057  -3.10498
  24000.  3.50  -2.59473  -2.35410  -2.09985  -2.18093  -2.27876  -3.16099  -3.44530  -3.38574  -3.33206  -3.27634  -3.24884  -3.16095  -3.15569
  24000.  4.00  -2.65309  -2.41750  -2.16494  -2.24571  -2.34352  -3.20819  -3.47429  -3.41586  -3.36310  -3.30966  -3.28275  -3.19645  -3.19185
  24000.  4.50  -2.68634  -2.45566  -2.20480  -2.28561  -2.38297  -3.24363  -3.49638  -3.43706  -3.38340  -3.33107  -3.30394  -3.21760  -3.21386
  24000.  5.00  -2.70687  -2.48109  -2.23255  -2.31359  -2.41056  -3.27477  -3.51682  -3.45510  -3.39924  -3.34745  -3.31964  -3.23222  -3.22931
  25000.  3.00  -2.53252  -2.29358  -2.04110  -2.12585  -2.22870  -3.17678  -3.49954  -3.43756  -3.38214  -3.32287  -3.29429  -3.20473  -3.20040
  25000.  3.50  -2.61397  -2.37982  -2.13742  -2.22181  -2.33234  -3.23777  -3.53406  -3.47680  -3.42571  -3.37204  -3.34628  -3.26258  -3.25849
  25000.  4.00  -2.67719  -2.44643  -2.20537  -2.28907  -2.39904  -3.28740  -3.56603  -3.50961  -3.45915  -3.40753  -3.38224  -3.29991  -3.29643
  25000.  4.50  -2.71548  -2.48867  -2.24862  -2.33222  -2.44149  -3.32511  -3.59047  -3.53325  -3.48196  -3.43145  -3.40596  -3.32374  -3.32108
  25000.  5.00  -2.73699  -2.51445  -2.27617  -2.35995  -2.46886  -3.35554  -3.61066  -3.55125  -3.49796  -3.44803  -3.42191  -3.33883  -3.33697
  26000.  3.00  -2.56072  -2.32714  -2.07837  -2.16464  -2.27071  -3.24468  -3.58023  -3.51899  -3.46453  -3.40514  -3.37686  -3.28815  -3.28482
  26000.  3.50  -2.63223  -2.40491  -2.17303  -2.26062  -2.38321  -3.30935  -3.61646  -3.56173  -3.51347  -3.46203  -3.43813  -3.35909  -3.35614
  26000.  4.00  -2.69986  -2.47476  -2.24492  -2.33155  -2.45356  -3.36272  -3.65265  -3.59843  -3.55045  -3.50080  -3.47720  -3.39894  -3.39649
  26000.  4.50  -2.74308  -2.52075  -2.29139  -2.37767  -2.49852  -3.40267  -3.67968  -3.62458  -3.57568  -3.52701  -3.50315  -3.42485  -3.42315
  26000.  5.00  -2.76714  -2.54831  -2.32011  -2.40645  -2.52673  -3.43342  -3.70057  -3.64341  -3.59259  -3.54448  -3.51999  -3.44095  -3.43999
  27000.  3.50  -2.65028  -2.42915  -2.20543  -2.29585  -2.42852  -3.37440  -3.69185  -3.63956  -3.59413  -3.54474  -3.52268  -3.44805  -3.44624
  27000.  4.00  -2.72063  -2.50165  -2.28227  -2.37183  -2.50566  -3.43337  -3.73351  -3.68174  -3.63648  -3.58899  -3.56719  -3.49334  -3.49191
  27000.  4.50  -2.76847  -2.55124  -2.33231  -2.42126  -2.55357  -3.47608  -3.76373  -3.71089  -3.66449  -3.61777  -3.59558  -3.52132  -3.52052
  27000.  5.00  -2.79613  -2.58153  -2.36327  -2.45210  -2.58353  -3.50810  -3.78619  -3.73132  -3.68301  -3.63678  -3.61394  -3.53892  -3.53882
  28000.  3.50  -2.67167  -2.45539  -2.23693  -2.32948  -2.46911  -3.43416  -3.76172  -3.71144  -3.66845  -3.62053  -3.59993  -3.52869  -3.52787
  28000.  4.00  -2.73994  -2.52681  -2.31637  -2.40870  -2.55342  -3.49835  -3.80804  -3.75885  -3.71642  -3.67111  -3.65115  -3.58184  -3.58142
  28000.  4.50  -2.79142  -2.57956  -2.37040  -2.46198  -2.60549  -3.54472  -3.84214  -3.79172  -3.74797  -3.70331  -3.68287  -3.61285  -3.61296
  28000.  5.00  -2.82273  -2.61271  -2.40400  -2.49530  -2.63764  -3.57850  -3.86671  -3.81420  -3.76845  -3.72419  -3.70304  -3.63211  -3.63285
  29000.  3.50  -2.70206  -2.48899  -2.27309  -2.36699  -2.51030  -3.49320  -3.83022  -3.78141  -3.74034  -3.69308  -3.67347  -3.60383  -3.60380
  29000.  4.00  -2.75943  -2.55122  -2.34755  -2.44228  -2.59600  -3.55748  -3.87644  -3.82968  -3.79010  -3.74674  -3.72858  -3.66327  -3.66382
  29000.  4.50  -2.81234  -2.60565  -2.40497  -2.49907  -2.65299  -3.60786  -3.91453  -3.86660  -3.82559  -3.78302  -3.76434  -3.69862  -3.69963
  29000.  5.00  -2.84678  -2.64143  -2.44155  -2.53524  -2.68806  -3.64402  -3.94174  -3.89165  -3.84854  -3.80626  -3.78683  -3.72006  -3.72160
  30000.  3.50  -2.74557  -2.53410  -2.31863  -2.41313  -2.55727  -3.55585  -3.90125  -3.85329  -3.81352  -3.76616  -3.74702  -3.67725  -3.67776
  30000.  4.00  -2.78310  -2.57851  -2.37922  -2.47583  -2.63612  -3.61328  -3.94108  -3.89645  -3.85942  -3.81757  -3.80092  -3.73871  -3.74009
  30000.  4.50  -2.83313  -2.63089  -2.43693  -2.53331  -2.69625  -3.66591  -3.98145  -3.93598  -3.89775  -3.85710  -3.84015  -3.77835  -3.78020
  30000.  5.00  -2.86923  -2.66828  -2.47601  -2.57196  -2.73441  -3.70453  -4.01130  -3.96367  -3.92322  -3.88288  -3.86513  -3.80242  -3.80475
  31000.  3.50  -2.80214  -2.59147  -2.37590  -2.47064  -2.61468  -3.62589  -3.97808  -3.93072  -3.89183  -3.84393  -3.82483  -3.75368  -3.75446
  31000.  4.00  -2.81454  -2.61207  -2.41494  -2.51284  -2.67717  -3.66876  -4.00472  -3.96180  -3.92699  -3.88608  -3.87066  -3.81030  -3.81235
  31000.  4.50  -2.85679  -2.65788  -2.46862  -2.56687  -2.73691  -3.72049  -4.04451  -4.00132  -3.96571  -3.92666  -3.91126  -3.85264  -3.85524
  31000.  5.00  -2.89198  -2.69478  -2.50850  -2.60647  -2.77720  -3.76062  -4.07609  -4.03087  -3.99304  -3.95446  -3.93829  -3.87922  -3.88228
  32000.  4.00  -2.85518  -2.65373  -2.45731  -2.55605  -2.72258  -3.72693  -4.07000  -4.02839  -3.99547  -3.95504  -3.94057  -3.88093  -3.88350
  32000.  4.50  -2.88626  -2.68939  -2.50276  -2.60246  -2.77753  -3.77396  -4.10585  -4.06463  -4.03142  -3.99358  -3.97954  -3.92320  -3.92642
  32000.  5.00  -2.91776  -2.72334  -2.54130  -2.64099  -2.81843  -3.81415  -4.13783  -4.09488  -4.05964  -4.02255  -4.00787  -3.95164  -3.95533
  33000.  4.00  -2.90540  -2.70437  -2.50811  -2.60739  -2.77509  -3.79018  -4.13914  -4.09851  -4.06720  -4.02683  -4.01307  -3.95308  -3.95601
  33000.  4.50  -2.92280  -2.72684  -2.54132  -2.64207  -2.82044  -3.82851  -4.16739  -4.12782  -4.09680  -4.05978  -4.04693  -3.99197  -3.99570
  33000.  5.00  -2.94835  -2.75550  -2.57584  -2.67689  -2.85928  -3.86636  -4.19761  -4.15672  -4.12389  -4.08800  -4.07465  -4.02067  -4.02488
  34000.  4.00  -2.96302  -2.76219  -2.56602  -2.66566  -2.83413  -3.85804  -4.21183  -4.17205  -4.14210  -4.10155  -4.08826  -4.02719  -4.03032
  34000.  4.50  -2.96783  -2.77213  -2.58694  -2.68840  -2.86878  -3.88694  -4.23176  -4.19347  -4.16439  -4.12780  -4.11596  -4.06137  -4.06551
  34000.  5.00  -2.98573  -2.79351  -2.61494  -2.71704  -2.90294  -3.92018  -4.25811  -4.21899  -4.18840  -4.15337  -4.14122  -4.08867  -4.09331
  35000.  4.00  -3.02633  -2.82570  -2.62991  -2.72984  -2.89920  -3.93016  -4.28784  -4.24887  -4.22013  -4.17940  -4.16647  -4.10412  -4.10731
  35000.  4.50  -3.01974  -2.82393  -2.63871  -2.74067  -2.92231  -3.94912  -4.29890  -4.26164  -4.23426  -4.19781  -4.18677  -4.13176  -4.13619
  35000.  5.00  -3.03032  -2.83806  -2.65974  -2.76259  -2.95079  -3.97699  -4.32063  -4.28295  -4.25438  -4.21990  -4.20881  -4.15687  -4.16187
  36000.  4.00  -3.09350  -2.89313  -2.69805  -2.79827  -2.96883  -4.00547  -4.36626  -4.32818  -4.30060  -4.25985  -4.24727  -4.18398  -4.18720
  36000.  4.50  -3.07715  -2.88118  -2.69600  -2.79835  -2.98101  -4.01502  -4.36886  -4.33252  -4.30669  -4.27020  -4.25982  -4.20382  -4.20842
  36000.  5.00  -3.08090  -2.88827  -2.70979  -2.81318  -3.00286  -4.03685  -4.38530  -4.34879  -4.32206  -4.28784  -4.27767  -4.22559  -4.23089
  37000.  4.00  -3.16282  -2.96286  -2.76880  -2.86935  -3.04151  -4.08273  -4.44603  -4.40884  -4.38234  -4.34179  -4.32961  -4.26595  -4.26924
  37000.  4.50  -3.13875  -2.94268  -2.75785  -2.86055  -3.04443  -4.08440  -4.44149  -4.40605  -4.38169  -4.34518  -4.33539  -4.27829  -4.28301
  37000.  5.00  -3.13639  -2.94326  -2.76455  -2.86834  -3.05912  -4.09978  -4.45222  -4.41672  -4.39171  -4.35758  -4.34822  -4.29537  -4.30088
  38000.  4.00  -3.23278  -3.03334  -2.84041  -2.94129  -3.11517  -4.16028  -4.52577  -4.48941  -4.46388  -4.42368  -4.41189  -4.34838  -4.35178
  38000.  4.50  -3.20319  -3.00721  -2.82305  -2.92612  -3.11151  -4.15638  -4.51609  -4.48159  -4.45862  -4.42224  -4.41302  -4.35513  -4.35994
  38000.  5.00  -3.19608  -3.00251  -2.82376  -2.92792  -3.11980  -4.16607  -4.52174  -4.48717  -4.46376  -4.42965  -4.42103  -4.36714  -4.37282
  39000.  4.00  -3.30241  -3.10360  -2.91185  -3.01303  -3.18853  -4.23705  -4.60458  -4.56898  -4.54424  -4.50443  -4.49300  -4.42995  -4.43349
  39000.  4.50  -3.26905  -3.07332  -2.89013  -2.99357  -3.18065  -4.22975  -4.59164  -4.55809  -4.53645  -4.50035  -4.49173  -4.43347  -4.43841
  39000.  5.00  -3.25856  -3.06476  -2.88633  -2.99084  -3.18402  -4.23500  -4.59327  -4.55962  -4.53773  -4.50373  -4.49580  -4.44095  -4.44677
  40000.  4.50  -3.33516  -3.13985  -2.95781  -3.06163  -3.25061  -4.30332  -4.66710  -4.63448  -4.61403  -4.57835  -4.57030  -4.51210  -4.51719
  40000.  5.00  -3.32266  -3.12881  -2.95100  -3.05588  -3.25059  -4.30564  -4.66605  -4.63334  -4.61287  -4.57907  -4.57181  -4.51633  -4.52229
  41000.  4.50  -3.40075  -3.20601  -3.02519  -3.12938  -3.32024  -4.37616  -4.74169  -4.70995  -4.69056  -4.65533  -4.64781  -4.58998  -4.59524
  41000.  5.00  -3.38734  -3.19364  -3.01669  -3.12192  -3.31825  -4.37690  -4.73919  -4.70738  -4.68823  -4.65476  -4.64814  -4.59238  -4.59851
  42000.  4.50  -3.46546  -3.27137  -3.09178  -3.19632  -3.38896  -4.44773  -4.81495  -4.78403  -4.76554  -4.73079  -4.72372  -4.66643  -4.67185
  42000.  5.00  -3.45182  -3.25843  -3.08249  -3.18808  -3.38619  -4.44797  -4.81191  -4.78099  -4.76305  -4.72998  -4.72396  -4.66824  -4.67454
  43000.  4.50  -3.52908  -3.33577  -3.15741  -3.26225  -3.45654  -4.51786  -4.88677  -4.85658  -4.83884  -4.80453  -4.79781  -4.74116  -4.74673
  43000.  5.00  -3.51558  -3.32267  -3.14783  -3.25377  -3.45364  -4.51823  -4.88372  -4.85365  -4.83676  -4.80413  -4.79865  -4.74319  -4.74968
  44000.  4.50  -3.59164  -3.39916  -3.22201  -3.32714  -3.52292  -4.58651  -4.95710  -4.92760  -4.91047  -4.87655  -4.87011  -4.81412  -4.81982
  44000.  5.00  -3.57840  -3.38608  -3.21239  -3.31865  -3.52021  -4.58730  -4.95430  -4.92503  -4.90905  -4.87686  -4.87185  -4.81682  -4.82347
  45000.  4.50  -3.65306  -3.46151  -3.28558  -3.39096  -3.58812  -4.65378  -5.02605  -4.99717  -4.98051  -4.94697  -4.94073  -4.88546  -4.89125
  45000.  5.00  -3.64014  -3.44851  -3.27597  -3.38253  -3.58569  -4.65504  -5.02353  -4.99499  -4.97980  -4.94804  -4.94341  -4.88890  -4.89569
  46000.  4.50  -3.71353  -3.52295  -3.34820  -3.45382  -3.65228  -4.71980  -5.09370  -5.06541  -5.04914  -5.01595  -5.00986  -4.95534  -4.96122
  46000.  5.00  -3.70082  -3.50997  -3.33861  -3.44544  -3.65007  -4.72147  -5.09145  -5.06360  -5.04906  -5.01769  -5.01337  -4.95945  -4.96638
  47000.  4.50  -3.77297  -3.58340  -3.40981  -3.51568  -3.71537  -4.78458  -5.16009  -5.13235  -5.11643  -5.08358  -5.07761  -5.02388  -5.02983
  47000.  5.00  -3.76043  -3.57043  -3.40024  -3.50733  -3.71336  -4.78660  -5.15806  -5.13084  -5.11687  -5.08587  -5.08180  -5.02851  -5.03556
  48000.  4.50  -3.83146  -3.64291  -3.47047  -3.57658  -3.77744  -4.84822  -5.22529  -5.19807  -5.18244  -5.14992  -5.14405  -5.09112  -5.09715
  48000.  5.00  -3.81903  -3.62994  -3.46090  -3.56824  -3.77560  -4.85053  -5.22345  -5.19683  -5.18333  -5.15269  -5.14882  -5.09621  -5.10335
  49000.  4.50  -3.88901  -3.70150  -3.53016  -3.63653  -3.83853  -4.91074  -5.28931  -5.26259  -5.24725  -5.21505  -5.20927  -5.15716  -5.16326
  49000.  5.00  -3.87663  -3.68849  -3.52061  -3.62821  -3.83686  -4.91332  -5.28766  -5.26163  -5.24855  -5.21825  -5.21456  -5.16267  -5.16988
  50000.  5.00  -3.93332  -3.74614  -3.57940  -3.68724  -3.89713  -4.97503  -5.35076  -5.32526  -5.31256  -5.28260  -5.27906  -5.22792  -5.23520
