   3500.  0.00 -10.353  -9.682 -10.798  -9.017  -8.299  -6.280  -5.211  -3.898  -2.879  -2.082  -1.705  -0.469  -0.234
   3500.  0.50 -10.205  -9.637 -10.708  -8.666  -7.790  -5.912  -4.912  -3.731  -2.773  -2.017  -1.649  -0.432  -0.200
   3500.  1.00 -10.056  -9.587 -10.603  -8.301  -7.279  -5.580  -4.655  -3.589  -2.682  -1.956  -1.596  -0.390  -0.159
   3500.  1.50  -9.914  -9.531 -10.479  -7.952  -6.812  -5.295  -4.438  -3.466  -2.598  -1.895  -1.541  -0.342  -0.113
   3500.  2.00  -9.784  -9.472 -10.332  -7.638  -6.412  -5.059  -4.255  -3.357  -2.518  -1.834  -1.484  -0.291  -0.064
   3500.  2.50  -9.679  -9.411 -10.165  -7.394  -6.113  -4.889  -4.123  -3.271  -2.448  -1.771  -1.422  -0.236  -0.011
   3500.  3.00  -9.610  -9.349  -9.959  -7.229  -5.920  -4.791  -4.061  -3.214  -2.386  -1.701  -1.350  -0.176   0.045
   3500.  3.50  -9.574  -9.301  -9.748  -7.128  -5.807  -4.753  -4.035  -3.175  -2.332  -1.634  -1.279  -0.130   0.084
   3500.  4.00  -9.581  -9.277  -9.611  -7.102  -5.779  -4.781  -4.046  -3.173  -2.311  -1.599  -1.240  -0.109   0.101
   3500.  4.50  -9.621  -9.268  -9.569  -7.140  -5.819  -4.869  -4.089  -3.201  -2.315  -1.585  -1.220  -0.097   0.110
   3500.  5.00  -9.693  -9.272  -9.639  -7.249  -5.936  -5.026  -4.171  -3.259  -2.343  -1.590  -1.218  -0.092   0.114
   3750.  0.00 -10.008  -9.534 -10.549  -8.389  -7.426  -5.658  -4.632  -3.376  -2.449  -1.724  -1.369  -0.313  -0.117
   3750.  0.50  -9.896  -9.520 -10.459  -8.083  -7.013  -5.388  -4.419  -3.272  -2.388  -1.692  -1.345  -0.311  -0.118
   3750.  1.00  -9.791  -9.499 -10.353  -7.782  -6.617  -5.154  -4.244  -3.192  -2.341  -1.666  -1.323  -0.302  -0.110
   3750.  1.50  -9.691  -9.469 -10.227  -7.496  -6.253  -4.948  -4.095  -3.124  -2.297  -1.638  -1.298  -0.284  -0.092
   3750.  2.00  -9.593  -9.431 -10.076  -7.231  -5.928  -4.766  -3.963  -3.059  -2.254  -1.606  -1.268  -0.257  -0.065
   3750.  2.50  -9.508  -9.386  -9.909  -7.018  -5.676  -4.623  -3.853  -3.002  -2.210  -1.571  -1.233  -0.223  -0.032
   3750.  3.00  -9.444  -9.336  -9.719  -6.870  -5.509  -4.527  -3.785  -2.961  -2.174  -1.534  -1.195  -0.181   0.010
   3750.  3.50  -9.399  -9.278  -9.458  -6.762  -5.399  -4.466  -3.761  -2.936  -2.143  -1.492  -1.151  -0.130   0.058
   3750.  4.00  -9.367  -9.223  -9.193  -6.673  -5.314  -4.429  -3.744  -2.913  -2.112  -1.452  -1.109  -0.091   0.095
   3750.  4.50  -9.370  -9.188  -9.035  -6.648  -5.293  -4.444  -3.750  -2.915  -2.101  -1.431  -1.084  -0.069   0.115
   3750.  5.00  -9.405  -9.171  -8.995  -6.684  -5.334  -4.516  -3.784  -2.940  -2.107  -1.423  -1.071  -0.055   0.128
   4000.  0.00  -9.620  -9.371 -10.007  -7.585  -6.424  -5.003  -4.085  -2.931  -2.102  -1.450  -1.121  -0.173  -0.001
   4000.  0.50  -9.505  -9.358  -9.784  -7.260  -6.030  -4.762  -3.902  -2.840  -2.053  -1.430  -1.110  -0.184  -0.014
   4000.  1.00  -9.413  -9.340  -9.527  -6.962  -5.678  -4.569  -3.767  -2.781  -2.024  -1.421  -1.106  -0.191  -0.023
   4000.  1.50  -9.343  -9.317  -9.273  -6.715  -5.393  -4.424  -3.669  -2.747  -2.009  -1.417  -1.104  -0.196  -0.027
   4000.  2.00  -9.292  -9.292  -9.077  -6.532  -5.184  -4.320  -3.598  -2.728  -2.000  -1.413  -1.100  -0.195  -0.027
   4000.  2.50  -9.253  -9.268  -8.979  -6.413  -5.044  -4.246  -3.543  -2.715  -1.990  -1.405  -1.090  -0.187  -0.019
   4000.  3.00  -9.218  -9.243  -8.957  -6.344  -4.958  -4.192  -3.495  -2.700  -1.975  -1.388  -1.070  -0.168  -0.001
   4000.  3.50  -9.190  -9.202  -8.885  -6.305  -4.916  -4.158  -3.470  -2.691  -1.960  -1.365  -1.043  -0.133   0.034
   4000.  4.00  -9.164  -9.138  -8.670  -6.258  -4.881  -4.128  -3.466  -2.684  -1.945  -1.338  -1.013  -0.091   0.076
   4000.  4.50  -9.138  -9.064  -8.426  -6.201  -4.838  -4.099  -3.457  -2.674  -1.927  -1.311  -0.983  -0.054   0.112
   4000.  5.00  -9.138  -9.007  -8.279  -6.188  -4.836  -4.109  -3.463  -2.678  -1.920  -1.295  -0.963  -0.031   0.134
   4250.  0.00  -9.270  -9.184  -8.956  -6.816  -5.589  -4.446  -3.642  -2.601  -1.845  -1.249  -0.940  -0.069   0.084
   4250.  0.50  -9.153  -9.136  -8.581  -6.490  -5.230  -4.233  -3.483  -2.516  -1.801  -1.233  -0.935  -0.085   0.066
   4250.  1.00  -9.059  -9.062  -8.172  -6.188  -4.908  -4.061  -3.366  -2.461  -1.775  -1.228  -0.937  -0.099   0.052
   4250.  1.50  -8.987  -8.960  -7.785  -5.933  -4.647  -3.932  -3.282  -2.428  -1.763  -1.228  -0.940  -0.109   0.042
   4250.  2.00  -8.935  -8.846  -7.485  -5.742  -4.456  -3.842  -3.226  -2.412  -1.759  -1.230  -0.944  -0.115   0.036
   4250.  2.50  -8.900  -8.747  -7.304  -5.619  -4.329  -3.783  -3.187  -2.406  -1.759  -1.233  -0.946  -0.118   0.033
   4250.  3.00  -8.880  -8.695  -7.268  -5.571  -4.268  -3.753  -3.162  -2.407  -1.761  -1.234  -0.944  -0.116   0.034
   4250.  3.50  -8.874  -8.697  -7.359  -5.588  -4.263  -3.747  -3.147  -2.414  -1.762  -1.232  -0.937  -0.109   0.041
   4250.  4.00  -8.878  -8.706  -7.463  -5.636  -4.301  -3.760  -3.153  -2.427  -1.764  -1.223  -0.922  -0.088   0.062
   4250.  4.50  -8.874  -8.667  -7.452  -5.679  -4.353  -3.773  -3.171  -2.441  -1.763  -1.208  -0.901  -0.055   0.095
   4250.  5.00  -8.862  -8.614  -7.396  -5.697  -4.384  -3.775  -3.182  -2.448  -1.758  -1.190  -0.879  -0.023   0.127
   4500.  0.00  -8.934  -8.894  -7.914  -6.143  -4.922  -3.959  -3.268  -2.341  -1.650  -1.101  -0.810   0.004   0.142
   4500.  0.50  -8.826  -8.781  -7.527  -5.846  -4.611  -3.787  -3.144  -2.273  -1.615  -1.090  -0.808  -0.016   0.121
   4500.  1.00  -8.735  -8.622  -7.118  -5.567  -4.333  -3.648  -3.050  -2.227  -1.594  -1.087  -0.812  -0.032   0.105
   4500.  1.50  -8.661  -8.424  -6.740  -5.328  -4.107  -3.544  -2.985  -2.198  -1.583  -1.088  -0.818  -0.045   0.092
   4500.  2.00  -8.599  -8.214  -6.434  -5.141  -3.938  -3.470  -2.940  -2.182  -1.579  -1.092  -0.824  -0.054   0.083
   4500.  2.50  -8.547  -8.032  -6.227  -5.013  -3.821  -3.422  -2.909  -2.175  -1.580  -1.095  -0.828  -0.059   0.078
   4500.  3.00  -8.509  -7.915  -6.137  -4.951  -3.757  -3.396  -2.889  -2.174  -1.581  -1.098  -0.829  -0.061   0.076
   4500.  3.50  -8.486  -7.871  -6.156  -4.949  -3.739  -3.387  -2.876  -2.178  -1.583  -1.099  -0.827  -0.059   0.078
   4500.  4.00  -8.482  -7.897  -6.271  -4.994  -3.759  -3.394  -2.870  -2.186  -1.587  -1.098  -0.822  -0.053   0.084
   4500.  4.50  -8.491  -7.953  -6.429  -5.077  -3.818  -3.419  -2.877  -2.201  -1.590  -1.094  -0.811  -0.038   0.098
   4500.  5.00  -8.491  -7.966  -6.525  -5.166  -3.903  -3.450  -2.900  -2.219  -1.594  -1.085  -0.796  -0.013   0.123
   4750.  0.00  -8.558  -8.491  -7.092  -5.537  -4.340  -3.488  -2.916  -2.112  -1.490  -0.988  -0.716   0.043   0.169
   4750.  0.50  -8.464  -8.319  -6.721  -5.275  -4.075  -3.365  -2.832  -2.067  -1.468  -0.985  -0.720   0.024   0.149
   4750.  1.00  -8.376  -8.089  -6.332  -5.024  -3.837  -3.264  -2.768  -2.035  -1.455  -0.985  -0.726   0.007   0.132
   4750.  1.50  -8.290  -7.821  -5.971  -4.804  -3.641  -3.187  -2.723  -2.015  -1.448  -0.988  -0.733  -0.007   0.119
   4750.  2.00  -8.200  -7.552  -5.673  -4.627  -3.493  -3.135  -2.694  -2.003  -1.446  -0.992  -0.740  -0.017   0.109
   4750.  2.50  -8.109  -7.326  -5.462  -4.501  -3.389  -3.102  -2.675  -1.998  -1.446  -0.996  -0.745  -0.024   0.102
   4750.  3.00  -8.030  -7.170  -5.346  -4.429  -3.326  -3.085  -2.662  -1.996  -1.447  -0.999  -0.747  -0.027   0.098
   4750.  3.50  -7.978  -7.094  -5.322  -4.411  -3.301  -3.081  -2.654  -1.996  -1.448  -1.000  -0.747  -0.027   0.098
   4750.  4.00  -7.960  -7.092  -5.382  -4.439  -3.309  -3.088  -2.649  -1.999  -1.448  -0.999  -0.743  -0.024   0.102
   4750.  4.50  -7.971  -7.144  -5.505  -4.503  -3.344  -3.105  -2.648  -2.005  -1.449  -0.996  -0.737  -0.017   0.108
   4750.  5.00  -8.005  -7.231  -5.678  -4.610  -3.421  -3.137  -2.656  -2.017  -1.452  -0.992  -0.727  -0.004   0.120
   5000.  0.00  -8.171  -8.012  -6.372  -4.987  -3.839  -3.047  -2.586  -1.905  -1.355  -0.902  -0.650   0.052   0.169
   5000.  0.50  -8.083  -7.785  -6.031  -4.760  -3.613  -2.968  -2.540  -1.884  -1.348  -0.906  -0.660   0.034   0.151
   5000.  1.00  -7.977  -7.499  -5.676  -4.539  -3.408  -2.903  -2.506  -1.868  -1.344  -0.912  -0.669   0.019   0.135
   5000.  1.50  -7.840  -7.180  -5.341  -4.339  -3.236  -2.854  -2.483  -1.860  -1.344  -0.918  -0.678   0.006   0.122
   5000.  2.00  -7.672  -6.870  -5.058  -4.172  -3.101  -2.821  -2.470  -1.856  -1.346  -0.924  -0.686  -0.005   0.111
   5000.  2.50  -7.500  -6.615  -4.849  -4.048  -3.005  -2.803  -2.463  -1.855  -1.348  -0.929  -0.692  -0.012   0.104
   5000.  3.00  -7.361  -6.437  -4.720  -3.970  -2.943  -2.797  -2.461  -1.856  -1.350  -0.932  -0.695  -0.016   0.100
   5000.  3.50  -7.278  -6.347  -4.674  -3.941  -2.915  -2.801  -2.461  -1.856  -1.350  -0.932  -0.695  -0.017   0.100
   5000.  4.00  -7.252  -6.332  -4.700  -3.955  -2.916  -2.814  -2.461  -1.857  -1.349  -0.930  -0.691  -0.014   0.102
   5000.  4.50  -7.268  -6.371  -4.780  -4.002  -2.939  -2.832  -2.462  -1.860  -1.347  -0.927  -0.686  -0.008   0.108
   5000.  5.00  -7.313  -6.448  -4.909  -4.083  -2.990  -2.859  -2.466  -1.864  -1.345  -0.922  -0.677   0.001   0.116
   5250.  0.00  -7.774  -7.460  -5.748  -4.532  -3.456  -2.679  -2.303  -1.729  -1.245  -0.838  -0.607   0.039   0.149
   5250.  0.50  -7.662  -7.195  -5.440  -4.331  -3.256  -2.630  -2.284  -1.726  -1.250  -0.849  -0.620   0.024   0.133
   5250.  1.00  -7.504  -6.881  -5.122  -4.133  -3.073  -2.591  -2.273  -1.725  -1.255  -0.859  -0.632   0.010   0.119
   5250.  1.50  -7.292  -6.546  -4.821  -3.950  -2.915  -2.564  -2.269  -1.728  -1.262  -0.868  -0.643  -0.001   0.107
   5250.  2.00  -7.050  -6.230  -4.562  -3.793  -2.789  -2.548  -2.272  -1.733  -1.269  -0.877  -0.652  -0.011   0.097
   5250.  2.50  -6.821  -5.971  -4.362  -3.671  -2.694  -2.542  -2.278  -1.738  -1.275  -0.884  -0.660  -0.018   0.090
   5250.  3.00  -6.645  -5.788  -4.228  -3.587  -2.628  -2.545  -2.285  -1.744  -1.279  -0.888  -0.664  -0.023   0.086
   5250.  3.50  -6.545  -5.690  -4.166  -3.548  -2.592  -2.555  -2.293  -1.747  -1.280  -0.890  -0.665  -0.023   0.085
   5250.  4.00  -6.517  -5.667  -4.167  -3.548  -2.584  -2.572  -2.300  -1.750  -1.279  -0.887  -0.662  -0.021   0.087
   5250.  4.50  -6.541  -5.700  -4.219  -3.581  -2.598  -2.593  -2.306  -1.751  -1.276  -0.883  -0.656  -0.014   0.093
   5250.  5.00  -6.598  -5.771  -4.312  -3.641  -2.631  -2.619  -2.311  -1.752  -1.272  -0.877  -0.648  -0.006   0.101
   5500.  0.00  -7.363  -6.903  -5.242  -4.181  -3.188  -2.389  -2.073  -1.585  -1.158  -0.793  -0.581   0.013   0.118
   5500.  0.50  -7.205  -6.622  -4.964  -4.000  -3.008  -2.362  -2.072  -1.593  -1.171  -0.807  -0.596   0.000   0.104
   5500.  1.00  -6.985  -6.301  -4.675  -3.816  -2.836  -2.340  -2.076  -1.603  -1.183  -0.820  -0.609  -0.011   0.091
   5500.  1.50  -6.716  -5.972  -4.401  -3.643  -2.684  -2.327  -2.085  -1.615  -1.195  -0.833  -0.622  -0.021   0.080
   5500.  2.00  -6.436  -5.669  -4.161  -3.490  -2.557  -2.322  -2.099  -1.628  -1.207  -0.844  -0.633  -0.030   0.071
   5500.  2.50  -6.187  -5.416  -3.966  -3.365  -2.456  -2.325  -2.115  -1.640  -1.218  -0.854  -0.643  -0.038   0.063
   5500.  3.00  -6.001  -5.235  -3.829  -3.274  -2.381  -2.333  -2.132  -1.652  -1.226  -0.861  -0.649  -0.043   0.058
   5500.  3.50  -5.893  -5.131  -3.753  -3.221  -2.333  -2.346  -2.147  -1.660  -1.231  -0.865  -0.652  -0.045   0.056
   5500.  4.00  -5.858  -5.098  -3.733  -3.206  -2.311  -2.364  -2.160  -1.665  -1.232  -0.864  -0.651  -0.042   0.059
   5500.  4.50  -5.883  -5.124  -3.764  -3.224  -2.312  -2.386  -2.171  -1.668  -1.229  -0.860  -0.645  -0.036   0.065
   5500.  5.00  -5.944  -5.187  -3.831  -3.267  -2.331  -2.411  -2.179  -1.668  -1.224  -0.853  -0.636  -0.027   0.073
   5750.  0.00  -6.943  -6.396  -4.844  -3.914  -3.008  -2.156  -1.884  -1.466  -1.090  -0.762  -0.569  -0.025   0.078
   5750.  0.50  -6.748  -6.121  -4.596  -3.755  -2.847  -2.150  -1.898  -1.483  -1.106  -0.777  -0.582  -0.032   0.068
   5750.  1.00  -6.489  -5.811  -4.334  -3.584  -2.686  -2.143  -1.913  -1.500  -1.123  -0.791  -0.596  -0.040   0.057
   5750.  1.50  -6.197  -5.497  -4.081  -3.418  -2.537  -2.142  -1.931  -1.518  -1.139  -0.806  -0.609  -0.049   0.047
   5750.  2.00  -5.908  -5.208  -3.853  -3.265  -2.405  -2.145  -1.954  -1.538  -1.156  -0.820  -0.623  -0.057   0.038
   5750.  2.50  -5.657  -4.964  -3.660  -3.134  -2.295  -2.153  -1.978  -1.557  -1.172  -0.833  -0.635  -0.065   0.030
   5750.  3.00  -5.467  -4.782  -3.516  -3.032  -2.206  -2.165  -2.002  -1.575  -1.185  -0.844  -0.644  -0.071   0.023
   5750.  3.50  -5.349  -4.668  -3.421  -2.961  -2.140  -2.179  -2.024  -1.589  -1.195  -0.852  -0.651  -0.075   0.020
   5750.  4.00  -5.303  -4.621  -3.381  -2.928  -2.099  -2.195  -2.042  -1.599  -1.199  -0.854  -0.652  -0.074   0.021
   5750.  4.50  -5.319  -4.635  -3.391  -2.928  -2.083  -2.215  -2.056  -1.604  -1.199  -0.851  -0.648  -0.069   0.026
   5750.  5.00  -5.375  -4.687  -3.435  -2.955  -2.086  -2.237  -2.067  -1.605  -1.195  -0.845  -0.640  -0.060   0.034
   6000.  0.00  -6.535  -5.961  -4.532  -3.707  -2.887  -1.959  -1.724  -1.367  -1.036  -0.744  -0.569  -0.071   0.031
   6000.  0.50  -6.326  -5.706  -4.316  -3.571  -2.747  -1.975  -1.751  -1.389  -1.053  -0.756  -0.578  -0.072   0.026
   6000.  1.00  -6.057  -5.416  -4.080  -3.417  -2.597  -1.984  -1.776  -1.411  -1.072  -0.770  -0.590  -0.075   0.019
   6000.  1.50  -5.766  -5.123  -3.845  -3.259  -2.452  -1.993  -1.802  -1.435  -1.091  -0.785  -0.603  -0.081   0.011
   6000.  2.00  -5.486  -4.850  -3.627  -3.108  -2.318  -2.006  -1.831  -1.460  -1.112  -0.801  -0.616  -0.088   0.002
   6000.  2.50  -5.241  -4.615  -3.438  -2.973  -2.199  -2.020  -1.862  -1.484  -1.132  -0.817  -0.630  -0.096  -0.006
   6000.  3.00  -5.049  -4.430  -3.284  -2.859  -2.097  -2.035  -1.892  -1.508  -1.150  -0.832  -0.643  -0.103  -0.014
   6000.  3.50  -4.919  -4.301  -3.171  -2.771  -2.014  -2.051  -1.920  -1.529  -1.166  -0.844  -0.654  -0.109  -0.020
   6000.  4.00  -4.855  -4.236  -3.107  -2.716  -1.952  -2.067  -1.944  -1.544  -1.176  -0.851  -0.659  -0.111  -0.022
   6000.  4.50  -4.852  -4.227  -3.090  -2.694  -1.914  -2.083  -1.963  -1.554  -1.180  -0.852  -0.659  -0.108  -0.019
   6000.  5.00  -4.895  -4.264  -3.113  -2.701  -1.899  -2.100  -1.977  -1.558  -1.178  -0.848  -0.653  -0.101  -0.012
   6250.  0.50  -5.954  -5.367  -4.099  -3.429  -2.684  -1.821  -1.622  -1.308  -1.011  -0.745  -0.583  -0.119  -0.022
   6250.  1.00  -5.696  -5.101  -3.886  -3.291  -2.546  -1.848  -1.656  -1.334  -1.029  -0.756  -0.590  -0.117  -0.024
   6250.  1.50  -5.420  -4.830  -3.669  -3.144  -2.406  -1.869  -1.690  -1.361  -1.050  -0.770  -0.601  -0.118  -0.029
   6250.  2.00  -5.154  -4.574  -3.462  -2.998  -2.272  -1.891  -1.725  -1.390  -1.072  -0.787  -0.615  -0.122  -0.036
   6250.  2.50  -4.919  -4.347  -3.275  -2.860  -2.148  -1.912  -1.762  -1.420  -1.095  -0.804  -0.629  -0.129  -0.044
   6250.  3.00  -4.727  -4.159  -3.114  -2.738  -2.037  -1.933  -1.798  -1.449  -1.118  -0.822  -0.645  -0.136  -0.053
   6250.  3.50  -4.588  -4.019  -2.988  -2.637  -1.940  -1.953  -1.833  -1.476  -1.139  -0.838  -0.658  -0.144  -0.060
   6250.  4.00  -4.505  -3.932  -2.901  -2.562  -1.860  -1.969  -1.863  -1.498  -1.155  -0.850  -0.669  -0.149  -0.065
   6250.  4.50  -4.478  -3.899  -2.857  -2.517  -1.800  -1.984  -1.887  -1.514  -1.165  -0.857  -0.673  -0.149  -0.066
   6250.  5.00  -4.499  -3.913  -2.854  -2.502  -1.764  -1.998  -1.904  -1.523  -1.169  -0.857  -0.672  -0.145  -0.062
   6500.  0.50  -5.635  -5.089  -3.927  -3.311  -2.641  -1.680  -1.504  -1.239  -0.980  -0.744  -0.598  -0.174  -0.076
   6500.  1.00  -5.397  -4.849  -3.736  -3.193  -2.516  -1.725  -1.548  -1.266  -0.995  -0.749  -0.599  -0.165  -0.072
   6500.  1.50  -5.141  -4.598  -3.535  -3.057  -2.384  -1.761  -1.590  -1.296  -1.014  -0.760  -0.605  -0.161  -0.073
   6500.  2.00  -4.892  -4.358  -3.338  -2.917  -2.252  -1.792  -1.631  -1.328  -1.037  -0.776  -0.617  -0.161  -0.078
   6500.  2.50  -4.668  -4.139  -3.155  -2.781  -2.125  -1.821  -1.673  -1.361  -1.063  -0.795  -0.632  -0.165  -0.085
   6500.  3.00  -4.479  -3.951  -2.991  -2.654  -2.008  -1.848  -1.715  -1.395  -1.089  -0.814  -0.648  -0.172  -0.093
   6500.  3.50  -4.333  -3.803  -2.853  -2.543  -1.901  -1.873  -1.756  -1.427  -1.114  -0.833  -0.664  -0.179  -0.101
   6500.  4.00  -4.232  -3.696  -2.747  -2.452  -1.808  -1.894  -1.792  -1.456  -1.136  -0.850  -0.678  -0.187  -0.108
   6500.  4.50  -4.182  -3.638  -2.680  -2.387  -1.731  -1.910  -1.823  -1.478  -1.153  -0.863  -0.688  -0.191  -0.112
   6500.  5.00  -4.179  -3.627  -2.651  -2.351  -1.675  -1.922  -1.846  -1.494  -1.162  -0.868  -0.692  -0.190  -0.112
   6750.  0.50  -5.337  -4.831  -3.768  -3.203  -2.599  -1.572  -1.416  -1.184  -0.956  -0.745  -0.614  -0.229  -0.129
   6750.  1.00  -5.148  -4.641  -3.614  -3.109  -2.496  -1.609  -1.447  -1.207  -0.970  -0.752  -0.616  -0.219  -0.127
   6750.  1.50  -4.913  -4.411  -3.428  -2.987  -2.372  -1.661  -1.498  -1.238  -0.986  -0.758  -0.616  -0.209  -0.122
   6750.  2.00  -4.681  -4.184  -3.242  -2.855  -2.245  -1.704  -1.546  -1.272  -1.008  -0.770  -0.624  -0.204  -0.123
   6750.  2.50  -4.469  -3.975  -3.063  -2.723  -2.119  -1.741  -1.592  -1.308  -1.034  -0.788  -0.637  -0.205  -0.127
   6750.  3.00  -4.284  -3.789  -2.898  -2.595  -1.998  -1.775  -1.639  -1.345  -1.062  -0.808  -0.653  -0.209  -0.134
   6750.  3.50  -4.132  -3.634  -2.754  -2.477  -1.886  -1.806  -1.685  -1.382  -1.091  -0.830  -0.671  -0.216  -0.143
   6750.  4.00  -4.019  -3.513  -2.634  -2.375  -1.784  -1.832  -1.728  -1.416  -1.117  -0.850  -0.688  -0.224  -0.151
   6750.  4.50  -3.950  -3.435  -2.547  -2.295  -1.694  -1.852  -1.766  -1.446  -1.140  -0.867  -0.702  -0.231  -0.158
   6750.  5.00  -3.924  -3.399  -2.495  -2.239  -1.621  -1.866  -1.796  -1.468  -1.156  -0.879  -0.711  -0.234  -0.160
   7000.  0.50  -5.043  -4.574  -3.603  -3.092  -2.546  -1.491  -1.355  -1.146  -0.940  -0.750  -0.631  -0.281  -0.181
   7000.  1.00  -4.912  -4.441  -3.492  -3.025  -2.469  -1.521  -1.374  -1.163  -0.952  -0.757  -0.635  -0.273  -0.179
   7000.  1.50  -4.722  -4.254  -3.338  -2.924  -2.363  -1.564  -1.411  -1.188  -0.967  -0.764  -0.637  -0.263  -0.176
   7000.  2.00  -4.507  -4.042  -3.162  -2.803  -2.242  -1.622  -1.466  -1.223  -0.985  -0.771  -0.637  -0.252  -0.172
   7000.  2.50  -4.305  -3.841  -2.990  -2.676  -2.120  -1.669  -1.519  -1.260  -1.010  -0.785  -0.646  -0.248  -0.173
   7000.  3.00  -4.126  -3.659  -2.827  -2.550  -2.000  -1.711  -1.570  -1.300  -1.038  -0.805  -0.661  -0.250  -0.178
   7000.  3.50  -3.971  -3.499  -2.678  -2.430  -1.885  -1.748  -1.621  -1.340  -1.069  -0.828  -0.679  -0.255  -0.185
   7000.  4.00  -3.849  -3.370  -2.550  -2.321  -1.777  -1.780  -1.670  -1.379  -1.099  -0.851  -0.698  -0.263  -0.194
   7000.  4.50  -3.765  -3.275  -2.448  -2.229  -1.678  -1.805  -1.714  -1.415  -1.127  -0.872  -0.715  -0.270  -0.202
   7000.  5.00  -3.719  -3.218  -2.376  -2.157  -1.593  -1.823  -1.751  -1.444  -1.150  -0.889  -0.729  -0.276  -0.207
   7250.  0.50  -4.729  -4.293  -3.413  -2.964  -2.468  -1.440  -1.322  -1.125  -0.934  -0.758  -0.649  -0.329  -0.229
   7250.  1.00  -4.675  -4.235  -3.359  -2.933  -2.427  -1.455  -1.325  -1.133  -0.943  -0.766  -0.655  -0.325  -0.231
   7250.  1.50  -4.535  -4.095  -3.240  -2.856  -2.343  -1.492  -1.350  -1.152  -0.955  -0.772  -0.657  -0.316  -0.229
   7250.  2.00  -4.359  -3.920  -3.091  -2.754  -2.238  -1.542  -1.391  -1.181  -0.971  -0.780  -0.659  -0.306  -0.226
   7250.  2.50  -4.167  -3.729  -2.928  -2.636  -2.122  -1.602  -1.451  -1.218  -0.991  -0.789  -0.661  -0.296  -0.222
   7250.  3.00  -3.992  -3.550  -2.769  -2.514  -2.006  -1.652  -1.507  -1.259  -1.019  -0.806  -0.672  -0.293  -0.224
   7250.  3.50  -3.839  -3.391  -2.620  -2.394  -1.891  -1.696  -1.562  -1.301  -1.050  -0.828  -0.689  -0.296  -0.229
   7250.  4.00  -3.712  -3.255  -2.487  -2.282  -1.781  -1.734  -1.615  -1.344  -1.082  -0.852  -0.708  -0.302  -0.237
   7250.  4.50  -3.616  -3.148  -2.373  -2.182  -1.677  -1.765  -1.666  -1.385  -1.114  -0.876  -0.728  -0.310  -0.246
   7250.  5.00  -3.553  -3.073  -2.286  -2.099  -1.583  -1.788  -1.710  -1.420  -1.142  -0.897  -0.746  -0.318  -0.253
   7500.  0.50  -4.357  -3.949  -3.163  -2.796  -2.340  -1.439  -1.339  -1.135  -0.942  -0.770  -0.665  -0.365  -0.270
   7500.  1.00  -4.429  -4.015  -3.207  -2.826  -2.366  -1.410  -1.297  -1.119  -0.943  -0.780  -0.678  -0.375  -0.281
   7500.  1.50  -4.344  -3.927  -3.129  -2.777  -2.308  -1.439  -1.311  -1.131  -0.951  -0.785  -0.680  -0.368  -0.280
   7500.  2.00  -4.209  -3.791  -3.010  -2.696  -2.222  -1.482  -1.341  -1.153  -0.964  -0.792  -0.682  -0.359  -0.279
   7500.  2.50  -4.049  -3.631  -2.871  -2.596  -2.121  -1.536  -1.387  -1.184  -0.982  -0.801  -0.685  -0.349  -0.276
   7500.  3.00  -3.878  -3.457  -2.718  -2.481  -2.010  -1.597  -1.449  -1.224  -1.005  -0.812  -0.689  -0.341  -0.273
   7500.  3.50  -3.726  -3.299  -2.572  -2.365  -1.899  -1.649  -1.508  -1.267  -1.034  -0.831  -0.703  -0.339  -0.276
   7500.  4.00  -3.596  -3.160  -2.436  -2.252  -1.790  -1.693  -1.566  -1.312  -1.068  -0.855  -0.721  -0.343  -0.282
   7500.  4.50  -3.493  -3.045  -2.317  -2.147  -1.683  -1.730  -1.621  -1.357  -1.102  -0.880  -0.742  -0.350  -0.290
   7500.  5.00  -3.418  -2.958  -2.219  -2.056  -1.584  -1.759  -1.671  -1.398  -1.135  -0.905  -0.762  -0.358  -0.298
   7750.  1.00  -4.168  -3.774  -3.030  -2.701  -2.279  -1.392  -1.298  -1.125  -0.957  -0.802  -0.706  -0.423  -0.331
   7750.  1.50  -4.148  -3.749  -3.003  -2.686  -2.256  -1.403  -1.291  -1.124  -0.958  -0.805  -0.708  -0.420  -0.333
   7750.  2.00  -4.053  -3.652  -2.916  -2.628  -2.191  -1.440  -1.311  -1.139  -0.967  -0.809  -0.709  -0.411  -0.331
   7750.  2.50  -3.926  -3.525  -2.803  -2.547  -2.107  -1.488  -1.345  -1.163  -0.981  -0.817  -0.712  -0.403  -0.330
   7750.  3.00  -3.781  -3.377  -2.672  -2.449  -2.010  -1.545  -1.395  -1.197  -1.000  -0.827  -0.715  -0.394  -0.327
   7750.  3.50  -3.627  -3.220  -2.529  -2.338  -1.906  -1.606  -1.459  -1.239  -1.025  -0.840  -0.721  -0.386  -0.325
   7750.  4.00  -3.496  -3.080  -2.395  -2.227  -1.800  -1.657  -1.520  -1.285  -1.057  -0.861  -0.737  -0.386  -0.329
   7750.  4.50  -3.389  -2.960  -2.272  -2.121  -1.694  -1.700  -1.580  -1.331  -1.092  -0.887  -0.757  -0.391  -0.335
   7750.  5.00  -3.304  -2.864  -2.166  -2.025  -1.593  -1.735  -1.635  -1.376  -1.127  -0.913  -0.779  -0.399  -0.344
   8000.  1.00  -3.889  -3.510  -2.824  -2.554  -2.165  -1.408  -1.334  -1.157  -0.987  -0.832  -0.738  -0.467  -0.379
   8000.  1.50  -3.947  -3.564  -2.865  -2.586  -2.190  -1.386  -1.293  -1.134  -0.978  -0.833  -0.742  -0.473  -0.387
   8000.  2.00  -3.895  -3.509  -2.813  -2.553  -2.149  -1.413  -1.300  -1.140  -0.981  -0.835  -0.742  -0.466  -0.387
   8000.  2.50  -3.799  -3.412  -2.725  -2.490  -2.082  -1.456  -1.325  -1.157  -0.990  -0.839  -0.742  -0.457  -0.385
   8000.  3.00  -3.682  -3.292  -2.617  -2.410  -2.001  -1.507  -1.362  -1.183  -1.005  -0.847  -0.746  -0.449  -0.383
   8000.  3.50  -3.546  -3.154  -2.493  -2.314  -1.908  -1.566  -1.416  -1.218  -1.025  -0.857  -0.749  -0.440  -0.380
   8000.  4.00  -3.409  -3.010  -2.359  -2.206  -1.808  -1.624  -1.481  -1.262  -1.051  -0.872  -0.757  -0.433  -0.379
   8000.  4.50  -3.298  -2.888  -2.235  -2.100  -1.706  -1.673  -1.543  -1.309  -1.085  -0.896  -0.774  -0.434  -0.382
   8000.  5.00  -3.208  -2.785  -2.125  -2.002  -1.605  -1.714  -1.602  -1.357  -1.121  -0.923  -0.796  -0.441  -0.390
   8250.  1.00  -3.605  -3.232  -2.593  -2.383  -2.024  -1.452  -1.402  -1.217  -1.039  -0.878  -0.780  -0.509  -0.429
   8250.  1.50  -3.748  -3.377  -2.720  -2.480  -2.115  -1.391  -1.316  -1.161  -1.009  -0.868  -0.782  -0.525  -0.442
   8250.  2.00  -3.737  -3.363  -2.704  -2.472  -2.100  -1.403  -1.306  -1.155  -1.006  -0.868  -0.781  -0.522  -0.443
   8250.  2.50  -3.671  -3.295  -2.641  -2.428  -2.050  -1.439  -1.322  -1.165  -1.010  -0.869  -0.780  -0.513  -0.442
   8250.  3.00  -3.577  -3.199  -2.553  -2.364  -1.982  -1.486  -1.351  -1.185  -1.020  -0.874  -0.780  -0.504  -0.440
   8250.  3.50  -3.467  -3.087  -2.451  -2.284  -1.903  -1.539  -1.391  -1.212  -1.035  -0.883  -0.784  -0.496  -0.438
   8250.  4.00  -3.339  -2.955  -2.330  -2.188  -1.814  -1.596  -1.448  -1.249  -1.055  -0.893  -0.787  -0.487  -0.434
   8250.  4.50  -3.219  -2.825  -2.204  -2.082  -1.716  -1.650  -1.511  -1.293  -1.083  -0.909  -0.797  -0.482  -0.433
   8250.  5.00  -3.124  -2.718  -2.092  -1.983  -1.618  -1.696  -1.573  -1.341  -1.118  -0.934  -0.816  -0.484  -0.437
   8500.  1.50  -3.554  -3.191  -2.569  -2.367  -2.029  -1.413  -1.357  -1.202  -1.051  -0.911  -0.825  -0.576  -0.497
   8500.  2.00  -3.583  -3.219  -2.592  -2.388  -2.044  -1.408  -1.329  -1.184  -1.040  -0.907  -0.824  -0.578  -0.501
   8500.  2.50  -3.545  -3.179  -2.554  -2.364  -2.013  -1.436  -1.334  -1.186  -1.040  -0.907  -0.822  -0.571  -0.501
   8500.  3.00  -3.474  -3.106  -2.487  -2.315  -1.960  -1.478  -1.355  -1.199  -1.045  -0.909  -0.821  -0.563  -0.499
   8500.  3.50  -3.383  -3.014  -2.402  -2.249  -1.893  -1.527  -1.387  -1.221  -1.056  -0.915  -0.822  -0.554  -0.497
   8500.  4.00  -3.277  -2.906  -2.303  -2.169  -1.816  -1.579  -1.431  -1.249  -1.072  -0.924  -0.826  -0.545  -0.494
   8500.  4.50  -3.155  -2.777  -2.182  -2.070  -1.726  -1.634  -1.488  -1.286  -1.091  -0.932  -0.828  -0.535  -0.488
   8500.  5.00  -3.051  -2.661  -2.065  -1.969  -1.631  -1.682  -1.550  -1.330  -1.120  -0.950  -0.839  -0.531  -0.487
   8750.  1.50  -3.377  -3.018  -2.421  -2.253  -1.938  -1.445  -1.410  -1.253  -1.101  -0.960  -0.875  -0.628  -0.554
   8750.  2.00  -3.437  -3.080  -2.481  -2.304  -1.984  -1.424  -1.363  -1.221  -1.082  -0.952  -0.872  -0.633  -0.559
   8750.  2.50  -3.424  -3.066  -2.468  -2.298  -1.973  -1.442  -1.357  -1.217  -1.077  -0.950  -0.869  -0.630  -0.561
   8750.  3.00  -3.374  -3.014  -2.420  -2.264  -1.935  -1.479  -1.371  -1.224  -1.079  -0.950  -0.867  -0.622  -0.560
   8750.  3.50  -3.301  -2.940  -2.351  -2.212  -1.880  -1.525  -1.397  -1.240  -1.086  -0.953  -0.866  -0.614  -0.558
   8750.  4.00  -3.211  -2.849  -2.267  -2.145  -1.813  -1.575  -1.432  -1.263  -1.097  -0.959  -0.868  -0.605  -0.555
   8750.  4.50  -3.106  -2.742  -2.167  -2.062  -1.736  -1.628  -1.479  -1.293  -1.112  -0.967  -0.870  -0.595  -0.550
   8750.  5.00  -2.991  -2.617  -2.047  -1.960  -1.644  -1.675  -1.534  -1.328  -1.131  -0.975  -0.871  -0.584  -0.543
   9000.  1.50  -3.224  -2.867  -2.287  -2.148  -1.849  -1.483  -1.466  -1.309  -1.156  -1.014  -0.928  -0.683  -0.613
   9000.  2.00  -3.302  -2.950  -2.373  -2.221  -1.923  -1.450  -1.406  -1.266  -1.129  -1.000  -0.921  -0.689  -0.618
   9000.  2.50  -3.308  -2.957  -2.381  -2.232  -1.929  -1.459  -1.391  -1.255  -1.120  -0.996  -0.919  -0.688  -0.621
   9000.  3.00  -3.277  -2.925  -2.351  -2.213  -1.906  -1.490  -1.398  -1.258  -1.119  -0.996  -0.916  -0.682  -0.622
   9000.  3.50  -3.220  -2.867  -2.299  -2.174  -1.864  -1.532  -1.416  -1.268  -1.122  -0.996  -0.914  -0.675  -0.620
   9000.  4.00  -3.145  -2.791  -2.229  -2.119  -1.808  -1.581  -1.446  -1.286  -1.130  -1.000  -0.914  -0.666  -0.617
   9000.  4.50  -3.056  -2.701  -2.145  -2.049  -1.741  -1.631  -1.485  -1.311  -1.141  -1.006  -0.915  -0.656  -0.613
   9000.  5.00  -2.951  -2.591  -2.040  -1.959  -1.659  -1.677  -1.533  -1.340  -1.155  -1.011  -0.914  -0.644  -0.605
   9250.  2.00  -3.182  -2.835  -2.275  -2.145  -1.863  -1.481  -1.453  -1.315  -1.179  -1.051  -0.973  -0.745  -0.678
   9250.  2.50  -3.203  -2.857  -2.300  -2.170  -1.886  -1.483  -1.431  -1.298  -1.167  -1.046  -0.970  -0.746  -0.681
   9250.  3.00  -3.185  -2.839  -2.284  -2.162  -1.875  -1.508  -1.431  -1.296  -1.163  -1.043  -0.967  -0.742  -0.683
   9250.  3.50  -3.142  -2.795  -2.245  -2.134  -1.845  -1.546  -1.445  -1.303  -1.164  -1.043  -0.965  -0.735  -0.682
   9250.  4.00  -3.081  -2.734  -2.189  -2.090  -1.800  -1.592  -1.469  -1.317  -1.168  -1.045  -0.963  -0.727  -0.680
   9250.  4.50  -3.005  -2.658  -2.119  -2.033  -1.743  -1.640  -1.501  -1.337  -1.177  -1.049  -0.963  -0.718  -0.676
   9250.  5.00  -2.916  -2.567  -2.033  -1.959  -1.674  -1.688  -1.542  -1.362  -1.188  -1.055  -0.964  -0.708  -0.670
   9500.  2.00  -3.079  -2.735  -2.188  -2.076  -1.808  -1.515  -1.503  -1.365  -1.231  -1.104  -1.027  -0.802  -0.737
   9500.  2.50  -3.109  -2.767  -2.225  -2.112  -1.845  -1.511  -1.475  -1.345  -1.216  -1.097  -1.023  -0.804  -0.742
   9500.  3.00  -3.102  -2.761  -2.222  -2.114  -1.845  -1.531  -1.470  -1.340  -1.211  -1.094  -1.021  -0.802  -0.744
   9500.  3.50  -3.071  -2.729  -2.195  -2.096  -1.825  -1.565  -1.479  -1.343  -1.210  -1.093  -1.018  -0.796  -0.744
   9500.  4.00  -3.021  -2.680  -2.150  -2.062  -1.790  -1.607  -1.498  -1.353  -1.212  -1.093  -1.015  -0.788  -0.742
   9500.  4.50  -2.955  -2.614  -2.091  -2.014  -1.743  -1.655  -1.525  -1.369  -1.216  -1.095  -1.013  -0.779  -0.739
   9500.  5.00  -2.876  -2.535  -2.018  -1.951  -1.683  -1.703  -1.562  -1.391  -1.225  -1.099  -1.013  -0.770  -0.734
   9750.  2.00  -2.991  -2.650  -2.114  -2.017  -1.760  -1.550  -1.552  -1.416  -1.283  -1.157  -1.081  -0.859  -0.798
   9750.  2.50  -3.025  -2.688  -2.159  -2.060  -1.807  -1.544  -1.521  -1.393  -1.267  -1.149  -1.077  -0.862  -0.802
   9750.  3.00  -3.026  -2.690  -2.166  -2.071  -1.817  -1.559  -1.513  -1.386  -1.261  -1.146  -1.074  -0.861  -0.805
   9750.  3.50  -3.004  -2.668  -2.148  -2.060  -1.806  -1.589  -1.518  -1.387  -1.258  -1.145  -1.072  -0.857  -0.806
   9750.  4.00  -2.964  -2.628  -2.113  -2.034  -1.779  -1.628  -1.532  -1.394  -1.258  -1.144  -1.069  -0.850  -0.805
   9750.  4.50  -2.908  -2.573  -2.063  -1.995  -1.740  -1.674  -1.555  -1.406  -1.260  -1.144  -1.066  -0.841  -0.802
   9750.  5.00  -2.839  -2.504  -2.000  -1.942  -1.690  -1.721  -1.587  -1.424  -1.266  -1.146  -1.064  -0.832  -0.797
  10000.  2.00  -2.916  -2.577  -2.050  -1.966  -1.720  -1.587  -1.601  -1.467  -1.335  -1.210  -1.134  -0.916  -0.858
  10000.  2.50  -2.953  -2.619  -2.101  -2.015  -1.774  -1.578  -1.569  -1.443  -1.319  -1.202  -1.130  -0.920  -0.862
  10000.  3.00  -2.960  -2.627  -2.115  -2.032  -1.792  -1.591  -1.558  -1.434  -1.312  -1.199  -1.129  -0.920  -0.866
  10000.  3.50  -2.944  -2.612  -2.105  -2.028  -1.788  -1.617  -1.560  -1.433  -1.308  -1.197  -1.126  -0.917  -0.868
  10000.  4.00  -2.912  -2.580  -2.078  -2.009  -1.769  -1.653  -1.571  -1.438  -1.307  -1.196  -1.123  -0.911  -0.868
  10000.  4.50  -2.864  -2.534  -2.037  -1.976  -1.737  -1.696  -1.590  -1.447  -1.307  -1.195  -1.120  -0.903  -0.865
  10000.  5.00  -2.803  -2.474  -1.983  -1.931  -1.694  -1.742  -1.618  -1.461  -1.310  -1.195  -1.117  -0.894  -0.860
  10250.  2.00  -2.850  -2.514  -1.995  -1.922  -1.686  -1.623  -1.650  -1.517  -1.387  -1.263  -1.188  -0.972  -0.917
  10250.  2.50  -2.890  -2.560  -2.051  -1.976  -1.746  -1.614  -1.617  -1.492  -1.370  -1.255  -1.184  -0.977  -0.922
  10250.  3.00  -2.901  -2.573  -2.071  -1.998  -1.771  -1.625  -1.605  -1.483  -1.363  -1.252  -1.183  -0.979  -0.926
  10250.  3.50  -2.891  -2.564  -2.067  -2.000  -1.773  -1.648  -1.605  -1.481  -1.360  -1.250  -1.181  -0.977  -0.929
  10250.  4.00  -2.865  -2.538  -2.047  -1.986  -1.760  -1.681  -1.613  -1.484  -1.357  -1.249  -1.179  -0.972  -0.929
  10250.  4.50  -2.825  -2.498  -2.013  -1.959  -1.734  -1.720  -1.629  -1.491  -1.356  -1.247  -1.175  -0.965  -0.927
  10250.  5.00  -2.771  -2.445  -1.966  -1.921  -1.698  -1.764  -1.652  -1.502  -1.357  -1.246  -1.171  -0.956  -0.923
  10500.  2.00  -2.793  -2.459  -1.948  -1.885  -1.658  -1.660  -1.699  -1.567  -1.438  -1.316  -1.242  -1.029  -0.976
  10500.  2.50  -2.835  -2.508  -2.008  -1.943  -1.723  -1.650  -1.664  -1.542  -1.421  -1.307  -1.238  -1.034  -0.981
  10500.  3.00  -2.850  -2.525  -2.033  -1.970  -1.753  -1.660  -1.652  -1.532  -1.415  -1.305  -1.237  -1.037  -0.986
  10500.  3.50  -2.844  -2.521  -2.035  -1.976  -1.761  -1.681  -1.651  -1.530  -1.411  -1.304  -1.236  -1.037  -0.990
  10500.  4.00  -2.823  -2.501  -2.020  -1.967  -1.753  -1.711  -1.657  -1.532  -1.409  -1.302  -1.234  -1.033  -0.991
  10500.  4.50  -2.789  -2.466  -1.991  -1.945  -1.733  -1.748  -1.670  -1.537  -1.407  -1.301  -1.230  -1.026  -0.989
  10500.  5.00  -2.740  -2.419  -1.950  -1.911  -1.702  -1.790  -1.690  -1.545  -1.406  -1.299  -1.225  -1.017  -0.985
  10750.  2.00  -2.742  -2.411  -1.907  -1.854  -1.637  -1.697  -1.747  -1.617  -1.490  -1.368  -1.295  -1.085  -1.035
  10750.  2.50  -2.787  -2.463  -1.971  -1.915  -1.704  -1.687  -1.712  -1.591  -1.473  -1.360  -1.291  -1.090  -1.040
  10750.  3.00  -2.805  -2.484  -2.000  -1.945  -1.739  -1.696  -1.699  -1.581  -1.466  -1.358  -1.291  -1.094  -1.045
  10750.  3.50  -2.803  -2.483  -2.006  -1.955  -1.752  -1.716  -1.697  -1.579  -1.463  -1.357  -1.291  -1.095  -1.050
  10750.  4.00  -2.786  -2.468  -1.996  -1.951  -1.749  -1.744  -1.703  -1.580  -1.460  -1.356  -1.289  -1.093  -1.052
  10750.  4.50  -2.756  -2.438  -1.972  -1.933  -1.733  -1.779  -1.713  -1.584  -1.458  -1.354  -1.286  -1.087  -1.051
  10750.  5.00  -2.713  -2.396  -1.936  -1.904  -1.706  -1.818  -1.730  -1.591  -1.456  -1.352  -1.281  -1.078  -1.047
  11000.  2.00  -2.697  -2.368  -1.872  -1.827  -1.620  -1.734  -1.794  -1.666  -1.540  -1.420  -1.348  -1.140  -1.093
  11000.  2.50  -2.745  -2.424  -1.938  -1.891  -1.689  -1.724  -1.759  -1.640  -1.523  -1.412  -1.344  -1.146  -1.098
  11000.  3.00  -2.765  -2.447  -1.971  -1.924  -1.727  -1.733  -1.746  -1.631  -1.517  -1.410  -1.344  -1.151  -1.104
  11000.  3.50  -2.766  -2.451  -1.982  -1.938  -1.745  -1.753  -1.744  -1.628  -1.514  -1.410  -1.345  -1.153  -1.109
  11000.  4.00  -2.753  -2.439  -1.976  -1.937  -1.747  -1.779  -1.749  -1.629  -1.512  -1.409  -1.344  -1.151  -1.112
  11000.  4.50  -2.728  -2.414  -1.957  -1.924  -1.735  -1.811  -1.758  -1.632  -1.510  -1.408  -1.341  -1.147  -1.112
  11000.  5.00  -2.689  -2.376  -1.925  -1.898  -1.712  -1.848  -1.773  -1.638  -1.507  -1.405  -1.336  -1.139  -1.109
  11250.  2.00  -2.657  -2.330  -1.841  -1.805  -1.608  -1.771  -1.842  -1.715  -1.591  -1.472  -1.400  -1.196  -1.150
  11250.  2.50  -2.707  -2.389  -1.911  -1.871  -1.678  -1.761  -1.806  -1.689  -1.573  -1.463  -1.396  -1.202  -1.155
  11250.  3.00  -2.730  -2.416  -1.947  -1.907  -1.719  -1.770  -1.793  -1.679  -1.567  -1.462  -1.397  -1.207  -1.162
  11250.  3.50  -2.734  -2.422  -1.961  -1.924  -1.740  -1.789  -1.791  -1.677  -1.565  -1.462  -1.399  -1.210  -1.167
  11250.  4.00  -2.724  -2.413  -1.959  -1.926  -1.746  -1.814  -1.795  -1.678  -1.563  -1.462  -1.398  -1.209  -1.171
  11250.  4.50  -2.702  -2.392  -1.944  -1.916  -1.739  -1.845  -1.803  -1.681  -1.561  -1.461  -1.396  -1.206  -1.172
  11250.  5.00  -2.668  -2.359  -1.917  -1.895  -1.720  -1.880  -1.816  -1.685  -1.558  -1.459  -1.392  -1.199  -1.169
  11500.  2.00  -2.622  -2.296  -1.815  -1.786  -1.600  -1.808  -1.889  -1.763  -1.641  -1.523  -1.453  -1.251  -1.207
  11500.  2.50  -2.674  -2.358  -1.887  -1.854  -1.672  -1.798  -1.853  -1.737  -1.623  -1.514  -1.449  -1.257  -1.212
  11500.  3.00  -2.699  -2.388  -1.926  -1.893  -1.714  -1.807  -1.840  -1.728  -1.617  -1.513  -1.450  -1.262  -1.219
  11500.  3.50  -2.706  -2.397  -1.943  -1.912  -1.737  -1.826  -1.838  -1.725  -1.615  -1.514  -1.451  -1.266  -1.225
  11500.  4.00  -2.699  -2.391  -1.944  -1.918  -1.747  -1.851  -1.841  -1.726  -1.614  -1.515  -1.452  -1.266  -1.229
  11500.  4.50  -2.680  -2.373  -1.933  -1.911  -1.743  -1.880  -1.849  -1.729  -1.612  -1.514  -1.450  -1.264  -1.230
  11500.  5.00  -2.650  -2.344  -1.910  -1.893  -1.728  -1.913  -1.861  -1.733  -1.610  -1.512  -1.446  -1.258  -1.229
  11750.  2.00  -2.590  -2.266  -1.793  -1.771  -1.596  -1.845  -1.935  -1.811  -1.690  -1.574  -1.504  -1.305  -1.263
  11750.  2.50  -2.645  -2.331  -1.868  -1.841  -1.668  -1.835  -1.899  -1.785  -1.673  -1.565  -1.500  -1.311  -1.268
  11750.  3.00  -2.672  -2.363  -1.908  -1.881  -1.711  -1.845  -1.886  -1.775  -1.667  -1.564  -1.502  -1.317  -1.275
  11750.  3.50  -2.681  -2.375  -1.928  -1.903  -1.737  -1.863  -1.884  -1.773  -1.665  -1.565  -1.504  -1.321  -1.282
  11750.  4.00  -2.676  -2.372  -1.932  -1.911  -1.749  -1.887  -1.887  -1.775  -1.664  -1.566  -1.505  -1.323  -1.286
  11750.  4.50  -2.660  -2.357  -1.924  -1.907  -1.749  -1.915  -1.895  -1.777  -1.663  -1.566  -1.504  -1.321  -1.288
  11750.  5.00  -2.633  -2.331  -1.904  -1.892  -1.737  -1.947  -1.905  -1.781  -1.661  -1.564  -1.501  -1.316  -1.287
  12000.  2.50  -2.618  -2.307  -1.851  -1.831  -1.667  -1.872  -1.945  -1.832  -1.722  -1.615  -1.551  -1.365  -1.324
  12000.  3.00  -2.648  -2.342  -1.894  -1.873  -1.711  -1.882  -1.932  -1.823  -1.716  -1.615  -1.553  -1.371  -1.331
  12000.  3.50  -2.659  -2.356  -1.915  -1.896  -1.738  -1.900  -1.930  -1.821  -1.715  -1.616  -1.555  -1.376  -1.338
  12000.  4.00  -2.656  -2.355  -1.922  -1.905  -1.752  -1.924  -1.933  -1.822  -1.714  -1.617  -1.557  -1.378  -1.343
  12000.  4.50  -2.642  -2.343  -1.916  -1.904  -1.755  -1.951  -1.940  -1.825  -1.713  -1.618  -1.556  -1.377  -1.345
  12000.  5.00  -2.618  -2.320  -1.900  -1.892  -1.747  -1.982  -1.950  -1.829  -1.711  -1.616  -1.554  -1.373  -1.345
  12250.  2.50  -2.595  -2.286  -1.837  -1.823  -1.669  -1.909  -1.990  -1.879  -1.770  -1.665  -1.602  -1.418  -1.378
  12250.  3.00  -2.627  -2.324  -1.882  -1.866  -1.714  -1.919  -1.977  -1.870  -1.765  -1.665  -1.604  -1.425  -1.386
  12250.  3.50  -2.640  -2.340  -1.905  -1.891  -1.742  -1.937  -1.975  -1.868  -1.764  -1.666  -1.606  -1.430  -1.393
  12250.  4.00  -2.639  -2.341  -1.914  -1.902  -1.757  -1.960  -1.979  -1.870  -1.763  -1.668  -1.608  -1.432  -1.398
  12250.  4.50  -2.627  -2.331  -1.911  -1.903  -1.762  -1.987  -1.986  -1.872  -1.763  -1.669  -1.608  -1.432  -1.401
  12250.  5.00  -2.605  -2.310  -1.897  -1.893  -1.757  -2.016  -1.995  -1.876  -1.761  -1.668  -1.606  -1.429  -1.402
  12500.  2.50  -2.575  -2.268  -1.826  -1.817  -1.674  -1.946  -2.035  -1.925  -1.818  -1.714  -1.652  -1.471  -1.433
  12500.  3.00  -2.609  -2.308  -1.873  -1.862  -1.719  -1.956  -2.022  -1.916  -1.813  -1.714  -1.654  -1.478  -1.440
  12500.  3.50  -2.623  -2.326  -1.897  -1.888  -1.747  -1.974  -2.020  -1.915  -1.812  -1.716  -1.657  -1.483  -1.447
  12500.  4.00  -2.624  -2.329  -1.907  -1.901  -1.764  -1.997  -2.024  -1.916  -1.812  -1.718  -1.659  -1.486  -1.453
  12500.  4.50  -2.614  -2.320  -1.906  -1.903  -1.770  -2.023  -2.030  -1.919  -1.811  -1.719  -1.660  -1.486  -1.457
  12500.  5.00  -2.594  -2.302  -1.895  -1.895  -1.767  -2.051  -2.040  -1.923  -1.810  -1.718  -1.658  -1.483  -1.457
  12750.  2.50  -2.556  -2.251  -1.818  -1.814  -1.680  -1.983  -2.079  -1.970  -1.865  -1.763  -1.701  -1.523  -1.486
  12750.  3.00  -2.592  -2.294  -1.865  -1.860  -1.725  -1.992  -2.067  -1.962  -1.860  -1.763  -1.704  -1.530  -1.494
  12750.  3.50  -2.609  -2.314  -1.892  -1.887  -1.754  -2.010  -2.065  -1.961  -1.860  -1.765  -1.707  -1.535  -1.501
  12750.  4.00  -2.611  -2.318  -1.903  -1.900  -1.771  -2.033  -2.068  -1.963  -1.860  -1.767  -1.709  -1.539  -1.507
  12750.  4.50  -2.602  -2.312  -1.903  -1.904  -1.779  -2.059  -2.075  -1.966  -1.860  -1.768  -1.710  -1.539  -1.511
  12750.  5.00  -2.584  -2.296  -1.894  -1.898  -1.778  -2.086  -2.084  -1.969  -1.858  -1.768  -1.709  -1.537  -1.512
  13000.  2.50  -2.540  -2.237  -1.811  -1.812  -1.687  -2.019  -2.122  -2.015  -1.912  -1.810  -1.750  -1.575  -1.539
  13000.  3.00  -2.578  -2.282  -1.860  -1.859  -1.734  -2.029  -2.111  -2.008  -1.907  -1.811  -1.753  -1.582  -1.547
  13000.  3.50  -2.596  -2.304  -1.888  -1.887  -1.763  -2.047  -2.109  -2.007  -1.907  -1.813  -1.756  -1.587  -1.554
  13000.  4.00  -2.600  -2.310  -1.900  -1.902  -1.780  -2.069  -2.113  -2.009  -1.907  -1.816  -1.759  -1.591  -1.560
  13000.  4.50  -2.592  -2.305  -1.902  -1.906  -1.789  -2.094  -2.119  -2.011  -1.907  -1.817  -1.760  -1.592  -1.564
  13000.  5.00  -2.576  -2.290  -1.895  -1.902  -1.789  -2.121  -2.128  -2.015  -1.906  -1.817  -1.759  -1.590  -1.566
  14000.  2.00  -2.421  -2.111  -1.704  -1.726  -1.640  -2.167  -2.330  -2.218  -2.109  -2.002  -1.940  -1.763  -1.734
  14000.  2.50  -2.493  -2.198  -1.799  -1.816  -1.728  -2.159  -2.290  -2.189  -2.091  -1.995  -1.938  -1.773  -1.742
  14000.  3.00  -2.539  -2.250  -1.855  -1.870  -1.779  -2.172  -2.280  -2.183  -2.089  -1.998  -1.943  -1.782  -1.751
  14000.  3.50  -2.563  -2.279  -1.888  -1.902  -1.810  -2.190  -2.280  -2.184  -2.090  -2.001  -1.948  -1.789  -1.760
  14000.  4.00  -2.572  -2.291  -1.904  -1.920  -1.828  -2.212  -2.284  -2.186  -2.091  -2.004  -1.951  -1.792  -1.766
  14000.  4.50  -2.569  -2.290  -1.909  -1.927  -1.838  -2.235  -2.291  -2.189  -2.092  -2.006  -1.952  -1.794  -1.770
  14000.  5.00  -2.557  -2.281  -1.906  -1.926  -1.842  -2.260  -2.299  -2.193  -2.091  -2.006  -1.952  -1.794  -1.772
  15000.  2.50  -2.467  -2.178  -1.803  -1.833  -1.777  -2.292  -2.448  -2.352  -2.259  -2.167  -2.114  -1.958  -1.931
  15000.  3.00  -2.519  -2.238  -1.867  -1.895  -1.835  -2.307  -2.440  -2.349  -2.260  -2.173  -2.122  -1.970  -1.944
  15000.  3.50  -2.549  -2.273  -1.905  -1.932  -1.870  -2.328  -2.442  -2.351  -2.263  -2.179  -2.129  -1.979  -1.953
  15000.  4.00  -2.562  -2.290  -1.925  -1.952  -1.889  -2.350  -2.447  -2.355  -2.266  -2.183  -2.133  -1.983  -1.960
  15000.  4.50  -2.563  -2.293  -1.932  -1.961  -1.900  -2.372  -2.454  -2.358  -2.267  -2.185  -2.135  -1.985  -1.964
  15000.  5.00  -2.554  -2.287  -1.931  -1.962  -1.903  -2.396  -2.462  -2.362  -2.266  -2.186  -2.135  -1.985  -1.967
  16000.  2.50  -2.454  -2.171  -1.815  -1.857  -1.827  -2.416  -2.596  -2.504  -2.416  -2.328  -2.278  -2.130  -2.106
  16000.  3.00  -2.513  -2.239  -1.888  -1.927  -1.895  -2.436  -2.590  -2.504  -2.420  -2.338  -2.290  -2.147  -2.123
  16000.  3.50  -2.549  -2.280  -1.932  -1.970  -1.935  -2.459  -2.595  -2.509  -2.426  -2.346  -2.299  -2.158  -2.135
  16000.  4.00  -2.567  -2.301  -1.956  -1.994  -1.957  -2.482  -2.602  -2.514  -2.430  -2.352  -2.305  -2.164  -2.143
  16000.  4.50  -2.571  -2.308  -1.966  -2.005  -1.969  -2.504  -2.609  -2.519  -2.432  -2.355  -2.307  -2.166  -2.148
  16000.  5.00  -2.565  -2.305  -1.967  -2.007  -1.972  -2.526  -2.617  -2.522  -2.432  -2.356  -2.308  -2.166  -2.150
  17000.  2.50  -2.451  -2.171  -1.833  -1.883  -1.877  -2.532  -2.734  -2.647  -2.563  -2.478  -2.430  -2.290  -2.270
  17000.  3.00  -2.516  -2.247  -1.915  -1.962  -1.954  -2.555  -2.731  -2.649  -2.570  -2.491  -2.446  -2.311  -2.290
  17000.  3.50  -2.558  -2.295  -1.965  -2.012  -2.001  -2.582  -2.738  -2.657  -2.579  -2.503  -2.459  -2.325  -2.305
  17000.  4.00  -2.579  -2.321  -1.994  -2.040  -2.027  -2.606  -2.747  -2.664  -2.585  -2.511  -2.466  -2.333  -2.315
  17000.  4.50  -2.587  -2.331  -2.007  -2.053  -2.040  -2.629  -2.755  -2.670  -2.589  -2.515  -2.470  -2.337  -2.321
  17000.  5.00  -2.583  -2.330  -2.009  -2.057  -2.045  -2.651  -2.764  -2.674  -2.589  -2.516  -2.471  -2.338  -2.323
  18000.  2.50  -2.454  -2.178  -1.854  -1.911  -1.925  -2.640  -2.865  -2.780  -2.700  -2.618  -2.572  -2.439  -2.421
  18000.  3.00  -2.525  -2.261  -1.944  -1.999  -2.012  -2.667  -2.863  -2.785  -2.710  -2.635  -2.592  -2.464  -2.446
  18000.  3.50  -2.572  -2.314  -2.001  -2.054  -2.065  -2.697  -2.873  -2.796  -2.722  -2.650  -2.608  -2.482  -2.465
  18000.  4.00  -2.598  -2.345  -2.034  -2.087  -2.096  -2.724  -2.884  -2.806  -2.731  -2.660  -2.618  -2.493  -2.477
  18000.  4.50  -2.609  -2.359  -2.051  -2.104  -2.113  -2.748  -2.894  -2.813  -2.736  -2.666  -2.624  -2.498  -2.484
  18000.  5.00  -2.608  -2.361  -2.056  -2.110  -2.119  -2.770  -2.903  -2.818  -2.738  -2.668  -2.626  -2.499  -2.487
  19000.  2.50  -2.462  -2.190  -1.878  -1.941  -1.971  -2.742  -2.987  -2.905  -2.827  -2.748  -2.704  -2.576  -2.561
  19000.  3.00  -2.537  -2.278  -1.975  -2.036  -2.068  -2.772  -2.986  -2.912  -2.841  -2.769  -2.729  -2.608  -2.592
  19000.  3.50  -2.590  -2.337  -2.038  -2.098  -2.127  -2.805  -2.999  -2.926  -2.857  -2.787  -2.748  -2.629  -2.614
  19000.  4.00  -2.621  -2.373  -2.076  -2.135  -2.163  -2.835  -3.013  -2.938  -2.868  -2.800  -2.761  -2.642  -2.628
  19000.  4.50  -2.635  -2.390  -2.096  -2.156  -2.183  -2.860  -3.024  -2.947  -2.875  -2.808  -2.769  -2.649  -2.637
  19000.  5.00  -2.636  -2.395  -2.103  -2.164  -2.192  -2.882  -3.034  -2.954  -2.878  -2.812  -2.772  -2.652  -2.641
  20000.  3.00  -2.553  -2.298  -2.007  -2.074  -2.122  -2.871  -3.102  -3.031  -2.964  -2.894  -2.857  -2.742  -2.728
  20000.  3.50  -2.611  -2.363  -2.076  -2.141  -2.188  -2.907  -3.118  -3.049  -2.983  -2.917  -2.880  -2.767  -2.754
  20000.  4.00  -2.646  -2.402  -2.118  -2.183  -2.228  -2.939  -3.134  -3.063  -2.997  -2.932  -2.896  -2.783  -2.770
  20000.  4.50  -2.663  -2.423  -2.142  -2.207  -2.251  -2.966  -3.147  -3.074  -3.006  -2.942  -2.905  -2.792  -2.781
  20000.  5.00  -2.667  -2.430  -2.152  -2.217  -2.263  -2.989  -3.158  -3.082  -3.010  -2.947  -2.909  -2.796  -2.786
  21000.  3.00  -2.570  -2.319  -2.040  -2.111  -2.174  -2.963  -3.211  -3.143  -3.079  -3.012  -2.976  -2.867  -2.855
  21000.  3.50  -2.633  -2.389  -2.114  -2.184  -2.247  -3.004  -3.230  -3.164  -3.102  -3.038  -3.004  -2.896  -2.885
  21000.  4.00  -2.672  -2.433  -2.161  -2.230  -2.291  -3.038  -3.248  -3.181  -3.119  -3.057  -3.022  -2.915  -2.905
  21000.  4.50  -2.693  -2.458  -2.188  -2.257  -2.317  -3.066  -3.263  -3.194  -3.129  -3.068  -3.033  -2.926  -2.917
  21000.  5.00  -2.699  -2.467  -2.200  -2.270  -2.331  -3.090  -3.275  -3.203  -3.135  -3.074  -3.039  -2.931  -2.923
  22000.  3.00  -2.589  -2.342  -2.073  -2.148  -2.224  -3.049  -3.313  -3.248  -3.186  -3.121  -3.087  -2.983  -2.973
  22000.  3.50  -2.656  -2.417  -2.153  -2.227  -2.303  -3.094  -3.335  -3.272  -3.213  -3.152  -3.120  -3.018  -3.009
  22000.  4.00  -2.700  -2.465  -2.204  -2.277  -2.352  -3.131  -3.356  -3.293  -3.233  -3.174  -3.142  -3.040  -3.031
  22000.  4.50  -2.723  -2.493  -2.234  -2.307  -2.381  -3.161  -3.373  -3.307  -3.246  -3.187  -3.155  -3.053  -3.045
  22000.  5.00  -2.732  -2.505  -2.248  -2.322  -2.397  -3.185  -3.386  -3.317  -3.253  -3.195  -3.162  -3.060  -3.053
  23000.  3.00  -2.606  -2.364  -2.105  -2.183  -2.272  -3.130  -3.409  -3.346  -3.287  -3.224  -3.192  -3.092  -3.084
  23000.  3.50  -2.679  -2.444  -2.191  -2.268  -2.358  -3.179  -3.435  -3.374  -3.319  -3.260  -3.229  -3.133  -3.124
  23000.  4.00  -2.727  -2.497  -2.245  -2.322  -2.411  -3.219  -3.458  -3.397  -3.342  -3.284  -3.254  -3.158  -3.151
  23000.  4.50  -2.754  -2.527  -2.278  -2.355  -2.443  -3.251  -3.477  -3.414  -3.356  -3.300  -3.270  -3.173  -3.167
  23000.  5.00  -2.765  -2.542  -2.295  -2.373  -2.461  -3.276  -3.491  -3.425  -3.365  -3.309  -3.278  -3.181  -3.176
  24000.  3.00  -2.622  -2.385  -2.135  -2.216  -2.316  -3.203  -3.497  -3.436  -3.380  -3.320  -3.289  -3.193  -3.186
  24000.  3.50  -2.702  -2.472  -2.228  -2.308  -2.410  -3.259  -3.528  -3.470  -3.417  -3.361  -3.332  -3.240  -3.233
  24000.  4.00  -2.754  -2.528  -2.286  -2.367  -2.468  -3.302  -3.554  -3.496  -3.443  -3.389  -3.360  -3.269  -3.263
  24000.  4.50  -2.784  -2.562  -2.322  -2.402  -2.503  -3.336  -3.574  -3.515  -3.461  -3.407  -3.378  -3.287  -3.282
  24000.  5.00  -2.797  -2.578  -2.341  -2.422  -2.522  -3.362  -3.590  -3.528  -3.471  -3.418  -3.388  -3.296  -3.292
  25000.  3.00  -2.634  -2.401  -2.158  -2.242  -2.351  -3.268  -3.575  -3.517  -3.463  -3.405  -3.376  -3.284  -3.279
  25000.  3.50  -2.723  -2.498  -2.263  -2.347  -2.460  -3.334  -3.615  -3.561  -3.510  -3.456  -3.429  -3.342  -3.336
  25000.  4.00  -2.780  -2.559  -2.326  -2.409  -2.522  -3.381  -3.645  -3.590  -3.540  -3.487  -3.461  -3.374  -3.369
  25000.  4.50  -2.813  -2.595  -2.364  -2.448  -2.560  -3.416  -3.667  -3.610  -3.559  -3.508  -3.481  -3.394  -3.390
  25000.  5.00  -2.829  -2.614  -2.386  -2.469  -2.581  -3.443  -3.684  -3.624  -3.571  -3.520  -3.493  -3.405  -3.402
  26000.  3.00  -2.646  -2.416  -2.176  -2.262  -2.375  -3.323  -3.645  -3.587  -3.535  -3.477  -3.449  -3.360  -3.356
  26000.  3.50  -2.742  -2.522  -2.295  -2.382  -2.506  -3.403  -3.696  -3.644  -3.597  -3.545  -3.519  -3.437  -3.433
  26000.  4.00  -2.804  -2.588  -2.364  -2.450  -2.573  -3.454  -3.730  -3.678  -3.630  -3.580  -3.555  -3.473  -3.469
  26000.  4.50  -2.841  -2.627  -2.405  -2.491  -2.614  -3.491  -3.754  -3.700  -3.652  -3.602  -3.577  -3.495  -3.492
  26000.  5.00  -2.859  -2.648  -2.428  -2.514  -2.637  -3.519  -3.772  -3.716  -3.665  -3.616  -3.591  -3.508  -3.506
  27000.  3.50  -2.757  -2.541  -2.322  -2.411  -2.545  -3.465  -3.769  -3.719  -3.675  -3.625  -3.602  -3.524  -3.521
  27000.  4.00  -2.826  -2.614  -2.398  -2.487  -2.621  -3.523  -3.809  -3.760  -3.715  -3.667  -3.644  -3.566  -3.564
  27000.  4.50  -2.866  -2.657  -2.443  -2.531  -2.664  -3.562  -3.836  -3.785  -3.739  -3.692  -3.669  -3.591  -3.589
  27000.  5.00  -2.887  -2.680  -2.468  -2.556  -2.690  -3.591  -3.855  -3.801  -3.754  -3.707  -3.683  -3.605  -3.604
  28000.  3.50  -2.770  -2.558  -2.343  -2.435  -2.576  -3.518  -3.833  -3.786  -3.744  -3.696  -3.674  -3.600  -3.598
  28000.  4.00  -2.845  -2.637  -2.429  -2.520  -2.664  -3.585  -3.882  -3.835  -3.793  -3.748  -3.726  -3.653  -3.652
  28000.  4.50  -2.889  -2.684  -2.478  -2.569  -2.712  -3.628  -3.912  -3.864  -3.821  -3.776  -3.754  -3.681  -3.680
  28000.  5.00  -2.912  -2.710  -2.505  -2.596  -2.739  -3.658  -3.933  -3.882  -3.837  -3.792  -3.770  -3.697  -3.697
  29000.  3.50  -2.788  -2.577  -2.365  -2.458  -2.604  -3.567  -3.894  -3.848  -3.808  -3.761  -3.740  -3.668  -3.667
  29000.  4.00  -2.861  -2.657  -2.455  -2.548  -2.701  -3.641  -3.947  -3.903  -3.865  -3.821  -3.801  -3.732  -3.731
  29000.  4.50  -2.910  -2.709  -2.509  -2.602  -2.755  -3.688  -3.982  -3.937  -3.897  -3.854  -3.834  -3.764  -3.765
  29000.  5.00  -2.936  -2.737  -2.539  -2.632  -2.784  -3.720  -4.005  -3.957  -3.915  -3.872  -3.852  -3.782  -3.783
  30000.  3.50  -2.818  -2.606  -2.395  -2.488  -2.636  -3.619  -3.955  -3.910  -3.871  -3.824  -3.804  -3.733  -3.732
  30000.  4.00  -2.877  -2.676  -2.478  -2.573  -2.733  -3.690  -4.007  -3.966  -3.929  -3.887  -3.869  -3.803  -3.804
  30000.  4.50  -2.928  -2.730  -2.537  -2.632  -2.793  -3.743  -4.047  -4.004  -3.966  -3.925  -3.907  -3.842  -3.843
  30000.  5.00  -2.957  -2.761  -2.570  -2.665  -2.825  -3.777  -4.072  -4.027  -3.987  -3.947  -3.928  -3.862  -3.863
  31000.  3.50  -2.862  -2.649  -2.436  -2.530  -2.677  -3.676  -4.022  -3.977  -3.938  -3.891  -3.871  -3.799  -3.799
  31000.  4.00  -2.899  -2.698  -2.503  -2.599  -2.764  -3.738  -4.065  -4.025  -3.991  -3.950  -3.933  -3.869  -3.870
  31000.  4.50  -2.946  -2.751  -2.562  -2.659  -2.827  -3.792  -4.106  -4.066  -4.031  -3.991  -3.974  -3.912  -3.914
  31000.  5.00  -2.977  -2.784  -2.597  -2.694  -2.863  -3.829  -4.134  -4.091  -4.054  -4.015  -3.998  -3.936  -3.938
  32000.  4.00  -2.929  -2.727  -2.532  -2.630  -2.797  -3.787  -4.122  -4.084  -4.051  -4.011  -3.995  -3.932  -3.934
  32000.  4.50  -2.968  -2.774  -2.588  -2.686  -2.860  -3.840  -4.163  -4.124  -4.092  -4.054  -4.038  -3.978  -3.981
  32000.  5.00  -2.998  -2.806  -2.624  -2.722  -2.898  -3.878  -4.192  -4.152  -4.117  -4.080  -4.064  -4.005  -4.008
  33000.  4.00  -2.969  -2.767  -2.571  -2.669  -2.838  -3.841  -4.184  -4.146  -4.115  -4.074  -4.059  -3.997  -3.999
  33000.  4.50  -2.995  -2.800  -2.615  -2.715  -2.892  -3.887  -4.218  -4.181  -4.150  -4.113  -4.099  -4.041  -4.044
  33000.  5.00  -3.022  -2.831  -2.651  -2.751  -2.932  -3.925  -4.248  -4.209  -4.177  -4.141  -4.126  -4.070  -4.073
  34000.  4.00  -3.020  -2.816  -2.620  -2.719  -2.887  -3.902  -4.251  -4.213  -4.183  -4.142  -4.127  -4.065  -4.067
  34000.  4.50  -3.032  -2.836  -2.651  -2.751  -2.931  -3.938  -4.276  -4.240  -4.211  -4.175  -4.161  -4.104  -4.108
  34000.  5.00  -3.051  -2.860  -2.681  -2.782  -2.966  -3.971  -4.302  -4.266  -4.236  -4.201  -4.187  -4.132  -4.136
  35000.  4.00  -3.078  -2.874  -2.677  -2.776  -2.945  -3.968  -4.322  -4.284  -4.255  -4.214  -4.199  -4.135  -4.138
  35000.  4.50  -3.077  -2.880  -2.694  -2.795  -2.976  -3.993  -4.337  -4.302  -4.275  -4.239  -4.226  -4.169  -4.173
  35000.  5.00  -3.088  -2.896  -2.718  -2.820  -3.007  -4.022  -4.360  -4.324  -4.296  -4.262  -4.249  -4.195  -4.199
  36000.  4.00  -3.143  -2.938  -2.742  -2.840  -3.009  -4.040  -4.397  -4.360  -4.331  -4.289  -4.275  -4.209  -4.212
  36000.  4.50  -3.130  -2.931  -2.745  -2.846  -3.028  -4.053  -4.403  -4.368  -4.342  -4.305  -4.293  -4.236  -4.240
  36000.  5.00  -3.133  -2.940  -2.761  -2.863  -3.052  -4.076  -4.420  -4.386  -4.359  -4.325  -4.313  -4.259  -4.264
  37000.  4.00  -3.211  -3.006  -2.811  -2.910  -3.079  -4.115  -4.476  -4.439  -4.410  -4.369  -4.355  -4.288  -4.290
  37000.  4.50  -3.188  -2.989  -2.802  -2.904  -3.086  -4.119  -4.472  -4.438  -4.413  -4.376  -4.364  -4.305  -4.309
  37000.  5.00  -3.185  -2.990  -2.810  -2.913  -3.102  -4.135  -4.483  -4.449  -4.424  -4.390  -4.379  -4.324  -4.329
  38000.  4.00  -3.281  -3.077  -2.882  -2.982  -3.152  -4.192  -4.556  -4.519  -4.491  -4.450  -4.436  -4.369  -4.371
  38000.  4.50  -3.252  -3.051  -2.865  -2.967  -3.149  -4.188  -4.545  -4.511  -4.487  -4.450  -4.438  -4.378  -4.382
  38000.  5.00  -3.242  -3.046  -2.866  -2.969  -3.158  -4.197  -4.549  -4.517  -4.493  -4.458  -4.448  -4.392  -4.397
  39000.  4.00  -3.352  -3.148  -2.955  -3.054  -3.226  -4.270  -4.636  -4.599  -4.572  -4.531  -4.517  -4.451  -4.453
  39000.  4.50  -3.318  -3.117  -2.932  -3.034  -3.217  -4.260  -4.620  -4.587  -4.563  -4.526  -4.515  -4.454  -4.458
  39000.  5.00  -3.304  -3.106  -2.926  -3.029  -3.219  -4.264  -4.619  -4.587  -4.564  -4.529  -4.519  -4.462  -4.467
  40000.  4.50  -3.385  -3.185  -3.001  -3.103  -3.287  -4.334  -4.696  -4.664  -4.641  -4.604  -4.593  -4.532  -4.536
  40000.  5.00  -3.368  -3.170  -2.990  -3.093  -3.285  -4.334  -4.692  -4.660  -4.638  -4.603  -4.594  -4.535  -4.540
  41000.  4.50  -3.453  -3.253  -3.070  -3.172  -3.358  -4.409  -4.773  -4.740  -4.719  -4.682  -4.672  -4.610  -4.614
  41000.  5.00  -3.434  -3.236  -3.057  -3.160  -3.352  -4.405  -4.765  -4.734  -4.713  -4.678  -4.669  -4.611  -4.616
  42000.  4.50  -3.520  -3.321  -3.139  -3.241  -3.429  -4.482  -4.848  -4.817  -4.795  -4.759  -4.749  -4.688  -4.692
  42000.  5.00  -3.500  -3.303  -3.124  -3.228  -3.421  -4.477  -4.840  -4.809  -4.789  -4.754  -4.746  -4.687  -4.692
  43000.  4.50  -3.586  -3.388  -3.207  -3.310  -3.499  -4.555  -4.922  -4.891  -4.871  -4.835  -4.825  -4.765  -4.769
  43000.  5.00  -3.567  -3.370  -3.192  -3.296  -3.491  -4.550  -4.914  -4.883  -4.864  -4.830  -4.822  -4.763  -4.768
  44000.  4.50  -3.650  -3.453  -3.274  -3.377  -3.568  -4.626  -4.995  -4.965  -4.945  -4.909  -4.900  -4.840  -4.844
  44000.  5.00  -3.632  -3.436  -3.259  -3.364  -3.560  -4.621  -4.987  -4.957  -4.938  -4.904  -4.897  -4.838  -4.844
  45000.  4.50  -3.714  -3.518  -3.340  -3.443  -3.635  -4.696  -5.066  -5.036  -5.017  -4.981  -4.973  -4.913  -4.918
  45000.  5.00  -3.697  -3.501  -3.326  -3.430  -3.628  -4.692  -5.059  -5.029  -5.012  -4.978  -4.971  -4.913  -4.918
  46000.  4.50  -3.776  -3.581  -3.404  -3.508  -3.701  -4.764  -5.136  -5.107  -5.088  -5.052  -5.044  -4.985  -4.990
  46000.  5.00  -3.760  -3.565  -3.391  -3.496  -3.695  -4.761  -5.129  -5.101  -5.083  -5.050  -5.043  -4.986  -4.991
  47000.  4.50  -3.837  -3.644  -3.467  -3.572  -3.766  -4.831  -5.205  -5.175  -5.157  -5.122  -5.114  -5.056  -5.061
  47000.  5.00  -3.822  -3.628  -3.455  -3.560  -3.761  -4.829  -5.199  -5.170  -5.154  -5.121  -5.114  -5.057  -5.063
  48000.  4.50  -3.897  -3.705  -3.530  -3.634  -3.830  -4.896  -5.271  -5.243  -5.224  -5.190  -5.182  -5.125  -5.130
  48000.  5.00  -3.883  -3.690  -3.518  -3.624  -3.826  -4.895  -5.266  -5.239  -5.222  -5.190  -5.184  -5.127  -5.133
  49000.  4.50  -3.956  -3.765  -3.591  -3.695  -3.892  -4.960  -5.337  -5.309  -5.291  -5.256  -5.248  -5.192  -5.197
  49000.  5.00  -3.943  -3.751  -3.580  -3.686  -3.889  -4.960  -5.333  -5.305  -5.290  -5.257  -5.251  -5.196  -5.202
  50000.  5.00  -4.001  -3.810  -3.640  -3.746  -3.951  -5.024  -5.398  -5.371  -5.355  -5.324  -5.318  -5.263  -5.269
