   3500.  0.00 -10.533  -9.804 -10.958  -9.259  -8.577  -6.446  -5.542  -4.357  -3.515  -2.749  -2.406  -0.630  -0.326
   3500.  0.50 -10.514  -9.834 -10.959  -9.083  -8.285  -6.264  -5.480  -4.419  -3.633  -2.874  -2.539  -0.675  -0.358
   3500.  1.00 -10.482  -9.858 -10.942  -8.883  -7.984  -6.077  -5.409  -4.467  -3.730  -2.977  -2.648  -0.713  -0.384
   3500.  1.50 -10.435  -9.873 -10.907  -8.660  -7.673  -5.882  -5.325  -4.497  -3.804  -3.055  -2.731  -0.742  -0.403
   3500.  2.00 -10.366  -9.873 -10.845  -8.414  -7.349  -5.677  -5.217  -4.496  -3.841  -3.097  -2.777  -0.754  -0.409
   3500.  2.50 -10.272  -9.853 -10.750  -8.149  -7.013  -5.462  -5.081  -4.453  -3.835  -3.099  -2.781  -0.743  -0.395
   3500.  3.00 -10.154  -9.805 -10.619  -7.883  -6.684  -5.250  -4.920  -4.363  -3.776  -3.051  -2.737  -0.700  -0.354
   3500.  3.50 -10.014  -9.727 -10.448  -7.628  -6.380  -5.044  -4.729  -4.217  -3.651  -2.944  -2.633  -0.621  -0.283
   3500.  4.00  -9.862  -9.623 -10.244  -7.391  -6.105  -4.855  -4.525  -4.029  -3.468  -2.778  -2.469  -0.511  -0.185
   3500.  4.50  -9.713  -9.504 -10.028  -7.172  -5.850  -4.692  -4.330  -3.823  -3.243  -2.566  -2.254  -0.385  -0.073
   3500.  5.00  -9.611  -9.404  -9.824  -7.020  -5.676  -4.603  -4.189  -3.642  -3.018  -2.343  -2.022  -0.277   0.017
   3750.  0.00 -10.100  -9.522 -10.611  -8.809  -8.127  -5.940  -4.808  -3.492  -2.558  -1.837  -1.482  -0.304  -0.087
   3750.  0.50 -10.063  -9.534 -10.577  -8.631  -7.834  -5.772  -4.724  -3.506  -2.605  -1.894  -1.543  -0.321  -0.098
   3750.  1.00 -10.019  -9.543 -10.526  -8.442  -7.552  -5.601  -4.636  -3.517  -2.653  -1.953  -1.608  -0.336  -0.107
   3750.  1.50  -9.964  -9.550 -10.456  -8.239  -7.271  -5.420  -4.539  -3.521  -2.700  -2.013  -1.674  -0.350  -0.115
   3750.  2.00  -9.904  -9.554 -10.371  -8.028  -6.989  -5.243  -4.444  -3.524  -2.746  -2.071  -1.739  -0.363  -0.121
   3750.  2.50  -9.839  -9.554 -10.270  -7.810  -6.702  -5.069  -4.350  -3.524  -2.788  -2.125  -1.799  -0.374  -0.126
   3750.  3.00  -9.776  -9.547 -10.156  -7.599  -6.428  -4.917  -4.270  -3.526  -2.827  -2.172  -1.851  -0.379  -0.126
   3750.  3.50  -9.710  -9.528 -10.027  -7.401  -6.176  -4.781  -4.191  -3.514  -2.845  -2.197  -1.879  -0.373  -0.116
   3750.  4.00  -9.639  -9.490  -9.881  -7.222  -5.954  -4.664  -4.110  -3.480  -2.830  -2.185  -1.869  -0.345  -0.087
   3750.  4.50  -9.555  -9.424  -9.706  -7.040  -5.735  -4.552  -4.017  -3.407  -2.755  -2.112  -1.793  -0.288  -0.033
   3750.  5.00  -9.469  -9.343  -9.520  -6.870  -5.534  -4.456  -3.922  -3.307  -2.638  -1.992  -1.668  -0.214   0.034
   4000.  0.00  -9.754  -9.359 -10.396  -8.330  -7.500  -5.417  -4.267  -2.968  -2.085  -1.421  -1.082  -0.146   0.030
   4000.  0.50  -9.716  -9.365 -10.346  -8.154  -7.229  -5.284  -4.197  -2.969  -2.101  -1.443  -1.105  -0.155   0.023
   4000.  1.00  -9.673  -9.368 -10.272  -7.968  -6.962  -5.147  -4.124  -2.972  -2.120  -1.466  -1.129  -0.163   0.017
   4000.  1.50  -9.618  -9.368 -10.172  -7.769  -6.696  -4.996  -4.033  -2.963  -2.133  -1.488  -1.153  -0.169   0.012
   4000.  2.00  -9.561  -9.366 -10.048  -7.567  -6.436  -4.848  -3.944  -2.957  -2.149  -1.513  -1.180  -0.177   0.007
   4000.  2.50  -9.504  -9.361  -9.905  -7.373  -6.193  -4.708  -3.859  -2.950  -2.168  -1.541  -1.212  -0.184   0.003
   4000.  3.00  -9.453  -9.354  -9.753  -7.196  -5.975  -4.588  -3.790  -2.954  -2.195  -1.576  -1.249  -0.190   0.001
   4000.  3.50  -9.412  -9.342  -9.597  -7.047  -5.794  -4.491  -3.738  -2.964  -2.227  -1.613  -1.287  -0.193   0.002
   4000.  4.00  -9.376  -9.323  -9.441  -6.919  -5.641  -4.416  -3.698  -2.975  -2.254  -1.644  -1.319  -0.189   0.010
   4000.  4.50  -9.340  -9.288  -9.279  -6.800  -5.502  -4.353  -3.664  -2.976  -2.264  -1.651  -1.325  -0.171   0.031
   4000.  5.00  -9.295  -9.228  -9.085  -6.667  -5.347  -4.294  -3.633  -2.951  -2.232  -1.611  -1.281  -0.131   0.069
   4250.  0.00  -9.429  -9.241 -10.178  -7.644  -6.526  -4.878  -3.806  -2.599  -1.787  -1.181  -0.864  -0.048   0.104
   4250.  0.50  -9.393  -9.243 -10.100  -7.487  -6.324  -4.774  -3.753  -2.596  -1.797  -1.195  -0.879  -0.056   0.097
   4250.  1.00  -9.353  -9.243  -9.989  -7.311  -6.102  -4.662  -3.695  -2.594  -1.807  -1.209  -0.893  -0.062   0.092
   4250.  1.50  -9.305  -9.239  -9.845  -7.124  -5.877  -4.543  -3.627  -2.586  -1.813  -1.220  -0.906  -0.067   0.087
   4250.  2.00  -9.251  -9.231  -9.677  -6.936  -5.657  -4.419  -3.550  -2.576  -1.818  -1.231  -0.917  -0.072   0.082
   4250.  2.50  -9.204  -9.221  -9.497  -6.776  -5.474  -4.314  -3.482  -2.570  -1.824  -1.242  -0.927  -0.077   0.078
   4250.  3.00  -9.162  -9.208  -9.318  -6.642  -5.326  -4.223  -3.423  -2.569  -1.834  -1.257  -0.941  -0.081   0.074
   4250.  3.50  -9.134  -9.192  -9.146  -6.547  -5.222  -4.161  -3.384  -2.582  -1.853  -1.276  -0.958  -0.083   0.074
   4250.  4.00  -9.115  -9.172  -8.983  -6.478  -5.152  -4.119  -3.358  -2.599  -1.875  -1.297  -0.977  -0.084   0.076
   4250.  4.50  -9.103  -9.144  -8.826  -6.422  -5.096  -4.092  -3.343  -2.620  -1.898  -1.317  -0.994  -0.079   0.083
   4250.  5.00  -9.088  -9.101  -8.658  -6.353  -5.026  -4.068  -3.338  -2.636  -1.911  -1.323  -0.996  -0.062   0.101
   4500.  0.00  -9.130  -9.132  -9.596  -6.885  -5.603  -4.386  -3.418  -2.328  -1.579  -1.019  -0.719   0.019   0.153
   4500.  0.50  -9.096  -9.129  -9.468  -6.756  -5.460  -4.303  -3.376  -2.321  -1.584  -1.029  -0.731   0.011   0.146
   4500.  1.00  -9.063  -9.120  -9.289  -6.613  -5.304  -4.220  -3.336  -2.318  -1.591  -1.040  -0.744   0.005   0.141
   4500.  1.50  -9.025  -9.105  -9.068  -6.453  -5.131  -4.130  -3.290  -2.314  -1.598  -1.051  -0.755   0.000   0.137
   4500.  2.00  -8.979  -9.084  -8.839  -6.291  -4.959  -4.032  -3.233  -2.304  -1.601  -1.060  -0.765  -0.005   0.132
   4500.  2.50  -8.936  -9.058  -8.625  -6.148  -4.808  -3.943  -3.177  -2.297  -1.604  -1.068  -0.773  -0.010   0.127
   4500.  3.00  -8.900  -9.033  -8.474  -6.049  -4.704  -3.874  -3.129  -2.294  -1.609  -1.075  -0.779  -0.013   0.123
   4500.  3.50  -8.874  -9.008  -8.357  -5.985  -4.637  -3.825  -3.095  -2.302  -1.620  -1.086  -0.786  -0.014   0.122
   4500.  4.00  -8.860  -8.981  -8.260  -5.955  -4.608  -3.798  -3.074  -2.318  -1.635  -1.098  -0.793  -0.014   0.123
   4500.  4.50  -8.856  -8.953  -8.178  -5.950  -4.608  -3.790  -3.065  -2.340  -1.652  -1.110  -0.800  -0.011   0.126
   4500.  5.00  -8.857  -8.918  -8.089  -5.948  -4.613  -3.794  -3.066  -2.366  -1.671  -1.121  -0.806  -0.005   0.133
   4750.  0.00  -8.852  -8.966  -8.438  -6.218  -4.917  -3.952  -3.089  -2.116  -1.425  -0.904  -0.620   0.068   0.186
   4750.  0.50  -8.820  -8.948  -8.304  -6.093  -4.785  -3.882  -3.052  -2.107  -1.427  -0.912  -0.630   0.058   0.178
   4750.  1.00  -8.791  -8.921  -8.139  -5.968  -4.658  -3.816  -3.022  -2.103  -1.432  -0.921  -0.640   0.051   0.172
   4750.  1.50  -8.761  -8.882  -7.942  -5.836  -4.525  -3.750  -2.992  -2.100  -1.437  -0.930  -0.651   0.046   0.168
   4750.  2.00  -8.725  -8.831  -7.734  -5.697  -4.386  -3.679  -2.955  -2.094  -1.441  -0.938  -0.660   0.040   0.163
   4750.  2.50  -8.687  -8.778  -7.556  -5.572  -4.259  -3.610  -2.915  -2.086  -1.443  -0.946  -0.669   0.034   0.157
   4750.  3.00  -8.654  -8.735  -7.447  -5.482  -4.165  -3.554  -2.879  -2.082  -1.446  -0.952  -0.675   0.029   0.152
   4750.  3.50  -8.627  -8.704  -7.402  -5.428  -4.103  -3.512  -2.848  -2.083  -1.451  -0.959  -0.679   0.027   0.150
   4750.  4.00  -8.611  -8.686  -7.408  -5.411  -4.077  -3.489  -2.829  -2.092  -1.461  -0.967  -0.684   0.027   0.150
   4750.  4.50  -8.604  -8.673  -7.442  -5.425  -4.084  -3.483  -2.818  -2.109  -1.473  -0.975  -0.687   0.030   0.152
   4750.  5.00  -8.605  -8.658  -7.472  -5.459  -4.115  -3.492  -2.817  -2.130  -1.487  -0.983  -0.688   0.034   0.156
   5000.  0.00  -8.574  -8.682  -7.468  -5.682  -4.422  -3.566  -2.801  -1.939  -1.305  -0.822  -0.554   0.099   0.204
   5000.  0.50  -8.543  -8.629  -7.287  -5.540  -4.279  -3.503  -2.769  -1.931  -1.307  -0.829  -0.563   0.088   0.195
   5000.  1.00  -8.515  -8.565  -7.104  -5.407  -4.146  -3.446  -2.744  -1.927  -1.310  -0.837  -0.572   0.080   0.188
   5000.  1.50  -8.487  -8.488  -6.916  -5.277  -4.021  -3.394  -2.723  -1.925  -1.315  -0.845  -0.581   0.073   0.183
   5000.  2.00  -8.457  -8.401  -6.731  -5.151  -3.899  -3.342  -2.700  -1.922  -1.319  -0.852  -0.590   0.066   0.177
   5000.  2.50  -8.426  -8.317  -6.572  -5.037  -3.789  -3.293  -2.676  -1.917  -1.322  -0.859  -0.598   0.060   0.171
   5000.  3.00  -8.398  -8.248  -6.462  -4.948  -3.699  -3.251  -2.652  -1.913  -1.324  -0.865  -0.604   0.054   0.166
   5000.  3.50  -8.375  -8.207  -6.416  -4.893  -3.637  -3.221  -2.632  -1.912  -1.327  -0.870  -0.609   0.050   0.162
   5000.  4.00  -8.358  -8.192  -6.432  -4.871  -3.601  -3.202  -2.615  -1.915  -1.332  -0.876  -0.612   0.048   0.160
   5000.  4.50  -8.348  -8.196  -6.498  -4.879  -3.592  -3.195  -2.604  -1.924  -1.339  -0.882  -0.615   0.049   0.161
   5000.  5.00  -8.346  -8.215  -6.602  -4.917  -3.611  -3.201  -2.600  -1.938  -1.349  -0.887  -0.615   0.053   0.164
   5250.  0.00  -8.260  -8.324  -6.814  -5.249  -4.039  -3.211  -2.537  -1.778  -1.204  -0.762  -0.511   0.108   0.206
   5250.  0.50  -8.233  -8.232  -6.604  -5.102  -3.893  -3.162  -2.516  -1.776  -1.208  -0.769  -0.520   0.098   0.196
   5250.  1.00  -8.205  -8.125  -6.392  -4.958  -3.754  -3.115  -2.498  -1.776  -1.213  -0.777  -0.528   0.089   0.189
   5250.  1.50  -8.177  -8.007  -6.185  -4.822  -3.625  -3.072  -2.483  -1.776  -1.219  -0.785  -0.537   0.082   0.182
   5250.  2.00  -8.149  -7.883  -5.992  -4.694  -3.507  -3.032  -2.470  -1.777  -1.225  -0.792  -0.545   0.075   0.176
   5250.  2.50  -8.123  -7.767  -5.825  -4.581  -3.402  -2.997  -2.458  -1.777  -1.229  -0.799  -0.552   0.069   0.171
   5250.  3.00  -8.100  -7.671  -5.698  -4.490  -3.315  -2.969  -2.447  -1.777  -1.233  -0.805  -0.559   0.063   0.165
   5250.  3.50  -8.083  -7.606  -5.625  -4.428  -3.250  -2.950  -2.437  -1.776  -1.235  -0.809  -0.563   0.058   0.161
   5250.  4.00  -8.071  -7.572  -5.607  -4.397  -3.209  -2.940  -2.429  -1.778  -1.238  -0.813  -0.566   0.056   0.158
   5250.  4.50  -8.064  -7.568  -5.644  -4.395  -3.190  -2.939  -2.422  -1.782  -1.242  -0.817  -0.568   0.055   0.158
   5250.  5.00  -8.061  -7.588  -5.731  -4.422  -3.195  -2.946  -2.418  -1.789  -1.246  -0.820  -0.567   0.058   0.160
   5500.  0.00  -7.936  -7.946  -6.308  -4.877  -3.722  -2.879  -2.293  -1.632  -1.116  -0.715  -0.483   0.096   0.190
   5500.  0.50  -7.909  -7.827  -6.100  -4.740  -3.584  -2.850  -2.286  -1.637  -1.125  -0.725  -0.492   0.088   0.182
   5500.  1.00  -7.876  -7.690  -5.883  -4.599  -3.447  -2.818  -2.278  -1.642  -1.133  -0.733  -0.501   0.081   0.174
   5500.  1.50  -7.841  -7.541  -5.668  -4.460  -3.317  -2.786  -2.272  -1.647  -1.140  -0.741  -0.509   0.075   0.168
   5500.  2.00  -7.806  -7.389  -5.466  -4.330  -3.198  -2.757  -2.268  -1.652  -1.148  -0.749  -0.517   0.069   0.162
   5500.  2.50  -7.774  -7.248  -5.288  -4.214  -3.091  -2.732  -2.264  -1.656  -1.155  -0.757  -0.525   0.063   0.156
   5500.  3.00  -7.749  -7.127  -5.143  -4.116  -3.002  -2.713  -2.262  -1.660  -1.161  -0.763  -0.531   0.057   0.151
   5500.  3.50  -7.732  -7.039  -5.044  -4.044  -2.932  -2.703  -2.261  -1.664  -1.165  -0.768  -0.536   0.053   0.147
   5500.  4.00  -7.722  -6.983  -4.992  -3.999  -2.883  -2.700  -2.260  -1.667  -1.168  -0.772  -0.539   0.050   0.145
   5500.  4.50  -7.717  -6.960  -4.993  -3.984  -2.855  -2.704  -2.260  -1.670  -1.170  -0.774  -0.540   0.050   0.144
   5500.  5.00  -7.714  -6.965  -5.043  -3.998  -2.850  -2.716  -2.261  -1.675  -1.172  -0.775  -0.539   0.051   0.145
   5750.  0.00  -7.602  -7.537  -5.864  -4.544  -3.456  -2.571  -2.069  -1.500  -1.042  -0.683  -0.470   0.064   0.157
   5750.  0.50  -7.577  -7.415  -5.681  -4.430  -3.335  -2.567  -2.078  -1.513  -1.054  -0.692  -0.478   0.061   0.152
   5750.  1.00  -7.535  -7.265  -5.476  -4.300  -3.204  -2.552  -2.083  -1.524  -1.065  -0.701  -0.486   0.058   0.147
   5750.  1.50  -7.487  -7.102  -5.267  -4.167  -3.076  -2.534  -2.086  -1.533  -1.075  -0.710  -0.494   0.053   0.142
   5750.  2.00  -7.438  -6.938  -5.067  -4.038  -2.956  -2.516  -2.090  -1.543  -1.085  -0.719  -0.502   0.049   0.137
   5750.  2.50  -7.393  -6.783  -4.883  -3.919  -2.847  -2.501  -2.094  -1.552  -1.094  -0.727  -0.510   0.044   0.131
   5750.  3.00  -7.355  -6.647  -4.727  -3.816  -2.753  -2.490  -2.099  -1.560  -1.102  -0.734  -0.517   0.039   0.127
   5750.  3.50  -7.330  -6.541  -4.609  -3.734  -2.676  -2.485  -2.105  -1.568  -1.109  -0.740  -0.522   0.036   0.123
   5750.  4.00  -7.314  -6.466  -4.531  -3.675  -2.617  -2.486  -2.111  -1.574  -1.114  -0.745  -0.525   0.033   0.121
   5750.  4.50  -7.307  -6.426  -4.502  -3.645  -2.579  -2.494  -2.117  -1.579  -1.117  -0.747  -0.527   0.033   0.121
   5750.  5.00  -7.304  -6.416  -4.519  -3.643  -2.562  -2.509  -2.122  -1.584  -1.118  -0.748  -0.525   0.034   0.122
   6000.  0.00  -7.245  -7.095  -5.460  -4.248  -3.236  -2.292  -1.865  -1.383  -0.984  -0.664  -0.471   0.017   0.110
   6000.  0.50  -7.222  -6.988  -5.314  -4.162  -3.135  -2.314  -1.892  -1.404  -0.997  -0.671  -0.475   0.021   0.111
   6000.  1.00  -7.170  -6.841  -5.131  -4.049  -3.015  -2.318  -1.909  -1.420  -1.009  -0.679  -0.480   0.022   0.109
   6000.  1.50  -7.103  -6.676  -4.936  -3.924  -2.890  -2.314  -1.922  -1.435  -1.021  -0.688  -0.487   0.021   0.106
   6000.  2.00  -7.033  -6.509  -4.742  -3.799  -2.770  -2.307  -1.934  -1.449  -1.033  -0.697  -0.495   0.019   0.102
   6000.  2.50  -6.967  -6.348  -4.560  -3.680  -2.659  -2.302  -1.946  -1.462  -1.044  -0.706  -0.503   0.016   0.098
   6000.  3.00  -6.910  -6.205  -4.399  -3.573  -2.559  -2.298  -1.958  -1.474  -1.055  -0.715  -0.510   0.013   0.095
   6000.  3.50  -6.867  -6.087  -4.267  -3.482  -2.474  -2.299  -1.970  -1.486  -1.064  -0.722  -0.516   0.010   0.092
   6000.  4.00  -6.839  -5.999  -4.171  -3.411  -2.405  -2.303  -1.982  -1.496  -1.071  -0.728  -0.521   0.008   0.090
   6000.  4.50  -6.827  -5.947  -4.120  -3.367  -2.355  -2.313  -1.993  -1.504  -1.076  -0.731  -0.523   0.008   0.089
   6000.  5.00  -6.825  -5.926  -4.110  -3.349  -2.325  -2.328  -2.002  -1.510  -1.079  -0.732  -0.522   0.009   0.091
   6250.  0.50  -6.843  -6.562  -4.989  -3.931  -2.977  -2.086  -1.723  -1.309  -0.952  -0.663  -0.485  -0.031   0.059
   6250.  1.00  -6.782  -6.426  -4.831  -3.836  -2.868  -2.112  -1.754  -1.330  -0.964  -0.667  -0.485  -0.024   0.063
   6250.  1.50  -6.698  -6.265  -4.652  -3.722  -2.749  -2.123  -1.778  -1.349  -0.977  -0.674  -0.489  -0.020   0.063
   6250.  2.00  -6.605  -6.097  -4.468  -3.602  -2.629  -2.127  -1.797  -1.367  -0.990  -0.683  -0.496  -0.019   0.061
   6250.  2.50  -6.514  -5.934  -4.289  -3.483  -2.515  -2.130  -1.816  -1.384  -1.004  -0.693  -0.503  -0.019   0.059
   6250.  3.00  -6.435  -5.787  -4.126  -3.373  -2.410  -2.134  -1.835  -1.400  -1.016  -0.702  -0.510  -0.020   0.057
   6250.  3.50  -6.371  -5.661  -3.987  -3.275  -2.317  -2.140  -1.853  -1.416  -1.028  -0.710  -0.517  -0.022   0.054
   6250.  4.00  -6.326  -5.564  -3.878  -3.195  -2.238  -2.148  -1.870  -1.429  -1.038  -0.718  -0.523  -0.023   0.053
   6250.  4.50  -6.305  -5.503  -3.809  -3.138  -2.177  -2.159  -1.886  -1.441  -1.045  -0.723  -0.526  -0.023   0.052
   6250.  5.00  -6.303  -5.474  -3.779  -3.105  -2.133  -2.174  -1.899  -1.450  -1.050  -0.725  -0.527  -0.022   0.054
   6500.  0.50  -6.460  -6.151  -4.698  -3.730  -2.846  -1.899  -1.585  -1.231  -0.918  -0.662  -0.501  -0.090   0.003
   6500.  1.00  -6.393  -6.035  -4.569  -3.654  -2.755  -1.925  -1.612  -1.251  -0.930  -0.666  -0.501  -0.079   0.008
   6500.  1.50  -6.295  -5.879  -4.405  -3.552  -2.642  -1.955  -1.648  -1.274  -0.942  -0.669  -0.500  -0.069   0.013
   6500.  2.00  -6.183  -5.713  -4.230  -3.437  -2.524  -1.972  -1.677  -1.296  -0.956  -0.676  -0.503  -0.063   0.015
   6500.  2.50  -6.072  -5.549  -4.056  -3.319  -2.407  -1.984  -1.702  -1.316  -0.971  -0.685  -0.509  -0.060   0.015
   6500.  3.00  -5.972  -5.397  -3.893  -3.206  -2.297  -1.995  -1.726  -1.337  -0.985  -0.695  -0.516  -0.059   0.014
   6500.  3.50  -5.888  -5.265  -3.748  -3.103  -2.197  -2.006  -1.750  -1.356  -0.999  -0.705  -0.524  -0.059   0.012
   6500.  4.00  -5.828  -5.162  -3.632  -3.015  -2.110  -2.018  -1.773  -1.373  -1.012  -0.714  -0.530  -0.060   0.011
   6500.  4.50  -5.796  -5.094  -3.549  -2.947  -2.037  -2.031  -1.794  -1.388  -1.022  -0.721  -0.535  -0.060   0.011
   6500.  5.00  -5.788  -5.058  -3.502  -2.901  -1.981  -2.046  -1.812  -1.401  -1.029  -0.725  -0.537  -0.058   0.012
   6750.  0.50  -6.075  -5.761  -4.431  -3.549  -2.731  -1.744  -1.476  -1.170  -0.895  -0.667  -0.523  -0.149  -0.055
   6750.  1.00  -6.019  -5.673  -4.333  -3.493  -2.661  -1.770  -1.497  -1.187  -0.906  -0.671  -0.522  -0.138  -0.050
   6750.  1.50  -5.917  -5.532  -4.189  -3.406  -2.561  -1.801  -1.527  -1.208  -0.917  -0.674  -0.520  -0.126  -0.044
   6750.  2.00  -5.791  -5.364  -4.022  -3.298  -2.445  -1.836  -1.568  -1.234  -0.929  -0.676  -0.517  -0.113  -0.037
   6750.  2.50  -5.666  -5.199  -3.853  -3.183  -2.328  -1.859  -1.601  -1.258  -0.944  -0.684  -0.521  -0.106  -0.034
   6750.  3.00  -5.550  -5.043  -3.691  -3.068  -2.214  -1.877  -1.632  -1.281  -0.960  -0.693  -0.527  -0.102  -0.033
   6750.  3.50  -5.450  -4.906  -3.543  -2.960  -2.108  -1.893  -1.660  -1.304  -0.976  -0.704  -0.534  -0.100  -0.033
   6750.  4.00  -5.377  -4.798  -3.420  -2.865  -2.012  -1.910  -1.688  -1.325  -0.991  -0.714  -0.542  -0.100  -0.034
   6750.  4.50  -5.331  -4.721  -3.326  -2.786  -1.929  -1.925  -1.714  -1.344  -1.004  -0.723  -0.548  -0.099  -0.034
   6750.  5.00  -5.316  -4.679  -3.267  -2.730  -1.862  -1.941  -1.737  -1.360  -1.015  -0.730  -0.552  -0.098  -0.033
   7000.  0.50  -5.686  -5.383  -4.174  -3.377  -2.621  -1.619  -1.395  -1.127  -0.883  -0.678  -0.548  -0.208  -0.113
   7000.  1.00  -5.657  -5.331  -4.110  -3.345  -2.575  -1.644  -1.408  -1.139  -0.890  -0.681  -0.547  -0.197  -0.108
   7000.  1.50  -5.567  -5.214  -3.991  -3.275  -2.491  -1.674  -1.431  -1.156  -0.899  -0.683  -0.544  -0.185  -0.102
   7000.  2.00  -5.443  -5.059  -3.841  -3.179  -2.386  -1.710  -1.466  -1.179  -0.910  -0.685  -0.541  -0.171  -0.095
   7000.  2.50  -5.304  -4.889  -3.675  -3.067  -2.270  -1.750  -1.511  -1.206  -0.923  -0.688  -0.538  -0.157  -0.087
   7000.  3.00  -5.176  -4.729  -3.514  -2.952  -2.155  -1.777  -1.548  -1.233  -0.940  -0.696  -0.542  -0.150  -0.083
   7000.  3.50  -5.067  -4.588  -3.366  -2.842  -2.045  -1.800  -1.582  -1.259  -0.957  -0.707  -0.549  -0.145  -0.082
   7000.  4.00  -4.981  -4.473  -3.237  -2.740  -1.942  -1.821  -1.615  -1.284  -0.975  -0.718  -0.557  -0.143  -0.082
   7000.  4.50  -4.923  -4.388  -3.133  -2.653  -1.850  -1.839  -1.646  -1.307  -0.991  -0.729  -0.564  -0.142  -0.081
   7000.  5.00  -4.899  -4.341  -3.064  -2.587  -1.772  -1.857  -1.673  -1.327  -1.005  -0.738  -0.570  -0.141  -0.081
   7250.  0.50  -5.276  -4.991  -3.905  -3.203  -2.501  -1.533  -1.350  -1.104  -0.879  -0.691  -0.571  -0.260  -0.166
   7250.  1.00  -5.306  -5.004  -3.893  -3.201  -2.490  -1.540  -1.341  -1.105  -0.884  -0.696  -0.574  -0.256  -0.166
   7250.  1.50  -5.236  -4.912  -3.800  -3.148  -2.424  -1.571  -1.359  -1.118  -0.890  -0.696  -0.571  -0.243  -0.160
   7250.  2.00  -5.126  -4.779  -3.671  -3.068  -2.333  -1.606  -1.385  -1.136  -0.899  -0.699  -0.568  -0.230  -0.154
   7250.  2.50  -4.992  -4.620  -3.519  -2.967  -2.226  -1.648  -1.425  -1.162  -0.911  -0.701  -0.565  -0.215  -0.145
   7250.  3.00  -4.854  -4.456  -3.359  -2.853  -2.111  -1.691  -1.474  -1.192  -0.926  -0.705  -0.563  -0.202  -0.137
   7250.  3.50  -4.737  -4.312  -3.211  -2.742  -2.000  -1.722  -1.514  -1.221  -0.944  -0.714  -0.567  -0.194  -0.133
   7250.  4.00  -4.641  -4.191  -3.079  -2.638  -1.895  -1.748  -1.551  -1.248  -0.963  -0.726  -0.575  -0.190  -0.132
   7250.  4.50  -4.572  -4.098  -2.969  -2.544  -1.796  -1.771  -1.587  -1.275  -0.982  -0.739  -0.584  -0.188  -0.131
   7250.  5.00  -4.537  -4.042  -2.889  -2.468  -1.708  -1.790  -1.619  -1.300  -0.999  -0.750  -0.591  -0.186  -0.130
   7500.  0.50  -4.777  -4.506  -3.554  -2.981  -2.325  -1.508  -1.367  -1.120  -0.894  -0.705  -0.586  -0.292  -0.203
   7500.  1.00  -4.957  -4.673  -3.667  -3.052  -2.395  -1.462  -1.299  -1.088  -0.887  -0.715  -0.604  -0.311  -0.222
   7500.  1.50  -4.922  -4.623  -3.610  -3.023  -2.354  -1.487  -1.306  -1.094  -0.890  -0.715  -0.601  -0.301  -0.218
   7500.  2.00  -4.829  -4.512  -3.502  -2.958  -2.278  -1.523  -1.328  -1.108  -0.896  -0.715  -0.597  -0.288  -0.212
   7500.  2.50  -4.713  -4.376  -3.372  -2.872  -2.185  -1.564  -1.358  -1.128  -0.905  -0.718  -0.595  -0.275  -0.205
   7500.  3.00  -4.581  -4.221  -3.225  -2.768  -2.079  -1.611  -1.403  -1.156  -0.919  -0.721  -0.591  -0.260  -0.196
   7500.  3.50  -4.455  -4.072  -3.076  -2.657  -1.968  -1.655  -1.454  -1.189  -0.935  -0.727  -0.591  -0.247  -0.188
   7500.  4.00  -4.352  -3.946  -2.943  -2.551  -1.862  -1.689  -1.498  -1.220  -0.955  -0.738  -0.597  -0.240  -0.185
   7500.  4.50  -4.276  -3.848  -2.829  -2.455  -1.760  -1.716  -1.538  -1.250  -0.976  -0.751  -0.606  -0.236  -0.183
   7500.  5.00  -4.229  -3.782  -2.740  -2.371  -1.666  -1.739  -1.574  -1.278  -0.996  -0.764  -0.615  -0.234  -0.182
   7750.  1.00  -4.601  -4.327  -3.418  -2.890  -2.282  -1.415  -1.287  -1.089  -0.901  -0.738  -0.635  -0.362  -0.274
   7750.  1.50  -4.618  -4.333  -3.410  -2.890  -2.274  -1.423  -1.273  -1.084  -0.899  -0.739  -0.635  -0.358  -0.275
   7750.  2.00  -4.551  -4.253  -3.330  -2.844  -2.217  -1.457  -1.288  -1.093  -0.901  -0.738  -0.630  -0.346  -0.270
   7750.  2.50  -4.453  -4.139  -3.222  -2.773  -2.139  -1.498  -1.313  -1.109  -0.908  -0.739  -0.626  -0.332  -0.264
   7750.  3.00  -4.339  -4.009  -3.097  -2.686  -2.048  -1.542  -1.347  -1.131  -0.919  -0.742  -0.624  -0.320  -0.257
   7750.  3.50  -4.216  -3.866  -2.958  -2.583  -1.944  -1.594  -1.398  -1.162  -0.933  -0.746  -0.621  -0.304  -0.248
   7750.  4.00  -4.108  -3.736  -2.824  -2.477  -1.839  -1.639  -1.451  -1.196  -0.952  -0.753  -0.623  -0.293  -0.241
   7750.  4.50  -4.025  -3.634  -2.708  -2.379  -1.737  -1.672  -1.496  -1.229  -0.974  -0.766  -0.631  -0.287  -0.237
   7750.  5.00  -3.968  -3.559  -2.613  -2.291  -1.639  -1.699  -1.537  -1.260  -0.996  -0.780  -0.640  -0.283  -0.235
   8000.  1.00  -4.236  -3.961  -3.139  -2.704  -2.143  -1.403  -1.310  -1.115  -0.929  -0.768  -0.666  -0.404  -0.321
   8000.  1.50  -4.329  -4.051  -3.206  -2.754  -2.187  -1.381  -1.262  -1.088  -0.917  -0.768  -0.671  -0.413  -0.331
   8000.  2.00  -4.294  -4.007  -3.160  -2.729  -2.153  -1.407  -1.265  -1.089  -0.916  -0.766  -0.667  -0.404  -0.328
   8000.  2.50  -4.214  -3.917  -3.075  -2.675  -2.091  -1.447  -1.284  -1.100  -0.919  -0.764  -0.662  -0.391  -0.323
   8000.  3.00  -4.116  -3.806  -2.968  -2.601  -2.012  -1.493  -1.314  -1.119  -0.927  -0.766  -0.659  -0.378  -0.317
   8000.  3.50  -4.009  -3.685  -2.851  -2.514  -1.923  -1.542  -1.353  -1.144  -0.939  -0.771  -0.658  -0.366  -0.311
   8000.  4.00  -3.901  -3.558  -2.722  -2.414  -1.823  -1.594  -1.409  -1.178  -0.955  -0.775  -0.655  -0.350  -0.301
   8000.  4.50  -3.813  -3.450  -2.604  -2.315  -1.722  -1.637  -1.462  -1.214  -0.976  -0.786  -0.659  -0.340  -0.294
   8000.  5.00  -3.749  -3.369  -2.505  -2.225  -1.624  -1.670  -1.508  -1.248  -0.999  -0.800  -0.668  -0.335  -0.290
   8250.  1.00  -3.878  -3.588  -2.824  -2.482  -1.961  -1.420  -1.365  -1.168  -0.980  -0.813  -0.709  -0.442  -0.369
   8250.  1.50  -4.052  -3.773  -2.995  -2.610  -2.087  -1.362  -1.272  -1.106  -0.944  -0.801  -0.710  -0.464  -0.385
   8250.  2.00  -4.050  -3.766  -2.983  -2.608  -2.078  -1.375  -1.260  -1.099  -0.939  -0.799  -0.707  -0.460  -0.386
   8250.  2.50  -3.992  -3.699  -2.918  -2.567  -2.031  -1.411  -1.273  -1.105  -0.939  -0.796  -0.702  -0.448  -0.381
   8250.  3.00  -3.910  -3.608  -2.832  -2.508  -1.966  -1.456  -1.297  -1.120  -0.944  -0.796  -0.697  -0.436  -0.375
   8250.  3.50  -3.819  -3.509  -2.736  -2.438  -1.892  -1.504  -1.329  -1.139  -0.952  -0.799  -0.695  -0.424  -0.371
   8250.  4.00  -3.722  -3.401  -2.630  -2.355  -1.808  -1.555  -1.372  -1.167  -0.965  -0.804  -0.694  -0.412  -0.364
   8250.  4.50  -3.630  -3.290  -2.513  -2.258  -1.711  -1.607  -1.430  -1.203  -0.984  -0.810  -0.693  -0.397  -0.354
   8250.  5.00  -3.562  -3.205  -2.411  -2.168  -1.614  -1.646  -1.483  -1.240  -1.006  -0.822  -0.699  -0.388  -0.347
   8500.  1.50  -3.798  -3.513  -2.784  -2.461  -1.976  -1.363  -1.301  -1.139  -0.982  -0.841  -0.752  -0.513  -0.438
   8500.  2.00  -3.827  -3.542  -2.811  -2.487  -1.999  -1.359  -1.270  -1.119  -0.969  -0.836  -0.750  -0.516  -0.443
   8500.  2.50  -3.791  -3.500  -2.771  -2.464  -1.970  -1.388  -1.274  -1.120  -0.967  -0.833  -0.745  -0.507  -0.441
   8500.  3.00  -3.726  -3.428  -2.703  -2.418  -1.919  -1.430  -1.292  -1.130  -0.968  -0.831  -0.740  -0.495  -0.436
   8500.  3.50  -3.647  -3.343  -2.621  -2.358  -1.855  -1.478  -1.321  -1.146  -0.974  -0.832  -0.736  -0.482  -0.430
   8500.  4.00  -3.562  -3.251  -2.531  -2.288  -1.783  -1.529  -1.357  -1.169  -0.984  -0.836  -0.735  -0.471  -0.424
   8500.  4.50  -3.475  -3.154  -2.432  -2.207  -1.701  -1.581  -1.405  -1.199  -0.998  -0.841  -0.734  -0.458  -0.417
   8500.  5.00  -3.401  -3.063  -2.330  -2.117  -1.607  -1.627  -1.462  -1.236  -1.017  -0.848  -0.734  -0.445  -0.407
   8750.  1.50  -3.584  -3.292  -2.593  -2.321  -1.865  -1.379  -1.342  -1.183  -1.028  -0.887  -0.798  -0.562  -0.492
   8750.  2.00  -3.630  -3.341  -2.650  -2.371  -1.919  -1.359  -1.294  -1.150  -1.007  -0.878  -0.796  -0.570  -0.500
   8750.  2.50  -3.609  -3.318  -2.630  -2.363  -1.907  -1.377  -1.288  -1.144  -1.001  -0.875  -0.792  -0.565  -0.500
   8750.  3.00  -3.559  -3.263  -2.579  -2.329  -1.869  -1.415  -1.300  -1.150  -1.000  -0.872  -0.787  -0.555  -0.497
   8750.  3.50  -3.492  -3.192  -2.512  -2.281  -1.817  -1.461  -1.323  -1.162  -1.003  -0.870  -0.781  -0.543  -0.491
   8750.  4.00  -3.418  -3.113  -2.436  -2.223  -1.756  -1.512  -1.354  -1.181  -1.009  -0.872  -0.778  -0.531  -0.486
   8750.  4.50  -3.340  -3.031  -2.354  -2.155  -1.686  -1.563  -1.394  -1.206  -1.020  -0.876  -0.777  -0.520  -0.479
   8750.  5.00  -3.265  -2.944  -2.261  -2.075  -1.604  -1.613  -1.447  -1.238  -1.035  -0.882  -0.776  -0.506  -0.470
   9000.  1.50  -3.411  -3.114  -2.431  -2.195  -1.757  -1.403  -1.388  -1.232  -1.078  -0.936  -0.848  -0.613  -0.548
   9000.  2.00  -3.463  -3.173  -2.509  -2.268  -1.843  -1.372  -1.328  -1.189  -1.050  -0.923  -0.843  -0.624  -0.557
   9000.  2.50  -3.453  -3.160  -2.504  -2.271  -1.848  -1.381  -1.313  -1.177  -1.041  -0.919  -0.841  -0.623  -0.560
   9000.  3.00  -3.412  -3.116  -2.465  -2.247  -1.821  -1.412  -1.318  -1.178  -1.038  -0.916  -0.836  -0.615  -0.558
   9000.  3.50  -3.356  -3.056  -2.410  -2.207  -1.779  -1.454  -1.335  -1.187  -1.038  -0.914  -0.831  -0.604  -0.554
   9000.  4.00  -3.291  -2.988  -2.345  -2.158  -1.727  -1.503  -1.362  -1.201  -1.042  -0.913  -0.826  -0.592  -0.548
   9000.  4.50  -3.221  -2.916  -2.275  -2.101  -1.668  -1.554  -1.397  -1.222  -1.049  -0.915  -0.823  -0.580  -0.541
   9000.  5.00  -3.149  -2.841  -2.199  -2.036  -1.600  -1.605  -1.441  -1.249  -1.061  -0.920  -0.822  -0.569  -0.534
   9250.  2.00  -3.324  -3.034  -2.388  -2.176  -1.772  -1.392  -1.367  -1.231  -1.095  -0.971  -0.892  -0.677  -0.613
   9250.  2.50  -3.321  -3.029  -2.397  -2.193  -1.796  -1.395  -1.345  -1.215  -1.085  -0.966  -0.891  -0.680  -0.619
   9250.  3.00  -3.288  -2.992  -2.368  -2.176  -1.779  -1.419  -1.345  -1.213  -1.081  -0.964  -0.888  -0.676  -0.619
   9250.  3.50  -3.239  -2.940  -2.320  -2.142  -1.745  -1.457  -1.358  -1.219  -1.080  -0.961  -0.883  -0.666  -0.616
   9250.  4.00  -3.180  -2.879  -2.264  -2.100  -1.700  -1.502  -1.380  -1.230  -1.081  -0.959  -0.877  -0.654  -0.611
   9250.  4.50  -3.116  -2.813  -2.202  -2.050  -1.649  -1.552  -1.410  -1.246  -1.084  -0.959  -0.872  -0.642  -0.604
   9250.  5.00  -3.049  -2.745  -2.135  -1.994  -1.590  -1.603  -1.448  -1.268  -1.093  -0.962  -0.870  -0.631  -0.597
   9500.  2.00  -3.207  -2.915  -2.281  -2.093  -1.704  -1.417  -1.409  -1.275  -1.142  -1.019  -0.941  -0.729  -0.669
   9500.  2.50  -3.209  -2.919  -2.304  -2.123  -1.747  -1.416  -1.382  -1.256  -1.130  -1.014  -0.940  -0.736  -0.677
   9500.  3.00  -3.182  -2.890  -2.286  -2.116  -1.744  -1.436  -1.379  -1.253  -1.126  -1.013  -0.940  -0.735  -0.680
   9500.  3.50  -3.139  -2.843  -2.246  -2.089  -1.718  -1.469  -1.389  -1.257  -1.125  -1.011  -0.936  -0.728  -0.679
   9500.  4.00  -3.086  -2.786  -2.195  -2.051  -1.679  -1.511  -1.406  -1.265  -1.125  -1.009  -0.931  -0.718  -0.675
   9500.  4.50  -3.026  -2.725  -2.138  -2.005  -1.632  -1.558  -1.432  -1.278  -1.126  -1.007  -0.925  -0.705  -0.669
   9500.  5.00  -2.963  -2.662  -2.078  -1.955  -1.580  -1.608  -1.465  -1.295  -1.130  -1.007  -0.921  -0.693  -0.661
   9750.  2.00  -3.106  -2.813  -2.187  -2.018  -1.639  -1.443  -1.451  -1.321  -1.190  -1.067  -0.990  -0.781  -0.724
   9750.  2.50  -3.112  -2.823  -2.221  -2.059  -1.699  -1.440  -1.422  -1.300  -1.177  -1.063  -0.990  -0.790  -0.734
   9750.  3.00  -3.091  -2.802  -2.214  -2.063  -1.711  -1.458  -1.416  -1.295  -1.173  -1.062  -0.991  -0.793  -0.740
   9750.  3.50  -3.055  -2.762  -2.184  -2.044  -1.696  -1.489  -1.424  -1.298  -1.172  -1.062  -0.990  -0.789  -0.742
   9750.  4.00  -3.007  -2.711  -2.139  -2.011  -1.664  -1.528  -1.439  -1.305  -1.172  -1.061  -0.986  -0.781  -0.739
   9750.  4.50  -2.952  -2.654  -2.087  -1.970  -1.622  -1.572  -1.461  -1.315  -1.172  -1.058  -0.981  -0.770  -0.733
   9750.  5.00  -2.892  -2.592  -2.029  -1.922  -1.574  -1.618  -1.489  -1.330  -1.173  -1.057  -0.975  -0.757  -0.725
  10000.  2.00  -3.018  -2.724  -2.103  -1.950  -1.581  -1.471  -1.495  -1.366  -1.238  -1.116  -1.040  -0.833  -0.780
  10000.  2.50  -3.027  -2.740  -2.146  -2.001  -1.653  -1.467  -1.463  -1.344  -1.223  -1.111  -1.040  -0.843  -0.790
  10000.  3.00  -3.011  -2.724  -2.149  -2.014  -1.679  -1.483  -1.456  -1.338  -1.220  -1.112  -1.043  -0.849  -0.798
  10000.  3.50  -2.981  -2.692  -2.129  -2.004  -1.676  -1.512  -1.462  -1.341  -1.220  -1.113  -1.044  -0.849  -0.802
  10000.  4.00  -2.940  -2.648  -2.092  -1.979  -1.653  -1.549  -1.475  -1.347  -1.220  -1.113  -1.042  -0.843  -0.802
  10000.  4.50  -2.890  -2.595  -2.045  -1.942  -1.617  -1.591  -1.495  -1.357  -1.220  -1.111  -1.037  -0.834  -0.798
  10000.  5.00  -2.833  -2.537  -1.992  -1.897  -1.573  -1.636  -1.520  -1.369  -1.221  -1.109  -1.031  -0.821  -0.791
  10250.  2.00  -2.944  -2.648  -2.033  -1.895  -1.535  -1.502  -1.540  -1.413  -1.287  -1.166  -1.091  -0.886  -0.836
  10250.  2.50  -2.959  -2.673  -2.088  -1.955  -1.619  -1.497  -1.507  -1.390  -1.272  -1.161  -1.091  -0.898  -0.847
  10250.  3.00  -2.950  -2.667  -2.102  -1.979  -1.658  -1.514  -1.499  -1.385  -1.269  -1.164  -1.096  -0.907  -0.858
  10250.  3.50  -2.928  -2.644  -2.093  -1.981  -1.669  -1.543  -1.505  -1.388  -1.271  -1.167  -1.100  -0.910  -0.865
  10250.  4.00  -2.896  -2.609  -2.068  -1.966  -1.658  -1.581  -1.519  -1.396  -1.274  -1.170  -1.101  -0.909  -0.869
  10250.  4.50  -2.854  -2.564  -2.030  -1.937  -1.631  -1.624  -1.539  -1.406  -1.276  -1.170  -1.099  -0.902  -0.867
  10250.  5.00  -2.803  -2.511  -1.981  -1.897  -1.591  -1.669  -1.564  -1.419  -1.277  -1.169  -1.095  -0.892  -0.862
  10500.  2.00  -2.874  -2.574  -1.964  -1.841  -1.493  -1.532  -1.584  -1.460  -1.335  -1.216  -1.141  -0.939  -0.891
  10500.  2.50  -2.892  -2.605  -2.025  -1.906  -1.579  -1.526  -1.549  -1.435  -1.319  -1.209  -1.140  -0.950  -0.901
  10500.  3.00  -2.886  -2.604  -2.047  -1.936  -1.626  -1.542  -1.541  -1.429  -1.316  -1.212  -1.145  -0.960  -0.913
  10500.  3.50  -2.868  -2.586  -2.045  -1.945  -1.647  -1.570  -1.545  -1.432  -1.318  -1.217  -1.151  -0.966  -0.923
  10500.  4.00  -2.840  -2.557  -2.028  -1.937  -1.646  -1.606  -1.558  -1.440  -1.322  -1.221  -1.154  -0.967  -0.928
  10500.  4.50  -2.804  -2.519  -1.998  -1.916  -1.628  -1.648  -1.577  -1.450  -1.325  -1.223  -1.154  -0.963  -0.929
  10500.  5.00  -2.759  -2.472  -1.956  -1.883  -1.596  -1.694  -1.601  -1.462  -1.326  -1.223  -1.151  -0.955  -0.926
  10750.  2.00  -2.809  -2.506  -1.902  -1.793  -1.459  -1.564  -1.629  -1.506  -1.383  -1.265  -1.192  -0.992  -0.947
  10750.  2.50  -2.832  -2.544  -1.969  -1.861  -1.545  -1.556  -1.592  -1.480  -1.366  -1.258  -1.189  -1.002  -0.955
  10750.  3.00  -2.829  -2.548  -1.996  -1.896  -1.597  -1.571  -1.582  -1.473  -1.363  -1.260  -1.195  -1.012  -0.967
  10750.  3.50  -2.814  -2.534  -2.001  -1.911  -1.625  -1.598  -1.586  -1.476  -1.365  -1.265  -1.201  -1.020  -0.978
  10750.  4.00  -2.790  -2.510  -1.991  -1.910  -1.633  -1.634  -1.599  -1.484  -1.370  -1.271  -1.206  -1.024  -0.986
  10750.  4.50  -2.759  -2.477  -1.968  -1.896  -1.624  -1.675  -1.617  -1.494  -1.373  -1.274  -1.208  -1.022  -0.990
  10750.  5.00  -2.720  -2.436  -1.934  -1.869  -1.600  -1.720  -1.639  -1.506  -1.376  -1.276  -1.207  -1.016  -0.988
  11000.  2.00  -2.749  -2.441  -1.845  -1.750  -1.432  -1.596  -1.673  -1.553  -1.432  -1.315  -1.242  -1.045  -1.002
  11000.  2.50  -2.774  -2.484  -1.914  -1.818  -1.513  -1.586  -1.635  -1.524  -1.412  -1.305  -1.238  -1.053  -1.008
  11000.  3.00  -2.773  -2.491  -1.944  -1.855  -1.565  -1.599  -1.623  -1.516  -1.408  -1.306  -1.242  -1.062  -1.020
  11000.  3.50  -2.758  -2.479  -1.952  -1.871  -1.596  -1.624  -1.626  -1.518  -1.410  -1.311  -1.248  -1.070  -1.030
  11000.  4.00  -2.736  -2.457  -1.945  -1.873  -1.609  -1.657  -1.637  -1.525  -1.414  -1.317  -1.253  -1.075  -1.039
  11000.  4.50  -2.706  -2.426  -1.926  -1.863  -1.606  -1.696  -1.653  -1.535  -1.418  -1.321  -1.256  -1.076  -1.043
  11000.  5.00  -2.670  -2.388  -1.896  -1.841  -1.588  -1.738  -1.674  -1.546  -1.421  -1.323  -1.256  -1.071  -1.044
  11250.  2.00  -2.695  -2.384  -1.797  -1.715  -1.414  -1.630  -1.718  -1.600  -1.480  -1.365  -1.294  -1.099  -1.058
  11250.  2.50  -2.725  -2.434  -1.870  -1.785  -1.492  -1.618  -1.678  -1.570  -1.460  -1.354  -1.288  -1.105  -1.063
  11250.  3.00  -2.728  -2.446  -1.904  -1.824  -1.545  -1.630  -1.666  -1.561  -1.455  -1.355  -1.291  -1.114  -1.073
  11250.  3.50  -2.717  -2.439  -1.917  -1.845  -1.579  -1.655  -1.668  -1.563  -1.457  -1.360  -1.298  -1.123  -1.085
  11250.  4.00  -2.697  -2.420  -1.915  -1.851  -1.598  -1.687  -1.678  -1.570  -1.461  -1.366  -1.304  -1.129  -1.094
  11250.  4.50  -2.671  -2.394  -1.902  -1.847  -1.602  -1.725  -1.694  -1.580  -1.466  -1.371  -1.308  -1.132  -1.101
  11250.  5.00  -2.639  -2.361  -1.878  -1.830  -1.591  -1.767  -1.715  -1.591  -1.470  -1.375  -1.310  -1.130  -1.103
  11500.  2.00  -2.646  -2.331  -1.755  -1.685  -1.401  -1.664  -1.764  -1.646  -1.529  -1.415  -1.345  -1.152  -1.113
  11500.  2.50  -2.681  -2.387  -1.830  -1.756  -1.477  -1.651  -1.722  -1.615  -1.507  -1.403  -1.338  -1.157  -1.117
  11500.  3.00  -2.688  -2.405  -1.869  -1.798  -1.529  -1.662  -1.709  -1.606  -1.502  -1.403  -1.340  -1.166  -1.127
  11500.  3.50  -2.679  -2.402  -1.885  -1.821  -1.565  -1.686  -1.710  -1.608  -1.504  -1.408  -1.347  -1.175  -1.138
  11500.  4.00  -2.662  -2.388  -1.888  -1.832  -1.588  -1.718  -1.720  -1.615  -1.509  -1.415  -1.354  -1.182  -1.149
  11500.  4.50  -2.640  -2.365  -1.879  -1.831  -1.598  -1.755  -1.736  -1.624  -1.514  -1.421  -1.359  -1.187  -1.157
  11500.  5.00  -2.611  -2.336  -1.861  -1.820  -1.594  -1.797  -1.756  -1.636  -1.519  -1.426  -1.362  -1.187  -1.160
  11750.  2.00  -2.601  -2.283  -1.717  -1.660  -1.393  -1.699  -1.809  -1.693  -1.577  -1.465  -1.395  -1.206  -1.168
  11750.  2.50  -2.640  -2.344  -1.795  -1.732  -1.467  -1.684  -1.766  -1.661  -1.555  -1.452  -1.387  -1.210  -1.171
  11750.  3.00  -2.650  -2.367  -1.837  -1.775  -1.517  -1.694  -1.752  -1.651  -1.549  -1.451  -1.390  -1.218  -1.180
  11750.  3.50  -2.645  -2.369  -1.857  -1.800  -1.554  -1.717  -1.753  -1.652  -1.550  -1.456  -1.396  -1.227  -1.191
  11750.  4.00  -2.631  -2.358  -1.863  -1.814  -1.580  -1.749  -1.762  -1.659  -1.555  -1.463  -1.403  -1.235  -1.202
  11750.  4.50  -2.611  -2.339  -1.859  -1.817  -1.594  -1.786  -1.778  -1.669  -1.561  -1.470  -1.409  -1.240  -1.211
  11750.  5.00  -2.586  -2.314  -1.846  -1.811  -1.596  -1.826  -1.797  -1.681  -1.567  -1.475  -1.414  -1.242  -1.217
  12000.  2.50  -2.602  -2.305  -1.764  -1.711  -1.461  -1.718  -1.809  -1.706  -1.602  -1.500  -1.437  -1.262  -1.225
  12000.  3.00  -2.617  -2.332  -1.808  -1.755  -1.510  -1.727  -1.795  -1.696  -1.596  -1.499  -1.439  -1.269  -1.233
  12000.  3.50  -2.614  -2.338  -1.831  -1.782  -1.546  -1.749  -1.795  -1.696  -1.597  -1.503  -1.444  -1.278  -1.244
  12000.  4.00  -2.602  -2.331  -1.841  -1.798  -1.573  -1.780  -1.804  -1.703  -1.601  -1.510  -1.451  -1.286  -1.255
  12000.  4.50  -2.585  -2.315  -1.841  -1.805  -1.591  -1.816  -1.819  -1.713  -1.608  -1.518  -1.458  -1.292  -1.265
  12000.  5.00  -2.563  -2.294  -1.832  -1.803  -1.598  -1.857  -1.839  -1.725  -1.614  -1.524  -1.464  -1.296  -1.271
  12250.  2.50  -2.568  -2.269  -1.737  -1.693  -1.458  -1.753  -1.853  -1.751  -1.648  -1.548  -1.486  -1.314  -1.278
  12250.  3.00  -2.585  -2.300  -1.783  -1.738  -1.506  -1.761  -1.838  -1.740  -1.642  -1.547  -1.487  -1.321  -1.286
  12250.  3.50  -2.586  -2.310  -1.809  -1.767  -1.541  -1.782  -1.837  -1.741  -1.643  -1.551  -1.493  -1.329  -1.296
  12250.  4.00  -2.576  -2.306  -1.821  -1.784  -1.569  -1.811  -1.846  -1.747  -1.647  -1.557  -1.500  -1.337  -1.307
  12250.  4.50  -2.561  -2.293  -1.824  -1.793  -1.589  -1.847  -1.861  -1.757  -1.654  -1.565  -1.507  -1.344  -1.317
  12250.  5.00  -2.542  -2.275  -1.819  -1.795  -1.599  -1.887  -1.880  -1.769  -1.660  -1.572  -1.513  -1.348  -1.325
  12500.  2.50  -2.537  -2.236  -1.714  -1.679  -1.459  -1.787  -1.896  -1.796  -1.695  -1.596  -1.535  -1.365  -1.331
  12500.  3.00  -2.557  -2.271  -1.761  -1.724  -1.505  -1.794  -1.880  -1.785  -1.688  -1.594  -1.536  -1.372  -1.338
  12500.  3.50  -2.560  -2.283  -1.788  -1.754  -1.540  -1.814  -1.879  -1.784  -1.688  -1.598  -1.541  -1.379  -1.348
  12500.  4.00  -2.553  -2.283  -1.803  -1.772  -1.567  -1.843  -1.887  -1.790  -1.693  -1.604  -1.547  -1.387  -1.358
  12500.  4.50  -2.540  -2.273  -1.808  -1.784  -1.587  -1.878  -1.902  -1.800  -1.699  -1.612  -1.555  -1.394  -1.368
  12500.  5.00  -2.524  -2.259  -1.807  -1.788  -1.601  -1.918  -1.921  -1.813  -1.706  -1.620  -1.562  -1.400  -1.377
  12750.  2.50  -2.508  -2.206  -1.694  -1.667  -1.461  -1.822  -1.938  -1.840  -1.741  -1.643  -1.583  -1.416  -1.383
  12750.  3.00  -2.531  -2.244  -1.743  -1.713  -1.507  -1.828  -1.922  -1.829  -1.734  -1.641  -1.584  -1.422  -1.390
  12750.  3.50  -2.536  -2.260  -1.771  -1.743  -1.541  -1.847  -1.921  -1.828  -1.734  -1.645  -1.588  -1.429  -1.399
  12750.  4.00  -2.531  -2.262  -1.787  -1.763  -1.567  -1.875  -1.928  -1.833  -1.738  -1.650  -1.595  -1.437  -1.409
  12750.  4.50  -2.521  -2.255  -1.795  -1.775  -1.588  -1.909  -1.943  -1.843  -1.744  -1.658  -1.602  -1.444  -1.419
  12750.  5.00  -2.507  -2.244  -1.796  -1.782  -1.604  -1.948  -1.962  -1.856  -1.752  -1.666  -1.609  -1.450  -1.428
  13000.  2.50  -2.482  -2.180  -1.677  -1.657  -1.465  -1.856  -1.981  -1.883  -1.786  -1.689  -1.631  -1.466  -1.434
  13000.  3.00  -2.507  -2.220  -1.727  -1.704  -1.512  -1.862  -1.964  -1.872  -1.779  -1.688  -1.631  -1.472  -1.442
  13000.  3.50  -2.515  -2.238  -1.756  -1.735  -1.544  -1.881  -1.963  -1.871  -1.779  -1.691  -1.636  -1.479  -1.450
  13000.  4.00  -2.511  -2.242  -1.774  -1.755  -1.569  -1.907  -1.969  -1.876  -1.783  -1.696  -1.642  -1.486  -1.460
  13000.  4.50  -2.503  -2.239  -1.783  -1.769  -1.590  -1.940  -1.983  -1.886  -1.789  -1.704  -1.649  -1.493  -1.469
  13000.  5.00  -2.492  -2.230  -1.787  -1.778  -1.607  -1.979  -2.002  -1.899  -1.797  -1.713  -1.657  -1.500  -1.479
  14000.  2.00  -2.343  -2.014  -1.537  -1.549  -1.412  -2.009  -2.198  -2.091  -1.986  -1.883  -1.823  -1.655  -1.629
  14000.  2.50  -2.404  -2.101  -1.632  -1.637  -1.497  -1.992  -2.145  -2.053  -1.961  -1.869  -1.815  -1.659  -1.632
  14000.  3.00  -2.435  -2.147  -1.687  -1.689  -1.545  -1.997  -2.128  -2.042  -1.955  -1.869  -1.816  -1.667  -1.640
  14000.  3.50  -2.448  -2.172  -1.720  -1.721  -1.576  -2.014  -2.125  -2.040  -1.955  -1.872  -1.820  -1.673  -1.649
  14000.  4.00  -2.450  -2.183  -1.740  -1.743  -1.599  -2.037  -2.130  -2.044  -1.957  -1.876  -1.825  -1.679  -1.657
  14000.  4.50  -2.449  -2.188  -1.755  -1.759  -1.618  -2.067  -2.143  -2.053  -1.963  -1.883  -1.832  -1.686  -1.665
  14000.  5.00  -2.448  -2.190  -1.766  -1.773  -1.636  -2.104  -2.162  -2.066  -1.971  -1.892  -1.840  -1.693  -1.675
  15000.  2.50  -2.356  -2.052  -1.615  -1.638  -1.540  -2.121  -2.301  -2.212  -2.125  -2.038  -1.987  -1.841  -1.818
  15000.  3.00  -2.391  -2.104  -1.674  -1.695  -1.594  -2.128  -2.285  -2.203  -2.121  -2.040  -1.991  -1.851  -1.828
  15000.  3.50  -2.406  -2.131  -1.709  -1.728  -1.626  -2.143  -2.281  -2.201  -2.121  -2.043  -1.996  -1.858  -1.836
  15000.  4.00  -2.409  -2.144  -1.730  -1.750  -1.647  -2.164  -2.284  -2.203  -2.123  -2.047  -2.000  -1.864  -1.844
  15000.  4.50  -2.411  -2.153  -1.745  -1.766  -1.664  -2.191  -2.295  -2.211  -2.128  -2.053  -2.006  -1.869  -1.851
  15000.  5.00  -2.417  -2.163  -1.760  -1.782  -1.680  -2.225  -2.314  -2.225  -2.137  -2.062  -2.013  -1.875  -1.860
  16000.  2.50  -2.327  -2.024  -1.613  -1.650  -1.588  -2.243  -2.448  -2.362  -2.278  -2.195  -2.147  -2.010  -1.990
  16000.  3.00  -2.370  -2.084  -1.680  -1.715  -1.651  -2.254  -2.434  -2.355  -2.278  -2.201  -2.156  -2.024  -2.004
  16000.  3.50  -2.386  -2.113  -1.717  -1.751  -1.686  -2.269  -2.430  -2.354  -2.279  -2.205  -2.162  -2.033  -2.014
  16000.  4.00  -2.388  -2.126  -1.737  -1.771  -1.707  -2.287  -2.431  -2.355  -2.281  -2.209  -2.166  -2.038  -2.021
  16000.  4.50  -2.389  -2.135  -1.752  -1.787  -1.722  -2.311  -2.440  -2.362  -2.285  -2.215  -2.171  -2.043  -2.028
  16000.  5.00  -2.399  -2.149  -1.769  -1.805  -1.737  -2.344  -2.459  -2.375  -2.294  -2.224  -2.179  -2.049  -2.036
  17000.  2.50  -2.310  -2.009  -1.620  -1.667  -1.633  -2.356  -2.585  -2.500  -2.420  -2.340  -2.295  -2.165  -2.148
  17000.  3.00  -2.363  -2.080  -1.699  -1.744  -1.711  -2.373  -2.574  -2.498  -2.425  -2.352  -2.310  -2.187  -2.169
  17000.  3.50  -2.382  -2.111  -1.737  -1.782  -1.749  -2.390  -2.571  -2.499  -2.428  -2.358  -2.318  -2.197  -2.181
  17000.  4.00  -2.383  -2.123  -1.756  -1.802  -1.770  -2.406  -2.571  -2.499  -2.429  -2.362  -2.322  -2.203  -2.188
  17000.  4.50  -2.381  -2.129  -1.768  -1.815  -1.783  -2.427  -2.577  -2.504  -2.432  -2.366  -2.326  -2.207  -2.194
  17000.  5.00  -2.392  -2.145  -1.787  -1.834  -1.799  -2.459  -2.596  -2.517  -2.441  -2.376  -2.334  -2.214  -2.203
  18000.  2.50  -2.301  -2.001  -1.632  -1.686  -1.674  -2.462  -2.715  -2.630  -2.551  -2.473  -2.429  -2.306  -2.291
  18000.  3.00  -2.365  -2.084  -1.723  -1.777  -1.769  -2.485  -2.706  -2.633  -2.562  -2.492  -2.454  -2.338  -2.323
  18000.  3.50  -2.390  -2.121  -1.767  -1.821  -1.813  -2.505  -2.706  -2.636  -2.569  -2.503  -2.465  -2.352  -2.338
  18000.  4.00  -2.391  -2.132  -1.785  -1.840  -1.834  -2.521  -2.706  -2.637  -2.570  -2.506  -2.469  -2.358  -2.346
  18000.  4.50  -2.386  -2.136  -1.795  -1.850  -1.846  -2.539  -2.710  -2.639  -2.572  -2.509  -2.472  -2.362  -2.351
  18000.  5.00  -2.394  -2.149  -1.812  -1.867  -1.862  -2.567  -2.726  -2.651  -2.580  -2.518  -2.480  -2.368  -2.359
  19000.  2.50  -2.297  -2.001  -1.650  -1.709  -1.713  -2.561  -2.840  -2.755  -2.676  -2.598  -2.555  -2.433  -2.421
  19000.  3.00  -2.371  -2.093  -1.750  -1.811  -1.824  -2.590  -2.830  -2.757  -2.690  -2.622  -2.586  -2.477  -2.464
  19000.  3.50  -2.406  -2.139  -1.803  -1.863  -1.878  -2.615  -2.834  -2.766  -2.702  -2.638  -2.603  -2.497  -2.485
  19000.  4.00  -2.410  -2.153  -1.822  -1.884  -1.901  -2.631  -2.835  -2.768  -2.705  -2.644  -2.609  -2.505  -2.494
  19000.  4.50  -2.403  -2.154  -1.829  -1.891  -1.911  -2.646  -2.837  -2.769  -2.705  -2.646  -2.611  -2.507  -2.498
  19000.  5.00  -2.407  -2.164  -1.843  -1.905  -1.924  -2.671  -2.850  -2.779  -2.712  -2.653  -2.617  -2.512  -2.505
  20000.  3.00  -2.379  -2.104  -1.779  -1.844  -1.874  -2.686  -2.946  -2.874  -2.808  -2.742  -2.708  -2.604  -2.594
  20000.  3.50  -2.425  -2.161  -1.842  -1.907  -1.941  -2.719  -2.955  -2.889  -2.827  -2.766  -2.733  -2.633  -2.623
  20000.  4.00  -2.435  -2.180  -1.865  -1.932  -1.967  -2.737  -2.959  -2.894  -2.833  -2.774  -2.742  -2.643  -2.634
  20000.  4.50  -2.429  -2.181  -1.871  -1.939  -1.977  -2.751  -2.961  -2.895  -2.833  -2.776  -2.743  -2.645  -2.638
  20000.  5.00  -2.429  -2.186  -1.880  -1.948  -1.986  -2.771  -2.970  -2.901  -2.837  -2.780  -2.747  -2.648  -2.643
  21000.  3.00  -2.388  -2.118  -1.810  -1.879  -1.924  -2.778  -3.056  -2.985  -2.920  -2.856  -2.822  -2.722  -2.713
  21000.  3.50  -2.446  -2.185  -1.882  -1.951  -2.001  -2.816  -3.070  -3.004  -2.944  -2.885  -2.854  -2.760  -2.751
  21000.  4.00  -2.465  -2.213  -1.913  -1.983  -2.035  -2.840  -3.078  -3.014  -2.955  -2.898  -2.868  -2.774  -2.767
  21000.  4.50  -2.462  -2.216  -1.920  -1.991  -2.045  -2.854  -3.080  -3.016  -2.957  -2.901  -2.870  -2.777  -2.771
  21000.  5.00  -2.459  -2.218  -1.925  -1.997  -2.051  -2.870  -3.087  -3.020  -2.959  -2.904  -2.872  -2.778  -2.774
  22000.  3.00  -2.400  -2.136  -1.845  -1.918  -1.978  -2.866  -3.161  -3.091  -3.028  -2.965  -2.933  -2.835  -2.828
  22000.  3.50  -2.466  -2.210  -1.922  -1.995  -2.059  -2.909  -3.178  -3.113  -3.055  -2.997  -2.968  -2.877  -2.871
  22000.  4.00  -2.497  -2.248  -1.962  -2.035  -2.102  -2.938  -3.191  -3.128  -3.071  -3.016  -2.987  -2.898  -2.893
  22000.  4.50  -2.500  -2.256  -1.973  -2.048  -2.116  -2.954  -3.196  -3.133  -3.076  -3.022  -2.993  -2.904  -2.899
  22000.  5.00  -2.497  -2.258  -1.977  -2.053  -2.121  -2.968  -3.202  -3.137  -3.078  -3.024  -2.994  -2.904  -2.901
  23000.  3.00  -2.416  -2.160  -1.883  -1.961  -2.036  -2.952  -3.261  -3.193  -3.132  -3.070  -3.040  -2.946  -2.940
  23000.  3.50  -2.486  -2.235  -1.963  -2.039  -2.117  -2.996  -3.280  -3.217  -3.160  -3.104  -3.076  -2.989  -2.984
  23000.  4.00  -2.528  -2.282  -2.010  -2.087  -2.167  -3.031  -3.298  -3.237  -3.181  -3.128  -3.101  -3.016  -3.011
  23000.  4.50  -2.539  -2.299  -2.029  -2.107  -2.187  -3.051  -3.307  -3.245  -3.190  -3.138  -3.110  -3.025  -3.022
  23000.  5.00  -2.539  -2.303  -2.035  -2.113  -2.194  -3.066  -3.314  -3.250  -3.193  -3.141  -3.113  -3.027  -3.024
  24000.  3.00  -2.435  -2.188  -1.923  -2.004  -2.092  -3.033  -3.355  -3.288  -3.230  -3.170  -3.141  -3.051  -3.047
  24000.  3.50  -2.506  -2.262  -2.004  -2.085  -2.177  -3.080  -3.378  -3.315  -3.261  -3.207  -3.181  -3.097  -3.093
  24000.  4.00  -2.556  -2.316  -2.058  -2.138  -2.231  -3.120  -3.400  -3.339  -3.286  -3.234  -3.209  -3.127  -3.124
  24000.  4.50  -2.578  -2.341  -2.084  -2.165  -2.258  -3.145  -3.413  -3.353  -3.299  -3.248  -3.223  -3.141  -3.139
  24000.  5.00  -2.583  -2.350  -2.094  -2.175  -2.268  -3.161  -3.422  -3.360  -3.305  -3.254  -3.228  -3.146  -3.144
  25000.  3.00  -2.461  -2.222  -1.964  -2.049  -2.144  -3.110  -3.443  -3.378  -3.321  -3.262  -3.235  -3.147  -3.144
  25000.  3.50  -2.526  -2.290  -2.046  -2.130  -2.236  -3.160  -3.469  -3.409  -3.357  -3.305  -3.281  -3.201  -3.198
  25000.  4.00  -2.583  -2.349  -2.105  -2.188  -2.294  -3.204  -3.496  -3.437  -3.386  -3.335  -3.312  -3.234  -3.231
  25000.  4.50  -2.613  -2.382  -2.138  -2.221  -2.326  -3.233  -3.513  -3.455  -3.403  -3.354  -3.330  -3.252  -3.250
  25000.  5.00  -2.625  -2.396  -2.152  -2.236  -2.341  -3.253  -3.525  -3.465  -3.411  -3.363  -3.338  -3.259  -3.258
  26000.  3.00  -2.502  -2.270  -2.015  -2.101  -2.199  -3.188  -3.534  -3.469  -3.413  -3.352  -3.324  -3.236  -3.233
  26000.  3.50  -2.546  -2.318  -2.085  -2.172  -2.291  -3.234  -3.553  -3.495  -3.446  -3.396  -3.374  -3.299  -3.297
  26000.  4.00  -2.607  -2.380  -2.150  -2.236  -2.355  -3.283  -3.586  -3.529  -3.480  -3.432  -3.410  -3.336  -3.334
  26000.  4.50  -2.646  -2.420  -2.189  -2.274  -2.392  -3.317  -3.608  -3.551  -3.501  -3.454  -3.431  -3.357  -3.356
  26000.  5.00  -2.664  -2.440  -2.209  -2.295  -2.411  -3.340  -3.623  -3.564  -3.513  -3.466  -3.443  -3.368  -3.368
  27000.  3.50  -2.568  -2.347  -2.121  -2.212  -2.340  -3.302  -3.630  -3.575  -3.528  -3.480  -3.460  -3.389  -3.388
  27000.  4.00  -2.630  -2.410  -2.191  -2.280  -2.412  -3.357  -3.669  -3.614  -3.568  -3.522  -3.502  -3.433  -3.432
  27000.  4.50  -2.675  -2.455  -2.236  -2.324  -2.454  -3.396  -3.696  -3.641  -3.594  -3.548  -3.527  -3.457  -3.457
  27000.  5.00  -2.699  -2.481  -2.261  -2.349  -2.478  -3.422  -3.715  -3.658  -3.609  -3.563  -3.542  -3.471  -3.471
  28000.  3.50  -2.596  -2.382  -2.160  -2.253  -2.387  -3.367  -3.704  -3.650  -3.607  -3.559  -3.540  -3.472  -3.472
  28000.  4.00  -2.652  -2.439  -2.228  -2.321  -2.463  -3.424  -3.745  -3.693  -3.650  -3.606  -3.588  -3.523  -3.523
  28000.  4.50  -2.701  -2.487  -2.279  -2.370  -2.512  -3.468  -3.778  -3.725  -3.680  -3.636  -3.618  -3.552  -3.553
  28000.  5.00  -2.731  -2.518  -2.309  -2.400  -2.540  -3.499  -3.800  -3.745  -3.699  -3.655  -3.636  -3.568  -3.570
  29000.  3.50  -2.636  -2.426  -2.206  -2.300  -2.437  -3.433  -3.779  -3.727  -3.684  -3.637  -3.619  -3.551  -3.552
  29000.  4.00  -2.677  -2.469  -2.265  -2.360  -2.511  -3.487  -3.816  -3.766  -3.726  -3.684  -3.667  -3.606  -3.607
  29000.  4.50  -2.725  -2.518  -2.318  -2.412  -2.565  -3.535  -3.853  -3.802  -3.760  -3.719  -3.702  -3.640  -3.642
  29000.  5.00  -2.760  -2.552  -2.353  -2.447  -2.598  -3.570  -3.880  -3.827  -3.783  -3.741  -3.723  -3.660  -3.662
  30000.  3.50  -2.689  -2.481  -2.262  -2.357  -2.495  -3.504  -3.858  -3.806  -3.765  -3.717  -3.699  -3.631  -3.632
  30000.  4.00  -2.707  -2.504  -2.304  -2.400  -2.557  -3.548  -3.885  -3.837  -3.799  -3.758  -3.743  -3.684  -3.686
  30000.  4.50  -2.751  -2.549  -2.355  -2.452  -2.613  -3.597  -3.923  -3.874  -3.835  -3.795  -3.780  -3.722  -3.725
  30000.  5.00  -2.787  -2.585  -2.393  -2.489  -2.650  -3.635  -3.953  -3.902  -3.861  -3.821  -3.805  -3.746  -3.749
  31000.  3.50  -2.754  -2.547  -2.329  -2.424  -2.563  -3.582  -3.941  -3.891  -3.851  -3.803  -3.784  -3.714  -3.716
  31000.  4.00  -2.747  -2.547  -2.348  -2.446  -2.606  -3.609  -3.954  -3.907  -3.872  -3.831  -3.817  -3.760  -3.763
  31000.  4.50  -2.781  -2.583  -2.393  -2.492  -2.660  -3.656  -3.990  -3.943  -3.907  -3.868  -3.855  -3.800  -3.803
  31000.  5.00  -2.815  -2.617  -2.432  -2.530  -2.699  -3.696  -4.022  -3.973  -3.934  -3.896  -3.882  -3.826  -3.830
  32000.  4.00  -2.795  -2.597  -2.399  -2.498  -2.660  -3.674  -4.025  -3.980  -3.946  -3.906  -3.893  -3.836  -3.839
  32000.  4.50  -2.817  -2.622  -2.434  -2.534  -2.707  -3.715  -4.056  -4.011  -3.977  -3.939  -3.927  -3.874  -3.878
  32000.  5.00  -2.847  -2.653  -2.471  -2.571  -2.747  -3.754  -4.087  -4.041  -4.005  -3.968  -3.955  -3.902  -3.906
  33000.  4.00  -2.852  -2.655  -2.457  -2.557  -2.720  -3.744  -4.100  -4.056  -4.024  -3.983  -3.971  -3.913  -3.916
  33000.  4.50  -2.862  -2.668  -2.481  -2.582  -2.757  -3.776  -4.123  -4.079  -4.048  -4.010  -3.999  -3.947  -3.952
  33000.  5.00  -2.884  -2.692  -2.512  -2.613  -2.794  -3.812  -4.152  -4.107  -4.073  -4.038  -4.026  -3.975  -3.980
  34000.  4.00  -2.914  -2.718  -2.521  -2.621  -2.786  -3.817  -4.177  -4.134  -4.104  -4.063  -4.051  -3.992  -3.996
  34000.  4.50  -2.913  -2.720  -2.534  -2.636  -2.813  -3.840  -4.192  -4.150  -4.120  -4.083  -4.073  -4.021  -4.026
  34000.  5.00  -2.928  -2.737  -2.558  -2.661  -2.844  -3.871  -4.217  -4.174  -4.143  -4.107  -4.097  -4.047  -4.052
  35000.  4.00  -2.980  -2.785  -2.589  -2.689  -2.856  -3.893  -4.256  -4.215  -4.186  -4.145  -4.134  -4.074  -4.078
  35000.  4.50  -2.970  -2.778  -2.592  -2.694  -2.873  -3.907  -4.263  -4.223  -4.195  -4.158  -4.149  -4.096  -4.101
  35000.  5.00  -2.978  -2.788  -2.609  -2.713  -2.898  -3.933  -4.284  -4.242  -4.213  -4.178  -4.169  -4.119  -4.125
  36000.  4.00  -3.049  -2.855  -2.660  -2.761  -2.929  -3.971  -4.336  -4.296  -4.269  -4.229  -4.218  -4.157  -4.161
  36000.  4.50  -3.031  -2.839  -2.654  -2.757  -2.937  -3.978  -4.337  -4.298  -4.272  -4.235  -4.226  -4.172  -4.178
  36000.  5.00  -3.034  -2.844  -2.665  -2.769  -2.956  -3.998  -4.352  -4.312  -4.285  -4.250  -4.242  -4.192  -4.198
  37000.  4.00  -3.119  -2.925  -2.731  -2.833  -3.004  -4.050  -4.417  -4.378  -4.353  -4.313  -4.302  -4.242  -4.246
  37000.  4.50  -3.095  -2.904  -2.719  -2.822  -3.004  -4.050  -4.412  -4.374  -4.350  -4.314  -4.306  -4.251  -4.256
  37000.  5.00  -3.093  -2.903  -2.724  -2.829  -3.017  -4.065  -4.423  -4.384  -4.359  -4.324  -4.317  -4.266  -4.272
  38000.  4.00  -3.189  -2.996  -2.803  -2.905  -3.079  -4.128  -4.496  -4.459  -4.435  -4.395  -4.385  -4.325  -4.329
  38000.  4.50  -3.160  -2.969  -2.786  -2.890  -3.074  -4.124  -4.488  -4.452  -4.429  -4.393  -4.386  -4.331  -4.336
  38000.  5.00  -3.155  -2.965  -2.787  -2.892  -3.082  -4.134  -4.495  -4.458  -4.434  -4.400  -4.393  -4.341  -4.347
  39000.  4.00  -3.259  -3.065  -2.874  -2.977  -3.152  -4.204  -4.575  -4.539  -4.515  -4.476  -4.467  -4.407  -4.411
  39000.  4.50  -3.226  -3.036  -2.853  -2.958  -3.145  -4.198  -4.564  -4.529  -4.508  -4.473  -4.466  -4.411  -4.416
  39000.  5.00  -3.218  -3.029  -2.851  -2.957  -3.149  -4.205  -4.568  -4.532  -4.510  -4.476  -4.470  -4.418  -4.424
  40000.  4.50  -3.292  -3.102  -2.921  -3.026  -3.215  -4.272  -4.639  -4.606  -4.586  -4.551  -4.545  -4.490  -4.496
  40000.  5.00  -3.283  -3.094  -2.917  -3.023  -3.217  -4.277  -4.642  -4.607  -4.587  -4.553  -4.548  -4.495  -4.502
  41000.  4.50  -3.357  -3.168  -2.988  -3.093  -3.285  -4.345  -4.713  -4.681  -4.663  -4.628  -4.623  -4.569  -4.575
  41000.  5.00  -3.347  -3.159  -2.983  -3.089  -3.286  -4.349  -4.715  -4.681  -4.663  -4.630  -4.625  -4.573  -4.579
  42000.  4.50  -3.421  -3.232  -3.053  -3.159  -3.353  -4.416  -4.786  -4.754  -4.737  -4.703  -4.699  -4.645  -4.651
  42000.  5.00  -3.411  -3.223  -3.048  -3.155  -3.354  -4.420  -4.787  -4.755  -4.738  -4.706  -4.702  -4.649  -4.656
  43000.  4.50  -3.483  -3.295  -3.118  -3.224  -3.420  -4.485  -4.856  -4.826  -4.810  -4.777  -4.772  -4.719  -4.726
  43000.  5.00  -3.474  -3.286  -3.112  -3.220  -3.421  -4.490  -4.858  -4.827  -4.811  -4.780  -4.776  -4.724  -4.732
  44000.  4.50  -3.545  -3.358  -3.182  -3.288  -3.486  -4.553  -4.926  -4.896  -4.881  -4.848  -4.844  -4.792  -4.798
  44000.  5.00  -3.535  -3.348  -3.176  -3.283  -3.487  -4.558  -4.927  -4.897  -4.883  -4.852  -4.849  -4.798  -4.805
  45000.  4.50  -3.605  -3.419  -3.244  -3.351  -3.550  -4.619  -4.993  -4.965  -4.950  -4.918  -4.914  -4.862  -4.869
  45000.  5.00  -3.596  -3.409  -3.238  -3.346  -3.551  -4.625  -4.995  -4.966  -4.953  -4.922  -4.920  -4.869  -4.877
  46000.  4.50  -3.665  -3.479  -3.306  -3.413  -3.614  -4.684  -5.060  -5.032  -5.018  -4.986  -4.982  -4.932  -4.938
  46000.  5.00  -3.655  -3.469  -3.299  -3.408  -3.614  -4.690  -5.062  -5.034  -5.021  -4.991  -4.989  -4.939  -4.947
  47000.  4.50  -3.724  -3.539  -3.367  -3.474  -3.677  -4.748  -5.125  -5.099  -5.085  -5.053  -5.049  -5.000  -5.007
  47000.  5.00  -3.714  -3.528  -3.360  -3.468  -3.677  -4.754  -5.127  -5.100  -5.088  -5.058  -5.057  -5.007  -5.015
  48000.  4.50  -3.782  -3.597  -3.427  -3.535  -3.738  -4.811  -5.190  -5.163  -5.150  -5.119  -5.115  -5.066  -5.073
  48000.  5.00  -3.771  -3.587  -3.419  -3.528  -3.738  -4.816  -5.191  -5.165  -5.154  -5.124  -5.123  -5.074  -5.082
  49000.  4.50  -3.838  -3.655  -3.486  -3.594  -3.799  -4.873  -5.253  -5.227  -5.214  -5.183  -5.180  -5.132  -5.139
  49000.  5.00  -3.828  -3.644  -3.478  -3.587  -3.798  -4.878  -5.254  -5.229  -5.218  -5.189  -5.187  -5.139  -5.148
  50000.  5.00  -3.883  -3.701  -3.536  -3.645  -3.858  -4.939  -5.316  -5.291  -5.281  -5.253  -5.251  -5.204  -5.212
