   3500.  0.00  -9.510  -9.161 -10.094  -7.820  -6.883  -4.929  -4.015  -2.997  -2.220  -1.574  -1.250   0.060   0.275
   3500.  0.50  -9.419  -9.162 -10.003  -7.563  -6.554  -4.695  -3.881  -2.982  -2.262  -1.636  -1.323   0.049   0.271
   3500.  1.00  -9.320  -9.154  -9.887  -7.294  -6.217  -4.470  -3.755  -2.964  -2.295  -1.684  -1.380   0.046   0.274
   3500.  1.50  -9.206  -9.130  -9.743  -7.013  -5.870  -4.244  -3.620  -2.928  -2.306  -1.708  -1.412   0.055   0.287
   3500.  2.00  -9.078  -9.091  -9.572  -6.721  -5.513  -4.021  -3.475  -2.869  -2.288  -1.704  -1.414   0.078   0.313
   3500.  2.50  -8.939  -9.034  -9.373  -6.432  -5.168  -3.806  -3.318  -2.784  -2.237  -1.668  -1.382   0.118   0.352
   3500.  3.00  -8.795  -8.960  -9.151  -6.158  -4.845  -3.605  -3.153  -2.675  -2.154  -1.598  -1.316   0.174   0.406
   3500.  3.50  -8.658  -8.866  -8.904  -5.914  -4.564  -3.435  -2.996  -2.546  -2.032  -1.487  -1.204   0.251   0.477
   3500.  4.00  -8.533  -8.755  -8.637  -5.701  -4.321  -3.297  -2.858  -2.404  -1.873  -1.328  -1.041   0.346   0.563
   3500.  4.50  -8.454  -8.659  -8.381  -5.545  -4.147  -3.224  -2.765  -2.286  -1.720  -1.168  -0.871   0.425   0.629
   3500.  5.00  -8.450  -8.596  -8.201  -5.506  -4.107  -3.248  -2.747  -2.231  -1.622  -1.052  -0.742   0.473   0.668
   3750.  0.00  -9.023  -8.882  -9.724  -7.288  -6.299  -4.379  -3.338  -2.257  -1.462  -0.864  -0.544   0.325   0.473
   3750.  0.50  -8.942  -8.880  -9.601  -7.046  -5.985  -4.190  -3.222  -2.235  -1.470  -0.887  -0.571   0.317   0.467
   3750.  1.00  -8.863  -8.874  -9.451  -6.809  -5.686  -4.013  -3.122  -2.224  -1.489  -0.917  -0.604   0.311   0.465
   3750.  1.50  -8.783  -8.861  -9.278  -6.574  -5.397  -3.843  -3.027  -2.214  -1.509  -0.948  -0.639   0.308   0.466
   3750.  2.00  -8.698  -8.840  -9.087  -6.337  -5.107  -3.676  -2.932  -2.200  -1.526  -0.976  -0.672   0.309   0.471
   3750.  2.50  -8.611  -8.809  -8.888  -6.108  -4.830  -3.520  -2.838  -2.179  -1.536  -0.996  -0.696   0.317   0.483
   3750.  3.00  -8.519  -8.764  -8.687  -5.886  -4.567  -3.371  -2.740  -2.145  -1.531  -1.002  -0.706   0.333   0.501
   3750.  3.50  -8.431  -8.706  -8.487  -5.688  -4.336  -3.244  -2.649  -2.102  -1.508  -0.986  -0.691   0.362   0.532
   3750.  4.00  -8.352  -8.627  -8.272  -5.523  -4.150  -3.145  -2.576  -2.049  -1.457  -0.933  -0.636   0.414   0.583
   3750.  4.50  -8.273  -8.534  -8.029  -5.342  -3.945  -3.054  -2.509  -1.978  -1.376  -0.846  -0.545   0.476   0.640
   3750.  5.00  -8.228  -8.455  -7.802  -5.216  -3.809  -3.008  -2.467  -1.924  -1.306  -0.765  -0.459   0.526   0.684
   4000.  0.00  -8.580  -8.691  -9.410  -6.557  -5.365  -3.784  -2.796  -1.764  -1.045  -0.516  -0.224   0.473   0.590
   4000.  0.50  -8.503  -8.683  -9.252  -6.324  -5.082  -3.626  -2.697  -1.738  -1.041  -0.522  -0.234   0.466   0.583
   4000.  1.00  -8.435  -8.671  -9.064  -6.105  -4.824  -3.485  -2.615  -1.725  -1.045  -0.533  -0.245   0.462   0.579
   4000.  1.50  -8.374  -8.654  -8.853  -5.904  -4.590  -3.358  -2.545  -1.719  -1.053  -0.545  -0.257   0.458   0.577
   4000.  2.00  -8.313  -8.630  -8.626  -5.713  -4.374  -3.239  -2.476  -1.714  -1.062  -0.559  -0.271   0.456   0.575
   4000.  2.50  -8.258  -8.599  -8.398  -5.544  -4.184  -3.135  -2.415  -1.712  -1.074  -0.574  -0.285   0.455   0.576
   4000.  3.00  -8.206  -8.560  -8.177  -5.400  -4.026  -3.046  -2.359  -1.710  -1.085  -0.589  -0.298   0.456   0.580
   4000.  3.50  -8.161  -8.511  -7.975  -5.281  -3.898  -2.973  -2.311  -1.709  -1.094  -0.601  -0.308   0.464   0.590
   4000.  4.00  -8.119  -8.449  -7.784  -5.185  -3.797  -2.917  -2.273  -1.704  -1.094  -0.600  -0.305   0.484   0.611
   4000.  4.50  -8.076  -8.362  -7.565  -5.077  -3.684  -2.864  -2.250  -1.689  -1.076  -0.572  -0.274   0.525   0.652
   4000.  5.00  -8.026  -8.260  -7.322  -4.946  -3.548  -2.808  -2.225  -1.662  -1.043  -0.529  -0.228   0.569   0.694
   4250.  0.00  -8.186  -8.515  -8.682  -5.697  -4.358  -3.235  -2.353  -1.417  -0.768  -0.295  -0.029   0.572   0.670
   4250.  0.50  -8.109  -8.491  -8.425  -5.470  -4.110  -3.094  -2.265  -1.385  -0.759  -0.298  -0.037   0.563   0.661
   4250.  1.00  -8.044  -8.460  -8.142  -5.262  -3.886  -2.972  -2.196  -1.368  -0.758  -0.305  -0.046   0.557   0.655
   4250.  1.50  -7.987  -8.419  -7.851  -5.066  -3.679  -2.862  -2.137  -1.359  -0.763  -0.314  -0.055   0.553   0.651
   4250.  2.00  -7.933  -8.370  -7.582  -4.892  -3.498  -2.764  -2.082  -1.353  -0.768  -0.323  -0.063   0.550   0.648
   4250.  2.50  -7.887  -8.319  -7.370  -4.752  -3.350  -2.682  -2.034  -1.352  -0.775  -0.332  -0.070   0.548   0.646
   4250.  3.00  -7.853  -8.271  -7.223  -4.662  -3.255  -2.625  -1.996  -1.356  -0.784  -0.341  -0.075   0.547   0.646
   4250.  3.50  -7.830  -8.223  -7.122  -4.614  -3.204  -2.589  -1.969  -1.365  -0.795  -0.350  -0.080   0.548   0.647
   4250.  4.00  -7.818  -8.172  -7.037  -4.603  -3.194  -2.575  -1.954  -1.380  -0.807  -0.359  -0.083   0.553   0.653
   4250.  4.50  -7.808  -8.101  -6.916  -4.595  -3.193  -2.570  -1.951  -1.395  -0.816  -0.360  -0.078   0.568   0.668
   4250.  5.00  -7.787  -7.982  -6.701  -4.550  -3.162  -2.557  -1.960  -1.406  -0.818  -0.348  -0.061   0.599   0.700
   4500.  0.00  -7.844  -8.219  -7.221  -4.934  -3.592  -2.767  -1.995  -1.161  -0.570  -0.139   0.108   0.645   0.727
   4500.  0.50  -7.772  -8.145  -6.945  -4.727  -3.381  -2.647  -1.920  -1.130  -0.559  -0.141   0.100   0.633   0.716
   4500.  1.00  -7.713  -8.049  -6.654  -4.538  -3.194  -2.546  -1.864  -1.111  -0.556  -0.147   0.091   0.625   0.708
   4500.  1.50  -7.660  -7.931  -6.365  -4.361  -3.024  -2.456  -1.817  -1.101  -0.558  -0.155   0.082   0.619   0.703
   4500.  2.00  -7.609  -7.797  -6.098  -4.199  -2.870  -2.376  -1.776  -1.095  -0.563  -0.163   0.074   0.615   0.699
   4500.  2.50  -7.559  -7.669  -5.893  -4.064  -2.739  -2.305  -1.735  -1.091  -0.568  -0.171   0.066   0.612   0.696
   4500.  3.00  -7.518  -7.582  -5.791  -3.978  -2.648  -2.254  -1.703  -1.092  -0.574  -0.179   0.061   0.610   0.694
   4500.  3.50  -7.488  -7.528  -5.774  -3.941  -2.601  -2.222  -1.678  -1.098  -0.582  -0.186   0.058   0.610   0.694
   4500.  4.00  -7.472  -7.505  -5.820  -3.953  -2.600  -2.213  -1.666  -1.111  -0.593  -0.193   0.057   0.613   0.696
   4500.  4.50  -7.467  -7.490  -5.881  -3.996  -2.634  -2.222  -1.664  -1.130  -0.606  -0.199   0.058   0.618   0.701
   4500.  5.00  -7.466  -7.451  -5.901  -4.043  -2.682  -2.246  -1.673  -1.153  -0.618  -0.202   0.063   0.630   0.713
   4750.  0.00  -7.492  -7.634  -5.970  -4.295  -3.021  -2.345  -1.681  -0.953  -0.418  -0.026   0.202   0.698   0.766
   4750.  0.50  -7.424  -7.495  -5.708  -4.096  -2.824  -2.245  -1.620  -0.926  -0.409  -0.029   0.195   0.683   0.752
   4750.  1.00  -7.364  -7.336  -5.451  -3.916  -2.654  -2.163  -1.575  -0.909  -0.406  -0.033   0.187   0.673   0.743
   4750.  1.50  -7.308  -7.158  -5.204  -3.754  -2.505  -2.092  -1.540  -0.899  -0.406  -0.040   0.178   0.665   0.736
   4750.  2.00  -7.250  -6.969  -4.974  -3.606  -2.373  -2.031  -1.511  -0.893  -0.409  -0.047   0.170   0.659   0.731
   4750.  2.50  -7.188  -6.795  -4.787  -3.480  -2.258  -1.976  -1.483  -0.889  -0.413  -0.054   0.163   0.654   0.726
   4750.  3.00  -7.132  -6.667  -4.674  -3.390  -2.169  -1.933  -1.458  -0.887  -0.417  -0.060   0.157   0.650   0.722
   4750.  3.50  -7.087  -6.600  -4.650  -3.347  -2.115  -1.905  -1.437  -0.888  -0.422  -0.066   0.153   0.649   0.721
   4750.  4.00  -7.057  -6.589  -4.708  -3.350  -2.097  -1.893  -1.423  -0.894  -0.428  -0.072   0.152   0.649   0.721
   4750.  4.50  -7.043  -6.620  -4.830  -3.395  -2.117  -1.898  -1.417  -0.907  -0.437  -0.077   0.153   0.653   0.725
   4750.  5.00  -7.043  -6.670  -4.979  -3.468  -2.166  -1.919  -1.420  -0.925  -0.448  -0.082   0.156   0.659   0.731
   5000.  0.00  -7.000  -6.894  -5.152  -3.774  -2.570  -1.953  -1.392  -0.768  -0.294   0.058   0.267   0.726   0.785
   5000.  0.50  -6.930  -6.716  -4.878  -3.575  -2.380  -1.873  -1.346  -0.749  -0.289   0.054   0.259   0.711   0.770
   5000.  1.00  -6.865  -6.520  -4.608  -3.391  -2.211  -1.804  -1.312  -0.737  -0.288   0.048   0.250   0.699   0.759
   5000.  1.50  -6.802  -6.318  -4.358  -3.226  -2.067  -1.747  -1.287  -0.731  -0.289   0.042   0.242   0.690   0.751
   5000.  2.00  -6.740  -6.118  -4.135  -3.081  -1.943  -1.701  -1.269  -0.727  -0.293   0.036   0.234   0.682   0.744
   5000.  2.50  -6.678  -5.938  -3.949  -2.958  -1.838  -1.663  -1.253  -0.725  -0.296   0.029   0.227   0.676   0.738
   5000.  3.00  -6.624  -5.799  -3.821  -2.867  -1.756  -1.634  -1.238  -0.723  -0.299   0.024   0.222   0.671   0.734
   5000.  3.50  -6.578  -5.711  -3.759  -2.813  -1.698  -1.614  -1.226  -0.723  -0.302   0.019   0.218   0.668   0.731
   5000.  4.00  -6.545  -5.676  -3.772  -2.801  -1.670  -1.607  -1.216  -0.725  -0.305   0.015   0.216   0.668   0.730
   5000.  4.50  -6.524  -5.688  -3.852  -2.829  -1.671  -1.611  -1.210  -0.731  -0.310   0.012   0.217   0.670   0.732
   5000.  5.00  -6.518  -5.735  -3.983  -2.889  -1.699  -1.625  -1.208  -0.741  -0.316   0.009   0.220   0.674   0.736
   5250.  0.00  -6.457  -6.222  -4.545  -3.332  -2.197  -1.587  -1.121  -0.598  -0.186   0.124   0.312   0.729   0.782
   5250.  0.50  -6.365  -6.020  -4.279  -3.147  -2.022  -1.531  -1.095  -0.590  -0.188   0.116   0.302   0.716   0.768
   5250.  1.00  -6.267  -5.800  -4.009  -2.966  -1.859  -1.479  -1.075  -0.586  -0.191   0.109   0.293   0.704   0.757
   5250.  1.50  -6.169  -5.578  -3.755  -2.799  -1.715  -1.436  -1.061  -0.585  -0.195   0.102   0.284   0.695   0.748
   5250.  2.00  -6.073  -5.365  -3.525  -2.651  -1.592  -1.401  -1.051  -0.586  -0.201   0.094   0.276   0.687   0.741
   5250.  2.50  -5.988  -5.178  -3.333  -2.526  -1.489  -1.375  -1.045  -0.588  -0.206   0.088   0.269   0.681   0.735
   5250.  3.00  -5.922  -5.032  -3.190  -2.429  -1.408  -1.357  -1.041  -0.590  -0.210   0.082   0.263   0.676   0.730
   5250.  3.50  -5.875  -4.932  -3.102  -2.365  -1.348  -1.348  -1.038  -0.591  -0.213   0.078   0.259   0.672   0.727
   5250.  4.00  -5.846  -4.882  -3.079  -2.339  -1.314  -1.348  -1.036  -0.594  -0.215   0.075   0.258   0.671   0.726
   5250.  4.50  -5.826  -4.873  -3.114  -2.349  -1.304  -1.356  -1.034  -0.597  -0.217   0.074   0.259   0.672   0.727
   5250.  5.00  -5.816  -4.895  -3.202  -2.391  -1.318  -1.371  -1.034  -0.601  -0.219   0.073   0.262   0.676   0.730
   5500.  0.00  -5.930  -5.609  -4.027  -2.944  -1.887  -1.254  -0.873  -0.443  -0.093   0.175   0.341   0.710   0.759
   5500.  0.50  -5.804  -5.401  -3.788  -2.781  -1.731  -1.222  -0.866  -0.447  -0.102   0.164   0.330   0.701   0.749
   5500.  1.00  -5.654  -5.167  -3.536  -2.613  -1.578  -1.190  -0.861  -0.451  -0.110   0.155   0.320   0.692   0.739
   5500.  1.50  -5.491  -4.929  -3.291  -2.452  -1.438  -1.162  -0.859  -0.457  -0.118   0.146   0.310   0.684   0.731
   5500.  2.00  -5.327  -4.700  -3.063  -2.303  -1.314  -1.139  -0.859  -0.463  -0.126   0.137   0.302   0.677   0.724
   5500.  2.50  -5.185  -4.500  -2.867  -2.175  -1.209  -1.122  -0.862  -0.470  -0.134   0.129   0.294   0.671   0.718
   5500.  3.00  -5.077  -4.340  -2.712  -2.070  -1.123  -1.112  -0.866  -0.476  -0.140   0.123   0.288   0.666   0.713
   5500.  3.50  -5.008  -4.228  -2.605  -1.995  -1.058  -1.109  -0.871  -0.482  -0.145   0.118   0.283   0.662   0.710
   5500.  4.00  -4.977  -4.168  -2.555  -1.954  -1.015  -1.114  -0.876  -0.486  -0.148   0.115   0.282   0.661   0.709
   5500.  4.50  -4.969  -4.149  -2.557  -1.947  -0.995  -1.126  -0.880  -0.490  -0.149   0.114   0.282   0.662   0.710
   5500.  5.00  -4.977  -4.164  -2.610  -1.973  -0.997  -1.145  -0.884  -0.494  -0.149   0.115   0.286   0.666   0.713
   5750.  0.00  -5.363  -5.007  -3.571  -2.612  -1.643  -0.967  -0.657  -0.309  -0.016   0.212   0.356   0.676   0.723
   5750.  0.50  -5.208  -4.808  -3.367  -2.474  -1.506  -0.955  -0.665  -0.322  -0.030   0.200   0.345   0.671   0.716
   5750.  1.00  -5.012  -4.575  -3.140  -2.320  -1.362  -0.940  -0.673  -0.334  -0.042   0.189   0.335   0.666   0.709
   5750.  1.50  -4.795  -4.331  -2.910  -2.166  -1.225  -0.925  -0.681  -0.345  -0.053   0.179   0.326   0.660   0.703
   5750.  2.00  -4.583  -4.096  -2.692  -2.020  -1.101  -0.914  -0.691  -0.357  -0.065   0.168   0.316   0.655   0.697
   5750.  2.50  -4.398  -3.888  -2.498  -1.890  -0.992  -0.907  -0.702  -0.369  -0.075   0.159   0.308   0.650   0.691
   5750.  3.00  -4.252  -3.717  -2.336  -1.778  -0.900  -0.903  -0.714  -0.380  -0.085   0.151   0.301   0.645   0.686
   5750.  3.50  -4.154  -3.592  -2.215  -1.692  -0.826  -0.905  -0.726  -0.390  -0.092   0.145   0.295   0.642   0.683
   5750.  4.00  -4.107  -3.520  -2.144  -1.637  -0.773  -0.913  -0.736  -0.398  -0.097   0.141   0.292   0.640   0.682
   5750.  4.50  -4.099  -3.492  -2.120  -1.613  -0.739  -0.926  -0.746  -0.404  -0.100   0.139   0.292   0.641   0.682
   5750.  5.00  -4.123  -3.505  -2.146  -1.622  -0.729  -0.945  -0.754  -0.408  -0.100   0.140   0.296   0.645   0.686
   6000.  0.00  -4.773  -4.437  -3.178  -2.334  -1.458  -0.716  -0.465  -0.192   0.044   0.234   0.356   0.629   0.676
   6000.  0.50  -4.606  -4.256  -3.008  -2.221  -1.340  -0.731  -0.491  -0.213   0.030   0.225   0.350   0.631   0.675
   6000.  1.00  -4.386  -4.031  -2.805  -2.082  -1.206  -0.731  -0.509  -0.231   0.015   0.214   0.342   0.630   0.671
   6000.  1.50  -4.148  -3.792  -2.592  -1.935  -1.072  -0.727  -0.526  -0.248   0.000   0.202   0.332   0.628   0.666
   6000.  2.00  -3.917  -3.559  -2.385  -1.791  -0.946  -0.725  -0.544  -0.266  -0.014   0.191   0.323   0.624   0.662
   6000.  2.50  -3.713  -3.349  -2.194  -1.658  -0.832  -0.726  -0.563  -0.282  -0.028   0.180   0.314   0.621   0.657
   6000.  3.00  -3.548  -3.172  -2.029  -1.540  -0.732  -0.729  -0.582  -0.299  -0.040   0.170   0.306   0.617   0.653
   6000.  3.50  -3.432  -3.039  -1.900  -1.445  -0.649  -0.736  -0.601  -0.313  -0.051   0.162   0.299   0.614   0.650
   6000.  4.00  -3.365  -2.954  -1.813  -1.376  -0.583  -0.745  -0.617  -0.325  -0.059   0.156   0.294   0.612   0.648
   6000.  4.50  -3.345  -2.916  -1.769  -1.337  -0.537  -0.758  -0.632  -0.334  -0.064   0.153   0.293   0.613   0.648
   6000.  5.00  -3.369  -2.923  -1.772  -1.329  -0.512  -0.776  -0.644  -0.341  -0.065   0.153   0.295   0.616   0.652
   6250.  0.50  -4.050  -3.767  -2.705  -2.010  -1.218  -0.532  -0.335  -0.119   0.076   0.237   0.343   0.581   0.625
   6250.  1.00  -3.829  -3.555  -2.524  -1.888  -1.096  -0.554  -0.367  -0.142   0.062   0.230   0.340   0.586   0.626
   6250.  1.50  -3.589  -3.326  -2.327  -1.749  -0.966  -0.563  -0.392  -0.164   0.046   0.219   0.332   0.588   0.625
   6250.  2.00  -3.357  -3.099  -2.130  -1.608  -0.838  -0.569  -0.417  -0.185   0.029   0.207   0.324   0.588   0.622
   6250.  2.50  -3.148  -2.890  -1.942  -1.471  -0.718  -0.576  -0.442  -0.207   0.012   0.195   0.314   0.586   0.618
   6250.  3.00  -2.974  -2.709  -1.774  -1.348  -0.611  -0.585  -0.467  -0.228  -0.003   0.183   0.305   0.583   0.615
   6250.  3.50  -2.846  -2.569  -1.638  -1.243  -0.517  -0.596  -0.492  -0.247  -0.017   0.173   0.297   0.581   0.611
   6250.  4.00  -2.763  -2.472  -1.537  -1.161  -0.439  -0.608  -0.515  -0.264  -0.029   0.164   0.290   0.579   0.609
   6250.  4.50  -2.730  -2.424  -1.479  -1.109  -0.380  -0.621  -0.535  -0.277  -0.037   0.159   0.287   0.579   0.609
   6250.  5.00  -2.741  -2.420  -1.462  -1.085  -0.340  -0.637  -0.551  -0.287  -0.041   0.157   0.287   0.581   0.612
   6500.  0.50  -3.558  -3.342  -2.445  -1.830  -1.125  -0.360  -0.201  -0.039   0.112   0.240   0.326   0.523   0.568
   6500.  1.00  -3.357  -3.154  -2.289  -1.726  -1.017  -0.394  -0.237  -0.064   0.098   0.235   0.327   0.534   0.574
   6500.  1.50  -3.124  -2.934  -2.105  -1.598  -0.894  -0.422  -0.275  -0.090   0.083   0.229   0.326   0.542   0.578
   6500.  2.00  -2.896  -2.714  -1.916  -1.460  -0.767  -0.439  -0.306  -0.115   0.065   0.218   0.319   0.546   0.577
   6500.  2.50  -2.688  -2.506  -1.733  -1.323  -0.644  -0.454  -0.337  -0.141   0.047   0.205   0.310   0.546   0.575
   6500.  3.00  -2.512  -2.325  -1.564  -1.194  -0.530  -0.468  -0.368  -0.165   0.028   0.192   0.300   0.545   0.573
   6500.  3.50  -2.373  -2.176  -1.420  -1.079  -0.426  -0.482  -0.398  -0.189   0.010   0.179   0.290   0.543   0.570
   6500.  4.00  -2.277  -2.069  -1.307  -0.986  -0.336  -0.497  -0.427  -0.211  -0.005   0.168   0.281   0.541   0.567
   6500.  4.50  -2.230  -2.010  -1.234  -0.919  -0.262  -0.511  -0.452  -0.229  -0.018   0.159   0.275   0.540   0.566
   6500.  5.00  -2.224  -1.992  -1.199  -0.880  -0.207  -0.526  -0.473  -0.243  -0.025   0.154   0.273   0.542   0.568
   6750.  0.50  -3.110  -2.957  -2.209  -1.667  -1.042  -0.226  -0.102   0.021   0.138   0.239   0.308   0.466   0.512
   6750.  1.00  -2.957  -2.811  -2.086  -1.585  -0.956  -0.254  -0.125   0.002   0.125   0.233   0.307   0.476   0.517
   6750.  1.50  -2.743  -2.609  -1.919  -1.470  -0.843  -0.292  -0.165  -0.025   0.111   0.229   0.309   0.489   0.524
   6750.  2.00  -2.519  -2.392  -1.737  -1.338  -0.720  -0.327  -0.208  -0.054   0.095   0.222   0.308   0.498   0.529
   6750.  2.50  -2.316  -2.190  -1.558  -1.203  -0.597  -0.352  -0.245  -0.082   0.076   0.210   0.301   0.503   0.529
   6750.  3.00  -2.139  -2.008  -1.390  -1.071  -0.479  -0.373  -0.281  -0.111   0.055   0.196   0.291   0.504   0.528
   6750.  3.50  -1.993  -1.853  -1.240  -0.950  -0.368  -0.392  -0.317  -0.139   0.034   0.181   0.280   0.503   0.525
   6750.  4.00  -1.887  -1.736  -1.118  -0.846  -0.267  -0.409  -0.351  -0.166   0.014   0.167   0.269   0.501   0.523
   6750.  4.50  -1.823  -1.662  -1.030  -0.765  -0.181  -0.425  -0.381  -0.189  -0.002   0.156   0.261   0.499   0.521
   6750.  5.00  -1.801  -1.630  -0.978  -0.711  -0.111  -0.439  -0.408  -0.208  -0.015   0.147   0.255   0.499   0.521
   7000.  0.50  -2.685  -2.589  -1.979  -1.507  -0.958  -0.118  -0.029   0.065   0.154   0.234   0.287   0.411   0.457
   7000.  1.00  -2.589  -2.493  -1.892  -1.451  -0.897  -0.145  -0.044   0.051   0.144   0.228   0.286   0.420   0.461
   7000.  1.50  -2.419  -2.329  -1.754  -1.356  -0.802  -0.178  -0.071   0.030   0.132   0.223   0.286   0.431   0.466
   7000.  2.00  -2.213  -2.127  -1.585  -1.234  -0.687  -0.223  -0.116   0.001   0.117   0.219   0.289   0.445   0.474
   7000.  2.50  -2.012  -1.926  -1.410  -1.102  -0.566  -0.263  -0.164  -0.032   0.099   0.211   0.287   0.455   0.479
   7000.  3.00  -1.836  -1.745  -1.244  -0.970  -0.447  -0.293  -0.206  -0.064   0.077   0.197   0.279   0.459   0.480
   7000.  3.50  -1.687  -1.588  -1.092  -0.846  -0.333  -0.318  -0.246  -0.095   0.054   0.181   0.268   0.460   0.479
   7000.  4.00  -1.573  -1.463  -0.963  -0.735  -0.226  -0.340  -0.285  -0.126   0.031   0.165   0.256   0.458   0.476
   7000.  4.50  -1.494  -1.374  -0.861  -0.642  -0.130  -0.359  -0.321  -0.154   0.010   0.150   0.244   0.456   0.474
   7000.  5.00  -1.455  -1.327  -0.794  -0.574  -0.047  -0.374  -0.353  -0.178  -0.007   0.138   0.235   0.455   0.472
   7250.  0.50  -2.251  -2.204  -1.728  -1.332  -0.857  -0.046   0.012   0.088   0.160   0.225   0.267   0.361   0.407
   7250.  1.00  -2.241  -2.185  -1.698  -1.315  -0.832  -0.057   0.016   0.085   0.154   0.219   0.263   0.365   0.406
   7250.  1.50  -2.117  -2.061  -1.590  -1.241  -0.757  -0.090  -0.005   0.069   0.145   0.215   0.264   0.376   0.411
   7250.  2.00  -1.951  -1.896  -1.448  -1.138  -0.658  -0.129  -0.037   0.046   0.132   0.209   0.264   0.387   0.416
   7250.  2.50  -1.762  -1.706  -1.283  -1.014  -0.544  -0.179  -0.087   0.013   0.115   0.204   0.266   0.401   0.425
   7250.  3.00  -1.586  -1.525  -1.119  -0.884  -0.427  -0.222  -0.139  -0.022   0.095   0.193   0.262   0.410   0.429
   7250.  3.50  -1.437  -1.369  -0.968  -0.760  -0.313  -0.256  -0.184  -0.057   0.071   0.178   0.252   0.414   0.430
   7250.  4.00  -1.316  -1.237  -0.835  -0.645  -0.203  -0.283  -0.228  -0.091   0.045   0.161   0.240   0.414   0.428
   7250.  4.50  -1.226  -1.138  -0.724  -0.545  -0.101  -0.306  -0.269  -0.124   0.021   0.143   0.227   0.412   0.425
   7250.  5.00  -1.174  -1.077  -0.644  -0.465  -0.008  -0.324  -0.306  -0.153  -0.001   0.128   0.215   0.410   0.424
   7500.  0.50  -1.745  -1.736  -1.398  -1.099  -0.700  -0.031  -0.006   0.074   0.148   0.213   0.252   0.328   0.369
   7500.  1.00  -1.898  -1.871  -1.488  -1.164  -0.751   0.007   0.051   0.102   0.153   0.203   0.236   0.312   0.353
   7500.  1.50  -1.830  -1.801  -1.421  -1.120  -0.703  -0.019   0.042   0.094   0.148   0.201   0.237   0.321   0.356
   7500.  2.00  -1.700  -1.669  -1.305  -1.037  -0.621  -0.059   0.017   0.076   0.139   0.197   0.238   0.332   0.361
   7500.  2.50  -1.545  -1.513  -1.167  -0.932  -0.523  -0.103  -0.020   0.050   0.124   0.190   0.238   0.343   0.366
   7500.  3.00  -1.377  -1.340  -1.011  -0.809  -0.412  -0.157  -0.075   0.014   0.106   0.184   0.239   0.357   0.374
   7500.  3.50  -1.228  -1.182  -0.862  -0.686  -0.300  -0.201  -0.129  -0.024   0.083   0.171   0.233   0.365   0.378
   7500.  4.00  -1.104  -1.048  -0.727  -0.570  -0.191  -0.236  -0.178  -0.061   0.056   0.153   0.222   0.367   0.378
   7500.  4.50  -1.008  -0.942  -0.611  -0.465  -0.086  -0.265  -0.224  -0.098   0.029   0.135   0.208   0.367   0.376
   7500.  5.00  -0.943  -0.869  -0.520  -0.377   0.013  -0.287  -0.266  -0.132   0.004   0.116   0.194   0.365   0.374
   7750.  1.00  -1.548  -1.541  -1.250  -0.991  -0.645   0.042   0.057   0.099   0.140   0.182   0.208   0.264   0.303
   7750.  1.50  -1.550  -1.536  -1.236  -0.984  -0.632   0.031   0.068   0.103   0.141   0.180   0.207   0.268   0.302
   7750.  2.00  -1.461  -1.444  -1.152  -0.924  -0.571  -0.005   0.051   0.091   0.135   0.179   0.209   0.278   0.306
   7750.  2.50  -1.338  -1.320  -1.040  -0.839  -0.489  -0.048   0.022   0.071   0.125   0.174   0.210   0.289   0.311
   7750.  3.00  -1.198  -1.178  -0.911  -0.737  -0.396  -0.096  -0.019   0.043   0.110   0.166   0.208   0.299   0.316
   7750.  3.50  -1.051  -1.023  -0.768  -0.620  -0.290  -0.151  -0.078   0.005   0.089   0.158   0.208   0.312   0.323
   7750.  4.00  -0.925  -0.888  -0.634  -0.505  -0.183  -0.195  -0.134  -0.036   0.064   0.143   0.200   0.318   0.326
   7750.  4.50  -0.825  -0.778  -0.516  -0.399  -0.079  -0.230  -0.184  -0.075   0.036   0.124   0.187   0.320   0.326
   7750.  5.00  -0.752  -0.695  -0.417  -0.305   0.022  -0.257  -0.232  -0.113   0.007   0.104   0.172   0.319   0.324
   8000.  1.00  -1.186  -1.190  -0.979  -0.787  -0.508   0.042   0.026   0.069   0.110   0.152   0.176   0.222   0.257
   8000.  1.50  -1.278  -1.275  -1.044  -0.839  -0.548   0.063   0.073   0.098   0.123   0.153   0.172   0.215   0.248
   8000.  2.00  -1.233  -1.226  -0.995  -0.805  -0.511   0.036   0.068   0.094   0.122   0.154   0.175   0.223   0.251
   8000.  2.50  -1.140  -1.131  -0.908  -0.739  -0.446  -0.006   0.045   0.079   0.116   0.152   0.177   0.234   0.255
   8000.  3.00  -1.025  -1.014  -0.801  -0.655  -0.367  -0.054   0.012   0.056   0.104   0.146   0.177   0.244   0.260
   8000.  3.50  -0.900  -0.885  -0.682  -0.557  -0.277  -0.106  -0.034   0.025   0.088   0.137   0.175   0.255   0.265
   8000.  4.00  -0.773  -0.751  -0.552  -0.447  -0.177  -0.159  -0.094  -0.015   0.066   0.127   0.173   0.266   0.271
   8000.  4.50  -0.670  -0.638  -0.433  -0.341  -0.075  -0.201  -0.150  -0.057   0.038   0.110   0.163   0.271   0.274
   8000.  5.00  -0.591  -0.548  -0.331  -0.245   0.025  -0.234  -0.202  -0.097   0.008   0.090   0.149   0.271   0.273
   8250.  1.00  -0.843  -0.849  -0.692  -0.561  -0.343   0.012  -0.037   0.011   0.056   0.105   0.132   0.182   0.208
   8250.  1.50  -1.017  -1.021  -0.846  -0.686  -0.452   0.073   0.056   0.075   0.094   0.119   0.133   0.163   0.194
   8250.  2.00  -1.015  -1.015  -0.836  -0.682  -0.442   0.060   0.069   0.083   0.100   0.122   0.135   0.167   0.194
   8250.  2.50  -0.952  -0.949  -0.775  -0.636  -0.396   0.023   0.055   0.075   0.098   0.122   0.139   0.177   0.198
   8250.  3.00  -0.861  -0.857  -0.689  -0.569  -0.331  -0.023   0.028   0.058   0.090   0.120   0.142   0.188   0.202
   8250.  3.50  -0.757  -0.750  -0.591  -0.488  -0.255  -0.073  -0.009   0.033   0.078   0.113   0.141   0.198   0.206
   8250.  4.00  -0.643  -0.633  -0.480  -0.394  -0.169  -0.126  -0.060  -0.002   0.059   0.104   0.139   0.208   0.212
   8250.  4.50  -0.536  -0.516  -0.362  -0.289  -0.073  -0.176  -0.120  -0.043   0.036   0.092   0.134   0.218   0.218
   8250.  5.00  -0.452  -0.423  -0.257  -0.193   0.024  -0.215  -0.176  -0.086   0.006   0.073   0.122   0.222   0.220
   8500.  1.50  -0.782  -0.790  -0.659  -0.538  -0.354   0.062   0.021   0.038   0.053   0.078   0.089   0.112   0.140
   8500.  2.00  -0.815  -0.819  -0.683  -0.561  -0.370   0.067   0.052   0.059   0.067   0.083   0.091   0.111   0.136
   8500.  2.50  -0.777  -0.778  -0.644  -0.533  -0.340   0.040   0.049   0.059   0.070   0.086   0.096   0.119   0.138
   8500.  3.00  -0.708  -0.707  -0.578  -0.481  -0.290  -0.002   0.030   0.047   0.067   0.086   0.100   0.130   0.143
   8500.  3.50  -0.622  -0.620  -0.496  -0.414  -0.227  -0.051  -0.001   0.028   0.058   0.082   0.102   0.141   0.148
   8500.  4.00  -0.525  -0.522  -0.405  -0.337  -0.154  -0.102  -0.041   0.000   0.044   0.075   0.100   0.150   0.152
   8500.  4.50  -0.422  -0.414  -0.301  -0.245  -0.071  -0.155  -0.096  -0.036   0.025   0.066   0.099   0.161   0.159
   8500.  5.00  -0.332  -0.314  -0.194  -0.148   0.022  -0.201  -0.156  -0.078   0.000   0.052   0.093   0.169   0.165
   8750.  1.50  -0.580  -0.592  -0.490  -0.402  -0.256   0.039  -0.026  -0.010   0.005   0.030   0.041   0.061   0.084
   8750.  2.00  -0.637  -0.646  -0.545  -0.451  -0.303   0.059   0.022   0.024   0.027   0.040   0.044   0.055   0.078
   8750.  2.50  -0.621  -0.626  -0.525  -0.438  -0.288   0.041   0.029   0.031   0.033   0.043   0.048   0.060   0.078
   8750.  3.00  -0.569  -0.572  -0.474  -0.398  -0.249   0.006   0.018   0.025   0.034   0.045   0.053   0.069   0.082
   8750.  3.50  -0.498  -0.499  -0.406  -0.343  -0.196  -0.040  -0.006   0.011   0.030   0.045   0.057   0.081   0.087
   8750.  4.00  -0.414  -0.415  -0.329  -0.277  -0.134  -0.090  -0.040  -0.010   0.021   0.041   0.058   0.091   0.092
   8750.  4.50  -0.324  -0.324  -0.243  -0.202  -0.064  -0.142  -0.084  -0.040   0.006   0.033   0.057   0.101   0.097
   8750.  5.00  -0.231  -0.224  -0.141  -0.110   0.020  -0.190  -0.141  -0.078  -0.013   0.024   0.056   0.113   0.106
   9000.  1.50  -0.412  -0.425  -0.340  -0.276  -0.160   0.010  -0.076  -0.061  -0.047  -0.021  -0.010   0.009   0.027
   9000.  2.00  -0.483  -0.497  -0.422  -0.352  -0.239   0.040  -0.016  -0.017  -0.018  -0.007  -0.005  -0.001   0.020
   9000.  2.50  -0.483  -0.493  -0.421  -0.354  -0.242   0.031  -0.001  -0.005  -0.009  -0.003  -0.002   0.001   0.017
   9000.  3.00  -0.446  -0.453  -0.382  -0.325  -0.213   0.000  -0.006  -0.006  -0.006  -0.000   0.002   0.008   0.020
   9000.  3.50  -0.387  -0.392  -0.326  -0.278  -0.168  -0.040  -0.024  -0.016  -0.007   0.001   0.007   0.019   0.024
   9000.  4.00  -0.316  -0.320  -0.258  -0.221  -0.115  -0.087  -0.051  -0.032  -0.012   0.000   0.011   0.030   0.030
   9000.  4.50  -0.235  -0.239  -0.184  -0.156  -0.054  -0.136  -0.087  -0.055  -0.021  -0.005   0.012   0.041   0.036
   9000.  5.00  -0.148  -0.151  -0.099  -0.080   0.017  -0.186  -0.135  -0.086  -0.037  -0.012   0.011   0.051   0.043
   9250.  2.00  -0.349  -0.367  -0.311  -0.260  -0.176   0.016  -0.059  -0.062  -0.065  -0.056  -0.055  -0.055  -0.038
   9250.  2.50  -0.361  -0.377  -0.328  -0.278  -0.198   0.012  -0.037  -0.045  -0.054  -0.051  -0.053  -0.058  -0.043
   9250.  3.00  -0.337  -0.349  -0.303  -0.261  -0.182  -0.013  -0.037  -0.044  -0.050  -0.049  -0.050  -0.053  -0.043
   9250.  3.50  -0.290  -0.300  -0.257  -0.223  -0.146  -0.050  -0.050  -0.050  -0.050  -0.047  -0.046  -0.044  -0.039
   9250.  4.00  -0.229  -0.236  -0.198  -0.173  -0.099  -0.093  -0.073  -0.062  -0.052  -0.046  -0.041  -0.033  -0.034
   9250.  4.50  -0.156  -0.164  -0.130  -0.115  -0.045  -0.140  -0.103  -0.081  -0.057  -0.048  -0.037  -0.022  -0.027
   9250.  5.00  -0.077  -0.085  -0.057  -0.048   0.017  -0.189  -0.143  -0.106  -0.068  -0.053  -0.036  -0.011  -0.021
   9500.  2.00  -0.233  -0.254  -0.212  -0.176  -0.114  -0.011  -0.103  -0.108  -0.114  -0.105  -0.105  -0.109  -0.095
   9500.  2.50  -0.253  -0.273  -0.242  -0.208  -0.155  -0.011  -0.077  -0.089  -0.101  -0.100  -0.104  -0.114  -0.102
   9500.  3.00  -0.239  -0.257  -0.231  -0.203  -0.153  -0.032  -0.074  -0.085  -0.097  -0.098  -0.103  -0.113  -0.104
   9500.  3.50  -0.203  -0.218  -0.196  -0.175  -0.127  -0.066  -0.083  -0.089  -0.096  -0.097  -0.100  -0.106  -0.103
   9500.  4.00  -0.152  -0.164  -0.146  -0.133  -0.088  -0.108  -0.102  -0.099  -0.096  -0.096  -0.095  -0.097  -0.099
   9500.  4.50  -0.088  -0.099  -0.086  -0.080  -0.039  -0.153  -0.128  -0.114  -0.099  -0.096  -0.090  -0.085  -0.092
   9500.  5.00  -0.014  -0.026  -0.018  -0.020   0.017  -0.200  -0.163  -0.134  -0.105  -0.098  -0.087  -0.074  -0.085
   9750.  2.00  -0.133  -0.156  -0.124  -0.101  -0.056  -0.040  -0.149  -0.156  -0.163  -0.155  -0.156  -0.163  -0.152
   9750.  2.50  -0.158  -0.182  -0.165  -0.143  -0.111  -0.038  -0.119  -0.134  -0.149  -0.149  -0.155  -0.170  -0.159
   9750.  3.00  -0.152  -0.174  -0.165  -0.148  -0.123  -0.056  -0.113  -0.128  -0.144  -0.149  -0.155  -0.172  -0.164
   9750.  3.50  -0.125  -0.144  -0.141  -0.130  -0.109  -0.088  -0.120  -0.131  -0.143  -0.148  -0.154  -0.168  -0.165
   9750.  4.00  -0.082  -0.099  -0.100  -0.097  -0.078  -0.127  -0.136  -0.140  -0.143  -0.148  -0.150  -0.160  -0.163
   9750.  4.50  -0.027  -0.042  -0.048  -0.051  -0.036  -0.171  -0.159  -0.152  -0.145  -0.147  -0.145  -0.150  -0.157
   9750.  5.00   0.039   0.024   0.013   0.003   0.014  -0.216  -0.190  -0.169  -0.148  -0.147  -0.141  -0.138  -0.150
  10000.  2.00  -0.048  -0.072  -0.047  -0.034  -0.004  -0.070  -0.195  -0.203  -0.212  -0.205  -0.207  -0.216  -0.208
  10000.  2.50  -0.074  -0.101  -0.095  -0.084  -0.070  -0.066  -0.163  -0.179  -0.197  -0.199  -0.206  -0.225  -0.217
  10000.  3.00  -0.073  -0.099  -0.104  -0.098  -0.094  -0.083  -0.155  -0.173  -0.192  -0.199  -0.207  -0.229  -0.223
  10000.  3.50  -0.054  -0.077  -0.089  -0.089  -0.091  -0.112  -0.160  -0.175  -0.191  -0.199  -0.207  -0.228  -0.226
  10000.  4.00  -0.019  -0.041  -0.058  -0.063  -0.069  -0.150  -0.174  -0.182  -0.192  -0.199  -0.205  -0.222  -0.226
  10000.  4.50   0.028   0.008  -0.014  -0.025  -0.035  -0.192  -0.194  -0.193  -0.193  -0.199  -0.201  -0.213  -0.222
  10000.  5.00   0.087   0.067   0.041   0.023   0.010  -0.237  -0.221  -0.208  -0.195  -0.198  -0.196  -0.202  -0.215
  10250.  2.00   0.027   0.002   0.021   0.024   0.041  -0.101  -0.240  -0.250  -0.262  -0.256  -0.258  -0.270  -0.264
  10250.  2.50  -0.001  -0.031  -0.033  -0.032  -0.033  -0.096  -0.207  -0.226  -0.245  -0.249  -0.257  -0.279  -0.273
  10250.  3.00  -0.004  -0.033  -0.049  -0.052  -0.066  -0.112  -0.198  -0.219  -0.241  -0.249  -0.259  -0.285  -0.281
  10250.  3.50   0.010  -0.017  -0.042  -0.050  -0.072  -0.139  -0.201  -0.220  -0.240  -0.250  -0.260  -0.286  -0.286
  10250.  4.00   0.038   0.013  -0.019  -0.032  -0.059  -0.175  -0.214  -0.227  -0.241  -0.251  -0.260  -0.283  -0.287
  10250.  4.50   0.078   0.054   0.017  -0.001  -0.033  -0.216  -0.232  -0.236  -0.242  -0.252  -0.257  -0.276  -0.285
  10250.  5.00   0.130   0.106   0.065   0.041   0.005  -0.260  -0.257  -0.249  -0.243  -0.251  -0.252  -0.266  -0.279
  10500.  2.00   0.094   0.068   0.082   0.076   0.079  -0.133  -0.286  -0.298  -0.311  -0.306  -0.309  -0.324  -0.321
  10500.  2.50   0.063   0.031   0.022   0.015   0.001  -0.127  -0.252  -0.272  -0.294  -0.298  -0.307  -0.333  -0.329
  10500.  3.00   0.057   0.025   0.000  -0.010  -0.040  -0.142  -0.242  -0.264  -0.289  -0.299  -0.310  -0.340  -0.338
  10500.  3.50   0.067   0.036   0.001  -0.015  -0.054  -0.168  -0.244  -0.266  -0.289  -0.301  -0.313  -0.343  -0.344
  10500.  4.00   0.090   0.060   0.017  -0.003  -0.050  -0.202  -0.255  -0.272  -0.290  -0.303  -0.314  -0.342  -0.348
  10500.  4.50   0.124   0.096   0.047   0.021  -0.030  -0.242  -0.272  -0.281  -0.291  -0.304  -0.312  -0.337  -0.347
  10500.  5.00   0.169   0.142   0.088   0.057   0.001  -0.285  -0.294  -0.293  -0.292  -0.304  -0.308  -0.328  -0.343
  10750.  2.00   0.153   0.128   0.136   0.121   0.109  -0.165  -0.332  -0.346  -0.360  -0.356  -0.361  -0.377  -0.377
  10750.  2.50   0.120   0.087   0.072   0.057   0.030  -0.159  -0.297  -0.318  -0.342  -0.348  -0.358  -0.386  -0.384
  10750.  3.00   0.111   0.077   0.044   0.027  -0.016  -0.173  -0.286  -0.311  -0.337  -0.348  -0.361  -0.394  -0.394
  10750.  3.50   0.118   0.084   0.039   0.017  -0.037  -0.198  -0.288  -0.312  -0.337  -0.351  -0.365  -0.399  -0.402
  10750.  4.00   0.136   0.104   0.050   0.023  -0.041  -0.231  -0.297  -0.317  -0.339  -0.354  -0.367  -0.400  -0.406
  10750.  4.50   0.165   0.134   0.073   0.042  -0.028  -0.270  -0.313  -0.326  -0.341  -0.356  -0.366  -0.396  -0.407
  10750.  5.00   0.205   0.174   0.108   0.072  -0.003  -0.312  -0.334  -0.337  -0.342  -0.356  -0.364  -0.389  -0.405
  11000.  2.00   0.206   0.182   0.184   0.161   0.132  -0.198  -0.379  -0.393  -0.409  -0.407  -0.412  -0.431  -0.433
  11000.  2.50   0.170   0.137   0.116   0.094   0.054  -0.191  -0.341  -0.365  -0.390  -0.397  -0.408  -0.439  -0.439
  11000.  3.00   0.159   0.123   0.084   0.060   0.005  -0.205  -0.330  -0.357  -0.385  -0.397  -0.411  -0.447  -0.449
  11000.  3.50   0.163   0.127   0.074   0.046  -0.022  -0.229  -0.331  -0.358  -0.386  -0.401  -0.416  -0.453  -0.458
  11000.  4.00   0.178   0.142   0.079   0.047  -0.032  -0.261  -0.340  -0.363  -0.388  -0.405  -0.419  -0.456  -0.464
  11000.  4.50   0.202   0.168   0.097   0.060  -0.026  -0.298  -0.355  -0.372  -0.390  -0.407  -0.420  -0.455  -0.467
  11000.  5.00   0.237   0.203   0.126   0.085  -0.007  -0.339  -0.375  -0.382  -0.392  -0.409  -0.418  -0.449  -0.465
  11250.  2.00   0.253   0.231   0.226   0.196   0.150  -0.232  -0.425  -0.441  -0.459  -0.457  -0.464  -0.485  -0.488
  11250.  2.50   0.215   0.181   0.155   0.127   0.072  -0.224  -0.386  -0.411  -0.438  -0.446  -0.459  -0.492  -0.494
  11250.  3.00   0.202   0.164   0.119   0.090   0.023  -0.237  -0.374  -0.403  -0.433  -0.447  -0.462  -0.500  -0.504
  11250.  3.50   0.203   0.165   0.106   0.072  -0.008  -0.261  -0.375  -0.403  -0.434  -0.450  -0.466  -0.507  -0.513
  11250.  4.00   0.215   0.177   0.106   0.069  -0.023  -0.292  -0.384  -0.409  -0.437  -0.455  -0.471  -0.511  -0.520
  11250.  4.50   0.236   0.198   0.119   0.077  -0.024  -0.328  -0.398  -0.417  -0.439  -0.458  -0.473  -0.512  -0.524
  11250.  5.00   0.266   0.229   0.142   0.097  -0.011  -0.368  -0.416  -0.428  -0.441  -0.460  -0.472  -0.508  -0.524
  11500.  2.00   0.297   0.275   0.262   0.225   0.161  -0.267  -0.471  -0.488  -0.508  -0.508  -0.515  -0.539  -0.544
  11500.  2.50   0.256   0.222   0.189   0.155   0.086  -0.258  -0.431  -0.458  -0.487  -0.496  -0.509  -0.545  -0.549
  11500.  3.00   0.240   0.201   0.151   0.116   0.036  -0.270  -0.419  -0.449  -0.481  -0.496  -0.512  -0.553  -0.558
  11500.  3.50   0.239   0.198   0.133   0.095   0.004  -0.293  -0.419  -0.449  -0.482  -0.499  -0.517  -0.560  -0.567
  11500.  4.00   0.248   0.208   0.130   0.088  -0.015  -0.324  -0.428  -0.455  -0.485  -0.504  -0.521  -0.565  -0.575
  11500.  4.50   0.266   0.226   0.139   0.093  -0.021  -0.359  -0.441  -0.463  -0.488  -0.509  -0.525  -0.567  -0.581
  11500.  5.00   0.293   0.253   0.157   0.108  -0.014  -0.397  -0.458  -0.473  -0.490  -0.511  -0.525  -0.565  -0.582
  11750.  2.00   0.335   0.316   0.294   0.250   0.169  -0.302  -0.516  -0.536  -0.557  -0.558  -0.566  -0.593  -0.599
  11750.  2.50   0.292   0.258   0.219   0.179   0.095  -0.292  -0.476  -0.504  -0.535  -0.545  -0.559  -0.598  -0.603
  11750.  3.00   0.274   0.234   0.178   0.138   0.046  -0.303  -0.463  -0.495  -0.529  -0.544  -0.561  -0.605  -0.612
  11750.  3.50   0.271   0.228   0.158   0.115   0.012  -0.326  -0.463  -0.495  -0.529  -0.548  -0.566  -0.613  -0.621
  11750.  4.00   0.278   0.235   0.152   0.106  -0.009  -0.356  -0.471  -0.500  -0.532  -0.553  -0.572  -0.619  -0.630
  11750.  4.50   0.293   0.250   0.156   0.106  -0.019  -0.390  -0.484  -0.509  -0.536  -0.558  -0.576  -0.622  -0.636
  11750.  5.00   0.317   0.274   0.171   0.117  -0.017  -0.428  -0.501  -0.518  -0.539  -0.562  -0.577  -0.621  -0.639
  12000.  2.50   0.324   0.291   0.245   0.199   0.100  -0.326  -0.520  -0.550  -0.582  -0.594  -0.609  -0.650  -0.657
  12000.  3.00   0.304   0.264   0.202   0.156   0.052  -0.337  -0.507  -0.540  -0.576  -0.593  -0.611  -0.657  -0.665
  12000.  3.50   0.299   0.255   0.179   0.132   0.018  -0.359  -0.507  -0.541  -0.577  -0.597  -0.616  -0.665  -0.675
  12000.  4.00   0.304   0.259   0.170   0.120  -0.005  -0.388  -0.515  -0.546  -0.580  -0.602  -0.621  -0.671  -0.683
  12000.  4.50   0.317   0.272   0.172   0.118  -0.018  -0.422  -0.527  -0.554  -0.584  -0.607  -0.626  -0.675  -0.690
  12000.  5.00   0.338   0.293   0.183   0.126  -0.020  -0.458  -0.543  -0.564  -0.587  -0.611  -0.628  -0.676  -0.694
  12250.  2.50   0.353   0.321   0.266   0.215   0.101  -0.361  -0.565  -0.596  -0.630  -0.643  -0.659  -0.702  -0.711
  12250.  3.00   0.330   0.290   0.222   0.172   0.054  -0.371  -0.551  -0.586  -0.623  -0.641  -0.661  -0.709  -0.719
  12250.  3.50   0.323   0.279   0.197   0.146   0.020  -0.393  -0.551  -0.586  -0.624  -0.645  -0.665  -0.717  -0.728
  12250.  4.00   0.327   0.280   0.186   0.132  -0.003  -0.421  -0.558  -0.591  -0.627  -0.650  -0.671  -0.723  -0.736
  12250.  4.50   0.338   0.291   0.185   0.128  -0.019  -0.454  -0.571  -0.599  -0.631  -0.656  -0.675  -0.727  -0.744
  12250.  5.00   0.356   0.309   0.193   0.133  -0.024  -0.490  -0.586  -0.609  -0.635  -0.660  -0.679  -0.729  -0.748
  12500.  2.50   0.379   0.347   0.285   0.229   0.099  -0.396  -0.609  -0.641  -0.677  -0.691  -0.709  -0.754  -0.764
  12500.  3.00   0.354   0.313   0.239   0.184   0.053  -0.406  -0.595  -0.631  -0.670  -0.690  -0.710  -0.761  -0.771
  12500.  3.50   0.345   0.300   0.213   0.157   0.020  -0.427  -0.595  -0.631  -0.671  -0.693  -0.714  -0.768  -0.780
  12500.  4.00   0.347   0.299   0.200   0.142  -0.004  -0.454  -0.602  -0.636  -0.674  -0.698  -0.719  -0.774  -0.789
  12500.  4.50   0.356   0.308   0.196   0.136  -0.020  -0.486  -0.614  -0.644  -0.678  -0.704  -0.725  -0.779  -0.796
  12500.  5.00   0.373   0.324   0.202   0.138  -0.028  -0.521  -0.629  -0.654  -0.682  -0.709  -0.728  -0.782  -0.802
  12750.  2.50   0.402   0.370   0.300   0.240   0.095  -0.431  -0.652  -0.686  -0.723  -0.739  -0.758  -0.806  -0.817
  12750.  3.00   0.375   0.334   0.253   0.194   0.049  -0.440  -0.639  -0.676  -0.717  -0.737  -0.759  -0.812  -0.824
  12750.  3.50   0.364   0.318   0.225   0.166   0.017  -0.461  -0.638  -0.676  -0.717  -0.741  -0.763  -0.819  -0.832
  12750.  4.00   0.364   0.315   0.211   0.150  -0.007  -0.488  -0.645  -0.681  -0.720  -0.746  -0.768  -0.825  -0.841
  12750.  4.50   0.372   0.322   0.206   0.142  -0.024  -0.519  -0.657  -0.689  -0.724  -0.751  -0.773  -0.830  -0.848
  12750.  5.00   0.387   0.336   0.209   0.142  -0.034  -0.553  -0.671  -0.698  -0.728  -0.756  -0.777  -0.834  -0.854
  13000.  2.50   0.422   0.391   0.313   0.248   0.089  -0.465  -0.696  -0.731  -0.769  -0.786  -0.806  -0.857  -0.869
  13000.  3.00   0.393   0.353   0.264   0.201   0.043  -0.475  -0.682  -0.721  -0.763  -0.785  -0.807  -0.863  -0.876
  13000.  3.50   0.381   0.334   0.235   0.172   0.011  -0.495  -0.681  -0.721  -0.763  -0.788  -0.811  -0.870  -0.884
  13000.  4.00   0.379   0.329   0.219   0.155  -0.012  -0.522  -0.688  -0.725  -0.766  -0.793  -0.816  -0.876  -0.892
  13000.  4.50   0.385   0.334   0.213   0.146  -0.029  -0.552  -0.699  -0.733  -0.770  -0.798  -0.821  -0.881  -0.900
  13000.  5.00   0.399   0.346   0.214   0.145  -0.041  -0.585  -0.714  -0.742  -0.774  -0.804  -0.826  -0.885  -0.906
  14000.  2.00   0.546   0.533   0.438   0.355   0.137  -0.612  -0.909  -0.938  -0.971  -0.982  -0.999  -1.047  -1.064
  14000.  2.50   0.483   0.451   0.343   0.264   0.051  -0.602  -0.863  -0.903  -0.947  -0.969  -0.993  -1.053  -1.069
  14000.  3.00   0.446   0.404   0.287   0.211   0.002  -0.613  -0.850  -0.894  -0.943  -0.969  -0.995  -1.061  -1.077
  14000.  3.50   0.427   0.379   0.254   0.179  -0.029  -0.632  -0.850  -0.895  -0.943  -0.973  -1.000  -1.067  -1.085
  14000.  4.00   0.419   0.367   0.234   0.158  -0.051  -0.657  -0.857  -0.900  -0.947  -0.977  -1.005  -1.073  -1.093
  14000.  4.50   0.421   0.365   0.223   0.146  -0.067  -0.685  -0.867  -0.907  -0.951  -0.983  -1.009  -1.078  -1.100
  14000.  5.00   0.429   0.371   0.219   0.141  -0.080  -0.716  -0.881  -0.915  -0.955  -0.988  -1.014  -1.082  -1.106
  15000.  2.50   0.518   0.487   0.351   0.263   0.003  -0.732  -1.020  -1.064  -1.114  -1.140  -1.168  -1.237  -1.257
  15000.  3.00   0.473   0.430   0.286   0.200  -0.054  -0.747  -1.010  -1.059  -1.113  -1.144  -1.174  -1.248  -1.268
  15000.  3.50   0.450   0.400   0.249   0.164  -0.088  -0.767  -1.011  -1.061  -1.115  -1.149  -1.180  -1.256  -1.277
  15000.  4.00   0.437   0.382   0.225   0.140  -0.110  -0.791  -1.019  -1.067  -1.119  -1.154  -1.185  -1.262  -1.285
  15000.  4.50   0.433   0.374   0.211   0.126  -0.126  -0.818  -1.030  -1.074  -1.124  -1.160  -1.190  -1.267  -1.292
  15000.  5.00   0.438   0.376   0.205   0.119  -0.136  -0.846  -1.042  -1.082  -1.127  -1.165  -1.194  -1.271  -1.297
  16000.  2.50   0.539   0.507   0.347   0.252  -0.047  -0.852  -1.167  -1.215  -1.269  -1.299  -1.330  -1.409  -1.431
  16000.  3.00   0.485   0.440   0.272   0.178  -0.115  -0.873  -1.160  -1.213  -1.272  -1.307  -1.341  -1.425  -1.447
  16000.  3.50   0.456   0.404   0.229   0.136  -0.154  -0.896  -1.164  -1.218  -1.278  -1.315  -1.350  -1.435  -1.458
  16000.  4.00   0.440   0.382   0.201   0.109  -0.179  -0.921  -1.172  -1.225  -1.283  -1.322  -1.357  -1.442  -1.467
  16000.  4.50   0.430   0.369   0.184   0.092  -0.195  -0.947  -1.184  -1.234  -1.289  -1.329  -1.362  -1.447  -1.474
  16000.  5.00   0.431   0.366   0.175   0.083  -0.206  -0.974  -1.197  -1.242  -1.293  -1.334  -1.366  -1.451  -1.479
  17000.  2.50   0.551   0.518   0.339   0.238  -0.095  -0.964  -1.304  -1.355  -1.412  -1.445  -1.480  -1.566  -1.592
  17000.  3.00   0.486   0.441   0.251   0.152  -0.177  -0.991  -1.301  -1.358  -1.421  -1.460  -1.497  -1.589  -1.614
  17000.  3.50   0.451   0.397   0.200   0.102  -0.223  -1.018  -1.307  -1.365  -1.430  -1.472  -1.510  -1.603  -1.628
  17000.  4.00   0.432   0.372   0.170   0.072  -0.250  -1.044  -1.317  -1.374  -1.437  -1.480  -1.518  -1.611  -1.638
  17000.  4.50   0.419   0.354   0.148   0.050  -0.270  -1.072  -1.331  -1.385  -1.445  -1.488  -1.526  -1.618  -1.647
  17000.  5.00   0.415   0.347   0.136   0.038  -0.281  -1.098  -1.345  -1.395  -1.450  -1.494  -1.531  -1.622  -1.652
  18000.  2.50   0.555   0.522   0.326   0.221  -0.138  -1.068  -1.432  -1.485  -1.545  -1.580  -1.617  -1.711  -1.738
  18000.  3.00   0.483   0.436   0.227   0.123  -0.235  -1.101  -1.431  -1.492  -1.559  -1.601  -1.642  -1.741  -1.769
  18000.  3.50   0.439   0.383   0.167   0.064  -0.290  -1.133  -1.442  -1.504  -1.573  -1.618  -1.659  -1.760  -1.788
  18000.  4.00   0.418   0.355   0.133   0.031  -0.322  -1.160  -1.453  -1.514  -1.582  -1.629  -1.670  -1.771  -1.800
  18000.  4.50   0.401   0.333   0.108   0.005  -0.344  -1.189  -1.469  -1.527  -1.592  -1.639  -1.679  -1.779  -1.809
  18000.  5.00   0.392   0.321   0.092  -0.011  -0.359  -1.217  -1.485  -1.539  -1.599  -1.647  -1.686  -1.784  -1.816
  19000.  2.50   0.554   0.521   0.310   0.202  -0.177  -1.164  -1.554  -1.607  -1.669  -1.706  -1.744  -1.841  -1.871
  19000.  3.00   0.476   0.427   0.202   0.094  -0.289  -1.202  -1.553  -1.616  -1.687  -1.732  -1.776  -1.882  -1.912
  19000.  3.50   0.424   0.366   0.133   0.026  -0.355  -1.240  -1.568  -1.633  -1.706  -1.755  -1.799  -1.907  -1.937
  19000.  4.00   0.398   0.333   0.095  -0.012  -0.391  -1.270  -1.581  -1.646  -1.718  -1.768  -1.813  -1.920  -1.951
  19000.  4.50   0.379   0.309   0.066  -0.040  -0.417  -1.300  -1.599  -1.660  -1.730  -1.780  -1.824  -1.930  -1.962
  19000.  5.00   0.365   0.292   0.045  -0.061  -0.435  -1.330  -1.617  -1.674  -1.740  -1.790  -1.832  -1.938  -1.971
  20000.  3.00   0.466   0.417   0.176   0.066  -0.340  -1.297  -1.667  -1.732  -1.805  -1.853  -1.899  -2.012  -2.043
  20000.  3.50   0.406   0.346   0.098  -0.011  -0.416  -1.340  -1.687  -1.754  -1.831  -1.882  -1.929  -2.044  -2.075
  20000.  4.00   0.375   0.308   0.054  -0.055  -0.458  -1.373  -1.703  -1.770  -1.846  -1.899  -1.946  -2.061  -2.093
  20000.  4.50   0.355   0.283   0.024  -0.085  -0.486  -1.404  -1.720  -1.785  -1.859  -1.913  -1.959  -2.072  -2.106
  20000.  5.00   0.337   0.261  -0.001  -0.110  -0.508  -1.436  -1.741  -1.802  -1.872  -1.925  -1.970  -2.082  -2.117
  21000.  3.00   0.455   0.403   0.149   0.037  -0.387  -1.385  -1.775  -1.841  -1.917  -1.966  -2.014  -2.132  -2.165
  21000.  3.50   0.387   0.326   0.064  -0.048  -0.473  -1.434  -1.798  -1.868  -1.947  -2.001  -2.050  -2.171  -2.204
  21000.  4.00   0.350   0.282   0.014  -0.098  -0.522  -1.471  -1.817  -1.887  -1.967  -2.022  -2.072  -2.193  -2.227
  21000.  4.50   0.328   0.255  -0.018  -0.130  -0.552  -1.502  -1.835  -1.903  -1.980  -2.037  -2.086  -2.206  -2.241
  21000.  5.00   0.309   0.231  -0.046  -0.158  -0.578  -1.535  -1.857  -1.922  -1.995  -2.052  -2.100  -2.218  -2.253
  22000.  3.00   0.442   0.387   0.118   0.004  -0.436  -1.469  -1.877  -1.945  -2.022  -2.073  -2.123  -2.244  -2.278
  22000.  3.50   0.369   0.305   0.030  -0.084  -0.527  -1.522  -1.902  -1.974  -2.055  -2.111  -2.163  -2.289  -2.324
  22000.  4.00   0.324   0.254  -0.027  -0.141  -0.583  -1.563  -1.925  -1.998  -2.080  -2.138  -2.190  -2.316  -2.352
  22000.  4.50   0.301   0.225  -0.060  -0.174  -0.616  -1.595  -1.944  -2.014  -2.095  -2.154  -2.205  -2.332  -2.368
  22000.  5.00   0.280   0.200  -0.090  -0.203  -0.644  -1.629  -1.966  -2.034  -2.111  -2.170  -2.221  -2.345  -2.382
  23000.  3.00   0.427   0.367   0.085  -0.031  -0.487  -1.550  -1.974  -2.044  -2.123  -2.176  -2.227  -2.352  -2.388
  23000.  3.50   0.350   0.284  -0.005  -0.121  -0.580  -1.604  -2.001  -2.074  -2.158  -2.216  -2.269  -2.400  -2.436
  23000.  4.00   0.298   0.226  -0.067  -0.182  -0.641  -1.650  -2.027  -2.102  -2.186  -2.246  -2.300  -2.432  -2.469
  23000.  4.50   0.271   0.194  -0.103  -0.219  -0.677  -1.684  -2.048  -2.121  -2.204  -2.265  -2.319  -2.450  -2.488
  23000.  5.00   0.252   0.169  -0.132  -0.248  -0.706  -1.716  -2.069  -2.139  -2.220  -2.282  -2.334  -2.464  -2.503
  24000.  3.00   0.411   0.346   0.050  -0.067  -0.538  -1.626  -2.065  -2.137  -2.219  -2.273  -2.326  -2.455  -2.492
  24000.  3.50   0.331   0.261  -0.042  -0.158  -0.633  -1.684  -2.095  -2.170  -2.256  -2.316  -2.371  -2.505  -2.543
  24000.  4.00   0.274   0.199  -0.107  -0.223  -0.698  -1.732  -2.124  -2.200  -2.287  -2.349  -2.405  -2.541  -2.579
  24000.  4.50   0.242   0.162  -0.147  -0.263  -0.737  -1.768  -2.146  -2.221  -2.307  -2.370  -2.426  -2.562  -2.601
  24000.  5.00   0.222   0.138  -0.174  -0.291  -0.765  -1.800  -2.167  -2.240  -2.323  -2.387  -2.442  -2.577  -2.616
  25000.  3.00   0.393   0.322   0.017  -0.102  -0.583  -1.697  -2.149  -2.222  -2.307  -2.362  -2.417  -2.549  -2.587
  25000.  3.50   0.312   0.237  -0.078  -0.197  -0.686  -1.760  -2.183  -2.261  -2.350  -2.411  -2.468  -2.607  -2.645
  25000.  4.00   0.250   0.172  -0.146  -0.264  -0.753  -1.810  -2.216  -2.294  -2.383  -2.446  -2.504  -2.644  -2.683
  25000.  4.50   0.213   0.130  -0.189  -0.307  -0.796  -1.849  -2.240  -2.317  -2.406  -2.470  -2.528  -2.668  -2.708
  25000.  5.00   0.192   0.106  -0.217  -0.335  -0.823  -1.879  -2.261  -2.336  -2.422  -2.487  -2.544  -2.683  -2.723
  26000.  3.00   0.366   0.290  -0.020  -0.140  -0.625  -1.763  -2.230  -2.303  -2.389  -2.444  -2.499  -2.632  -2.671
  26000.  3.50   0.295   0.215  -0.113  -0.233  -0.737  -1.830  -2.266  -2.345  -2.437  -2.501  -2.560  -2.703  -2.743
  26000.  4.00   0.228   0.145  -0.185  -0.304  -0.808  -1.885  -2.302  -2.382  -2.474  -2.539  -2.599  -2.743  -2.783
  26000.  4.50   0.186   0.100  -0.231  -0.351  -0.852  -1.925  -2.329  -2.408  -2.499  -2.566  -2.625  -2.769  -2.810
  26000.  5.00   0.162   0.073  -0.260  -0.379  -0.881  -1.956  -2.351  -2.428  -2.516  -2.583  -2.642  -2.785  -2.826
  27000.  3.50   0.278   0.193  -0.145  -0.267  -0.782  -1.895  -2.341  -2.423  -2.517  -2.583  -2.645  -2.792  -2.833
  27000.  4.00   0.208   0.121  -0.221  -0.342  -0.859  -1.955  -2.383  -2.465  -2.560  -2.627  -2.689  -2.837  -2.878
  27000.  4.50   0.161   0.071  -0.271  -0.392  -0.907  -1.998  -2.413  -2.494  -2.588  -2.656  -2.717  -2.865  -2.907
  27000.  5.00   0.134   0.042  -0.302  -0.423  -0.937  -2.030  -2.436  -2.515  -2.606  -2.675  -2.736  -2.883  -2.925
  28000.  3.50   0.258   0.168  -0.176  -0.299  -0.823  -1.954  -2.411  -2.495  -2.592  -2.658  -2.722  -2.873  -2.914
  28000.  4.00   0.190   0.097  -0.255  -0.377  -0.907  -2.019  -2.457  -2.542  -2.639  -2.709  -2.773  -2.926  -2.968
  28000.  4.50   0.139   0.045  -0.309  -0.430  -0.959  -2.066  -2.492  -2.575  -2.671  -2.741  -2.805  -2.957  -2.999
  28000.  5.00   0.108   0.012  -0.342  -0.464  -0.991  -2.100  -2.516  -2.598  -2.691  -2.762  -2.825  -2.976  -3.019
  29000.  3.50   0.228   0.135  -0.212  -0.336  -0.864  -2.012  -2.479  -2.564  -2.663  -2.731  -2.795  -2.948  -2.990
  29000.  4.00   0.171   0.075  -0.286  -0.409  -0.950  -2.078  -2.525  -2.612  -2.713  -2.784  -2.850  -3.007  -3.050
  29000.  4.50   0.118   0.021  -0.343  -0.466  -1.007  -2.128  -2.564  -2.650  -2.748  -2.821  -2.886  -3.043  -3.086
  29000.  5.00   0.084  -0.015  -0.379  -0.502  -1.042  -2.165  -2.591  -2.675  -2.771  -2.844  -2.908  -3.064  -3.108
  30000.  3.50   0.185   0.091  -0.258  -0.382  -0.911  -2.074  -2.550  -2.636  -2.736  -2.804  -2.869  -3.021  -3.064
  30000.  4.00   0.148   0.049  -0.317  -0.442  -0.990  -2.133  -2.590  -2.679  -2.782  -2.855  -2.923  -3.083  -3.126
  30000.  4.50   0.098  -0.003  -0.374  -0.498  -1.050  -2.186  -2.631  -2.719  -2.820  -2.894  -2.962  -3.122  -3.166
  30000.  5.00   0.062  -0.040  -0.413  -0.537  -1.088  -2.225  -2.661  -2.747  -2.846  -2.920  -2.987  -3.146  -3.191
  31000.  3.50   0.128   0.033  -0.315  -0.440  -0.968  -2.144  -2.627  -2.713  -2.815  -2.882  -2.947  -3.098  -3.140
  31000.  4.00   0.117   0.016  -0.353  -0.478  -1.031  -2.188  -2.654  -2.744  -2.849  -2.923  -2.992  -3.154  -3.198
  31000.  4.50   0.075  -0.029  -0.406  -0.531  -1.090  -2.240  -2.694  -2.784  -2.888  -2.964  -3.033  -3.197  -3.241
  31000.  5.00   0.040  -0.065  -0.445  -0.570  -1.131  -2.280  -2.725  -2.814  -2.915  -2.992  -3.060  -3.223  -3.268
  32000.  4.00   0.077  -0.025  -0.395  -0.521  -1.076  -2.245  -2.719  -2.810  -2.918  -2.992  -3.062  -3.225  -3.269
  32000.  4.50   0.046  -0.060  -0.439  -0.566  -1.131  -2.293  -2.755  -2.847  -2.953  -3.030  -3.101  -3.267  -3.312
  32000.  5.00   0.015  -0.093  -0.478  -0.603  -1.172  -2.333  -2.787  -2.877  -2.982  -3.059  -3.129  -3.296  -3.341
  33000.  4.00   0.026  -0.076  -0.446  -0.572  -1.128  -2.308  -2.788  -2.880  -2.989  -3.064  -3.135  -3.297  -3.342
  33000.  4.50   0.010  -0.097  -0.478  -0.605  -1.174  -2.347  -2.816  -2.910  -3.019  -3.096  -3.168  -3.336  -3.381
  33000.  5.00  -0.016  -0.124  -0.512  -0.639  -1.212  -2.385  -2.847  -2.939  -3.046  -3.125  -3.196  -3.365  -3.410
  34000.  4.00  -0.031  -0.134  -0.504  -0.630  -1.187  -2.376  -2.860  -2.954  -3.064  -3.138  -3.210  -3.371  -3.416
  34000.  4.50  -0.035  -0.142  -0.523  -0.651  -1.222  -2.405  -2.880  -2.975  -3.086  -3.164  -3.237  -3.405  -3.451
  34000.  5.00  -0.053  -0.162  -0.551  -0.678  -1.256  -2.438  -2.907  -3.001  -3.110  -3.190  -3.263  -3.432  -3.479
  35000.  4.00  -0.095  -0.197  -0.567  -0.694  -1.252  -2.448  -2.936  -3.031  -3.142  -3.216  -3.288  -3.448  -3.493
  35000.  4.50  -0.087  -0.194  -0.575  -0.703  -1.275  -2.467  -2.948  -3.043  -3.156  -3.234  -3.308  -3.475  -3.522
  35000.  5.00  -0.098  -0.207  -0.596  -0.724  -1.304  -2.495  -2.969  -3.065  -3.176  -3.256  -3.330  -3.501  -3.547
  36000.  4.00  -0.162  -0.265  -0.635  -0.762  -1.322  -2.523  -3.015  -3.110  -3.222  -3.297  -3.369  -3.528  -3.573
  36000.  4.50  -0.145  -0.251  -0.632  -0.760  -1.334  -2.533  -3.017  -3.114  -3.228  -3.307  -3.382  -3.547  -3.594
  36000.  5.00  -0.148  -0.257  -0.646  -0.774  -1.356  -2.554  -3.034  -3.130  -3.243  -3.324  -3.399  -3.569  -3.616
  37000.  4.00  -0.231  -0.334  -0.706  -0.833  -1.395  -2.600  -3.095  -3.190  -3.304  -3.379  -3.452  -3.610  -3.655
  37000.  4.50  -0.207  -0.313  -0.694  -0.822  -1.397  -2.602  -3.090  -3.187  -3.303  -3.382  -3.457  -3.622  -3.668
  37000.  5.00  -0.204  -0.312  -0.700  -0.829  -1.412  -2.617  -3.101  -3.198  -3.313  -3.394  -3.470  -3.639  -3.686
  38000.  4.00  -0.301  -0.405  -0.777  -0.905  -1.468  -2.677  -3.174  -3.271  -3.385  -3.461  -3.534  -3.692  -3.737
  38000.  4.50  -0.271  -0.377  -0.759  -0.888  -1.465  -2.674  -3.165  -3.263  -3.380  -3.459  -3.535  -3.699  -3.745
  38000.  5.00  -0.264  -0.372  -0.760  -0.888  -1.473  -2.683  -3.170  -3.268  -3.385  -3.466  -3.543  -3.711  -3.758
  39000.  4.00  -0.370  -0.475  -0.849  -0.976  -1.542  -2.754  -3.253  -3.350  -3.466  -3.541  -3.615  -3.773  -3.819
  39000.  4.50  -0.337  -0.443  -0.826  -0.955  -1.534  -2.747  -3.240  -3.339  -3.458  -3.537  -3.614  -3.777  -3.824
  39000.  5.00  -0.326  -0.434  -0.822  -0.951  -1.537  -2.752  -3.242  -3.341  -3.459  -3.540  -3.618  -3.784  -3.832
  40000.  4.50  -0.403  -0.510  -0.894  -1.023  -1.604  -2.820  -3.315  -3.415  -3.535  -3.615  -3.692  -3.856  -3.902
  40000.  5.00  -0.390  -0.498  -0.887  -1.016  -1.603  -2.823  -3.315  -3.414  -3.534  -3.615  -3.694  -3.860  -3.907
  41000.  4.50  -0.468  -0.576  -0.961  -1.090  -1.673  -2.893  -3.390  -3.491  -3.611  -3.692  -3.770  -3.933  -3.980
  41000.  5.00  -0.455  -0.563  -0.952  -1.082  -1.671  -2.894  -3.388  -3.488  -3.609  -3.691  -3.770  -3.936  -3.983
  42000.  4.50  -0.533  -0.641  -1.028  -1.157  -1.742  -2.964  -3.463  -3.565  -3.686  -3.767  -3.846  -4.010  -4.057
  42000.  5.00  -0.520  -0.628  -1.018  -1.147  -1.739  -2.965  -3.460  -3.562  -3.684  -3.766  -3.846  -4.012  -4.059
  43000.  4.50  -0.597  -0.705  -1.093  -1.222  -1.809  -3.034  -3.535  -3.637  -3.760  -3.841  -3.920  -4.084  -4.132
  43000.  5.00  -0.583  -0.692  -1.083  -1.213  -1.806  -3.035  -3.532  -3.634  -3.757  -3.840  -3.921  -4.087  -4.135
  44000.  4.50  -0.659  -0.768  -1.158  -1.287  -1.876  -3.103  -3.605  -3.708  -3.831  -3.913  -3.992  -4.157  -4.205
  44000.  5.00  -0.646  -0.755  -1.148  -1.277  -1.873  -3.104  -3.603  -3.706  -3.829  -3.913  -3.994  -4.160  -4.208
  45000.  4.50  -0.720  -0.830  -1.221  -1.351  -1.941  -3.170  -3.674  -3.778  -3.901  -3.983  -4.063  -4.229  -4.276
  45000.  5.00  -0.708  -0.817  -1.211  -1.341  -1.938  -3.172  -3.672  -3.776  -3.900  -3.984  -4.065  -4.232  -4.281
  46000.  4.50  -0.781  -0.891  -1.284  -1.413  -2.005  -3.236  -3.742  -3.846  -3.970  -4.052  -4.132  -4.299  -4.346
  46000.  5.00  -0.768  -0.878  -1.274  -1.404  -2.003  -3.238  -3.740  -3.844  -3.969  -4.053  -4.135  -4.303  -4.351
  47000.  4.50  -0.840  -0.952  -1.345  -1.475  -2.068  -3.301  -3.808  -3.913  -4.037  -4.120  -4.200  -4.367  -4.415
  47000.  5.00  -0.828  -0.939  -1.335  -1.465  -2.066  -3.303  -3.806  -3.911  -4.037  -4.122  -4.204  -4.372  -4.420
  48000.  4.50  -0.898  -1.011  -1.406  -1.535  -2.130  -3.364  -3.873  -3.978  -4.103  -4.186  -4.266  -4.434  -4.482
  48000.  5.00  -0.886  -0.998  -1.396  -1.526  -2.128  -3.367  -3.872  -3.977  -4.104  -4.188  -4.271  -4.439  -4.488
  49000.  4.50  -0.955  -1.069  -1.465  -1.595  -2.191  -3.427  -3.937  -4.043  -4.168  -4.251  -4.331  -4.500  -4.548
  49000.  5.00  -0.944  -1.056  -1.455  -1.586  -2.190  -3.429  -3.936  -4.042  -4.169  -4.254  -4.336  -4.506  -4.555
  50000.  5.00  -1.000  -1.113  -1.514  -1.645  -2.250  -3.491  -3.999  -4.105  -4.233  -4.318  -4.401  -4.571  -4.620
