   3500.  0.00  -9.624  -9.217 -10.185  -7.936  -6.985  -5.049  -4.229  -3.236  -2.520  -1.871  -1.562   0.001   0.244
   3500.  0.50  -9.577  -9.249 -10.133  -7.716  -6.691  -4.863  -4.161  -3.293  -2.634  -1.995  -1.697  -0.044   0.211
   3500.  1.00  -9.515  -9.270 -10.054  -7.478  -6.388  -4.670  -4.084  -3.334  -2.728  -2.097  -1.807  -0.083   0.184
   3500.  1.50  -9.436  -9.281  -9.947  -7.222  -6.077  -4.471  -3.994  -3.358  -2.800  -2.175  -1.890  -0.112   0.163
   3500.  2.00  -9.334  -9.274  -9.807  -6.949  -5.752  -4.260  -3.881  -3.349  -2.836  -2.217  -1.936  -0.125   0.157
   3500.  2.50  -9.208  -9.243  -9.632  -6.664  -5.416  -4.041  -3.740  -3.300  -2.828  -2.218  -1.941  -0.113   0.171
   3500.  3.00  -9.063  -9.183  -9.423  -6.381  -5.086  -3.826  -3.576  -3.204  -2.768  -2.170  -1.896  -0.071   0.212
   3500.  3.50  -8.901  -9.090  -9.178  -6.113  -4.780  -3.619  -3.384  -3.055  -2.641  -2.061  -1.791   0.009   0.284
   3500.  4.00  -8.733  -8.969  -8.907  -5.866  -4.504  -3.429  -3.182  -2.866  -2.456  -1.894  -1.626   0.118   0.383
   3500.  4.50  -8.576  -8.832  -8.634  -5.638  -4.247  -3.266  -2.990  -2.661  -2.231  -1.681  -1.409   0.245   0.496
   3500.  5.00  -8.473  -8.711  -8.376  -5.479  -4.071  -3.178  -2.853  -2.484  -2.009  -1.458  -1.176   0.354   0.588
   3750.  0.00  -9.121  -8.887  -9.763  -7.472  -6.535  -4.549  -3.505  -2.374  -1.565  -0.953  -0.631   0.334   0.494
   3750.  0.50  -9.062  -8.897  -9.661  -7.253  -6.240  -4.377  -3.418  -2.384  -1.610  -1.009  -0.692   0.317   0.483
   3750.  1.00  -8.994  -8.903  -9.529  -7.030  -5.956  -4.201  -3.326  -2.391  -1.656  -1.068  -0.757   0.302   0.473
   3750.  1.50  -8.914  -8.903  -9.370  -6.798  -5.674  -4.017  -3.226  -2.390  -1.699  -1.127  -0.824   0.287   0.464
   3750.  2.00  -8.829  -8.898  -9.193  -6.563  -5.391  -3.836  -3.127  -2.388  -1.742  -1.184  -0.889   0.273   0.457
   3750.  2.50  -8.738  -8.885  -9.006  -6.323  -5.104  -3.658  -3.030  -2.383  -1.782  -1.237  -0.950   0.261   0.451
   3750.  3.00  -8.654  -8.862  -8.814  -6.095  -4.828  -3.502  -2.946  -2.380  -1.819  -1.284  -1.002   0.255   0.450
   3750.  3.50  -8.570  -8.825  -8.616  -5.883  -4.575  -3.363  -2.864  -2.364  -1.835  -1.308  -1.030   0.261   0.460
   3750.  4.00  -8.487  -8.765  -8.412  -5.693  -4.352  -3.244  -2.781  -2.327  -1.818  -1.297  -1.020   0.289   0.489
   3750.  4.50  -8.393  -8.674  -8.186  -5.501  -4.131  -3.130  -2.688  -2.252  -1.744  -1.223  -0.944   0.346   0.543
   3750.  5.00  -8.300  -8.566  -7.959  -5.321  -3.928  -3.033  -2.594  -2.153  -1.628  -1.104  -0.819   0.421   0.610
   4000.  0.00  -8.707  -8.690  -9.498  -6.947  -5.905  -4.026  -2.965  -1.846  -1.086  -0.531  -0.228   0.497   0.618
   4000.  0.50  -8.652  -8.691  -9.371  -6.739  -5.631  -3.889  -2.893  -1.845  -1.101  -0.552  -0.251   0.488   0.611
   4000.  1.00  -8.592  -8.687  -9.205  -6.525  -5.364  -3.748  -2.817  -1.844  -1.119  -0.575  -0.275   0.480   0.605
   4000.  1.50  -8.518  -8.676  -9.002  -6.302  -5.097  -3.593  -2.724  -1.832  -1.130  -0.597  -0.299   0.473   0.599
   4000.  2.00  -8.442  -8.660  -8.775  -6.079  -4.835  -3.442  -2.633  -1.822  -1.145  -0.621  -0.326   0.465   0.594
   4000.  2.50  -8.366  -8.636  -8.536  -5.867  -4.592  -3.298  -2.545  -1.812  -1.161  -0.649  -0.357   0.457   0.589
   4000.  3.00  -8.299  -8.605  -8.300  -5.676  -4.372  -3.175  -2.475  -1.812  -1.187  -0.684  -0.395   0.451   0.586
   4000.  3.50  -8.244  -8.565  -8.074  -5.514  -4.190  -3.076  -2.420  -1.819  -1.217  -0.721  -0.433   0.447   0.587
   4000.  4.00  -8.198  -8.513  -7.863  -5.376  -4.036  -2.999  -2.379  -1.827  -1.244  -0.751  -0.465   0.450   0.594
   4000.  4.50  -8.152  -8.442  -7.655  -5.249  -3.896  -2.934  -2.344  -1.826  -1.253  -0.759  -0.472   0.468   0.614
   4000.  5.00  -8.098  -8.336  -7.418  -5.105  -3.739  -2.873  -2.312  -1.800  -1.222  -0.720  -0.428   0.508   0.652
   4250.  0.00  -8.318  -8.538  -9.171  -6.177  -4.919  -3.483  -2.501  -1.472  -0.781  -0.284  -0.007   0.597   0.696
   4250.  0.50  -8.270  -8.533  -9.003  -6.003  -4.717  -3.375  -2.446  -1.467  -0.790  -0.298  -0.023   0.589   0.689
   4250.  1.00  -8.217  -8.521  -8.788  -5.808  -4.494  -3.259  -2.386  -1.462  -0.799  -0.312  -0.037   0.583   0.684
   4250.  1.50  -8.155  -8.500  -8.536  -5.606  -4.269  -3.136  -2.316  -1.452  -0.804  -0.323  -0.049   0.578   0.679
   4250.  2.00  -8.087  -8.471  -8.268  -5.404  -4.047  -3.009  -2.238  -1.438  -0.808  -0.334  -0.060   0.572   0.674
   4250.  2.50  -8.026  -8.433  -8.003  -5.232  -3.864  -2.901  -2.168  -1.429  -0.812  -0.345  -0.070   0.568   0.669
   4250.  3.00  -7.972  -8.388  -7.755  -5.090  -3.715  -2.808  -2.108  -1.426  -0.822  -0.359  -0.084   0.563   0.665
   4250.  3.50  -7.935  -8.335  -7.528  -4.988  -3.612  -2.744  -2.069  -1.436  -0.841  -0.379  -0.102   0.560   0.664
   4250.  4.00  -7.907  -8.273  -7.320  -4.914  -3.542  -2.701  -2.042  -1.451  -0.862  -0.401  -0.120   0.560   0.666
   4250.  4.50  -7.886  -8.197  -7.126  -4.852  -3.486  -2.672  -2.027  -1.471  -0.886  -0.422  -0.137   0.564   0.672
   4250.  5.00  -7.862  -8.098  -6.927  -4.776  -3.414  -2.648  -2.021  -1.485  -0.899  -0.428  -0.140   0.580   0.690
   4500.  0.00  -7.965  -8.365  -8.210  -5.347  -3.987  -2.984  -2.109  -1.195  -0.567  -0.117   0.139   0.666   0.747
   4500.  0.50  -7.923  -8.346  -8.016  -5.209  -3.844  -2.898  -2.065  -1.186  -0.571  -0.127   0.127   0.657   0.740
   4500.  1.00  -7.881  -8.314  -7.764  -5.056  -3.688  -2.811  -2.024  -1.181  -0.578  -0.138   0.115   0.651   0.736
   4500.  1.50  -7.833  -8.264  -7.470  -4.885  -3.514  -2.718  -1.977  -1.175  -0.584  -0.149   0.103   0.647   0.731
   4500.  2.00  -7.776  -8.201  -7.185  -4.714  -3.341  -2.618  -1.918  -1.163  -0.585  -0.157   0.094   0.641   0.726
   4500.  2.50  -7.721  -8.124  -6.927  -4.563  -3.190  -2.526  -1.861  -1.153  -0.587  -0.165   0.086   0.636   0.721
   4500.  3.00  -7.675  -8.054  -6.749  -4.460  -3.086  -2.455  -1.813  -1.148  -0.591  -0.173   0.080   0.633   0.717
   4500.  3.50  -7.639  -7.982  -6.610  -4.393  -3.020  -2.405  -1.778  -1.154  -0.602  -0.184   0.073   0.631   0.716
   4500.  4.00  -7.616  -7.907  -6.495  -4.361  -2.991  -2.377  -1.757  -1.168  -0.617  -0.197   0.065   0.632   0.717
   4500.  4.50  -7.602  -7.831  -6.398  -4.354  -2.992  -2.369  -1.747  -1.188  -0.635  -0.210   0.058   0.634   0.720
   4500.  5.00  -7.592  -7.742  -6.293  -4.350  -2.998  -2.372  -1.748  -1.213  -0.654  -0.222   0.052   0.641   0.727
   4750.  0.00  -7.641  -8.001  -6.720  -4.631  -3.299  -2.543  -1.776  -0.977  -0.408   0.002   0.239   0.716   0.782
   4750.  0.50  -7.601  -7.951  -6.567  -4.500  -3.166  -2.470  -1.738  -0.967  -0.409  -0.006   0.230   0.706   0.774
   4750.  1.00  -7.564  -7.880  -6.380  -4.368  -3.037  -2.402  -1.707  -0.961  -0.413  -0.014   0.219   0.699   0.769
   4750.  1.50  -7.524  -7.783  -6.163  -4.228  -2.903  -2.333  -1.675  -0.956  -0.418  -0.023   0.209   0.693   0.764
   4750.  2.00  -7.476  -7.664  -5.935  -4.082  -2.764  -2.260  -1.638  -0.948  -0.421  -0.031   0.200   0.687   0.759
   4750.  2.50  -7.424  -7.544  -5.743  -3.950  -2.636  -2.188  -1.597  -0.938  -0.422  -0.038   0.191   0.681   0.753
   4750.  3.00  -7.377  -7.449  -5.625  -3.857  -2.542  -2.131  -1.560  -0.932  -0.424  -0.045   0.186   0.676   0.748
   4750.  3.50  -7.336  -7.379  -5.574  -3.802  -2.480  -2.088  -1.529  -0.931  -0.428  -0.052   0.181   0.674   0.745
   4750.  4.00  -7.306  -7.332  -5.577  -3.786  -2.454  -2.064  -1.509  -0.939  -0.438  -0.060   0.176   0.674   0.745
   4750.  4.50  -7.286  -7.295  -5.607  -3.802  -2.462  -2.058  -1.499  -0.954  -0.450  -0.070   0.173   0.677   0.748
   4750.  5.00  -7.273  -7.254  -5.632  -3.838  -2.494  -2.067  -1.498  -0.975  -0.465  -0.079   0.172   0.681   0.752
   5000.  0.00  -7.280  -7.378  -5.649  -4.063  -2.803  -2.152  -1.484  -0.792  -0.282   0.087   0.307   0.747   0.802
   5000.  0.50  -7.241  -7.274  -5.457  -3.914  -2.658  -2.086  -1.451  -0.783  -0.283   0.081   0.298   0.736   0.793
   5000.  1.00  -7.203  -7.155  -5.264  -3.773  -2.524  -2.027  -1.425  -0.778  -0.286   0.074   0.289   0.728   0.786
   5000.  1.50  -7.161  -7.018  -5.068  -3.636  -2.397  -1.972  -1.403  -0.775  -0.291   0.066   0.280   0.721   0.780
   5000.  2.00  -7.114  -6.870  -4.875  -3.503  -2.274  -1.918  -1.379  -0.771  -0.294   0.059   0.272   0.714   0.775
   5000.  2.50  -7.064  -6.733  -4.710  -3.384  -2.163  -1.867  -1.354  -0.765  -0.297   0.052   0.264   0.707   0.769
   5000.  3.00  -7.015  -6.623  -4.595  -3.291  -2.072  -1.823  -1.330  -0.760  -0.298   0.046   0.257   0.701   0.763
   5000.  3.50  -6.975  -6.555  -4.547  -3.235  -2.010  -1.792  -1.309  -0.757  -0.300   0.041   0.252   0.697   0.759
   5000.  4.00  -6.942  -6.524  -4.561  -3.213  -1.974  -1.773  -1.293  -0.759  -0.305   0.035   0.249   0.696   0.757
   5000.  4.50  -6.919  -6.519  -4.624  -3.224  -1.965  -1.766  -1.282  -0.766  -0.312   0.029   0.247   0.697   0.758
   5000.  5.00  -6.906  -6.536  -4.727  -3.266  -1.985  -1.772  -1.278  -0.779  -0.322   0.022   0.247   0.701   0.761
   5250.  0.00  -6.776  -6.685  -4.960  -3.610  -2.419  -1.793  -1.217  -0.625  -0.176   0.153   0.352   0.757   0.805
   5250.  0.50  -6.736  -6.547  -4.743  -3.454  -2.271  -1.741  -1.194  -0.622  -0.180   0.145   0.343   0.746   0.795
   5250.  1.00  -6.693  -6.395  -4.524  -3.302  -2.131  -1.691  -1.176  -0.620  -0.184   0.138   0.334   0.738   0.788
   5250.  1.50  -6.646  -6.233  -4.311  -3.157  -2.001  -1.646  -1.160  -0.620  -0.190   0.130   0.326   0.730   0.781
   5250.  2.00  -6.596  -6.070  -4.112  -3.022  -1.881  -1.604  -1.146  -0.620  -0.195   0.123   0.318   0.724   0.775
   5250.  2.50  -6.548  -5.922  -3.941  -2.903  -1.775  -1.567  -1.134  -0.619  -0.199   0.116   0.310   0.717   0.769
   5250.  3.00  -6.508  -5.802  -3.811  -2.807  -1.687  -1.537  -1.122  -0.618  -0.202   0.110   0.304   0.711   0.764
   5250.  3.50  -6.478  -5.722  -3.735  -2.743  -1.622  -1.518  -1.112  -0.617  -0.204   0.106   0.299   0.707   0.759
   5250.  4.00  -6.455  -5.679  -3.715  -2.710  -1.579  -1.507  -1.103  -0.618  -0.207   0.102   0.296   0.704   0.757
   5250.  4.50  -6.437  -5.667  -3.748  -2.710  -1.560  -1.505  -1.097  -0.621  -0.210   0.098   0.295   0.704   0.756
   5250.  5.00  -6.423  -5.682  -3.833  -2.741  -1.566  -1.513  -1.093  -0.628  -0.215   0.094   0.295   0.706   0.758
   5500.  0.00  -6.259  -6.073  -4.435  -3.224  -2.101  -1.458  -0.969  -0.472  -0.083   0.203   0.380   0.745   0.789
   5500.  0.50  -6.199  -5.919  -4.222  -3.078  -1.962  -1.426  -0.961  -0.476  -0.091   0.194   0.371   0.737   0.781
   5500.  1.00  -6.131  -5.748  -4.000  -2.928  -1.823  -1.391  -0.953  -0.480  -0.099   0.186   0.363   0.730   0.774
   5500.  1.50  -6.059  -5.570  -3.779  -2.780  -1.692  -1.357  -0.946  -0.484  -0.106   0.177   0.354   0.723   0.768
   5500.  2.00  -5.989  -5.394  -3.573  -2.642  -1.571  -1.325  -0.941  -0.489  -0.114   0.169   0.346   0.717   0.762
   5500.  2.50  -5.928  -5.236  -3.391  -2.518  -1.464  -1.299  -0.936  -0.493  -0.121   0.162   0.339   0.711   0.756
   5500.  3.00  -5.881  -5.103  -3.242  -2.414  -1.373  -1.278  -0.934  -0.496  -0.126   0.155   0.332   0.706   0.751
   5500.  3.50  -5.851  -5.008  -3.140  -2.339  -1.303  -1.266  -0.933  -0.500  -0.130   0.150   0.327   0.702   0.747
   5500.  4.00  -5.832  -4.948  -3.087  -2.292  -1.253  -1.263  -0.932  -0.502  -0.133   0.147   0.325   0.699   0.744
   5500.  4.50  -5.819  -4.921  -3.085  -2.276  -1.225  -1.267  -0.933  -0.506  -0.135   0.144   0.324   0.698   0.744
   5500.  5.00  -5.806  -4.919  -3.132  -2.292  -1.219  -1.279  -0.933  -0.510  -0.137   0.143   0.325   0.700   0.745
   5750.  0.00  -5.732  -5.496  -3.975  -2.879  -1.833  -1.148  -0.741  -0.332  -0.004   0.241   0.395   0.714   0.757
   5750.  0.50  -5.659  -5.350  -3.790  -2.757  -1.711  -1.142  -0.750  -0.346  -0.016   0.231   0.388   0.711   0.752
   5750.  1.00  -5.565  -5.176  -3.581  -2.617  -1.579  -1.124  -0.754  -0.356  -0.026   0.222   0.379   0.707   0.747
   5750.  1.50  -5.463  -4.994  -3.368  -2.475  -1.450  -1.103  -0.756  -0.365  -0.037   0.213   0.371   0.703   0.742
   5750.  2.00  -5.367  -4.816  -3.163  -2.337  -1.329  -1.083  -0.760  -0.374  -0.047   0.204   0.363   0.698   0.737
   5750.  2.50  -5.283  -4.652  -2.977  -2.210  -1.219  -1.066  -0.764  -0.383  -0.056   0.195   0.355   0.693   0.732
   5750.  3.00  -5.218  -4.512  -2.817  -2.100  -1.124  -1.053  -0.769  -0.391  -0.064   0.188   0.348   0.689   0.727
   5750.  3.50  -5.174  -4.404  -2.696  -2.013  -1.046  -1.046  -0.775  -0.399  -0.071   0.181   0.343   0.685   0.724
   5750.  4.00  -5.148  -4.330  -2.616  -1.951  -0.986  -1.046  -0.780  -0.405  -0.076   0.177   0.339   0.683   0.722
   5750.  4.50  -5.134  -4.289  -2.585  -1.920  -0.948  -1.054  -0.787  -0.410  -0.079   0.174   0.338   0.682   0.721
   5750.  5.00  -5.125  -4.276  -2.601  -1.918  -0.930  -1.068  -0.792  -0.415  -0.080   0.173   0.339   0.684   0.722
   6000.  0.00  -5.167  -4.922  -3.557  -2.571  -1.611  -0.866  -0.534  -0.209   0.060   0.264   0.395   0.667   0.710
   6000.  0.50  -5.093  -4.801  -3.409  -2.477  -1.509  -0.886  -0.561  -0.230   0.047   0.256   0.392   0.671   0.711
   6000.  1.00  -4.979  -4.637  -3.224  -2.354  -1.388  -0.888  -0.578  -0.247   0.034   0.248   0.386   0.672   0.710
   6000.  1.50  -4.852  -4.458  -3.025  -2.220  -1.263  -0.881  -0.590  -0.261   0.021   0.238   0.379   0.671   0.707
   6000.  2.00  -4.728  -4.280  -2.829  -2.087  -1.142  -0.873  -0.602  -0.275   0.009   0.229   0.371   0.669   0.703
   6000.  2.50  -4.618  -4.115  -2.644  -1.959  -1.030  -0.865  -0.613  -0.288  -0.003   0.219   0.363   0.666   0.700
   6000.  3.00  -4.529  -3.971  -2.480  -1.845  -0.929  -0.860  -0.625  -0.301  -0.013   0.211   0.356   0.663   0.696
   6000.  3.50  -4.466  -3.856  -2.346  -1.748  -0.844  -0.858  -0.637  -0.312  -0.023   0.203   0.349   0.660   0.693
   6000.  4.00  -4.426  -3.771  -2.248  -1.673  -0.774  -0.861  -0.649  -0.322  -0.030   0.197   0.345   0.658   0.691
   6000.  4.50  -4.410  -3.722  -2.195  -1.627  -0.723  -0.870  -0.660  -0.331  -0.035   0.193   0.343   0.657   0.691
   6000.  5.00  -4.408  -3.701  -2.184  -1.609  -0.693  -0.884  -0.670  -0.337  -0.038   0.192   0.343   0.659   0.692
   6250.  0.50  -4.522  -4.278  -3.071  -2.234  -1.349  -0.657  -0.389  -0.128   0.096   0.269   0.383   0.619   0.660
   6250.  1.00  -4.401  -4.129  -2.912  -2.130  -1.240  -0.681  -0.420  -0.151   0.083   0.263   0.383   0.627   0.664
   6250.  1.50  -4.256  -3.956  -2.730  -2.007  -1.120  -0.690  -0.443  -0.170   0.069   0.255   0.378   0.630   0.664
   6250.  2.00  -4.111  -3.780  -2.544  -1.877  -1.000  -0.692  -0.463  -0.189   0.055   0.246   0.371   0.632   0.663
   6250.  2.50  -3.978  -3.613  -2.363  -1.750  -0.884  -0.693  -0.481  -0.206   0.041   0.236   0.364   0.631   0.661
   6250.  3.00  -3.868  -3.466  -2.198  -1.632  -0.779  -0.695  -0.500  -0.223   0.028   0.226   0.356   0.630   0.659
   6250.  3.50  -3.785  -3.343  -2.056  -1.528  -0.686  -0.699  -0.518  -0.238   0.016   0.217   0.349   0.628   0.656
   6250.  4.00  -3.729  -3.251  -1.947  -1.443  -0.607  -0.705  -0.536  -0.252   0.006   0.210   0.344   0.627   0.655
   6250.  4.50  -3.706  -3.195  -1.877  -1.384  -0.544  -0.715  -0.551  -0.264  -0.002   0.204   0.340   0.626   0.654
   6250.  5.00  -3.705  -3.170  -1.846  -1.351  -0.501  -0.728  -0.565  -0.274  -0.006   0.201   0.339   0.628   0.656
   6500.  0.50  -3.979  -3.793  -2.767  -2.020  -1.217  -0.467  -0.248  -0.045   0.134   0.273   0.368   0.562   0.604
   6500.  1.00  -3.867  -3.668  -2.637  -1.936  -1.126  -0.493  -0.275  -0.066   0.121   0.268   0.368   0.572   0.609
   6500.  1.50  -3.714  -3.500  -2.471  -1.824  -1.012  -0.521  -0.312  -0.091   0.108   0.264   0.369   0.582   0.615
   6500.  2.00  -3.556  -3.325  -2.295  -1.700  -0.893  -0.536  -0.340  -0.113   0.093   0.256   0.365   0.588   0.617
   6500.  2.50  -3.409  -3.157  -2.119  -1.573  -0.776  -0.546  -0.366  -0.134   0.078   0.246   0.359   0.591   0.617
   6500.  3.00  -3.283  -3.005  -1.955  -1.452  -0.665  -0.555  -0.390  -0.155   0.062   0.236   0.351   0.592   0.617
   6500.  3.50  -3.182  -2.876  -1.809  -1.342  -0.565  -0.564  -0.414  -0.175   0.048   0.225   0.344   0.591   0.615
   6500.  4.00  -3.112  -2.777  -1.691  -1.249  -0.477  -0.574  -0.437  -0.192   0.035   0.216   0.337   0.591   0.614
   6500.  4.50  -3.078  -2.715  -1.609  -1.179  -0.404  -0.586  -0.458  -0.208   0.024   0.209   0.332   0.591   0.614
   6500.  5.00  -3.072  -2.685  -1.562  -1.132  -0.347  -0.599  -0.476  -0.221   0.017   0.204   0.330   0.592   0.615
   6750.  0.50  -3.467  -3.345  -2.488  -1.826  -1.101  -0.310  -0.137   0.020   0.160   0.271   0.347   0.502   0.546
   6750.  1.00  -3.385  -3.251  -2.389  -1.763  -1.030  -0.337  -0.158   0.002   0.149   0.267   0.348   0.514   0.552
   6750.  1.50  -3.243  -3.102  -2.245  -1.666  -0.930  -0.366  -0.188  -0.020   0.137   0.263   0.350   0.526   0.559
   6750.  2.00  -3.076  -2.925  -2.076  -1.548  -0.813  -0.400  -0.230  -0.047   0.124   0.259   0.352   0.538   0.566
   6750.  2.50  -2.920  -2.755  -1.906  -1.423  -0.696  -0.421  -0.263  -0.072   0.108   0.251   0.348   0.545   0.569
   6750.  3.00  -2.783  -2.598  -1.742  -1.300  -0.581  -0.437  -0.294  -0.096   0.091   0.240   0.342   0.549   0.571
   6750.  3.50  -2.669  -2.463  -1.593  -1.185  -0.475  -0.451  -0.323  -0.119   0.074   0.229   0.334   0.550   0.570
   6750.  4.00  -2.589  -2.358  -1.470  -1.085  -0.379  -0.466  -0.351  -0.141   0.058   0.218   0.327   0.551   0.570
   6750.  4.50  -2.541  -2.287  -1.376  -1.004  -0.295  -0.479  -0.377  -0.161   0.045   0.209   0.320   0.551   0.570
   6750.  5.00  -2.527  -2.252  -1.318  -0.947  -0.228  -0.493  -0.400  -0.178   0.034   0.202   0.316   0.552   0.571
   7000.  0.50  -2.979  -2.918  -2.219  -1.639  -0.990  -0.184  -0.054   0.067   0.176   0.263   0.323   0.444   0.488
   7000.  1.00  -2.941  -2.867  -2.156  -1.602  -0.943  -0.209  -0.067   0.055   0.168   0.260   0.325   0.455   0.494
   7000.  1.50  -2.825  -2.744  -2.036  -1.522  -0.859  -0.239  -0.090   0.037   0.158   0.256   0.326   0.467   0.500
   7000.  2.00  -2.672  -2.583  -1.885  -1.416  -0.753  -0.274  -0.126   0.013   0.145   0.253   0.329   0.481   0.508
   7000.  2.50  -2.507  -2.407  -1.717  -1.293  -0.636  -0.312  -0.171  -0.017   0.131   0.249   0.332   0.494   0.517
   7000.  3.00  -2.361  -2.246  -1.555  -1.170  -0.521  -0.338  -0.209  -0.044   0.113   0.240   0.328   0.502   0.521
   7000.  3.50  -2.240  -2.106  -1.406  -1.052  -0.411  -0.359  -0.243  -0.071   0.095   0.228   0.321   0.506   0.522
   7000.  4.00  -2.149  -1.995  -1.277  -0.945  -0.308  -0.377  -0.276  -0.097   0.077   0.216   0.312   0.508   0.523
   7000.  4.50  -2.088  -1.914  -1.175  -0.855  -0.215  -0.393  -0.307  -0.121   0.060   0.205   0.305   0.509   0.523
   7000.  5.00  -2.064  -1.872  -1.106  -0.788  -0.137  -0.408  -0.335  -0.142   0.046   0.195   0.298   0.510   0.524
   7250.  0.50  -2.488  -2.485  -1.939  -1.446  -0.869  -0.095  -0.008   0.092   0.181   0.253   0.301   0.392   0.435
   7250.  1.00  -2.528  -2.505  -1.928  -1.443  -0.857  -0.103   0.001   0.092   0.176   0.248   0.298   0.397   0.436
   7250.  1.50  -2.444  -2.411  -1.835  -1.383  -0.791  -0.135  -0.017   0.078   0.170   0.246   0.301   0.409   0.443
   7250.  2.00  -2.316  -2.274  -1.705  -1.292  -0.700  -0.169  -0.043   0.059   0.160   0.243   0.303   0.422   0.449
   7250.  2.50  -2.162  -2.111  -1.552  -1.180  -0.592  -0.210  -0.084   0.032   0.146   0.239   0.306   0.437   0.458
   7250.  3.00  -2.009  -1.945  -1.390  -1.057  -0.477  -0.252  -0.133  -0.000   0.130   0.234   0.308   0.450   0.467
   7250.  3.50  -1.882  -1.802  -1.242  -0.938  -0.365  -0.281  -0.175  -0.030   0.111   0.223   0.303   0.458   0.471
   7250.  4.00  -1.781  -1.683  -1.110  -0.828  -0.259  -0.304  -0.212  -0.059   0.091   0.211   0.295   0.461   0.473
   7250.  4.50  -1.710  -1.595  -1.001  -0.731  -0.160  -0.325  -0.248  -0.087   0.071   0.197   0.286   0.463   0.474
   7250.  5.00  -1.675  -1.544  -0.923  -0.655  -0.072  -0.342  -0.280  -0.112   0.054   0.186   0.278   0.465   0.475
   7500.  0.50  -1.918  -1.963  -1.574  -1.194  -0.692  -0.067  -0.024   0.076   0.166   0.239   0.286   0.361   0.399
   7500.  1.00  -2.131  -2.147  -1.692  -1.277  -0.762  -0.023   0.045   0.111   0.175   0.230   0.268   0.341   0.380
   7500.  1.50  -2.092  -2.097  -1.635  -1.242  -0.721  -0.049   0.038   0.105   0.172   0.230   0.271   0.351   0.385
   7500.  2.00  -1.989  -1.985  -1.527  -1.168  -0.644  -0.086   0.015   0.090   0.165   0.228   0.275   0.365   0.392
   7500.  2.50  -1.859  -1.846  -1.396  -1.072  -0.551  -0.126  -0.015   0.069   0.155   0.225   0.277   0.378   0.399
   7500.  3.00  -1.716  -1.691  -1.247  -0.958  -0.444  -0.171  -0.062   0.039   0.140   0.221   0.280   0.393   0.408
   7500.  3.50  -1.582  -1.542  -1.097  -0.838  -0.333  -0.214  -0.114   0.004   0.122   0.214   0.280   0.405   0.417
   7500.  4.00  -1.475  -1.418  -0.964  -0.726  -0.226  -0.246  -0.157  -0.028   0.101   0.201   0.274   0.412   0.421
   7500.  4.50  -1.397  -1.324  -0.852  -0.626  -0.124  -0.271  -0.198  -0.059   0.079   0.187   0.265   0.416   0.422
   7500.  5.00  -1.350  -1.262  -0.765  -0.542  -0.029  -0.291  -0.235  -0.088   0.059   0.174   0.256   0.418   0.424
   7750.  1.00  -1.738  -1.779  -1.433  -1.094  -0.648   0.026   0.058   0.112   0.162   0.208   0.239   0.291   0.328
   7750.  1.50  -1.761  -1.790  -1.426  -1.093  -0.640   0.017   0.071   0.118   0.165   0.208   0.238   0.295   0.328
   7750.  2.00  -1.689  -1.709  -1.346  -1.039  -0.583  -0.019   0.056   0.108   0.162   0.208   0.243   0.307   0.334
   7750.  2.50  -1.582  -1.594  -1.237  -0.959  -0.504  -0.060   0.030   0.091   0.154   0.206   0.247   0.320   0.341
   7750.  3.00  -1.460  -1.463  -1.112  -0.863  -0.413  -0.103  -0.005   0.067   0.143   0.202   0.248   0.333   0.348
   7750.  3.50  -1.331  -1.321  -0.971  -0.751  -0.308  -0.153  -0.056   0.034   0.126   0.197   0.251   0.348   0.358
   7750.  4.00  -1.219  -1.193  -0.837  -0.638  -0.202  -0.196  -0.110  -0.002   0.106   0.188   0.249   0.360   0.365
   7750.  4.50  -1.135  -1.094  -0.723  -0.536  -0.100  -0.227  -0.155  -0.036   0.083   0.174   0.241   0.366   0.369
   7750.  5.00  -1.078  -1.023  -0.629  -0.447  -0.002  -0.252  -0.197  -0.069   0.060   0.159   0.231   0.369   0.371
   8000.  1.00  -1.346  -1.399  -1.145  -0.884  -0.508   0.041   0.036   0.086   0.134   0.179   0.207   0.250   0.282
   8000.  1.50  -1.451  -1.494  -1.214  -0.939  -0.552   0.060   0.083   0.115   0.148   0.180   0.203   0.241   0.272
   8000.  2.00  -1.415  -1.451  -1.168  -0.909  -0.518   0.033   0.080   0.114   0.149   0.182   0.206   0.249   0.275
   8000.  2.50  -1.331  -1.361  -1.082  -0.847  -0.456  -0.007   0.060   0.101   0.145   0.183   0.212   0.262   0.282
   8000.  3.00  -1.227  -1.249  -0.975  -0.765  -0.377  -0.053   0.030   0.081   0.137   0.180   0.214   0.275   0.288
   8000.  3.50  -1.115  -1.128  -0.857  -0.670  -0.287  -0.101  -0.010   0.055   0.123   0.174   0.215   0.287   0.295
   8000.  4.00  -1.005  -1.003  -0.728  -0.562  -0.186  -0.152  -0.067   0.018   0.105   0.168   0.217   0.302   0.306
   8000.  4.50  -0.915  -0.898  -0.611  -0.459  -0.085  -0.193  -0.120  -0.020   0.082   0.156   0.213   0.312   0.313
   8000.  5.00  -0.851  -0.821  -0.514  -0.367   0.014  -0.223  -0.167  -0.055   0.058   0.141   0.204   0.318   0.317
   8250.  1.00  -0.972  -1.020  -0.822  -0.635  -0.325   0.026  -0.019   0.033   0.083   0.134   0.164   0.211   0.236
   8250.  1.50  -1.158  -1.207  -0.995  -0.776  -0.451   0.081   0.074   0.098   0.121   0.148   0.164   0.189   0.219
   8250.  2.00  -1.159  -1.202  -0.984  -0.771  -0.442   0.067   0.086   0.106   0.127   0.151   0.167   0.193   0.218
   8250.  2.50  -1.099  -1.135  -0.919  -0.725  -0.395   0.030   0.073   0.098   0.126   0.152   0.172   0.205   0.224
   8250.  3.00  -1.014  -1.045  -0.831  -0.658  -0.329  -0.016   0.047   0.082   0.121   0.152   0.177   0.218   0.230
   8250.  3.50  -0.919  -0.945  -0.736  -0.581  -0.256  -0.063   0.015   0.061   0.112   0.148   0.178   0.229   0.236
   8250.  4.00  -0.820  -0.837  -0.629  -0.492  -0.171  -0.113  -0.030   0.032   0.097   0.142   0.179   0.241   0.243
   8250.  4.50  -0.727  -0.729  -0.513  -0.389  -0.073  -0.162  -0.089  -0.007   0.077   0.134   0.180   0.256   0.254
   8250.  5.00  -0.658  -0.647  -0.412  -0.296   0.024  -0.199  -0.142  -0.045   0.053   0.121   0.174   0.264   0.260
   8500.  1.50  -0.894  -0.943  -0.778  -0.609  -0.340   0.082   0.046   0.065   0.084   0.109   0.123   0.140   0.166
   8500.  2.00  -0.927  -0.972  -0.805  -0.635  -0.362   0.084   0.076   0.086   0.097   0.114   0.124   0.138   0.161
   8500.  2.50  -0.891  -0.931  -0.765  -0.607  -0.333   0.055   0.072   0.085   0.100   0.117   0.129   0.146   0.164
   8500.  3.00  -0.824  -0.859  -0.697  -0.555  -0.282   0.012   0.053   0.074   0.098   0.118   0.134   0.158   0.170
   8500.  3.50  -0.743  -0.774  -0.614  -0.489  -0.218  -0.036   0.024   0.056   0.091   0.116   0.138   0.171   0.176
   8500.  4.00  -0.656  -0.682  -0.525  -0.413  -0.146  -0.086  -0.014   0.032   0.080   0.111   0.139   0.182   0.183
   8500.  4.50  -0.568  -0.586  -0.426  -0.327  -0.063  -0.137  -0.063  -0.001   0.065   0.105   0.140   0.195   0.191
   8500.  5.00  -0.494  -0.498  -0.325  -0.234   0.031  -0.181  -0.121  -0.039   0.044   0.096   0.139   0.208   0.201
   8750.  1.50  -0.673  -0.719  -0.583  -0.453  -0.227   0.068   0.005   0.021   0.038   0.063   0.076   0.091   0.113
   8750.  2.00  -0.723  -0.768  -0.639  -0.505  -0.282   0.086   0.053   0.056   0.060   0.073   0.079   0.083   0.105
   8750.  2.50  -0.704  -0.745  -0.619  -0.493  -0.270   0.066   0.059   0.062   0.066   0.076   0.083   0.088   0.105
   8750.  3.00  -0.653  -0.690  -0.568  -0.454  -0.231   0.028   0.046   0.055   0.067   0.079   0.088   0.099   0.109
   8750.  3.50  -0.585  -0.619  -0.500  -0.401  -0.180  -0.019   0.022   0.042   0.064   0.079   0.093   0.111   0.115
   8750.  4.00  -0.509  -0.540  -0.424  -0.337  -0.118  -0.069  -0.010   0.022   0.056   0.077   0.096   0.123   0.122
   8750.  4.50  -0.430  -0.457  -0.343  -0.265  -0.048  -0.120  -0.052  -0.005   0.044   0.071   0.097   0.134   0.128
   8750.  5.00  -0.354  -0.372  -0.250  -0.182   0.034  -0.167  -0.105  -0.040   0.027   0.065   0.098   0.147   0.139
   9000.  1.50  -0.494  -0.539  -0.418  -0.317  -0.119   0.046  -0.041  -0.027  -0.012   0.013   0.026   0.041   0.057
   9000.  2.00  -0.551  -0.597  -0.495  -0.390  -0.206   0.075   0.019   0.018   0.018   0.028   0.032   0.030   0.049
   9000.  2.50  -0.543  -0.585  -0.489  -0.391  -0.210   0.064   0.035   0.030   0.027   0.032   0.034   0.030   0.046
   9000.  3.00  -0.503  -0.541  -0.450  -0.361  -0.183   0.032   0.029   0.028   0.030   0.035   0.039   0.038   0.048
   9000.  3.50  -0.446  -0.481  -0.394  -0.317  -0.141  -0.010   0.010   0.019   0.029   0.037   0.044   0.050   0.053
   9000.  4.00  -0.380  -0.413  -0.330  -0.263  -0.089  -0.059  -0.018   0.002   0.025   0.036   0.049   0.062   0.060
   9000.  4.50  -0.308  -0.340  -0.260  -0.202  -0.029  -0.109  -0.054  -0.020   0.017   0.033   0.052   0.073   0.067
   9000.  5.00  -0.235  -0.264  -0.184  -0.133   0.039  -0.159  -0.099  -0.049   0.003   0.027   0.052   0.084   0.074
   9250.  2.00  -0.408  -0.455  -0.371  -0.289  -0.134   0.056  -0.019  -0.024  -0.028  -0.019  -0.017  -0.023  -0.007
   9250.  2.50  -0.408  -0.451  -0.379  -0.302  -0.157   0.051   0.002  -0.007  -0.016  -0.014  -0.016  -0.026  -0.013
   9250.  3.00  -0.376  -0.415  -0.349  -0.281  -0.141   0.026   0.002  -0.006  -0.012  -0.012  -0.013  -0.022  -0.013
   9250.  3.50  -0.327  -0.362  -0.301  -0.243  -0.106  -0.012  -0.012  -0.013  -0.012  -0.010  -0.008  -0.012  -0.009
   9250.  4.00  -0.267  -0.301  -0.245  -0.196  -0.062  -0.057  -0.034  -0.025  -0.013  -0.009  -0.002  -0.001  -0.003
   9250.  4.50  -0.202  -0.235  -0.182  -0.142  -0.010  -0.107  -0.066  -0.043  -0.018  -0.009   0.003   0.012   0.004
   9250.  5.00  -0.134  -0.166  -0.116  -0.082   0.049  -0.157  -0.105  -0.067  -0.027  -0.013   0.005   0.023   0.011
   9500.  2.00  -0.287  -0.335  -0.263  -0.198  -0.065   0.033  -0.061  -0.068  -0.074  -0.067  -0.066  -0.075  -0.063
   9500.  2.50  -0.292  -0.338  -0.284  -0.225  -0.108   0.032  -0.035  -0.048  -0.061  -0.062  -0.065  -0.082  -0.070
   9500.  3.00  -0.267  -0.310  -0.265  -0.213  -0.105   0.011  -0.032  -0.045  -0.057  -0.061  -0.064  -0.081  -0.074
   9500.  3.50  -0.225  -0.263  -0.224  -0.182  -0.079  -0.023  -0.042  -0.049  -0.056  -0.059  -0.061  -0.074  -0.072
   9500.  4.00  -0.172  -0.207  -0.173  -0.139  -0.040  -0.066  -0.061  -0.059  -0.056  -0.057  -0.056  -0.064  -0.067
   9500.  4.50  -0.111  -0.145  -0.115  -0.090   0.007  -0.112  -0.087  -0.073  -0.058  -0.056  -0.050  -0.052  -0.060
   9500.  5.00  -0.047  -0.081  -0.055  -0.036   0.059  -0.161  -0.121  -0.093  -0.063  -0.057  -0.046  -0.039  -0.052
   9750.  2.00  -0.183  -0.232  -0.168  -0.117   0.000   0.008  -0.104  -0.113  -0.122  -0.115  -0.115  -0.127  -0.118
   9750.  2.50  -0.192  -0.241  -0.200  -0.155  -0.060   0.009  -0.074  -0.091  -0.108  -0.110  -0.115  -0.136  -0.127
   9750.  3.00  -0.173  -0.219  -0.191  -0.154  -0.072  -0.010  -0.069  -0.086  -0.103  -0.110  -0.116  -0.139  -0.133
   9750.  3.50  -0.138  -0.180  -0.160  -0.130  -0.057  -0.042  -0.077  -0.090  -0.103  -0.109  -0.115  -0.135  -0.134
   9750.  4.00  -0.091  -0.129  -0.115  -0.093  -0.025  -0.081  -0.093  -0.098  -0.103  -0.108  -0.111  -0.127  -0.131
   9750.  4.50  -0.036  -0.072  -0.062  -0.048   0.017  -0.125  -0.116  -0.110  -0.104  -0.107  -0.105  -0.116  -0.125
   9750.  5.00   0.025  -0.010  -0.004   0.003   0.066  -0.171  -0.145  -0.126  -0.106  -0.106  -0.099  -0.103  -0.116
  10000.  2.00  -0.093  -0.142  -0.083  -0.044   0.059  -0.019  -0.147  -0.159  -0.169  -0.164  -0.165  -0.179  -0.173
  10000.  2.50  -0.104  -0.155  -0.124  -0.091  -0.014  -0.016  -0.115  -0.135  -0.154  -0.158  -0.165  -0.189  -0.183
  10000.  3.00  -0.091  -0.140  -0.125  -0.099  -0.040  -0.034  -0.108  -0.129  -0.150  -0.159  -0.167  -0.195  -0.191
  10000.  3.50  -0.062  -0.107  -0.103  -0.085  -0.036  -0.064  -0.114  -0.132  -0.150  -0.160  -0.168  -0.194  -0.195
  10000.  4.00  -0.022  -0.064  -0.066  -0.055  -0.013  -0.101  -0.129  -0.140  -0.151  -0.160  -0.166  -0.189  -0.194
  10000.  4.50   0.028  -0.011  -0.018  -0.015   0.023  -0.143  -0.149  -0.151  -0.152  -0.159  -0.162  -0.180  -0.189
  10000.  5.00   0.085   0.048   0.036   0.033   0.067  -0.188  -0.176  -0.164  -0.153  -0.158  -0.156  -0.167  -0.182
  10250.  2.00  -0.017  -0.066  -0.012   0.016   0.105  -0.048  -0.192  -0.205  -0.218  -0.214  -0.216  -0.232  -0.229
  10250.  2.50  -0.034  -0.088  -0.064  -0.041   0.021  -0.045  -0.159  -0.181  -0.203  -0.208  -0.216  -0.244  -0.240
  10250.  3.00  -0.028  -0.080  -0.077  -0.060  -0.019  -0.063  -0.151  -0.175  -0.199  -0.210  -0.220  -0.253  -0.250
  10250.  3.50  -0.007  -0.057  -0.067  -0.057  -0.029  -0.094  -0.157  -0.179  -0.201  -0.214  -0.224  -0.256  -0.258
  10250.  4.00   0.024  -0.022  -0.040  -0.038  -0.018  -0.132  -0.172  -0.188  -0.204  -0.217  -0.225  -0.254  -0.260
  10250.  4.50   0.065   0.022  -0.001  -0.005   0.009  -0.175  -0.193  -0.200  -0.206  -0.218  -0.223  -0.248  -0.259
  10250.  5.00   0.116   0.075   0.048   0.038   0.049  -0.220  -0.219  -0.213  -0.208  -0.217  -0.219  -0.238  -0.253
  10500.  2.00   0.054   0.008   0.058   0.075   0.147  -0.076  -0.236  -0.251  -0.266  -0.263  -0.266  -0.285  -0.284
  10500.  2.50   0.035  -0.019  -0.001   0.013   0.062  -0.073  -0.201  -0.225  -0.249  -0.256  -0.265  -0.296  -0.294
  10500.  3.00   0.038  -0.016  -0.020  -0.013   0.014  -0.090  -0.193  -0.219  -0.246  -0.258  -0.270  -0.306  -0.305
  10500.  3.50   0.055   0.002  -0.017  -0.017  -0.007  -0.120  -0.197  -0.223  -0.248  -0.263  -0.275  -0.312  -0.315
  10500.  4.00   0.081   0.031   0.001  -0.005  -0.006  -0.157  -0.211  -0.231  -0.252  -0.267  -0.278  -0.313  -0.320
  10500.  4.50   0.117   0.070   0.032   0.020   0.013  -0.199  -0.231  -0.243  -0.255  -0.270  -0.278  -0.309  -0.320
  10500.  5.00   0.161   0.117   0.074   0.057   0.045  -0.244  -0.256  -0.256  -0.257  -0.270  -0.275  -0.301  -0.316
  10750.  2.00   0.119   0.075   0.121   0.127   0.181  -0.107  -0.280  -0.298  -0.315  -0.313  -0.317  -0.338  -0.339
  10750.  2.50   0.096   0.042   0.056   0.061   0.096  -0.102  -0.244  -0.270  -0.296  -0.304  -0.314  -0.347  -0.348
  10750.  3.00   0.097   0.041   0.031   0.031   0.043  -0.118  -0.234  -0.263  -0.293  -0.306  -0.319  -0.358  -0.360
  10750.  3.50   0.111   0.056   0.028   0.021   0.015  -0.147  -0.238  -0.266  -0.295  -0.311  -0.325  -0.366  -0.370
  10750.  4.00   0.133   0.080   0.040   0.026   0.007  -0.183  -0.251  -0.275  -0.299  -0.317  -0.330  -0.369  -0.378
  10750.  4.50   0.163   0.113   0.064   0.044   0.017  -0.225  -0.270  -0.286  -0.303  -0.321  -0.332  -0.368  -0.380
  10750.  5.00   0.202   0.154   0.098   0.074   0.041  -0.270  -0.294  -0.300  -0.306  -0.323  -0.331  -0.362  -0.379
  11000.  2.00   0.179   0.140   0.179   0.175   0.209  -0.137  -0.325  -0.344  -0.363  -0.362  -0.367  -0.391  -0.394
  11000.  2.50   0.155   0.102   0.112   0.108   0.128  -0.130  -0.286  -0.314  -0.342  -0.351  -0.362  -0.398  -0.400
  11000.  3.00   0.155   0.098   0.084   0.076   0.076  -0.145  -0.275  -0.306  -0.338  -0.352  -0.366  -0.408  -0.411
  11000.  3.50   0.168   0.111   0.078   0.064   0.045  -0.172  -0.278  -0.308  -0.339  -0.357  -0.372  -0.416  -0.422
  11000.  4.00   0.189   0.134   0.087   0.066   0.032  -0.206  -0.289  -0.316  -0.343  -0.363  -0.377  -0.421  -0.430
  11000.  4.50   0.217   0.165   0.107   0.081   0.035  -0.245  -0.306  -0.326  -0.347  -0.367  -0.380  -0.421  -0.434
  11000.  5.00   0.253   0.203   0.137   0.106   0.053  -0.287  -0.328  -0.339  -0.351  -0.370  -0.380  -0.417  -0.434
  11250.  2.00   0.232   0.197   0.229   0.215   0.227  -0.170  -0.370  -0.391  -0.411  -0.412  -0.418  -0.444  -0.449
  11250.  2.50   0.203   0.153   0.157   0.145   0.149  -0.161  -0.330  -0.360  -0.390  -0.400  -0.412  -0.450  -0.455
  11250.  3.00   0.200   0.144   0.124   0.110   0.096  -0.175  -0.318  -0.351  -0.384  -0.400  -0.415  -0.460  -0.465
  11250.  3.50   0.211   0.153   0.114   0.093   0.062  -0.201  -0.320  -0.353  -0.386  -0.405  -0.422  -0.469  -0.476
  11250.  4.00   0.229   0.172   0.117   0.091   0.043  -0.235  -0.331  -0.360  -0.391  -0.412  -0.428  -0.475  -0.485
  11250.  4.50   0.254   0.199   0.132   0.100   0.039  -0.273  -0.347  -0.371  -0.395  -0.417  -0.432  -0.477  -0.491
  11250.  5.00   0.285   0.232   0.156   0.120   0.050  -0.315  -0.369  -0.383  -0.399  -0.421  -0.434  -0.475  -0.493
  11500.  2.00   0.281   0.249   0.273   0.249   0.240  -0.204  -0.415  -0.437  -0.460  -0.462  -0.469  -0.498  -0.505
  11500.  2.50   0.248   0.199   0.198   0.178   0.164  -0.193  -0.373  -0.405  -0.437  -0.449  -0.462  -0.503  -0.509
  11500.  3.00   0.242   0.185   0.161   0.139   0.112  -0.206  -0.361  -0.396  -0.431  -0.448  -0.465  -0.512  -0.518
  11500.  3.50   0.249   0.190   0.146   0.120   0.076  -0.231  -0.362  -0.397  -0.433  -0.453  -0.471  -0.521  -0.530
  11500.  4.00   0.265   0.206   0.145   0.114   0.053  -0.264  -0.373  -0.404  -0.437  -0.460  -0.478  -0.528  -0.540
  11500.  4.50   0.287   0.229   0.155   0.118   0.043  -0.302  -0.389  -0.415  -0.443  -0.466  -0.483  -0.532  -0.547
  11500.  5.00   0.314   0.258   0.174   0.133   0.047  -0.344  -0.410  -0.428  -0.448  -0.471  -0.486  -0.532  -0.550
  11750.  2.00   0.326   0.297   0.311   0.280   0.248  -0.238  -0.460  -0.484  -0.508  -0.511  -0.520  -0.551  -0.560
  11750.  2.50   0.289   0.242   0.234   0.207   0.175  -0.226  -0.417  -0.450  -0.484  -0.497  -0.512  -0.555  -0.562
  11750.  3.00   0.279   0.223   0.194   0.166   0.124  -0.237  -0.403  -0.440  -0.478  -0.496  -0.514  -0.563  -0.572
  11750.  3.50   0.284   0.224   0.175   0.144   0.087  -0.262  -0.405  -0.441  -0.479  -0.501  -0.520  -0.572  -0.582
  11750.  4.00   0.298   0.237   0.170   0.134   0.062  -0.294  -0.414  -0.448  -0.484  -0.508  -0.527  -0.580  -0.593
  11750.  4.50   0.316   0.256   0.176   0.135   0.047  -0.332  -0.430  -0.459  -0.490  -0.515  -0.533  -0.586  -0.601
  11750.  5.00   0.341   0.282   0.190   0.144   0.046  -0.373  -0.451  -0.472  -0.496  -0.521  -0.537  -0.587  -0.606
  12000.  2.50   0.326   0.282   0.266   0.232   0.181  -0.259  -0.461  -0.495  -0.531  -0.546  -0.561  -0.607  -0.616
  12000.  3.00   0.313   0.258   0.223   0.189   0.132  -0.269  -0.446  -0.485  -0.524  -0.544  -0.563  -0.615  -0.624
  12000.  3.50   0.316   0.256   0.201   0.165   0.095  -0.293  -0.447  -0.485  -0.525  -0.548  -0.568  -0.623  -0.635
  12000.  4.00   0.327   0.265   0.193   0.152   0.068  -0.324  -0.456  -0.492  -0.530  -0.555  -0.575  -0.631  -0.645
  12000.  4.50   0.343   0.281   0.195   0.149   0.051  -0.362  -0.472  -0.503  -0.536  -0.563  -0.582  -0.638  -0.655
  12000.  5.00   0.364   0.303   0.205   0.155   0.044  -0.402  -0.492  -0.516  -0.543  -0.570  -0.588  -0.641  -0.661
  12250.  2.50   0.360   0.318   0.294   0.253   0.184  -0.292  -0.504  -0.540  -0.578  -0.593  -0.610  -0.659  -0.669
  12250.  3.00   0.344   0.291   0.249   0.209   0.136  -0.302  -0.489  -0.529  -0.571  -0.592  -0.611  -0.666  -0.677
  12250.  3.50   0.344   0.284   0.225   0.183   0.100  -0.324  -0.489  -0.529  -0.571  -0.596  -0.616  -0.674  -0.687
  12250.  4.00   0.353   0.290   0.214   0.169   0.073  -0.355  -0.498  -0.536  -0.576  -0.602  -0.623  -0.682  -0.697
  12250.  4.50   0.368   0.304   0.212   0.163   0.053  -0.391  -0.513  -0.547  -0.582  -0.610  -0.631  -0.689  -0.707
  12250.  5.00   0.386   0.323   0.219   0.165   0.043  -0.432  -0.533  -0.560  -0.589  -0.618  -0.637  -0.694  -0.714
  12500.  2.50   0.391   0.351   0.319   0.271   0.184  -0.326  -0.547  -0.585  -0.624  -0.641  -0.659  -0.710  -0.722
  12500.  3.00   0.373   0.320   0.272   0.226   0.137  -0.335  -0.531  -0.573  -0.616  -0.639  -0.660  -0.717  -0.729
  12500.  3.50   0.370   0.311   0.245   0.199   0.102  -0.356  -0.531  -0.573  -0.617  -0.642  -0.664  -0.725  -0.738
  12500.  4.00   0.377   0.314   0.232   0.183   0.075  -0.386  -0.539  -0.579  -0.621  -0.649  -0.671  -0.732  -0.749
  12500.  4.50   0.390   0.325   0.228   0.175   0.055  -0.422  -0.554  -0.590  -0.627  -0.656  -0.678  -0.740  -0.758
  12500.  5.00   0.405   0.340   0.231   0.174   0.041  -0.461  -0.574  -0.603  -0.635  -0.665  -0.685  -0.745  -0.767
  12750.  2.50   0.419   0.380   0.340   0.287   0.181  -0.360  -0.590  -0.629  -0.669  -0.688  -0.707  -0.761  -0.774
  12750.  3.00   0.399   0.347   0.291   0.240   0.135  -0.368  -0.574  -0.617  -0.662  -0.686  -0.708  -0.767  -0.781
  12750.  3.50   0.394   0.335   0.264   0.212   0.102  -0.388  -0.572  -0.616  -0.662  -0.689  -0.712  -0.775  -0.790
  12750.  4.00   0.399   0.335   0.249   0.195   0.075  -0.417  -0.580  -0.622  -0.666  -0.695  -0.718  -0.782  -0.799
  12750.  4.50   0.410   0.344   0.242   0.185   0.054  -0.452  -0.595  -0.632  -0.672  -0.702  -0.725  -0.789  -0.809
  12750.  5.00   0.423   0.356   0.242   0.182   0.038  -0.491  -0.615  -0.646  -0.680  -0.711  -0.733  -0.796  -0.818
  13000.  2.50   0.444   0.407   0.358   0.300   0.177  -0.393  -0.632  -0.672  -0.714  -0.734  -0.755  -0.811  -0.825
  13000.  3.00   0.422   0.372   0.308   0.252   0.131  -0.401  -0.615  -0.660  -0.707  -0.732  -0.755  -0.817  -0.832
  13000.  3.50   0.416   0.357   0.279   0.223   0.098  -0.421  -0.614  -0.659  -0.707  -0.735  -0.759  -0.824  -0.840
  13000.  4.00   0.419   0.355   0.263   0.205   0.073  -0.448  -0.621  -0.665  -0.710  -0.741  -0.765  -0.831  -0.850
  13000.  4.50   0.428   0.361   0.254   0.194   0.052  -0.482  -0.635  -0.675  -0.717  -0.748  -0.772  -0.839  -0.859
  13000.  5.00   0.438   0.371   0.252   0.188   0.035  -0.521  -0.655  -0.689  -0.725  -0.757  -0.780  -0.845  -0.868
  14000.  2.00   0.577   0.567   0.502   0.423   0.231  -0.540  -0.849  -0.880  -0.915  -0.929  -0.947  -1.000  -1.019
  14000.  2.50   0.520   0.488   0.407   0.332   0.147  -0.526  -0.796  -0.841  -0.889  -0.913  -0.939  -1.005  -1.022
  14000.  3.00   0.493   0.446   0.352   0.280   0.098  -0.534  -0.779  -0.829  -0.882  -0.912  -0.940  -1.012  -1.030
  14000.  3.50   0.482   0.425   0.319   0.247   0.067  -0.551  -0.776  -0.828  -0.882  -0.915  -0.944  -1.019  -1.038
  14000.  4.00   0.481   0.417   0.299   0.227   0.044  -0.575  -0.782  -0.831  -0.884  -0.920  -0.949  -1.025  -1.046
  14000.  4.50   0.483   0.414   0.285   0.212   0.025  -0.606  -0.795  -0.841  -0.890  -0.927  -0.955  -1.031  -1.054
  14000.  5.00   0.484   0.413   0.275   0.200   0.007  -0.643  -0.815  -0.855  -0.899  -0.936  -0.963  -1.038  -1.064
  15000.  2.50   0.567   0.538   0.427   0.341   0.103  -0.653  -0.952  -1.000  -1.053  -1.082  -1.111  -1.186  -1.207
  15000.  3.00   0.535   0.491   0.368   0.283   0.050  -0.662  -0.936  -0.990  -1.048  -1.083  -1.115  -1.196  -1.217
  15000.  3.50   0.523   0.467   0.334   0.250   0.017  -0.679  -0.932  -0.988  -1.048  -1.086  -1.119  -1.203  -1.226
  15000.  4.00   0.522   0.457   0.313   0.229  -0.004  -0.700  -0.935  -0.990  -1.050  -1.090  -1.123  -1.209  -1.233
  15000.  4.50   0.521   0.451   0.298   0.214  -0.020  -0.727  -0.946  -0.998  -1.055  -1.096  -1.129  -1.214  -1.240
  15000.  5.00   0.516   0.442   0.283   0.198  -0.037  -0.762  -0.966  -1.013  -1.064  -1.105  -1.136  -1.220  -1.248
  16000.  2.50   0.595   0.567   0.432   0.337   0.056  -0.772  -1.098  -1.149  -1.205  -1.238  -1.271  -1.355  -1.379
  16000.  3.00   0.555   0.512   0.364   0.271  -0.007  -0.786  -1.084  -1.142  -1.204  -1.243  -1.279  -1.369  -1.393
  16000.  3.50   0.542   0.487   0.329   0.236  -0.042  -0.802  -1.080  -1.140  -1.205  -1.248  -1.285  -1.377  -1.403
  16000.  4.00   0.542   0.477   0.308   0.215  -0.063  -0.821  -1.082  -1.142  -1.207  -1.251  -1.289  -1.383  -1.410
  16000.  4.50   0.542   0.471   0.294   0.200  -0.078  -0.846  -1.091  -1.148  -1.211  -1.257  -1.294  -1.388  -1.416
  16000.  5.00   0.533   0.458   0.276   0.183  -0.093  -0.879  -1.111  -1.163  -1.220  -1.266  -1.301  -1.394  -1.424
  17000.  2.50   0.610   0.585   0.427   0.327   0.011  -0.884  -1.236  -1.288  -1.346  -1.382  -1.418  -1.510  -1.537
  17000.  3.00   0.561   0.518   0.349   0.249  -0.066  -0.903  -1.225  -1.285  -1.351  -1.394  -1.433  -1.531  -1.558
  17000.  3.50   0.545   0.491   0.310   0.211  -0.104  -0.921  -1.222  -1.284  -1.354  -1.400  -1.441  -1.542  -1.569
  17000.  4.00   0.546   0.482   0.291   0.192  -0.125  -0.938  -1.222  -1.285  -1.355  -1.403  -1.445  -1.548  -1.577
  17000.  4.50   0.550   0.479   0.279   0.179  -0.139  -0.960  -1.228  -1.290  -1.357  -1.407  -1.449  -1.552  -1.582
  17000.  5.00   0.540   0.464   0.260   0.160  -0.155  -0.991  -1.248  -1.304  -1.367  -1.417  -1.457  -1.558  -1.590
  18000.  2.50   0.618   0.593   0.417   0.313  -0.029  -0.987  -1.366  -1.418  -1.478  -1.515  -1.553  -1.650  -1.679
  18000.  3.00   0.558   0.516   0.326   0.221  -0.125  -1.014  -1.357  -1.419  -1.488  -1.534  -1.576  -1.683  -1.711
  18000.  3.50   0.536   0.482   0.282   0.178  -0.169  -1.034  -1.356  -1.422  -1.494  -1.543  -1.588  -1.696  -1.726
  18000.  4.00   0.537   0.474   0.264   0.160  -0.190  -1.051  -1.356  -1.422  -1.496  -1.547  -1.592  -1.703  -1.734
  18000.  4.50   0.544   0.473   0.255   0.150  -0.202  -1.070  -1.361  -1.425  -1.497  -1.550  -1.595  -1.706  -1.739
  18000.  5.00   0.537   0.461   0.238   0.133  -0.217  -1.098  -1.377  -1.438  -1.505  -1.559  -1.602  -1.712  -1.746
  19000.  2.50   0.621   0.595   0.401   0.294  -0.068  -1.084  -1.490  -1.542  -1.602  -1.639  -1.678  -1.778  -1.809
  19000.  3.00   0.551   0.509   0.300   0.193  -0.179  -1.116  -1.480  -1.543  -1.615  -1.663  -1.709  -1.822  -1.852
  19000.  3.50   0.520   0.466   0.248   0.141  -0.233  -1.143  -1.484  -1.551  -1.627  -1.679  -1.726  -1.842  -1.873
  19000.  4.00   0.517   0.455   0.229   0.120  -0.256  -1.160  -1.485  -1.553  -1.630  -1.684  -1.732  -1.849  -1.882
  19000.  4.50   0.526   0.456   0.222   0.113  -0.266  -1.176  -1.488  -1.555  -1.630  -1.686  -1.733  -1.852  -1.886
  19000.  5.00   0.523   0.448   0.209   0.100  -0.279  -1.201  -1.501  -1.565  -1.637  -1.693  -1.740  -1.857  -1.892
  20000.  3.00   0.543   0.499   0.274   0.164  -0.229  -1.211  -1.596  -1.660  -1.733  -1.783  -1.831  -1.949  -1.981
  20000.  3.50   0.499   0.445   0.211   0.101  -0.296  -1.245  -1.605  -1.674  -1.752  -1.806  -1.855  -1.978  -2.011
  20000.  4.00   0.491   0.428   0.187   0.077  -0.322  -1.265  -1.609  -1.679  -1.757  -1.814  -1.864  -1.987  -2.021
  20000.  4.50   0.499   0.430   0.181   0.070  -0.331  -1.279  -1.611  -1.680  -1.758  -1.816  -1.866  -1.990  -2.025
  20000.  5.00   0.501   0.426   0.173   0.061  -0.341  -1.299  -1.621  -1.687  -1.762  -1.821  -1.869  -1.993  -2.030
  21000.  3.00   0.533   0.487   0.244   0.133  -0.279  -1.301  -1.706  -1.770  -1.845  -1.896  -1.945  -2.067  -2.101
  21000.  3.50   0.478   0.422   0.172   0.060  -0.356  -1.342  -1.720  -1.789  -1.869  -1.925  -1.977  -2.104  -2.139
  21000.  4.00   0.461   0.397   0.142   0.029  -0.389  -1.366  -1.728  -1.799  -1.879  -1.938  -1.990  -2.119  -2.154
  21000.  4.50   0.465   0.396   0.134   0.021  -0.399  -1.380  -1.731  -1.801  -1.881  -1.941  -1.992  -2.121  -2.158
  21000.  5.00   0.470   0.395   0.130   0.016  -0.405  -1.396  -1.738  -1.806  -1.883  -1.943  -1.994  -2.123  -2.160
  22000.  3.00   0.522   0.471   0.211   0.097  -0.333  -1.388  -1.811  -1.876  -1.953  -2.005  -2.055  -2.180  -2.215
  22000.  3.50   0.458   0.399   0.134   0.020  -0.414  -1.432  -1.828  -1.898  -1.979  -2.037  -2.091  -2.222  -2.258
  22000.  4.00   0.429   0.364   0.094  -0.020  -0.456  -1.463  -1.841  -1.913  -1.995  -2.055  -2.110  -2.243  -2.279
  22000.  4.50   0.427   0.357   0.082  -0.032  -0.470  -1.479  -1.846  -1.918  -2.000  -2.061  -2.115  -2.248  -2.286
  22000.  5.00   0.431   0.356   0.078  -0.037  -0.475  -1.494  -1.853  -1.922  -2.002  -2.064  -2.116  -2.249  -2.287
  23000.  3.00   0.507   0.451   0.173   0.058  -0.390  -1.473  -1.911  -1.978  -2.056  -2.110  -2.163  -2.290  -2.327
  23000.  3.50   0.438   0.376   0.094  -0.021  -0.472  -1.519  -1.930  -2.002  -2.084  -2.143  -2.199  -2.333  -2.370
  23000.  4.00   0.398   0.331   0.046  -0.069  -0.521  -1.555  -1.948  -2.021  -2.105  -2.167  -2.223  -2.360  -2.398
  23000.  4.50   0.388   0.316   0.028  -0.088  -0.541  -1.575  -1.957  -2.030  -2.114  -2.177  -2.232  -2.370  -2.408
  23000.  5.00   0.389   0.313   0.022  -0.094  -0.548  -1.590  -1.964  -2.035  -2.117  -2.180  -2.235  -2.371  -2.411
  24000.  3.00   0.490   0.425   0.134   0.016  -0.446  -1.553  -2.004  -2.073  -2.154  -2.209  -2.264  -2.396  -2.433
  24000.  3.50   0.419   0.352   0.053  -0.063  -0.531  -1.602  -2.027  -2.100  -2.185  -2.246  -2.303  -2.441  -2.479
  24000.  4.00   0.370   0.299  -0.001  -0.117  -0.585  -1.642  -2.050  -2.124  -2.210  -2.273  -2.331  -2.471  -2.510
  24000.  4.50   0.350   0.275  -0.027  -0.143  -0.612  -1.668  -2.063  -2.137  -2.223  -2.287  -2.345  -2.486  -2.525
  24000.  5.00   0.346   0.267  -0.036  -0.154  -0.622  -1.685  -2.072  -2.145  -2.228  -2.293  -2.350  -2.490  -2.530
  25000.  3.00   0.465   0.394   0.093  -0.026  -0.498  -1.629  -2.093  -2.163  -2.246  -2.301  -2.357  -2.491  -2.530
  25000.  3.50   0.400   0.327   0.013  -0.105  -0.590  -1.681  -2.118  -2.193  -2.280  -2.343  -2.403  -2.545  -2.584
  25000.  4.00   0.344   0.269  -0.046  -0.164  -0.648  -1.726  -2.145  -2.221  -2.309  -2.374  -2.434  -2.578  -2.618
  25000.  4.50   0.314   0.236  -0.079  -0.197  -0.680  -1.756  -2.163  -2.239  -2.326  -2.392  -2.452  -2.596  -2.637
  25000.  5.00   0.304   0.222  -0.094  -0.212  -0.695  -1.775  -2.175  -2.249  -2.335  -2.401  -2.460  -2.603  -2.645
  26000.  3.00   0.425   0.348   0.042  -0.078  -0.553  -1.706  -2.183  -2.254  -2.337  -2.392  -2.447  -2.580  -2.620
  26000.  3.50   0.382   0.302  -0.025  -0.145  -0.644  -1.754  -2.202  -2.279  -2.369  -2.434  -2.496  -2.643  -2.683
  26000.  4.00   0.320   0.240  -0.090  -0.209  -0.709  -1.804  -2.235  -2.313  -2.403  -2.470  -2.532  -2.680  -2.720
  26000.  4.50   0.282   0.200  -0.129  -0.248  -0.746  -1.839  -2.258  -2.335  -2.424  -2.492  -2.553  -2.701  -2.743
  26000.  5.00   0.265   0.180  -0.149  -0.268  -0.765  -1.862  -2.273  -2.348  -2.436  -2.504  -2.564  -2.712  -2.754
  27000.  3.50   0.361   0.275  -0.061  -0.184  -0.694  -1.821  -2.279  -2.358  -2.452  -2.518  -2.582  -2.733  -2.774
  27000.  4.00   0.299   0.212  -0.130  -0.251  -0.765  -1.877  -2.318  -2.398  -2.491  -2.560  -2.624  -2.777  -2.818
  27000.  4.50   0.254   0.167  -0.175  -0.295  -0.808  -1.917  -2.346  -2.425  -2.517  -2.586  -2.649  -2.801  -2.843
  27000.  5.00   0.230   0.141  -0.200  -0.320  -0.832  -1.943  -2.364  -2.442  -2.532  -2.602  -2.664  -2.815  -2.857
  28000.  3.50   0.334   0.243  -0.100  -0.224  -0.740  -1.885  -2.353  -2.434  -2.530  -2.597  -2.662  -2.816  -2.858
  28000.  4.00   0.278   0.186  -0.167  -0.290  -0.817  -1.944  -2.394  -2.476  -2.572  -2.643  -2.709  -2.867  -2.909
  28000.  4.50   0.229   0.137  -0.217  -0.339  -0.866  -1.989  -2.427  -2.508  -2.603  -2.674  -2.739  -2.896  -2.939
  28000.  5.00   0.199   0.106  -0.248  -0.369  -0.894  -2.019  -2.450  -2.529  -2.622  -2.693  -2.757  -2.912  -2.956
  29000.  3.50   0.295   0.200  -0.146  -0.271  -0.791  -1.951  -2.428  -2.510  -2.607  -2.674  -2.741  -2.895  -2.938
  29000.  4.00   0.254   0.158  -0.203  -0.327  -0.864  -2.006  -2.465  -2.549  -2.648  -2.721  -2.789  -2.950  -2.993
  29000.  4.50   0.205   0.109  -0.256  -0.379  -0.918  -2.055  -2.502  -2.585  -2.683  -2.756  -2.823  -2.984  -3.028
  29000.  5.00   0.171   0.074  -0.291  -0.413  -0.951  -2.090  -2.529  -2.610  -2.705  -2.779  -2.845  -3.004  -3.048
  30000.  3.50   0.242   0.145  -0.202  -0.327  -0.849  -2.022  -2.506  -2.589  -2.688  -2.755  -2.821  -2.975  -3.018
  30000.  4.00   0.224   0.124  -0.242  -0.367  -0.911  -2.066  -2.534  -2.620  -2.722  -2.795  -2.865  -3.028  -3.072
  30000.  4.50   0.181   0.080  -0.292  -0.417  -0.966  -2.116  -2.572  -2.657  -2.758  -2.832  -2.902  -3.066  -3.111
  30000.  5.00   0.145   0.044  -0.330  -0.454  -1.004  -2.154  -2.602  -2.686  -2.783  -2.858  -2.926  -3.090  -3.134
  31000.  3.50   0.178   0.079  -0.269  -0.394  -0.916  -2.100  -2.590  -2.674  -2.774  -2.840  -2.907  -3.058  -3.101
  31000.  4.00   0.185   0.083  -0.286  -0.412  -0.959  -2.127  -2.603  -2.690  -2.794  -2.868  -2.939  -3.104  -3.148
  31000.  4.50   0.151   0.047  -0.330  -0.456  -1.013  -2.175  -2.639  -2.726  -2.829  -2.905  -2.976  -3.144  -3.189
  31000.  5.00   0.117   0.013  -0.368  -0.493  -1.053  -2.215  -2.671  -2.756  -2.857  -2.933  -3.003  -3.170  -3.215
  32000.  4.00   0.137   0.033  -0.337  -0.464  -1.013  -2.192  -2.674  -2.763  -2.869  -2.942  -3.015  -3.179  -3.224
  32000.  4.50   0.115   0.009  -0.371  -0.498  -1.060  -2.233  -2.704  -2.793  -2.899  -2.976  -3.048  -3.217  -3.263
  32000.  5.00   0.086  -0.022  -0.407  -0.533  -1.100  -2.273  -2.736  -2.824  -2.927  -3.005  -3.076  -3.246  -3.292
  33000.  4.00   0.081  -0.025  -0.395  -0.522  -1.073  -2.261  -2.748  -2.838  -2.946  -3.020  -3.093  -3.256  -3.302
  33000.  4.50   0.071  -0.037  -0.418  -0.546  -1.111  -2.294  -2.771  -2.862  -2.969  -3.047  -3.121  -3.291  -3.337
  33000.  5.00   0.049  -0.060  -0.448  -0.575  -1.147  -2.330  -2.800  -2.890  -2.995  -3.074  -3.147  -3.319  -3.365
  34000.  4.00   0.019  -0.088  -0.459  -0.586  -1.139  -2.334  -2.825  -2.916  -3.026  -3.100  -3.173  -3.336  -3.381
  34000.  4.50   0.020  -0.089  -0.471  -0.599  -1.166  -2.358  -2.840  -2.932  -3.042  -3.120  -3.195  -3.364  -3.411
  34000.  5.00   0.005  -0.105  -0.495  -0.622  -1.198  -2.389  -2.866  -2.956  -3.064  -3.144  -3.218  -3.391  -3.438
  35000.  4.00  -0.047  -0.155  -0.527  -0.655  -1.209  -2.410  -2.904  -2.997  -3.108  -3.182  -3.256  -3.417  -3.463
  35000.  4.50  -0.036  -0.146  -0.529  -0.657  -1.226  -2.425  -2.912  -3.005  -3.117  -3.194  -3.270  -3.439  -3.486
  35000.  5.00  -0.045  -0.156  -0.546  -0.674  -1.251  -2.451  -2.932  -3.024  -3.135  -3.214  -3.290  -3.463  -3.510
  36000.  4.00  -0.116  -0.224  -0.597  -0.725  -1.283  -2.488  -2.985  -3.078  -3.191  -3.266  -3.340  -3.501  -3.547
  36000.  4.50  -0.097  -0.207  -0.591  -0.719  -1.290  -2.495  -2.985  -3.079  -3.193  -3.271  -3.348  -3.516  -3.563
  36000.  5.00  -0.100  -0.211  -0.601  -0.730  -1.309  -2.515  -3.001  -3.094  -3.206  -3.286  -3.363  -3.535  -3.583
  37000.  4.00  -0.186  -0.295  -0.669  -0.797  -1.357  -2.566  -3.065  -3.160  -3.274  -3.349  -3.424  -3.585  -3.631
  37000.  4.50  -0.161  -0.272  -0.656  -0.785  -1.357  -2.567  -3.061  -3.156  -3.271  -3.350  -3.427  -3.594  -3.641
  37000.  5.00  -0.159  -0.271  -0.660  -0.790  -1.370  -2.582  -3.071  -3.166  -3.280  -3.360  -3.438  -3.609  -3.657
  38000.  4.00  -0.256  -0.365  -0.741  -0.869  -1.432  -2.644  -3.145  -3.241  -3.356  -3.432  -3.507  -3.668  -3.714
  38000.  4.50  -0.227  -0.337  -0.722  -0.852  -1.427  -2.641  -3.136  -3.233  -3.350  -3.429  -3.508  -3.674  -3.721
  38000.  5.00  -0.221  -0.333  -0.723  -0.852  -1.435  -2.651  -3.143  -3.239  -3.355  -3.436  -3.515  -3.684  -3.732
  39000.  4.00  -0.326  -0.435  -0.812  -0.940  -1.505  -2.721  -3.223  -3.320  -3.437  -3.513  -3.589  -3.750  -3.796
  39000.  4.50  -0.293  -0.404  -0.790  -0.920  -1.497  -2.715  -3.212  -3.310  -3.429  -3.509  -3.588  -3.754  -3.801
  39000.  5.00  -0.285  -0.397  -0.787  -0.917  -1.502  -2.722  -3.216  -3.313  -3.431  -3.512  -3.592  -3.761  -3.809
  40000.  4.50  -0.358  -0.470  -0.857  -0.987  -1.568  -2.789  -3.288  -3.387  -3.507  -3.587  -3.667  -3.834  -3.881
  40000.  5.00  -0.349  -0.461  -0.853  -0.983  -1.570  -2.794  -3.290  -3.388  -3.508  -3.589  -3.670  -3.839  -3.887
  41000.  4.50  -0.423  -0.535  -0.924  -1.054  -1.637  -2.861  -3.361  -3.462  -3.583  -3.664  -3.745  -3.912  -3.959
  41000.  5.00  -0.414  -0.526  -0.918  -1.049  -1.638  -2.866  -3.363  -3.462  -3.584  -3.666  -3.747  -3.916  -3.964
  42000.  4.50  -0.487  -0.600  -0.990  -1.120  -1.706  -2.932  -3.434  -3.535  -3.658  -3.739  -3.821  -3.988  -4.036
  42000.  5.00  -0.477  -0.590  -0.984  -1.114  -1.706  -2.937  -3.435  -3.536  -3.659  -3.741  -3.824  -3.992  -4.041
  43000.  4.50  -0.550  -0.663  -1.054  -1.185  -1.773  -3.001  -3.504  -3.607  -3.731  -3.813  -3.894  -4.062  -4.111
  43000.  5.00  -0.540  -0.653  -1.048  -1.179  -1.773  -3.006  -3.506  -3.608  -3.732  -3.815  -3.898  -4.067  -4.116
  44000.  4.50  -0.611  -0.725  -1.117  -1.248  -1.839  -3.069  -3.574  -3.677  -3.801  -3.884  -3.966  -4.135  -4.183
  44000.  5.00  -0.602  -0.715  -1.111  -1.242  -1.839  -3.074  -3.576  -3.678  -3.803  -3.887  -3.971  -4.141  -4.190
  45000.  4.50  -0.672  -0.786  -1.180  -1.311  -1.903  -3.135  -3.641  -3.745  -3.871  -3.954  -4.036  -4.206  -4.254
  45000.  5.00  -0.662  -0.776  -1.173  -1.305  -1.904  -3.141  -3.643  -3.747  -3.873  -3.958  -4.042  -4.212  -4.261
  46000.  4.50  -0.731  -0.846  -1.241  -1.372  -1.967  -3.201  -3.708  -3.813  -3.939  -4.022  -4.104  -4.275  -4.323
  46000.  5.00  -0.722  -0.836  -1.235  -1.366  -1.967  -3.206  -3.710  -3.814  -3.941  -4.027  -4.111  -4.282  -4.331
  47000.  4.50  -0.790  -0.905  -1.302  -1.433  -2.029  -3.264  -3.773  -3.879  -4.005  -4.089  -4.171  -4.343  -4.391
  47000.  5.00  -0.780  -0.895  -1.295  -1.426  -2.029  -3.270  -3.775  -3.880  -4.008  -4.094  -4.178  -4.350  -4.400
  48000.  4.50  -0.847  -0.964  -1.362  -1.493  -2.091  -3.327  -3.838  -3.944  -4.070  -4.155  -4.237  -4.410  -4.458
  48000.  5.00  -0.837  -0.953  -1.354  -1.486  -2.091  -3.333  -3.839  -3.945  -4.074  -4.160  -4.245  -4.417  -4.466
  49000.  4.50  -0.904  -1.021  -1.421  -1.552  -2.151  -3.389  -3.901  -4.007  -4.135  -4.219  -4.301  -4.475  -4.523
  49000.  5.00  -0.894  -1.010  -1.413  -1.544  -2.151  -3.394  -3.902  -4.009  -4.138  -4.224  -4.309  -4.483  -4.532
  50000.  5.00  -0.949  -1.066  -1.470  -1.602  -2.210  -3.455  -3.964  -4.071  -4.201  -4.288  -4.373  -4.547  -4.597
