   3500.  0.00 -10.43160  -9.66871 -10.75628  -9.08862  -8.35626  -6.51752  -5.52082  -4.06634  -2.96316  -2.08895  -1.69781  -0.43892  -0.20702
   3500.  0.50 -10.23501  -9.59201 -10.60011  -8.67781  -7.79678  -6.05762  -5.09422  -3.76999  -2.74615  -1.93370  -1.55603  -0.36847  -0.14759
   3500.  1.00 -10.03117  -9.51433 -10.41103  -8.23409  -7.21189  -5.62528  -4.71253  -3.51783  -2.56239  -1.80081  -1.43501  -0.30140  -0.08869
   3500.  1.50  -9.84534  -9.43932 -10.17951  -7.80217  -6.65737  -5.26194  -4.40685  -3.32201  -2.41841  -1.69353  -1.33648  -0.23960  -0.03271
   3500.  2.00  -9.72118  -9.37654  -9.89598  -7.46397  -6.23562  -5.02583  -4.23481  -3.21613  -2.33878  -1.62703  -1.27356  -0.18963   0.01381
   3500.  2.50  -9.65317  -9.32312  -9.56922  -7.24240  -5.97810  -4.89904  -4.16067  -3.17171  -2.30125  -1.58815  -1.23475  -0.15347   0.04760
   3500.  3.00  -9.62018  -9.28216  -9.33638  -7.11553  -5.83525  -4.84339  -4.12004  -3.14943  -2.27984  -1.56509  -1.21082  -0.13264   0.06686
   3500.  3.50  -9.62629  -9.25751  -9.24073  -7.08028  -5.79052  -4.86461  -4.11841  -3.15381  -2.27441  -1.55431  -1.19697  -0.12051   0.07797
   3500.  4.00  -9.66954  -9.24913  -9.27142  -7.12648  -5.83116  -4.96202  -4.15532  -3.18321  -2.28188  -1.55069  -1.18781  -0.11078   0.08693
   3500.  4.50  -9.73622  -9.25133  -9.41408  -7.23606  -5.93932  -5.12333  -4.22004  -3.22614  -2.29562  -1.54798  -1.17828  -0.09772   0.09926
   3500.  5.00  -9.80947  -9.25389  -9.65793  -7.40108  -6.11124  -5.34216  -4.30058  -3.27183  -2.31112  -1.54007  -1.16323  -0.07421   0.12189
   3750.  0.00 -10.13998  -9.54566 -10.39082  -8.47299  -7.53949  -5.89045  -4.96691  -3.61912  -2.62586  -1.83174  -1.46232  -0.31628  -0.11060
   3750.  0.50  -9.98664  -9.51601 -10.21687  -8.12757  -7.10394  -5.54173  -4.64997  -3.41431  -2.48793  -1.74651  -1.39058  -0.30290  -0.10477
   3750.  1.00  -9.82409  -9.47606 -10.01903  -7.74884  -6.62722  -5.20654  -4.36218  -3.23912  -2.36915  -1.67038  -1.32559  -0.28181  -0.08922
   3750.  1.50  -9.66440  -9.42129  -9.74682  -7.35655  -6.14359  -4.90579  -4.11509  -3.09111  -2.26489  -1.59814  -1.26144  -0.25003  -0.06181
   3750.  2.00  -9.52703  -9.35184  -9.39755  -7.00536  -5.72751  -4.66638  -3.92555  -2.97675  -2.18041  -1.53389  -1.20203  -0.21051  -0.02551
   3750.  2.50  -9.43792  -9.26740  -9.00865  -6.76284  -5.46054  -4.52137  -3.82882  -2.91710  -2.13184  -1.48816  -1.15699  -0.16633   0.01716
   3750.  3.00  -9.37680  -9.17052  -8.65118  -6.59514  -5.29177  -4.42951  -3.77813  -2.88560  -2.10245  -1.45446  -1.12219  -0.12716   0.05532
   3750.  3.50  -9.34781  -9.09020  -8.43466  -6.51191  -5.21253  -4.39524  -3.75741  -2.87622  -2.08977  -1.43674  -1.10236  -0.10553   0.07615
   3750.  4.00  -9.34553  -9.03919  -8.35960  -6.49477  -5.19503  -4.41005  -3.75399  -2.87769  -2.08153  -1.42274  -1.08483  -0.08802   0.09284
   3750.  4.50  -9.37978  -9.02553  -8.41474  -6.54665  -5.24242  -4.48614  -3.77911  -2.89778  -2.08236  -1.41406  -1.07044  -0.07341   0.10659
   3750.  5.00  -9.44442  -9.04006  -8.58121  -6.65345  -5.34284  -4.62058  -3.82853  -2.92989  -2.08716  -1.40534  -1.05445  -0.05597   0.12294
   4000.  0.00  -9.74521  -9.35504  -9.62311  -7.66984  -6.59818  -5.17960  -4.35605  -3.15090  -2.26434  -1.55056  -1.20496  -0.16368   0.01852
   4000.  0.50  -9.59008  -9.31863  -9.30532  -7.31205  -6.18107  -4.87372  -4.09423  -2.98361  -2.15834  -1.49240  -1.16156  -0.17027   0.00611
   4000.  1.00  -9.44529  -9.26795  -8.93371  -6.94417  -5.75390  -4.60019  -3.87456  -2.85488  -2.08082  -1.45312  -1.13449  -0.17886  -0.00612
   4000.  1.50  -9.32380  -9.19497  -8.53842  -6.60405  -5.36745  -4.38030  -3.70528  -2.76333  -2.02686  -1.42632  -1.11597  -0.18437  -0.01395
   4000.  2.00  -9.23054  -9.09962  -8.18050  -6.32893  -5.06275  -4.21997  -3.58272  -2.70091  -1.98812  -1.40458  -1.09847  -0.18295  -0.01422
   4000.  2.50  -9.16372  -8.99369  -7.92768  -6.14584  -4.86135  -4.11595  -3.50051  -2.65922  -1.95610  -1.37922  -1.07331  -0.16650   0.00073
   4000.  3.00  -9.11318  -8.86496  -7.71411  -6.03974  -4.75816  -4.05768  -3.46349  -2.63881  -1.93428  -1.35243  -1.04409  -0.13260   0.03398
   4000.  3.50  -9.06686  -8.74940  -7.56865  -5.97172  -4.69476  -4.01590  -3.43937  -2.62278  -1.91306  -1.32341  -1.01195  -0.09429   0.07161
   4000.  4.00  -9.02753  -8.64486  -7.46318  -5.93078  -4.65953  -3.99384  -3.42393  -2.61423  -1.89872  -1.30252  -0.98799  -0.06640   0.09890
   4000.  4.50  -9.01325  -8.58329  -7.44281  -5.94061  -4.67146  -4.00961  -3.42489  -2.61952  -1.89400  -1.29086  -0.97211  -0.04842   0.11631
   4000.  5.00  -9.03501  -8.57734  -7.51916  -6.00094  -4.72712  -4.06999  -3.44431  -2.63720  -1.89485  -1.28275  -0.95805  -0.03337   0.13059
   4250.  0.00  -9.32880  -9.11606  -8.63072  -6.82774  -5.68261  -4.49577  -3.79875  -2.75424  -1.96656  -1.32646  -1.00474  -0.05579   0.10716
   4250.  0.50  -9.18524  -9.03459  -8.24077  -6.49158  -5.31181  -4.25452  -3.60135  -2.62838  -1.88908  -1.28727  -0.97882  -0.06939   0.08920
   4250.  1.00  -9.04988  -8.90751  -7.79351  -6.14368  -4.93672  -4.03706  -3.43352  -2.52826  -1.83101  -1.26119  -0.96426  -0.08448   0.07128
   4250.  1.50  -8.93204  -8.72214  -7.33179  -5.82264  -4.60638  -3.86253  -3.30468  -2.45589  -1.79105  -1.24513  -0.95683  -0.09732   0.05671
   4250.  2.00  -8.83106  -8.48756  -6.92802  -5.56193  -4.35032  -3.73613  -3.21326  -2.40789  -1.76543  -1.23560  -0.95279  -0.10627   0.04668
   4250.  2.50  -8.74257  -8.25145  -6.64224  -5.38575  -4.18203  -3.65690  -3.15408  -2.37907  -1.74884  -1.22773  -0.94714  -0.10845   0.04372
   4250.  3.00  -8.66444  -8.06678  -6.49393  -5.29866  -4.09720  -3.61653  -3.12064  -2.36529  -1.73801  -1.21843  -0.93686  -0.10095   0.05057
   4250.  3.50  -8.59573  -7.94578  -6.44591  -5.28560  -4.08756  -3.60944  -3.11537  -2.36559  -1.73219  -1.20553  -0.92023  -0.07861   0.07265
   4250.  4.00  -8.53707  -7.87273  -6.45203  -5.30903  -4.11289  -3.61532  -3.11978  -2.36942  -1.72707  -1.19126  -0.90173  -0.05269   0.09841
   4250.  4.50  -8.49387  -7.82990  -6.48089  -5.34136  -4.14385  -3.62460  -3.12345  -2.37408  -1.72302  -1.17920  -0.88554  -0.03108   0.11973
   4250.  5.00  -8.47886  -7.82357  -6.53973  -5.38731  -4.18457  -3.64520  -3.12849  -2.38238  -1.72161  -1.17048  -0.87217  -0.01469   0.13568
   4500.  0.00  -8.87094  -8.74569  -7.62141  -5.99545  -4.82098  -3.83987  -3.28520  -2.40699  -1.71800  -1.14998  -0.85403   0.00636   0.15251
   4500.  0.50  -8.75797  -8.59875  -7.24270  -5.71225  -4.52115  -3.67945  -3.16182  -2.32992  -1.67328  -1.13121  -0.84509  -0.00997   0.13360
   4500.  1.00  -8.64298  -8.37794  -6.80627  -5.41968  -4.22871  -3.53522  -3.05568  -2.26621  -1.63805  -1.11846  -0.84103  -0.02642   0.11530
   4500.  1.50  -8.52448  -8.08693  -6.37458  -5.14753  -3.97252  -3.41801  -2.97264  -2.21836  -1.61286  -1.11087  -0.84032  -0.04085   0.09964
   4500.  2.00  -8.39465  -7.76500  -6.00798  -4.92398  -3.77439  -3.33297  -2.91291  -2.18511  -1.59583  -1.10644  -0.84071  -0.05162   0.08807
   4500.  2.50  -8.25264  -7.47601  -5.74718  -4.76908  -3.64363  -3.28114  -2.87458  -2.16451  -1.58480  -1.10304  -0.83988  -0.05722   0.08187
   4500.  3.00  -8.11255  -7.26007  -5.60024  -4.68650  -3.57551  -3.25692  -2.85328  -2.15364  -1.57735  -1.09847  -0.83567  -0.05607   0.08252
   4500.  3.50  -8.00229  -7.13808  -5.56131  -4.66962  -3.55905  -3.25230  -2.84397  -2.15081  -1.57281  -1.09219  -0.82755  -0.04756   0.09061
   4500.  4.00  -7.93609  -7.09465  -5.59610  -4.70167  -3.58368  -3.26320  -2.84745  -2.15486  -1.57049  -1.08366  -0.81552  -0.03069   0.10729
   4500.  4.50  -7.90647  -7.09674  -5.66835  -4.76216  -3.63411  -3.28389  -2.85772  -2.16138  -1.56871  -1.07441  -0.80244  -0.01159   0.12628
   4500.  5.00  -7.90289  -7.12371  -5.75669  -4.82968  -3.68982  -3.30646  -2.86653  -2.16811  -1.56729  -1.06608  -0.79024   0.00539   0.14307
   4750.  0.00  -8.41209  -8.21897  -6.67595  -5.25541  -4.10469  -3.27072  -2.83998  -2.11623  -1.52036  -1.01875  -0.74872   0.03033   0.16238
   4750.  0.50  -8.30357  -7.97495  -6.29510  -4.99789  -3.84343  -3.16161  -2.76741  -2.07522  -1.50103  -1.01607  -0.75286   0.01214   0.14283
   4750.  1.00  -8.17659  -7.65781  -5.89609  -4.74650  -3.60508  -3.07281  -2.71192  -2.04446  -1.48766  -1.01648  -0.75898  -0.00502   0.12475
   4750.  1.50  -8.01200  -7.29364  -5.51771  -4.51600  -3.40187  -3.00395  -2.67081  -2.02149  -1.47784  -1.01758  -0.76461  -0.01926   0.10987
   4750.  2.00  -7.81292  -6.94354  -5.20674  -4.32936  -3.24866  -2.95779  -2.64351  -2.00579  -1.47102  -1.01882  -0.76912  -0.03018   0.09852
   4750.  2.50  -7.60206  -6.65759  -4.98685  -4.20089  -3.15118  -2.93367  -2.62793  -1.99580  -1.46561  -1.01838  -0.77057  -0.03599   0.09232
   4750.  3.00  -7.41873  -6.45864  -4.86222  -4.13329  -3.10424  -2.92881  -2.62183  -1.99021  -1.46074  -1.01554  -0.76823  -0.03598   0.09194
   4750.  3.50  -7.28809  -6.34885  -4.82319  -4.11909  -3.09631  -2.93730  -2.62170  -1.98809  -1.45639  -1.01057  -0.76244  -0.03050   0.09703
   4750.  4.00  -7.21436  -6.31090  -4.84667  -4.14253  -3.11344  -2.95184  -2.62511  -1.98940  -1.45341  -1.00430  -0.75407  -0.01991   0.10734
   4750.  4.50  -7.20022  -6.33334  -4.91875  -4.19917  -3.15512  -2.97322  -2.63355  -1.99366  -1.45134  -0.99697  -0.74381  -0.00556   0.12151
   4750.  5.00  -7.22627  -6.38893  -5.01561  -4.27364  -3.21105  -2.99846  -2.64340  -1.99849  -1.44915  -0.98918  -0.73288   0.00975   0.13665
   5000.  0.00  -7.96405  -7.57761  -5.88839  -4.68313  -3.59772  -2.83916  -2.49552  -1.89156  -1.37281  -0.92701  -0.68036   0.02976   0.15092
   5000.  0.50  -7.81771  -7.25045  -5.51702  -4.43941  -3.35853  -2.76299  -2.45459  -1.87406  -1.37034  -0.93472  -0.69249   0.01078   0.13099
   5000.  1.00  -7.61516  -6.86575  -5.14314  -4.20259  -3.14219  -2.70269  -2.42642  -1.86298  -1.37066  -0.94315  -0.70449  -0.00628   0.11340
   5000.  1.50  -7.35687  -6.47277  -4.80222  -3.98935  -2.96068  -2.66018  -2.41081  -1.85786  -1.37310  -0.95161  -0.71560  -0.02092   0.09851
   5000.  2.00  -7.07382  -6.12597  -4.52589  -3.81627  -2.82145  -2.63521  -2.40563  -1.85697  -1.37620  -0.95880  -0.72456  -0.03211   0.08716
   5000.  2.50  -6.82305  -5.86295  -4.33330  -3.69675  -2.73034  -2.62635  -2.40749  -1.85781  -1.37786  -0.96281  -0.72953  -0.03871   0.08042
   5000.  3.00  -6.63981  -5.69688  -4.22893  -3.63589  -2.68707  -2.63223  -2.41385  -1.85880  -1.37683  -0.96252  -0.72937  -0.03962   0.07927
   5000.  3.50  -6.52929  -5.61547  -4.19830  -3.62535  -2.68254  -2.64964  -2.42321  -1.85969  -1.37341  -0.95809  -0.72424  -0.03453   0.08402
   5000.  4.00  -6.48019  -5.59813  -4.22108  -3.64973  -2.70220  -2.67282  -2.43332  -1.86116  -1.36928  -0.95126  -0.71584  -0.02467   0.09357
   5000.  4.50  -6.47859  -5.62480  -4.27858  -3.69629  -2.73537  -2.69708  -2.44317  -1.86354  -1.36565  -0.94373  -0.70613  -0.01205   0.10594
   5000.  5.00  -6.51580  -5.68356  -4.35992  -3.75903  -2.77906  -2.72181  -2.45302  -1.86648  -1.36239  -0.93606  -0.69604   0.00143   0.11924
   5250.  0.00  -7.51544  -6.94469  -5.28303  -4.26089  -3.25736  -2.51539  -2.23184  -1.71828  -1.26228  -0.86343  -0.63765   0.01357   0.12672
   5250.  0.50  -7.30733  -6.58012  -4.93551  -4.03465  -3.04065  -2.46838  -2.21530  -1.71741  -1.27071  -0.87700  -0.65357  -0.00400   0.10794
   5250.  1.00  -7.02540  -6.18258  -4.59243  -3.81274  -2.84234  -2.43168  -2.20730  -1.72068  -1.28072  -0.89080  -0.66911  -0.02032   0.09098
   5250.  1.50  -6.69386  -5.79544  -4.28069  -3.61007  -2.67240  -2.40700  -2.20799  -1.72800  -1.29206  -0.90455  -0.68396  -0.03509   0.07597
   5250.  2.00  -6.36706  -5.45948  -4.02139  -3.43908  -2.53546  -2.39393  -2.21574  -1.73785  -1.30346  -0.91723  -0.69724  -0.04775   0.06332
   5250.  2.50  -6.09891  -5.20683  -3.83351  -3.31234  -2.43457  -2.39153  -2.22814  -1.74804  -1.31282  -0.92695  -0.70711  -0.05687   0.05425
   5250.  3.00  -5.91764  -5.04934  -3.72387  -3.23785  -2.37363  -2.39827  -2.24229  -1.75613  -1.31802  -0.93170  -0.71160  -0.06060   0.05046
   5250.  3.50  -5.82515  -4.98106  -3.68824  -3.21615  -2.35330  -2.41458  -2.25714  -1.76143  -1.31819  -0.93019  -0.70921  -0.05737   0.05350
   5250.  4.00  -5.80129  -4.97846  -3.70662  -3.23354  -2.36266  -2.43751  -2.27120  -1.76423  -1.31455  -0.92402  -0.70167  -0.04852   0.06206
   5250.  4.50  -5.82230  -5.01649  -3.75814  -3.27459  -2.38969  -2.46369  -2.28452  -1.76634  -1.30955  -0.91538  -0.69109  -0.03570   0.07459
   5250.  5.00  -5.87004  -5.07675  -3.82733  -3.32808  -2.42511  -2.48933  -2.29584  -1.76792  -1.30439  -0.90631  -0.67994  -0.02156   0.08849
   5500.  0.00  -7.06304  -6.38178  -4.82242  -3.94830  -3.03371  -2.26298  -2.02218  -1.58009  -1.17701  -0.81907  -0.61249  -0.01390   0.09381
   5500.  0.50  -6.80321  -6.01965  -4.50748  -3.74369  -2.83952  -2.24160  -2.02503  -1.59126  -1.19225  -0.83536  -0.62923  -0.02813   0.07761
   5500.  1.00  -6.47553  -5.63767  -4.19594  -3.53797  -2.65650  -2.22545  -2.03292  -1.60487  -1.20844  -0.85192  -0.64594  -0.04223   0.06232
   5500.  1.50  -6.12214  -5.27446  -3.91154  -3.34631  -2.49500  -2.21665  -2.04667  -1.62137  -1.22578  -0.86880  -0.66259  -0.05599   0.04797
   5500.  2.00  -5.79220  -4.95969  -3.66966  -3.17934  -2.35933  -2.21482  -2.06496  -1.63961  -1.24333  -0.88526  -0.67854  -0.06898   0.03481
   5500.  2.50  -5.52353  -4.71434  -3.48200  -3.04544  -2.25011  -2.21877  -2.08583  -1.65782  -1.25949  -0.89995  -0.69254  -0.08003   0.02383
   5500.  3.00  -5.33656  -4.54922  -3.35569  -2.95176  -2.16967  -2.22673  -2.10648  -1.67345  -1.27197  -0.91075  -0.70257  -0.08760   0.01640
   5500.  3.50  -5.23924  -4.46875  -3.29622  -2.90474  -2.12182  -2.23860  -2.12486  -1.68436  -1.27844  -0.91527  -0.70613  -0.08913   0.01484
   5500.  4.00  -5.21899  -4.45975  -3.29505  -2.90134  -2.10712  -2.25532  -2.14067  -1.69032  -1.27850  -0.91275  -0.70232  -0.08371   0.02011
   5500.  4.50  -5.24879  -4.49698  -3.33334  -2.92887  -2.11783  -2.27667  -2.15486  -1.69315  -1.27427  -0.90508  -0.69289  -0.07220   0.03138
   5500.  5.00  -5.30464  -4.55750  -3.39186  -2.97208  -2.14162  -2.29951  -2.16707  -1.69441  -1.26839  -0.89537  -0.68119  -0.05793   0.04539
   5750.  0.00  -6.62842  -5.91129  -4.47390  -3.71492  -2.89035  -2.05875  -1.84908  -1.46637  -1.10957  -0.78849  -0.59998  -0.05036   0.05426
   5750.  0.50  -6.34612  -5.57274  -4.19427  -3.53395  -2.71755  -2.05870  -1.86650  -1.48575  -1.12844  -0.80505  -0.61531  -0.05968   0.04187
   5750.  1.00  -6.00976  -5.21869  -3.91293  -3.34543  -2.54795  -2.06012  -1.88686  -1.50677  -1.14830  -0.82244  -0.63142  -0.07029   0.02914
   5750.  1.50  -5.66492  -4.88401  -3.65246  -3.16508  -2.39272  -2.06553  -1.91143  -1.53019  -1.16955  -0.84084  -0.64839  -0.08190   0.01623
   5750.  2.00  -5.34882  -4.59080  -3.42517  -3.00269  -2.25699  -2.07469  -1.93920  -1.55521  -1.19159  -0.85978  -0.66582  -0.09416   0.00334
   5750.  2.50  -5.08762  -4.35295  -3.23866  -2.86477  -2.14180  -2.08631  -1.96819  -1.58022  -1.21308  -0.87815  -0.68269  -0.10616  -0.00883
   5750.  3.00  -4.89825  -4.18158  -3.10021  -2.75755  -2.04782  -2.09908  -1.99635  -1.60310  -1.23189  -0.89393  -0.69702  -0.11632  -0.01889
   5750.  3.50  -4.78913  -4.08260  -3.01636  -2.68759  -1.97790  -2.11131  -2.02071  -1.62104  -1.24537  -0.90452  -0.70625  -0.12209  -0.02449
   5750.  4.00  -4.75212  -4.04953  -2.98479  -2.65622  -1.93567  -2.12357  -2.03985  -1.63253  -1.25185  -0.90828  -0.70867  -0.12193  -0.02428
   5750.  4.50  -4.77444  -4.07196  -3.00012  -2.66138  -1.92199  -2.13821  -2.05465  -1.63796  -1.25122  -0.90447  -0.70329  -0.11423  -0.01675
   5750.  5.00  -4.82950  -4.12539  -3.04369  -2.68982  -1.92886  -2.15526  -2.06666  -1.63989  -1.24644  -0.89599  -0.69293  -0.10136  -0.00407
   6000.  0.00  -6.23082  -5.52687  -4.20977  -3.53699  -2.79993  -1.88531  -1.70069  -1.37045  -1.05592  -0.76897  -0.59788  -0.09491   0.00865
   6000.  0.50  -5.95493  -5.22421  -3.96690  -3.38211  -2.64836  -1.90550  -1.73023  -1.39505  -1.07535  -0.78320  -0.60933  -0.09770   0.00152
   6000.  1.00  -5.63428  -4.90357  -3.71447  -3.21190  -2.49144  -1.92203  -1.76019  -1.42113  -1.09686  -0.79983  -0.62336  -0.10361  -0.00775
   6000.  1.50  -5.31010  -4.59647  -3.47429  -3.04285  -2.34153  -1.93971  -1.79315  -1.44950  -1.12036  -0.81843  -0.63942  -0.11195  -0.01839
   6000.  2.00  -5.01376  -4.32277  -3.25873  -2.88541  -2.20520  -1.95913  -1.82882  -1.47978  -1.14544  -0.83864  -0.65714  -0.12236  -0.03019
   6000.  2.50  -4.76443  -4.09371  -3.07473  -2.74606  -2.08495  -1.97905  -1.86548  -1.51057  -1.17096  -0.85944  -0.67559  -0.13396  -0.04246
   6000.  3.00  -4.57506  -3.91791  -2.92764  -2.62972  -1.98120  -1.99821  -1.90123  -1.53996  -1.19499  -0.87902  -0.69298  -0.14529  -0.05392
   6000.  3.50  -4.44988  -3.79834  -2.82139  -2.54082  -1.89550  -2.01447  -1.93294  -1.56517  -1.21516  -0.89531  -0.70740  -0.15459  -0.06307
   6000.  4.00  -4.39180  -3.73943  -2.76173  -2.48489  -1.83088  -2.02732  -1.95842  -1.58379  -1.22877  -0.90549  -0.71592  -0.15918  -0.06747
   6000.  4.50  -4.39442  -3.73686  -2.74864  -2.46450  -1.79219  -2.03839  -1.97704  -1.59458  -1.23410  -0.90747  -0.71626  -0.15656  -0.06476
   6000.  5.00  -4.43692  -3.77253  -2.76991  -2.47236  -1.77768  -2.04992  -1.99023  -1.59915  -1.23278  -0.90269  -0.70977  -0.14721  -0.05551
   6250.  0.50  -5.62609  -4.94996  -3.79871  -3.26775  -2.61026  -1.77045  -1.60920  -1.31617  -1.03204  -0.76970  -0.61145  -0.14243  -0.04387
   6250.  1.00  -5.33223  -4.66291  -3.57307  -3.11686  -2.46635  -1.80222  -1.64772  -1.34533  -1.05285  -0.78344  -0.62138  -0.14233  -0.04844
   6250.  1.50  -5.03426  -4.38239  -3.35135  -2.95998  -2.32253  -1.83085  -1.68709  -1.37697  -1.07709  -0.80100  -0.63532  -0.14643  -0.05610
   6250.  2.00  -4.75871  -4.12611  -3.14571  -2.80804  -2.18618  -1.85944  -1.72896  -1.41107  -1.10395  -0.82135  -0.65224  -0.15391  -0.06602
   6250.  2.50  -4.52166  -3.90498  -2.96369  -2.66820  -2.06142  -1.88736  -1.77222  -1.44652  -1.13234  -0.84354  -0.67120  -0.16399  -0.07752
   6250.  3.00  -4.33297  -3.72564  -2.80986  -2.54532  -1.94996  -1.91342  -1.81492  -1.48146  -1.16052  -0.86592  -0.69062  -0.17541  -0.08954
   6250.  3.50  -4.19712  -3.59198  -2.68832  -2.44367  -1.85317  -1.93575  -1.85422  -1.51326  -1.18610  -0.88638  -0.70855  -0.18645  -0.10064
   6250.  4.00  -4.11947  -3.51044  -2.60585  -2.36872  -1.77230  -1.95265  -1.88752  -1.53925  -1.20632  -0.90212  -0.72208  -0.19431  -0.10829
   6250.  4.50  -4.09479  -3.47739  -2.56254  -2.32306  -1.71187  -1.96419  -1.91265  -1.55736  -1.21916  -0.91117  -0.72929  -0.19724  -0.11095
   6250.  5.00  -4.11732  -3.48951  -2.55838  -2.30848  -1.67562  -1.97309  -1.92999  -1.56709  -1.22343  -0.91188  -0.72824  -0.19292  -0.10650
   6500.  0.50  -5.35014  -4.73090  -3.67022  -3.17543  -2.58804  -1.64193  -1.49620  -1.24739  -0.99990  -0.76680  -0.62419  -0.19514  -0.09602
   6500.  1.00  -5.08665  -4.47501  -3.46886  -3.04501  -2.45736  -1.69278  -1.54481  -1.27811  -1.01672  -0.77420  -0.62648  -0.18723  -0.09391
   6500.  1.50  -4.81566  -4.21869  -3.26419  -2.90154  -2.32123  -1.73385  -1.59097  -1.31174  -1.03965  -0.78863  -0.63625  -0.18571  -0.09731
   6500.  2.00  -4.56090  -3.97892  -3.06837  -2.75661  -2.18712  -1.77088  -1.63774  -1.34834  -1.06693  -0.80796  -0.65122  -0.18929  -0.10455
   6500.  2.50  -4.33543  -3.76484  -2.88841  -2.61773  -2.05983  -1.80641  -1.68618  -1.38713  -1.09697  -0.83046  -0.66965  -0.19685  -0.11454
   6500.  3.00  -4.14889  -3.58383  -2.72989  -2.49051  -1.94225  -1.83938  -1.73476  -1.42649  -1.12811  -0.85450  -0.68994  -0.20712  -0.12615
   6500.  3.50  -4.00568  -3.44011  -2.59730  -2.37962  -1.83657  -1.86805  -1.78090  -1.46393  -1.15806  -0.87808  -0.71025  -0.21857  -0.13808
   6500.  4.00  -3.90978  -3.33842  -2.49568  -2.28953  -1.74386  -1.89063  -1.82203  -1.49698  -1.18438  -0.89880  -0.72816  -0.22893  -0.14833
   6500.  4.50  -3.86261  -3.28076  -2.42843  -2.22431  -1.66730  -1.90607  -1.85510  -1.52269  -1.20419  -0.91391  -0.74094  -0.23574  -0.15482
   6500.  5.00  -3.86150  -3.26728  -2.39888  -2.18805  -1.61137  -1.91558  -1.87907  -1.53941  -1.21537  -0.92101  -0.74604  -0.23635  -0.15510
   6750.  0.50  -5.09342  -4.52750  -3.55042  -3.08928  -2.56262  -1.54274  -1.41041  -1.19276  -0.97426  -0.76660  -0.63845  -0.24822  -0.14800
   6750.  1.00  -4.88422  -4.32403  -3.38727  -2.98482  -2.45375  -1.58606  -1.44709  -1.21906  -0.99045  -0.77460  -0.64135  -0.23932  -0.14561
   6750.  1.50  -4.63874  -4.08974  -3.19902  -2.85627  -2.32684  -1.64275  -1.50169  -1.25362  -1.00924  -0.78287  -0.64382  -0.23067  -0.14299
   6750.  2.00  -4.40320  -3.86499  -3.01320  -2.72028  -2.19758  -1.69049  -1.55420  -1.29161  -1.03489  -0.79902  -0.65467  -0.22900  -0.14630
   6750.  2.50  -4.18969  -3.65882  -2.83710  -2.58484  -2.07076  -1.73339  -1.60672  -1.33241  -1.06515  -0.82047  -0.67121  -0.23291  -0.15387
   6750.  3.00  -4.00619  -3.47763  -2.67599  -2.45568  -1.94964  -1.77302  -1.65999  -1.37491  -1.09796  -0.84503  -0.69125  -0.24091  -0.16415
   6750.  3.50  -3.85730  -3.32613  -2.53508  -2.33825  -1.83754  -1.80813  -1.71185  -1.41692  -1.13121  -0.87074  -0.71295  -0.25169  -0.17602
   6750.  4.00  -3.74808  -3.20966  -2.41940  -2.23715  -1.73584  -1.83705  -1.75996  -1.45595  -1.16236  -0.89510  -0.73379  -0.26299  -0.18756
   6750.  4.50  -3.68277  -3.13269  -2.33369  -2.15699  -1.64702  -1.85806  -1.80119  -1.48888  -1.18836  -0.91525  -0.75098  -0.27233  -0.19664
   6750.  5.00  -3.65782  -3.09430  -2.28069  -2.10147  -1.57532  -1.87086  -1.83307  -1.51339  -1.20694  -0.92901  -0.76236  -0.27754  -0.20133
   7000.  0.50  -4.83421  -4.31696  -3.42010  -2.99666  -2.52233  -1.47125  -1.35206  -1.15442  -0.95676  -0.76924  -0.65322  -0.29863  -0.19765
   7000.  1.00  -4.69049  -4.17542  -3.30260  -2.92197  -2.44058  -1.50357  -1.37454  -1.17376  -0.97084  -0.77790  -0.65784  -0.29142  -0.19685
   7000.  1.50  -4.49228  -3.98366  -3.14488  -2.81556  -2.33146  -1.55293  -1.41647  -1.20290  -0.98818  -0.78636  -0.66074  -0.28223  -0.19445
   7000.  2.00  -4.27316  -3.77246  -2.96990  -2.69067  -2.20948  -1.61456  -1.47626  -1.24112  -1.00932  -0.79621  -0.66427  -0.27383  -0.19219
   7000.  2.50  -4.07092  -3.57449  -2.79946  -2.56111  -2.08626  -1.66658  -1.53362  -1.28290  -1.03778  -0.81453  -0.67683  -0.27274  -0.19601
   7000.  3.00  -3.89179  -3.39529  -2.63884  -2.43319  -1.96517  -1.71268  -1.59043  -1.32722  -1.07085  -0.83823  -0.69525  -0.27744  -0.20410
   7000.  3.50  -3.73955  -3.23903  -2.49294  -2.31233  -1.84964  -1.75399  -1.64688  -1.37249  -1.10606  -0.86479  -0.71705  -0.28636  -0.21498
   7000.  4.00  -3.62072  -3.11187  -2.36705  -2.20343  -1.74156  -1.78932  -1.70089  -1.41631  -1.14078  -0.89162  -0.73965  -0.29740  -0.22681
   7000.  4.50  -3.54015  -3.01894  -2.26648  -2.11150  -1.64347  -1.81650  -1.74952  -1.45569  -1.17212  -0.91598  -0.76036  -0.30819  -0.23751
   7000.  5.00  -3.49524  -2.95984  -2.19424  -2.04053  -1.55966  -1.83447  -1.78952  -1.48774  -1.19745  -0.93549  -0.77693  -0.31671  -0.24549
   7250.  0.50  -4.55796  -4.08393  -3.26505  -2.88760  -2.45760  -1.42758  -1.32164  -1.13421  -0.94958  -0.77643  -0.66973  -0.34562  -0.24516
   7250.  1.00  -4.49038  -4.01454  -3.20295  -2.84886  -2.41096  -1.44445  -1.32663  -1.14382  -0.95964  -0.78477  -0.67574  -0.34192  -0.24679
   7250.  1.50  -4.34503  -3.87148  -3.08144  -2.76763  -2.32374  -1.48450  -1.35481  -1.16552  -0.97395  -0.79302  -0.67954  -0.33404  -0.24589
   7250.  2.00  -4.16405  -3.69444  -2.93156  -2.66181  -2.21688  -1.53948  -1.40201  -1.19782  -0.99286  -0.80246  -0.68297  -0.32486  -0.24361
   7250.  2.50  -3.97036  -3.50406  -2.76876  -2.54077  -2.10046  -1.60308  -1.46549  -1.23923  -1.01661  -0.81446  -0.68834  -0.31744  -0.24219
   7250.  3.00  -3.79535  -3.32774  -2.61102  -2.41685  -1.98296  -1.65717  -1.52634  -1.28417  -1.04780  -0.83513  -0.70295  -0.31746  -0.24682
   7250.  3.50  -3.64281  -3.16995  -2.46338  -2.29561  -1.86715  -1.70492  -1.58625  -1.33120  -1.08322  -0.86089  -0.72321  -0.32318  -0.25557
   7250.  4.00  -3.51775  -3.03582  -2.33103  -2.18224  -1.75582  -1.74626  -1.64493  -1.37853  -1.12026  -0.88899  -0.74636  -0.33283  -0.26666
   7250.  4.50  -3.42513  -2.93039  -2.21910  -2.08171  -1.65150  -1.77967  -1.69986  -1.42320  -1.15576  -0.91643  -0.76945  -0.34390  -0.27803
   7250.  5.00  -3.36422  -2.85487  -2.13179  -1.99879  -1.55863  -1.80375  -1.74748  -1.46199  -1.18683  -0.94061  -0.79005  -0.35444  -0.28814
   7500.  0.50  -4.23158  -3.79490  -3.05604  -2.74197  -2.34787  -1.42984  -1.33686  -1.14292  -0.95741  -0.78846  -0.68545  -0.38343  -0.28643
   7500.  1.00  -4.27975  -3.83636  -3.08242  -2.76077  -2.36097  -1.40622  -1.30171  -1.13058  -0.95970  -0.79830  -0.69795  -0.39139  -0.29665
   7500.  1.50  -4.18792  -3.74381  -3.00069  -2.70711  -2.29954  -1.43692  -1.31733  -1.14414  -0.96931  -0.80448  -0.70092  -0.38483  -0.29649
   7500.  2.00  -4.05044  -3.60732  -2.88173  -2.62366  -2.21164  -1.48256  -1.35052  -1.16851  -0.98467  -0.81330  -0.70494  -0.37692  -0.29572
   7500.  2.50  -3.88652  -3.44495  -2.74079  -2.51997  -2.10883  -1.54084  -1.40165  -1.20327  -1.00500  -0.82384  -0.70924  -0.36839  -0.29394
   7500.  3.00  -3.71271  -3.27058  -2.58764  -2.40216  -1.99776  -1.60510  -1.46738  -1.24687  -1.03070  -0.83764  -0.71620  -0.36193  -0.29327
   7500.  3.50  -3.56084  -3.11298  -2.44108  -2.28339  -1.88522  -1.65955  -1.53078  -1.29440  -1.06437  -0.86051  -0.73282  -0.36314  -0.29856
   7500.  4.00  -3.43215  -2.97478  -2.30557  -2.16867  -1.77401  -1.70693  -1.59290  -1.34359  -1.10184  -0.88818  -0.75486  -0.37005  -0.30784
   7500.  4.50  -3.33064  -2.86028  -2.18584  -2.06274  -1.66663  -1.74666  -1.65259  -1.39200  -1.13997  -0.91727  -0.77895  -0.38016  -0.31886
   7500.  5.00  -3.25706  -2.77206  -2.08706  -1.97100  -1.56755  -1.77701  -1.70686  -1.43645  -1.17561  -0.94498  -0.80241  -0.39151  -0.33003
   7750.  1.00  -4.05218  -3.63457  -2.93499  -2.65321  -2.28635  -1.39351  -1.30428  -1.13729  -0.97301  -0.81947  -0.72473  -0.43881  -0.34596
   7750.  1.50  -4.02284  -3.60240  -2.90281  -2.63379  -2.25908  -1.40678  -1.30039  -1.13874  -0.97644  -0.82376  -0.72806  -0.43625  -0.34841
   7750.  2.00  -3.92463  -3.50347  -2.81449  -2.57283  -2.19147  -1.44608  -1.32296  -1.15544  -0.98659  -0.82959  -0.73013  -0.42870  -0.34781
   7750.  2.50  -3.79655  -3.37539  -2.70052  -2.48941  -2.10516  -1.49620  -1.36012  -1.18193  -1.00280  -0.83902  -0.73455  -0.42106  -0.34729
   7750.  3.00  -3.64592  -3.22446  -2.56710  -2.38755  -2.00661  -1.55592  -1.41425  -1.21839  -1.02394  -0.85015  -0.73929  -0.41289  -0.34550
   7750.  3.50  -3.48954  -3.06416  -2.42228  -2.27247  -1.90025  -1.61795  -1.48062  -1.26332  -1.05132  -0.86566  -0.74792  -0.40746  -0.34531
   7750.  4.00  -3.35874  -2.92372  -2.28597  -2.15865  -1.79181  -1.67125  -1.54547  -1.31261  -1.08687  -0.89037  -0.76630  -0.40983  -0.35110
   7750.  4.50  -3.25081  -2.80313  -2.16198  -2.05057  -1.68491  -1.71689  -1.60863  -1.36313  -1.12580  -0.91948  -0.78975  -0.41774  -0.36068
   7750.  5.00  -3.16787  -2.70562  -2.05514  -1.95306  -1.58276  -1.75338  -1.66818  -1.41184  -1.16459  -0.94940  -0.81477  -0.42869  -0.37176
   8000.  1.00  -3.80158  -3.40254  -2.75315  -2.51908  -2.17963  -1.41280  -1.34080  -1.16883  -1.00264  -0.84966  -0.75616  -0.48243  -0.39382
   8000.  1.50  -3.84923  -3.44758  -2.78814  -2.54779  -2.20199  -1.39543  -1.30394  -1.14924  -0.99527  -0.85089  -0.76093  -0.48804  -0.40172
   8000.  2.00  -3.79278  -3.38971  -2.73475  -2.51238  -2.15927  -1.42448  -1.31330  -1.15691  -0.99987  -0.85404  -0.76183  -0.48233  -0.40218
   8000.  2.50  -3.69568  -3.29161  -2.64595  -2.44808  -2.09011  -1.46893  -1.34109  -1.17650  -1.01125  -0.86056  -0.76423  -0.47467  -0.40154
   8000.  3.00  -3.57582  -3.17107  -2.53699  -2.36510  -2.00616  -1.52129  -1.38138  -1.20475  -1.02824  -0.87056  -0.76903  -0.46724  -0.40087
   8000.  3.50  -3.43390  -3.02705  -2.40785  -2.26325  -1.91059  -1.58112  -1.43801  -1.24216  -1.04932  -0.88131  -0.77322  -0.45869  -0.39830
   8000.  4.00  -3.29437  -2.88005  -2.27023  -2.15051  -1.80734  -1.63973  -1.50384  -1.28766  -1.07787  -0.89818  -0.78325  -0.45405  -0.39824
   8000.  4.50  -3.18200  -2.75534  -2.14412  -2.04218  -1.70313  -1.69016  -1.56898  -1.33801  -1.11494  -0.92456  -0.80336  -0.45776  -0.40442
   8000.  5.00  -3.09213  -2.65111  -2.03204  -1.94156  -1.60091  -1.73235  -1.63230  -1.38915  -1.15488  -0.95484  -0.82808  -0.46680  -0.41420
   8250.  1.00  -3.53469  -3.14475  -2.53673  -2.35447  -2.03891  -1.46201  -1.41223  -1.23005  -1.05533  -0.89545  -0.79836  -0.52479  -0.44404
   8250.  1.50  -3.66968  -3.28165  -2.65802  -2.44902  -2.12831  -1.40246  -1.32867  -1.17627  -1.02612  -0.88583  -0.79916  -0.53917  -0.45525
   8250.  2.00  -3.65632  -3.26668  -2.64221  -2.44149  -2.11410  -1.41705  -1.32157  -1.17292  -1.02441  -0.88629  -0.79943  -0.53661  -0.45767
   8250.  2.50  -3.58929  -3.19858  -2.57974  -2.39754  -2.06433  -1.45523  -1.33915  -1.18496  -1.03053  -0.88973  -0.79988  -0.52977  -0.45760
   8250.  3.00  -3.49386  -3.10236  -2.49209  -2.33154  -1.99545  -1.50370  -1.37080  -1.20651  -1.04248  -0.89655  -0.80233  -0.52207  -0.45686
   8250.  3.50  -3.37994  -2.98767  -2.38757  -2.24913  -1.91407  -1.55731  -1.41354  -1.23590  -1.05972  -0.90672  -0.80717  -0.51476  -0.45584
   8250.  4.00  -3.24434  -2.84812  -2.26054  -2.14591  -1.82036  -1.61446  -1.47126  -1.27320  -1.07998  -0.91645  -0.81035  -0.50552  -0.45182
   8250.  4.50  -3.12225  -2.71513  -2.13060  -2.03619  -1.71964  -1.66761  -1.53540  -1.31890  -1.10987  -0.93500  -0.82217  -0.50195  -0.45182
   8250.  5.00  -3.02662  -2.60546  -2.01496  -1.93402  -1.61930  -1.71422  -1.60027  -1.36975  -1.14802  -0.96272  -0.84377  -0.50696  -0.45839
   8500.  1.50  -3.49004  -3.11081  -2.51722  -2.34067  -2.04062  -1.42787  -1.37228  -1.21869  -1.06863  -0.92880  -0.84307  -0.59046  -0.51037
   8500.  2.00  -3.51789  -3.13837  -2.54098  -2.36328  -2.05796  -1.42430  -1.34544  -1.20141  -1.05834  -0.92508  -0.84187  -0.59148  -0.51450
   8500.  2.50  -3.47970  -3.09953  -2.50507  -2.34002  -2.02917  -1.45416  -1.35195  -1.20545  -1.05922  -0.92568  -0.84082  -0.58609  -0.51528
   8500.  3.00  -3.40798  -3.02745  -2.43934  -2.29156  -1.97707  -1.49773  -1.37499  -1.22040  -1.06640  -0.92962  -0.84135  -0.57882  -0.51480
   8500.  3.50  -3.31479  -2.93383  -2.35370  -2.22453  -1.90931  -1.54735  -1.40931  -1.24343  -1.07898  -0.93695  -0.84418  -0.57129  -0.51368
   8500.  4.00  -3.20441  -2.82211  -2.25098  -2.14087  -1.82915  -1.60003  -1.45430  -1.27364  -1.09605  -0.94662  -0.84839  -0.56348  -0.51139
   8500.  4.50  -3.07560  -2.68583  -2.12323  -2.03418  -1.73455  -1.65208  -1.51154  -1.31009  -1.11523  -0.95507  -0.85027  -0.55288  -0.50533
   8500.  5.00  -2.96992  -2.56737  -2.00270  -1.92949  -1.63683  -1.70035  -1.57424  -1.35607  -1.14653  -0.97551  -0.86420  -0.55096  -0.50596
   8750.  1.50  -3.32547  -2.95190  -2.38197  -2.23472  -1.95250  -1.46344  -1.42704  -1.27183  -1.12075  -0.97978  -0.89381  -0.64410  -0.56862
   8750.  2.00  -3.38521  -3.01368  -2.43977  -2.28423  -1.99778  -1.44256  -1.38145  -1.24020  -1.10063  -0.97022  -0.88942  -0.64758  -0.57288
   8750.  2.50  -3.37259  -3.00090  -2.42800  -2.27969  -1.98851  -1.46204  -1.37652  -1.23609  -1.09637  -0.96807  -0.88710  -0.64393  -0.57444
   8750.  3.00  -3.32221  -2.95040  -2.38205  -2.24722  -1.95245  -1.49976  -1.39106  -1.24469  -1.09911  -0.96927  -0.88583  -0.63728  -0.57434
   8750.  3.50  -3.24715  -2.87548  -2.31388  -2.19486  -1.89869  -1.54651  -1.41808  -1.26182  -1.10706  -0.97356  -0.88638  -0.62965  -0.57335
   8750.  4.00  -3.15438  -2.78242  -2.22835  -2.12572  -1.83091  -1.59710  -1.45498  -1.28603  -1.11977  -0.98085  -0.88898  -0.62178  -0.57138
   8750.  4.50  -3.04359  -2.66864  -2.12257  -2.03727  -1.74921  -1.64829  -1.50264  -1.31652  -1.13546  -0.98845  -0.89083  -0.61200  -0.56641
   8750.  5.00  -2.92374  -2.53845  -1.99643  -1.92912  -1.65400  -1.69329  -1.55780  -1.35189  -1.15433  -0.99680  -0.89281  -0.60118  -0.55907
   9000.  1.50  -3.18357  -2.81380  -2.26151  -2.13922  -1.87256  -1.50393  -1.48524  -1.32924  -1.17752  -1.03547  -0.94912  -0.70086  -0.63040
   9000.  2.00  -3.26278  -2.89767  -2.34396  -2.20947  -1.94000  -1.47088  -1.42645  -1.28671  -1.14916  -1.02021  -0.94082  -0.70493  -0.63306
   9000.  2.50  -3.27034  -2.90564  -2.35197  -2.22025  -1.94660  -1.48030  -1.41142  -1.27526  -1.14020  -1.01545  -0.93726  -0.70288  -0.63511
   9000.  3.00  -3.23795  -2.87347  -2.32308  -2.20139  -1.92430  -1.51148  -1.41768  -1.27776  -1.13882  -1.01420  -0.93455  -0.69707  -0.63547
   9000.  3.50  -3.17924  -2.81534  -2.27065  -2.16218  -1.88353  -1.55441  -1.43761  -1.28928  -1.14251  -1.01571  -0.93307  -0.68950  -0.63456
   9000.  4.00  -3.10110  -2.73774  -2.20002  -2.10585  -1.82788  -1.60298  -1.46787  -1.30801  -1.15083  -1.02013  -0.93349  -0.68137  -0.63250
   9000.  4.50  -3.00866  -2.64470  -2.11367  -2.03374  -1.75892  -1.65278  -1.50774  -1.33362  -1.16382  -1.02730  -0.93578  -0.67288  -0.62890
   9000.  5.00  -2.89622  -2.52534  -2.00000  -1.93629  -1.67234  -1.69653  -1.55519  -1.36221  -1.17653  -1.03106  -0.93362  -0.65956  -0.61948
   9250.  2.00  -3.15429  -2.79472  -2.25806  -2.14248  -1.88849  -1.50501  -1.47582  -1.33726  -1.20120  -1.07319  -0.99477  -0.76331  -0.69460
   9250.  2.50  -3.17625  -2.81796  -2.28174  -2.16586  -1.90845  -1.50680  -1.45334  -1.32025  -1.18859  -1.06635  -0.99021  -0.76270  -0.69696
   9250.  3.00  -3.15815  -2.80017  -2.26632  -2.15755  -1.89684  -1.53151  -1.45284  -1.31784  -1.18406  -1.06328  -0.98655  -0.75778  -0.69764
   9250.  3.50  -3.11372  -2.75630  -2.22693  -2.12886  -1.86634  -1.56926  -1.46618  -1.32438  -1.18425  -1.06256  -0.98360  -0.75047  -0.69667
   9250.  4.00  -3.04906  -2.69248  -2.16921  -2.08345  -1.82133  -1.61405  -1.48982  -1.33789  -1.18859  -1.06427  -0.98197  -0.74207  -0.69437
   9250.  4.50  -2.96875  -2.61256  -2.09588  -2.02278  -1.76307  -1.66210  -1.52317  -1.35830  -1.19746  -1.06881  -0.98225  -0.73330  -0.69084
   9250.  5.00  -2.87403  -2.51568  -2.00474  -1.94461  -1.69060  -1.70848  -1.56493  -1.38403  -1.20932  -1.07420  -0.98251  -0.72291  -0.68451
   9500.  2.00  -3.05950  -2.70478  -2.18240  -2.08329  -1.84323  -1.54163  -1.52664  -1.38933  -1.25470  -1.12759  -1.05002  -0.82219  -0.75667
   9500.  2.50  -3.09219  -2.73969  -2.21882  -2.11741  -1.87502  -1.53812  -1.49929  -1.36874  -1.23986  -1.11951  -1.04500  -0.82280  -0.75916
   9500.  3.00  -3.08575  -2.73373  -2.21487  -2.11820  -1.87288  -1.55717  -1.49380  -1.36288  -1.23334  -1.11548  -1.04110  -0.81912  -0.76031
   9500.  3.50  -3.05282  -2.70123  -2.18597  -2.09787  -1.85060  -1.58978  -1.50167  -1.36549  -1.23100  -1.11322  -1.03727  -0.81240  -0.75960
   9500.  4.00  -2.99916  -2.64841  -2.13843  -2.06097  -1.81374  -1.63084  -1.51945  -1.37437  -1.23182  -1.11250  -1.03381  -0.80384  -0.75722
   9500.  4.50  -2.92904  -2.57937  -2.07582  -2.00974  -1.76456  -1.67706  -1.54673  -1.38969  -1.23648  -1.11416  -1.03179  -0.79459  -0.75352
   9500.  5.00  -2.84541  -2.49569  -1.99826  -1.94364  -1.70265  -1.72421  -1.58337  -1.41146  -1.24533  -1.11819  -1.03130  -0.78475  -0.74805
   9750.  2.00  -2.97694  -2.62662  -2.11634  -2.03150  -1.80394  -1.57938  -1.57748  -1.44155  -1.30840  -1.18231  -1.10558  -0.88113  -0.81874
   9750.  2.50  -3.01695  -2.66975  -2.16241  -2.07424  -1.84568  -1.57282  -1.54729  -1.41888  -1.29234  -1.17360  -1.10043  -0.88279  -0.82144
   9750.  3.00  -3.01965  -2.67326  -2.16822  -2.08305  -1.85226  -1.58770  -1.53840  -1.41076  -1.28466  -1.16914  -1.09667  -0.88043  -0.82317
   9750.  3.50  -2.99607  -2.65013  -2.14828  -2.06998  -1.83737  -1.61615  -1.54218  -1.41057  -1.28069  -1.16602  -1.09251  -0.87462  -0.82301
   9750.  4.00  -2.95184  -2.60659  -2.10928  -2.04008  -1.80716  -1.65364  -1.55534  -1.41595  -1.27902  -1.16368  -1.08797  -0.86626  -0.82079
   9750.  4.50  -2.89068  -2.54662  -2.05518  -1.99614  -1.76485  -1.69712  -1.57718  -1.42686  -1.28020  -1.16289  -1.08401  -0.85656  -0.81678
   9750.  5.00  -2.81561  -2.47252  -1.98750  -1.93886  -1.71133  -1.74302  -1.60828  -1.44399  -1.28523  -1.16441  -1.08158  -0.84639  -0.81120
  10000.  2.00  -2.90498  -2.55869  -2.05899  -1.98655  -1.77038  -1.61749  -1.62786  -1.49341  -1.36182  -1.23684  -1.16098  -0.93982  -0.88041
  10000.  2.50  -2.95016  -2.60778  -2.11232  -2.03604  -1.82002  -1.60931  -1.59610  -1.46966  -1.34520  -1.22795  -1.15597  -0.94240  -0.88339
  10000.  3.00  -2.95993  -2.61880  -2.12626  -2.05180  -1.83447  -1.62146  -1.58507  -1.46018  -1.33697  -1.22343  -1.15258  -0.94134  -0.88577
  10000.  3.50  -2.94421  -2.60364  -2.11425  -2.04530  -1.82654  -1.64662  -1.58591  -1.45808  -1.33207  -1.21999  -1.14857  -0.93662  -0.88630
  10000.  4.00  -2.90807  -2.56818  -2.08292  -2.02174  -1.80257  -1.68088  -1.59554  -1.46098  -1.32886  -1.21680  -1.14361  -0.92888  -0.88447
  10000.  4.50  -2.85523  -2.51638  -2.03634  -1.98405  -1.76598  -1.72120  -1.61297  -1.46854  -1.32763  -1.21439  -1.13849  -0.91915  -0.88034
  10000.  5.00  -2.78775  -2.45018  -1.97627  -1.93339  -1.71864  -1.76458  -1.63873  -1.48137  -1.32922  -1.21352  -1.13415  -0.90842  -0.87432
  10250.  2.00  -2.84196  -2.49947  -2.00933  -1.94776  -1.74224  -1.65561  -1.67756  -1.54465  -1.41465  -1.29088  -1.21593  -0.99801  -0.94139
  10250.  2.50  -2.89092  -2.55299  -2.06808  -2.00244  -1.79790  -1.64675  -1.64505  -1.52045  -1.39794  -1.28211  -1.21125  -1.00143  -0.94477
  10250.  3.00  -2.90635  -2.57010  -2.08875  -2.02411  -1.81909  -1.65710  -1.63280  -1.51033  -1.38966  -1.27789  -1.20845  -1.00159  -0.94779
  10250.  3.50  -2.89723  -2.56170  -2.08370  -2.02346  -1.81760  -1.67958  -1.63167  -1.50708  -1.38440  -1.27452  -1.20488  -0.99804  -0.94898
  10250.  4.00  -2.86842  -2.53350  -2.05938  -2.00573  -1.79955  -1.71072  -1.63858  -1.50827  -1.38041  -1.27105  -1.20005  -0.99119  -0.94769
  10250.  4.50  -2.82312  -2.48909  -2.01961  -1.97374  -1.76831  -1.74811  -1.65256  -1.51341  -1.37767  -1.26773  -1.19442  -0.98187  -0.94386
  10250.  5.00  -2.76251  -2.42958  -1.96563  -1.92830  -1.72573  -1.78873  -1.67355  -1.52257  -1.37645  -1.26488  -1.18849  -0.97070  -0.93758
  10500.  2.00  -2.78652  -2.44761  -1.96636  -1.91444  -1.71913  -1.69357  -1.72660  -1.59527  -1.46690  -1.34438  -1.27036  -1.05562  -1.00160
  10500.  2.50  -2.83847  -2.50469  -2.02932  -1.97323  -1.77935  -1.68459  -1.69368  -1.57088  -1.45025  -1.33583  -1.26604  -1.05978  -1.00542
  10500.  3.00  -2.85833  -2.52660  -2.05535  -1.99970  -1.80602  -1.69394  -1.68084  -1.56057  -1.44220  -1.33205  -1.26390  -1.06104  -1.00908
  10500.  3.50  -2.85458  -2.52380  -2.05625  -2.00416  -1.81023  -1.71449  -1.67853  -1.55675  -1.43697  -1.32901  -1.26094  -1.05865  -1.01091
  10500.  4.00  -2.83181  -2.50168  -2.03802  -1.99157  -1.79769  -1.74310  -1.68346  -1.55679  -1.43259  -1.32556  -1.25646  -1.05280  -1.01027
  10500.  4.50  -2.79309  -2.46372  -2.00434  -1.96476  -1.77155  -1.77801  -1.69482  -1.56022  -1.42893  -1.32179  -1.25071  -1.04411  -1.00698
  10500.  5.00  -2.73861  -2.41023  -1.95599  -1.92419  -1.73349  -1.81658  -1.71222  -1.56667  -1.42574  -1.31763  -1.24382  -1.03295  -1.00082
  10750.  2.00  -2.73756  -2.40201  -1.92921  -1.88598  -1.70067  -1.73138  -1.77509  -1.64533  -1.51859  -1.39736  -1.32428  -1.11264  -1.06102
  10750.  2.50  -2.79207  -2.46219  -1.99568  -1.94817  -1.76433  -1.72250  -1.74194  -1.62090  -1.50209  -1.38906  -1.32032  -1.11745  -1.06526
  10750.  3.00  -2.81553  -2.48798  -2.02594  -1.97848  -1.79529  -1.73141  -1.72894  -1.61071  -1.49444  -1.38581  -1.31885  -1.11967  -1.06953
  10750.  3.50  -2.81631  -2.48992  -2.03187  -1.98729  -1.80441  -1.75047  -1.72589  -1.60666  -1.48948  -1.38326  -1.31659  -1.11837  -1.07200
  10750.  4.00  -2.79869  -2.47303  -2.01898  -1.97927  -1.79686  -1.77702  -1.72946  -1.60602  -1.48507  -1.38005  -1.31263  -1.11356  -1.07202
  10750.  4.50  -2.76573  -2.44081  -1.99093  -1.95732  -1.77571  -1.80957  -1.73868  -1.60817  -1.48088  -1.37617  -1.30707  -1.10569  -1.06937
  10750.  5.00  -2.71698  -2.39301  -1.94797  -1.92143  -1.74214  -1.84619  -1.75324  -1.61264  -1.47645  -1.37130  -1.29979  -1.09491  -1.06359
  11000.  2.00  -2.69410  -2.36178  -1.89719  -1.86188  -1.68649  -1.76902  -1.82294  -1.69476  -1.56966  -1.44975  -1.37761  -1.16904  -1.11966
  11000.  2.50  -2.75099  -2.42483  -1.96665  -1.92695  -1.75283  -1.76039  -1.78967  -1.67036  -1.55335  -1.44172  -1.37402  -1.17442  -1.12431
  11000.  3.00  -2.77736  -2.45382  -2.00036  -1.96040  -1.78716  -1.76915  -1.77668  -1.66040  -1.54614  -1.43900  -1.37316  -1.17747  -1.12915
  11000.  3.50  -2.78185  -2.45964  -2.01039  -1.97281  -1.80028  -1.78735  -1.77335  -1.65640  -1.54157  -1.43697  -1.37159  -1.17716  -1.13223
  11000.  4.00  -2.76842  -2.44703  -2.00196  -1.96864  -1.79702  -1.81224  -1.77593  -1.65535  -1.53728  -1.43410  -1.36817  -1.17331  -1.13286
  11000.  4.50  -2.74028  -2.41971  -1.97887  -1.95100  -1.78048  -1.84296  -1.78374  -1.65673  -1.53293  -1.43034  -1.36300  -1.16635  -1.13089
  11000.  5.00  -2.69702  -2.37729  -1.94105  -1.91959  -1.75127  -1.87784  -1.79617  -1.65987  -1.52784  -1.42521  -1.35574  -1.15622  -1.12565
  11250.  2.00  -2.65557  -2.32631  -1.86972  -1.84168  -1.67614  -1.80652  -1.87028  -1.74368  -1.62020  -1.50161  -1.43042  -1.22485  -1.17755
  11250.  2.50  -2.71458  -2.39196  -1.94179  -1.90924  -1.74458  -1.79813  -1.83687  -1.71928  -1.60405  -1.49380  -1.42712  -1.23069  -1.18254
  11250.  3.00  -2.74362  -2.42383  -1.97842  -1.94534  -1.78154  -1.80698  -1.82409  -1.70967  -1.59734  -1.49162  -1.42688  -1.23449  -1.18791
  11250.  3.50  -2.75112  -2.43282  -1.99174  -1.96065  -1.79786  -1.82463  -1.82067  -1.70584  -1.59320  -1.49012  -1.42594  -1.23503  -1.19155
  11250.  4.00  -2.74117  -2.42381  -1.98708  -1.95974  -1.79824  -1.84824  -1.82265  -1.70464  -1.58918  -1.48767  -1.42310  -1.23208  -1.19273
  11250.  4.50  -2.71725  -2.40081  -1.96843  -1.94596  -1.78584  -1.87731  -1.82944  -1.70557  -1.58490  -1.48420  -1.41843  -1.22604  -1.19140
  11250.  5.00  -2.67912  -2.36348  -1.93555  -1.91887  -1.76094  -1.91029  -1.84009  -1.70773  -1.57953  -1.47912  -1.41149  -1.21673  -1.18679
  11500.  2.00  -2.62132  -2.29495  -1.84622  -1.82489  -1.66921  -1.84384  -1.91707  -1.79203  -1.67016  -1.55289  -1.48263  -1.28002  -1.23468
  11500.  2.50  -2.68233  -2.36309  -1.92067  -1.89471  -1.73937  -1.83571  -1.88353  -1.76762  -1.65414  -1.54528  -1.47960  -1.28626  -1.23997
  11500.  3.00  -2.71373  -2.39756  -1.95981  -1.93307  -1.77841  -1.84475  -1.87098  -1.75837  -1.64790  -1.54361  -1.47991  -1.29073  -1.24583
  11500.  3.50  -2.72375  -2.40921  -1.97585  -1.95077  -1.79725  -1.86213  -1.86765  -1.75483  -1.64423  -1.54262  -1.47957  -1.29201  -1.24996
  11500.  4.00  -2.71671  -2.40322  -1.97434  -1.95261  -1.80068  -1.88478  -1.86933  -1.75365  -1.64056  -1.54062  -1.47731  -1.28986  -1.25164
  11500.  4.50  -2.69644  -2.38394  -1.95949  -1.94213  -1.79184  -1.91249  -1.87543  -1.75438  -1.63652  -1.53753  -1.47321  -1.28470  -1.25089
  11500.  5.00  -2.66279  -2.35115  -1.93110  -1.91894  -1.77086  -1.94356  -1.88468  -1.75584  -1.63110  -1.53265  -1.46668  -1.27621  -1.24687
  11750.  2.00  -2.59075  -2.26717  -1.82620  -1.81112  -1.66529  -1.88095  -1.96328  -1.83978  -1.71951  -1.60356  -1.53424  -1.33456  -1.29104
  11750.  2.50  -2.65372  -2.33773  -1.90289  -1.88306  -1.73695  -1.87309  -1.92962  -1.81539  -1.70363  -1.59616  -1.53148  -1.34116  -1.29662
  11750.  3.00  -2.68730  -2.37460  -1.94426  -1.92340  -1.77765  -1.88240  -1.91735  -1.80651  -1.69786  -1.59496  -1.53230  -1.34620  -1.30293
  11750.  3.50  -2.69959  -2.38865  -1.96262  -1.94314  -1.79849  -1.89971  -1.91427  -1.80333  -1.69468  -1.59448  -1.53251  -1.34814  -1.30751
  11750.  4.00  -2.69500  -2.38519  -1.96371  -1.94721  -1.80436  -1.92162  -1.91576  -1.80225  -1.69136  -1.59290  -1.53077  -1.34669  -1.30962
  11750.  4.50  -2.67786  -2.36910  -1.95207  -1.93951  -1.79848  -1.94808  -1.92140  -1.80291  -1.68764  -1.59023  -1.52723  -1.34230  -1.30933
  11750.  5.00  -2.64798  -2.34012  -1.92755  -1.91971  -1.78103  -1.97742  -1.92953  -1.80390  -1.68231  -1.58563  -1.52118  -1.33466  -1.30594
  12000.  2.50  -2.62829  -2.31541  -1.88803  -1.87391  -1.73697  -1.91023  -1.97517  -1.86258  -1.75251  -1.64642  -1.58273  -1.39537  -1.35246
  12000.  3.00  -2.66397  -2.35459  -1.93142  -1.91606  -1.77904  -1.91988  -1.96326  -1.85413  -1.74723  -1.64569  -1.58404  -1.40093  -1.35918
  12000.  3.50  -2.67841  -2.37091  -1.95189  -1.93762  -1.80154  -1.93726  -1.96048  -1.85134  -1.74453  -1.64571  -1.58477  -1.40346  -1.36421
  12000.  4.00  -2.67589  -2.36959  -1.95507  -1.94352  -1.80932  -1.95869  -1.96189  -1.85039  -1.74154  -1.64450  -1.58348  -1.40262  -1.36673
  12000.  4.50  -2.66116  -2.35601  -1.94602  -1.93805  -1.80586  -1.98424  -1.96732  -1.85111  -1.73815  -1.64220  -1.58041  -1.39889  -1.36684
  12000.  5.00  -2.63438  -2.33018  -1.92472  -1.92107  -1.79141  -2.01212  -1.97450  -1.85172  -1.73294  -1.63790  -1.57483  -1.39201  -1.36399
  12250.  2.50  -2.60568  -2.29582  -1.87578  -1.86701  -1.73921  -1.94707  -2.02007  -1.90910  -1.80073  -1.69601  -1.63331  -1.44888  -1.40752
  12250.  3.00  -2.64341  -2.33723  -1.92110  -1.91088  -1.78251  -1.95711  -2.00856  -1.90111  -1.79596  -1.69579  -1.63513  -1.45494  -1.41465
  12250.  3.50  -2.65980  -2.35561  -1.94341  -1.93402  -1.80631  -1.97459  -2.00613  -1.89875  -1.79375  -1.69627  -1.63636  -1.45799  -1.42006
  12250.  4.00  -2.65917  -2.35626  -1.94843  -1.94147  -1.81561  -1.99562  -2.00761  -1.89802  -1.79113  -1.69545  -1.63549  -1.45767  -1.42290
  12250.  4.50  -2.64645  -2.34474  -1.94146  -1.93780  -1.81408  -2.02040  -2.01289  -1.89883  -1.78805  -1.69350  -1.63285  -1.45452  -1.42338
  12250.  5.00  -2.62253  -2.32177  -1.92297  -1.92327  -1.80217  -2.04696  -2.01940  -1.89923  -1.78306  -1.68951  -1.62774  -1.44833  -1.42100
  12500.  2.50  -2.58569  -2.27871  -1.86586  -1.86211  -1.74332  -1.98361  -2.06439  -1.95503  -1.84832  -1.74496  -1.68324  -1.50167  -1.46178
  12500.  3.00  -2.62535  -2.32226  -1.91301  -1.90761  -1.78773  -1.99401  -2.05326  -1.94746  -1.84403  -1.74521  -1.68555  -1.50822  -1.46931
  12500.  3.50  -2.64353  -2.34251  -1.93691  -1.93212  -1.81259  -2.01170  -2.05121  -1.94554  -1.84229  -1.74614  -1.68721  -1.51171  -1.47506
  12500.  4.00  -2.64458  -2.34491  -1.94350  -1.94090  -1.82310  -2.03253  -2.05285  -1.94506  -1.84002  -1.74567  -1.68674  -1.51185  -1.47821
  12500.  4.50  -2.63352  -2.33512  -1.93826  -1.93871  -1.82314  -2.05675  -2.05804  -1.94597  -1.83723  -1.74403  -1.68447  -1.50920  -1.47901
  12500.  5.00  -2.61186  -2.31444  -1.92203  -1.92614  -1.81329  -2.08229  -2.06416  -1.94630  -1.83246  -1.74034  -1.67976  -1.50360  -1.47701
  12750.  2.50  -2.56802  -2.26377  -1.85794  -1.85891  -1.74900  -2.01982  -2.10815  -2.00034  -1.89525  -1.79324  -1.73247  -1.55371  -1.51521
  12750.  3.00  -2.60960  -2.30943  -1.90689  -1.90603  -1.79455  -2.03065  -2.09741  -1.99323  -1.89147  -1.79398  -1.73530  -1.56074  -1.52315
  12750.  3.50  -2.62935  -2.33138  -1.93221  -1.93176  -1.82026  -2.04852  -2.09572  -1.99170  -1.89017  -1.79532  -1.73736  -1.56465  -1.52922
  12750.  4.00  -2.63196  -2.33540  -1.94022  -1.94171  -1.83175  -2.06915  -2.09755  -1.99151  -1.88827  -1.79520  -1.73727  -1.56519  -1.53264
  12750.  4.50  -2.62252  -2.32725  -1.93650  -1.94080  -1.83306  -2.09289  -2.10273  -1.99258  -1.88578  -1.79388  -1.73536  -1.56299  -1.53372
  12750.  5.00  -2.60284  -2.30861  -1.92231  -1.93000  -1.82502  -2.11739  -2.10850  -1.99290  -1.88130  -1.79051  -1.73106  -1.55793  -1.53205
  13000.  2.50  -2.55226  -2.25068  -1.85172  -1.85715  -1.75602  -2.05561  -2.15121  -2.04495  -1.94146  -1.84077  -1.78096  -1.60499  -1.56781
  13000.  3.00  -2.59583  -2.29849  -1.90254  -1.90598  -1.80280  -2.06694  -2.14092  -2.03835  -1.93824  -1.84209  -1.78436  -1.61255  -1.57621
  13000.  3.50  -2.61703  -2.32203  -1.92919  -1.93284  -1.82928  -2.08502  -2.13961  -2.03723  -1.93737  -1.84381  -1.78682  -1.61684  -1.58258
  13000.  4.00  -2.62110  -2.32758  -1.93848  -1.94386  -1.84159  -2.10561  -2.14167  -2.03734  -1.93584  -1.84404  -1.78707  -1.61776  -1.58627
  13000.  4.50  -2.61304  -2.32081  -1.93598  -1.94397  -1.84383  -2.12904  -2.14694  -2.03861  -1.93364  -1.84299  -1.78546  -1.61592  -1.58759
  13000.  5.00  -2.59491  -2.30378  -1.92338  -1.93451  -1.83716  -2.15276  -2.15255  -2.03896  -1.92938  -1.83988  -1.78148  -1.61127  -1.58617
  14000.  2.00  -2.43122  -2.12682  -1.74436  -1.76986  -1.70242  -2.20051  -2.35497  -2.24298  -2.13483  -2.02915  -1.96720  -1.79069  -1.75989
  14000.  2.50  -2.50631  -2.21421  -1.84038  -1.86127  -1.79304  -2.19445  -2.31730  -2.21677  -2.11931  -2.02367  -1.96750  -1.80212  -1.76970
  14000.  3.00  -2.55622  -2.26933  -1.89840  -1.91692  -1.84563  -2.20817  -2.30891  -2.21237  -2.11855  -2.02748  -1.97346  -1.81216  -1.78033
  14000.  3.50  -2.58350  -2.29927  -1.93042  -1.94851  -1.87543  -2.22744  -2.30930  -2.21310  -2.11963  -2.03107  -1.97776  -1.81812  -1.78806
  14000.  4.00  -2.59267  -2.31014  -1.94402  -1.96309  -1.89011  -2.24807  -2.31244  -2.21447  -2.11950  -2.03258  -1.97930  -1.82027  -1.79264
  14000.  4.50  -2.58931  -2.30816  -1.94541  -1.96635  -1.89477  -2.27029  -2.31793  -2.21635  -2.11824  -2.03243  -1.97864  -1.81952  -1.79464
  14000.  5.00  -2.57592  -2.29606  -1.93721  -1.96057  -1.89139  -2.29228  -2.32350  -2.21715  -2.11489  -2.03018  -1.97565  -1.81612  -1.79404
  15000.  2.50  -2.48096  -2.19680  -1.84398  -1.87721  -1.83781  -2.32571  -2.47365  -2.37819  -2.28608  -2.19495  -2.14205  -1.98629  -1.95798
  15000.  3.00  -2.53627  -2.25832  -1.90919  -1.93995  -1.89744  -2.34207  -2.46696  -2.37591  -2.28783  -2.20151  -2.15096  -1.99938  -1.97141
  15000.  3.50  -2.56877  -2.29395  -1.94668  -1.97663  -1.93158  -2.36323  -2.46943  -2.37887  -2.29126  -2.20738  -2.15752  -2.00745  -1.98098
  15000.  4.00  -2.58242  -2.30954  -1.96431  -1.99472  -1.94882  -2.38459  -2.47398  -2.38177  -2.29276  -2.21040  -2.16054  -2.01094  -1.98665
  15000.  4.50  -2.58284  -2.31148  -1.96881  -2.00055  -1.95513  -2.40636  -2.48005  -2.38445  -2.29249  -2.21115  -2.16080  -2.01109  -1.98931
  15000.  5.00  -2.57305  -2.30298  -1.96345  -1.99704  -1.95330  -2.42739  -2.48598  -2.38583  -2.28992  -2.20958  -2.15850  -2.00843  -1.98918
  16000.  2.50  -2.47012  -2.19257  -1.85696  -1.90006  -1.88498  -2.44923  -2.62095  -2.52989  -2.44242  -2.35522  -2.30518  -2.15794  -2.13324
  16000.  3.00  -2.52972  -2.25949  -1.92901  -1.96985  -1.95292  -2.46837  -2.61550  -2.52943  -2.44658  -2.36456  -2.31717  -2.17450  -2.14994
  16000.  3.50  -2.56692  -2.30034  -1.97206  -2.01188  -1.99224  -2.49172  -2.62003  -2.53466  -2.45247  -2.37294  -2.32631  -2.18509  -2.16180
  16000.  4.00  -2.58466  -2.32032  -1.99387  -2.03380  -2.01267  -2.51422  -2.62623  -2.53934  -2.45585  -2.37776  -2.33112  -2.19024  -2.16886
  16000.  4.50  -2.58861  -2.32593  -2.00153  -2.04236  -2.02100  -2.53610  -2.63320  -2.54309  -2.45679  -2.37964  -2.33249  -2.19144  -2.17232
  16000.  5.00  -2.58180  -2.32052  -1.99864  -2.04090  -2.02055  -2.55658  -2.63964  -2.54516  -2.45507  -2.37881  -2.33094  -2.18950  -2.17269
  17000.  2.50  -2.46991  -2.19804  -1.87661  -1.92767  -1.93282  -2.56554  -2.76012  -2.67288  -2.58944  -2.50556  -2.45800  -2.31813  -2.29665
  17000.  3.00  -2.53273  -2.26922  -1.95443  -2.00358  -2.00867  -2.58706  -2.75522  -2.67359  -2.59541  -2.51725  -2.47270  -2.33809  -2.31657
  17000.  3.50  -2.57422  -2.31485  -2.00288  -2.05100  -2.05392  -2.61290  -2.76177  -2.68110  -2.60385  -2.52827  -2.48460  -2.35153  -2.33107
  17000.  4.00  -2.59569  -2.33887  -2.02895  -2.07698  -2.07837  -2.63694  -2.76972  -2.68767  -2.60924  -2.53511  -2.49144  -2.35866  -2.33988
  17000.  4.50  -2.60273  -2.34774  -2.03975  -2.08838  -2.08905  -2.65922  -2.77773  -2.69262  -2.61155  -2.53832  -2.49417  -2.36113  -2.34436
  17000.  5.00  -2.59858  -2.34513  -2.03933  -2.08909  -2.09031  -2.67958  -2.78498  -2.69563  -2.61085  -2.53841  -2.49353  -2.36003  -2.34536
  18000.  2.50  -2.47739  -2.21068  -1.90139  -1.95898  -1.98127  -2.67546  -2.89188  -2.80799  -2.72806  -2.64702  -2.60160  -2.46816  -2.44952
  18000.  3.00  -2.54292  -2.28538  -1.98394  -2.03997  -2.06392  -2.69876  -2.88694  -2.80933  -2.73537  -2.66060  -2.61860  -2.49118  -2.47238
  18000.  3.50  -2.58812  -2.33516  -2.03716  -2.09224  -2.11481  -2.72702  -2.89531  -2.81891  -2.74614  -2.67414  -2.63315  -2.50747  -2.48955
  18000.  4.00  -2.61306  -2.36292  -2.06728  -2.12221  -2.14356  -2.75282  -2.90498  -2.82736  -2.75356  -2.68305  -2.64213  -2.51678  -2.50035
  18000.  4.50  -2.62289  -2.37478  -2.08120  -2.13657  -2.15732  -2.77587  -2.91412  -2.83361  -2.75733  -2.68771  -2.64637  -2.52074  -2.50611
  18000.  5.00  -2.62114  -2.37474  -2.08332  -2.13956  -2.16042  -2.79634  -2.92220  -2.83759  -2.75774  -2.68888  -2.64681  -2.52069  -2.50797
  19000.  2.50  -2.49041  -2.22861  -1.93023  -1.99329  -2.03069  -2.77967  -3.01664  -2.93571  -2.85886  -2.78030  -2.73675  -2.60897  -2.59286
  19000.  3.00  -2.55806  -2.30611  -2.01658  -2.07841  -2.11893  -2.80423  -3.01130  -2.93737  -2.86723  -2.79554  -2.75584  -2.63497  -2.61860
  19000.  3.50  -2.60675  -2.35962  -2.07379  -2.13474  -2.17442  -2.83464  -3.02133  -2.94885  -2.88016  -2.81137  -2.77282  -2.65382  -2.63820
  19000.  4.00  -2.63490  -2.39079  -2.10756  -2.16836  -2.20721  -2.86213  -3.03265  -2.95908  -2.88954  -2.82230  -2.78389  -2.66530  -2.65099
  19000.  4.50  -2.64738  -2.40547  -2.12450  -2.18567  -2.22418  -2.88616  -3.04298  -2.96668  -2.89481  -2.82850  -2.78971  -2.67093  -2.65824
  19000.  5.00  -2.64780  -2.40772  -2.12903  -2.19095  -2.22982  -2.90705  -3.05194  -2.97167  -2.89637  -2.83079  -2.79132  -2.67204  -2.66107
  20000.  3.00  -2.57679  -2.33031  -2.05190  -2.11876  -2.17443  -2.90433  -3.12883  -3.05833  -2.99176  -2.92294  -2.88539  -2.77060  -2.75639
  20000.  3.50  -2.62872  -2.38716  -2.11246  -2.17846  -2.23349  -2.93661  -3.14054  -3.07170  -3.00678  -2.94095  -2.90465  -2.79184  -2.77827
  20000.  4.00  -2.65999  -2.42149  -2.14935  -2.21515  -2.26952  -2.96553  -3.15339  -3.08361  -3.01798  -2.95371  -2.91761  -2.80523  -2.79284
  20000.  4.50  -2.67494  -2.43872  -2.16891  -2.23503  -2.28933  -2.99047  -3.16483  -3.09246  -3.02467  -2.96137  -2.92495  -2.81242  -2.80149
  20000.  5.00  -2.67732  -2.44303  -2.17562  -2.24244  -2.29727  -3.01178  -3.17456  -3.09837  -3.02731  -2.96476  -2.92771  -2.81473  -2.80539
  21000.  3.00  -2.59768  -2.35648  -2.08844  -2.15970  -2.22935  -2.99895  -3.23959  -3.17233  -3.10912  -3.04298  -3.00746  -2.89833  -2.88609
  21000.  3.50  -2.65296  -2.41687  -2.15268  -2.22311  -2.29235  -3.03357  -3.25338  -3.18798  -3.12663  -3.06358  -3.02940  -2.92240  -2.91069
  21000.  4.00  -2.68721  -2.45412  -2.19222  -2.26240  -2.33086  -3.06377  -3.26777  -3.20154  -3.13959  -3.07810  -3.04414  -2.93755  -2.92688
  21000.  4.50  -2.70459  -2.47374  -2.21404  -2.28447  -2.35289  -3.08943  -3.28027  -3.21158  -3.14759  -3.08707  -3.05285  -2.94609  -2.93676
  21000.  5.00  -2.70881  -2.47992  -2.22263  -2.29369  -2.36279  -3.11102  -3.29070  -3.21833  -3.15123  -3.09146  -3.05664  -2.94950  -2.94163
  22000.  3.00  -2.61921  -2.38305  -2.12464  -2.19981  -2.28238  -3.08769  -3.34352  -3.27932  -3.21925  -3.15566  -3.12205  -3.01824  -3.00779
  22000.  3.50  -2.67855  -2.44775  -2.19355  -2.26796  -2.35052  -3.12570  -3.36013  -3.29801  -3.24004  -3.17965  -3.14748  -3.04599  -3.03598
  22000.  4.00  -2.71570  -2.48791  -2.23584  -2.30991  -2.39159  -3.15741  -3.37624  -3.31340  -3.25493  -3.19608  -3.16416  -3.06308  -3.05399
  22000.  4.50  -2.73548  -2.50982  -2.25962  -2.33387  -2.41529  -3.18364  -3.38980  -3.32460  -3.26420  -3.20629  -3.17413  -3.07285  -3.06497
  22000.  5.00  -2.74146  -2.51773  -2.26976  -2.34457  -2.42667  -3.20537  -3.40088  -3.33213  -3.26874  -3.21157  -3.17886  -3.07716  -3.07062
  23000.  3.00  -2.63953  -2.40805  -2.15848  -2.23718  -2.33171  -3.16979  -3.44011  -3.37881  -3.32176  -3.26059  -3.22881  -3.13004  -3.12124
  23000.  3.50  -2.70438  -2.47872  -2.23400  -2.31197  -2.40702  -3.21272  -3.46078  -3.40181  -3.34707  -3.28922  -3.25899  -3.16271  -3.15427
  23000.  4.00  -2.74479  -2.52212  -2.27944  -2.35705  -2.45119  -3.24656  -3.47905  -3.41944  -3.36428  -3.30797  -3.27800  -3.18216  -3.17455
  23000.  4.50  -2.76695  -2.54638  -2.30534  -2.38304  -2.47675  -3.27364  -3.49385  -3.43199  -3.37500  -3.31959  -3.28938  -3.19335  -3.18684
  23000.  5.00  -2.77462  -2.55589  -2.31683  -2.39499  -2.48923  -3.29540  -3.50552  -3.44023  -3.38038  -3.32568  -3.29495  -3.19847  -3.19318
  24000.  3.00  -2.65646  -2.42900  -2.18713  -2.26902  -2.37452  -3.24364  -3.52811  -3.46953  -3.41533  -3.35647  -3.32647  -3.23266  -3.22543
  24000.  3.50  -2.72937  -2.50861  -2.27279  -2.35402  -2.46084  -3.29432  -3.55524  -3.49929  -3.44766  -3.39227  -3.36390  -3.27263  -3.26564
  24000.  4.00  -2.77363  -2.55592  -2.32220  -2.40302  -2.50895  -3.33099  -3.57622  -3.51974  -3.46777  -3.41390  -3.38580  -3.29496  -3.28873
  24000.  4.50  -2.79832  -2.58262  -2.35034  -2.43118  -2.53653  -3.35926  -3.59246  -3.53382  -3.48009  -3.42709  -3.39875  -3.30774  -3.30251
  24000.  5.00  -2.80771  -2.59382  -2.36332  -2.44455  -2.55030  -3.38130  -3.60485  -3.54290  -3.48644  -3.43412  -3.40530  -3.31387  -3.30974
  25000.  3.00  -2.66780  -2.44295  -2.20667  -2.29134  -2.40587  -3.30627  -3.60526  -3.54889  -3.49709  -3.44022  -3.41181  -3.32285  -3.31717
  25000.  3.50  -2.75222  -2.53598  -2.30844  -2.39267  -2.51060  -3.36980  -3.64300  -3.58998  -3.54137  -3.48837  -3.46182  -3.37543  -3.36980
  25000.  4.00  -2.80138  -2.58840  -2.36314  -2.44691  -2.56398  -3.41043  -3.66768  -3.61419  -3.56528  -3.51377  -3.48748  -3.40149  -3.39654
  25000.  4.50  -2.82896  -2.61797  -2.39407  -2.47780  -2.59420  -3.44044  -3.68578  -3.63021  -3.57962  -3.52895  -3.50244  -3.41623  -3.41222
  25000.  5.00  -2.84005  -2.63081  -2.40852  -2.49257  -2.60923  -3.46292  -3.69894  -3.64021  -3.58699  -3.53698  -3.50999  -3.42339  -3.42039
  26000.  3.00  -2.67502  -2.45041  -2.21561  -2.30200  -2.42051  -3.35514  -3.67039  -3.61481  -3.56416  -3.50797  -3.48040  -3.39413  -3.38989
  26000.  3.50  -2.77144  -2.55913  -2.33913  -2.42613  -2.55457  -3.43811  -3.72322  -3.67304  -3.62737  -3.57671  -3.55195  -3.47042  -3.46609
  26000.  4.00  -2.82715  -2.61860  -2.40133  -2.48783  -2.61549  -3.48453  -3.75322  -3.70263  -3.65670  -3.60748  -3.58297  -3.50164  -3.49790
  26000.  4.50  -2.85809  -2.65155  -2.43559  -2.52199  -2.64888  -3.51676  -3.77359  -3.72100  -3.67344  -3.62503  -3.60027  -3.51872  -3.51583
  26000.  5.00  -2.87121  -2.66642  -2.45198  -2.53864  -2.66569  -3.54015  -3.78792  -3.73228  -3.68218  -3.63439  -3.60915  -3.52719  -3.52526
  27000.  3.50  -2.78614  -2.57674  -2.36285  -2.45237  -2.59011  -3.49761  -3.79472  -3.74711  -3.70416  -3.65564  -3.63257  -3.55572  -3.55267
  27000.  4.00  -2.84985  -2.64527  -2.43542  -2.52446  -2.66217  -3.55252  -3.83228  -3.78451  -3.74148  -3.69448  -3.67170  -3.59497  -3.59237
  27000.  4.50  -2.88491  -2.68254  -2.47409  -2.56296  -2.69981  -3.58786  -3.85572  -3.80602  -3.76138  -3.71515  -3.69210  -3.61502  -3.61320
  27000.  5.00  -2.90040  -2.69978  -2.49278  -2.58185  -2.71877  -3.61250  -3.87147  -3.81882  -3.77174  -3.72610  -3.70259  -3.62512  -3.62418
  28000.  3.50  -2.79782  -2.58971  -2.37967  -2.47120  -2.61592  -3.54771  -3.85726  -3.81169  -3.77100  -3.72410  -3.70245  -3.62934  -3.62747
  28000.  4.00  -2.86896  -2.66762  -2.46429  -2.55570  -2.70277  -3.61357  -3.90426  -3.85918  -3.81892  -3.77406  -3.75296  -3.68068  -3.67918
  28000.  4.50  -2.90876  -2.71014  -2.50864  -2.59983  -2.74614  -3.65325  -3.93181  -3.88490  -3.84311  -3.79898  -3.77760  -3.70490  -3.70409
  28000.  5.00  -2.92694  -2.73016  -2.53011  -2.62144  -2.76771  -3.67955  -3.94933  -3.89960  -3.85544  -3.81188  -3.79001  -3.71687  -3.71687
  29000.  3.50  -2.81216  -2.60366  -2.39483  -2.48769  -2.63614  -3.59195  -3.91411  -3.86973  -3.83056  -3.78440  -3.76370  -3.69252  -3.69157
  29000.  4.00  -2.88478  -2.68563  -2.48750  -2.58101  -2.73629  -3.66715  -3.96879  -3.92618  -3.88850  -3.84555  -3.82598  -3.75782  -3.75735
  29000.  4.50  -2.92936  -2.73381  -2.53856  -2.63189  -2.78706  -3.71241  -4.00148  -3.95728  -3.91824  -3.87614  -3.85636  -3.78785  -3.78798
  29000.  5.00  -2.95082  -2.75735  -2.56369  -2.65709  -2.81215  -3.74115  -4.02150  -3.97457  -3.93323  -3.89165  -3.87139  -3.80236  -3.80323
  30000.  3.50  -2.83723  -2.62713  -2.41748  -2.51105  -2.66042  -3.63787  -3.97154  -3.92757  -3.88924  -3.84304  -3.82283  -3.75190  -3.75160
  30000.  4.00  -2.89983  -2.70154  -2.50685  -2.60209  -2.76381  -3.71432  -4.02695  -3.98642  -3.95105  -3.90960  -3.89144  -3.82639  -3.82682
  30000.  4.50  -2.94733  -2.75395  -2.56384  -2.65911  -2.82224  -3.76521  -4.06472  -4.02306  -3.98661  -3.94635  -3.92807  -3.86342  -3.86443
  30000.  5.00  -2.97185  -2.78106  -2.59298  -2.68832  -2.85155  -3.79695  -4.08769  -4.04346  -4.00483  -3.96511  -3.94638  -3.88124  -3.88293
  31000.  3.50  -2.87717  -2.66494  -2.45319  -2.54692  -2.69504  -3.69069  -4.03404  -3.98976  -3.95168  -3.90481  -3.88475  -3.81291  -3.81303
  31000.  4.00  -2.91887  -2.72012  -2.52703  -2.62357  -2.78971  -3.75874  -4.08188  -4.04295  -4.00948  -3.96903  -3.95199  -3.88902  -3.89016
  31000.  4.50  -2.96470  -2.77240  -2.58603  -2.68298  -2.85281  -3.81276  -4.12257  -4.08317  -4.04905  -4.01032  -3.99338  -3.93208  -3.93385
  31000.  5.00  -2.99134  -2.80233  -2.61884  -2.71591  -2.88643  -3.84748  -4.14845  -4.10675  -4.07067  -4.03262  -4.01532  -3.95371  -3.95612
  32000.  4.00  -2.94505  -2.74468  -2.55141  -2.64882  -2.81733  -3.80332  -4.13597  -4.09809  -4.06615  -4.02625  -4.01014  -3.94828  -3.94999
  32000.  4.50  -2.98467  -2.79227  -2.60817  -2.70649  -2.88155  -3.85746  -4.17708  -4.13962  -4.10774  -4.07023  -4.05459  -3.99553  -3.99793
  32000.  5.00  -3.01151  -2.82332  -2.64318  -2.74174  -2.91846  -3.89426  -4.20512  -4.16572  -4.13196  -4.09532  -4.07927  -4.02073  -4.02374
  33000.  4.00  -2.98346  -2.78113  -2.58679  -2.68468  -2.85389  -3.85433  -4.19494  -4.15755  -4.12670  -4.08685  -4.07143  -4.00971  -4.01183
  33000.  4.50  -3.00954  -2.81587  -2.63241  -2.73178  -2.91045  -3.90114  -4.22978  -4.19386  -4.16389  -4.12726  -4.11275  -4.05533  -4.05825
  33000.  5.00  -3.03386  -2.84541  -2.66732  -2.76716  -2.94890  -3.93850  -4.25869  -4.22134  -4.18988  -4.15441  -4.13964  -4.08325  -4.08677
  34000.  4.00  -3.03297  -2.82893  -2.63341  -2.73151  -2.90042  -3.91270  -4.25986  -4.22254  -4.19241  -4.15215  -4.13714  -4.07450  -4.07687
  34000.  4.50  -3.04393  -2.84842  -2.66450  -2.76458  -2.94522  -3.94891  -4.28530  -4.25042  -4.22203  -4.18586  -4.17230  -4.11571  -4.11903
  34000.  5.00  -3.06168  -2.87201  -2.69460  -2.79544  -2.98080  -3.98300  -4.31162  -4.27598  -4.24653  -4.21195  -4.19830  -4.14355  -4.14749
  35000.  4.00  -3.09138  -2.88609  -2.68964  -2.78778  -2.95602  -3.97771  -4.33030  -4.29282  -4.26310  -4.22212  -4.20723  -4.14288  -4.14532
  35000.  4.50  -3.08834  -2.89089  -2.70603  -2.80650  -2.98786  -4.00260  -4.34548  -4.31118  -4.28400  -4.24787  -4.23504  -4.17828  -4.18190
  35000.  5.00  -3.09798  -2.90654  -2.72887  -2.83040  -3.01802  -4.03131  -4.36718  -4.33281  -4.30508  -4.27104  -4.25838  -4.20451  -4.20877
  36000.  4.00  -3.15653  -2.95060  -2.75380  -2.85200  -3.01987  -4.04874  -4.40572  -4.36813  -4.33872  -4.29705  -4.28218  -4.21601  -4.21835
  36000.  4.50  -3.14093  -2.94176  -2.75586  -2.85652  -3.03780  -4.06174  -4.41008  -4.37600  -4.34975  -4.31326  -4.30093  -4.24305  -4.24683
  36000.  5.00  -3.14252  -2.94913  -2.77061  -2.87260  -3.06131  -4.08418  -4.42618  -4.39266  -4.36636  -4.33247  -4.32063  -4.26677  -4.27129
  37000.  4.00  -3.22610  -3.02016  -2.82365  -2.92199  -3.09013  -4.12440  -4.48485  -4.44736  -4.41831  -4.37622  -4.36141  -4.29395  -4.29621
  37000.  4.50  -3.20038  -2.99994  -2.81330  -2.91409  -3.09518  -4.12652  -4.47931  -4.44532  -4.41980  -4.38277  -4.37075  -4.31127  -4.31509
  37000.  5.00  -3.19433  -2.99909  -2.81953  -2.92177  -3.11077  -4.14178  -4.48894  -4.45591  -4.43078  -4.39672  -4.38551  -4.33084  -4.33554
  38000.  4.00  -3.29784  -3.09237  -2.89666  -2.99523  -3.16430  -4.20272  -4.56591  -4.52871  -4.50010  -4.45793  -4.44327  -4.37528  -4.37754
  38000.  4.50  -3.26488  -3.06372  -2.87691  -2.97783  -3.15908  -4.19620  -4.55259  -4.51874  -4.49389  -4.45639  -4.44464  -4.38356  -4.38734
  38000.  5.00  -3.25227  -3.05548  -2.87506  -2.97746  -3.16651  -4.20422  -4.55563  -4.52292  -4.49878  -4.46434  -4.45364  -4.39763  -4.40240
  39000.  4.00  -3.37011  -3.16543  -2.97080  -3.06965  -3.23998  -4.28184  -4.64733  -4.61052  -4.58240  -4.54038  -4.52595  -4.45805  -4.46038
  39000.  4.50  -3.33254  -3.13120  -2.94476  -3.04586  -3.22765  -4.26944  -4.62876  -4.59518  -4.57096  -4.53323  -4.52174  -4.45957  -4.46332
  39000.  5.00  -3.31488  -3.11700  -2.93614  -3.03868  -3.22792  -4.27104  -4.62592  -4.59348  -4.57025  -4.53544  -4.52517  -4.46767  -4.47246
  40000.  4.50  -3.40169  -3.20061  -3.01495  -3.11631  -3.29926  -4.34474  -4.70641  -4.67319  -4.64961  -4.61186  -4.60067  -4.53799  -4.54178
  40000.  5.00  -3.38065  -3.18219  -3.00135  -3.10408  -3.29385  -4.34136  -4.69905  -4.66692  -4.64452  -4.60947  -4.59960  -4.54089  -4.54571
  41000.  4.50  -3.47110  -3.27055  -3.08596  -3.18763  -3.37198  -4.42059  -4.78426  -4.75152  -4.72859  -4.69101  -4.68015  -4.61743  -4.62129
  41000.  5.00  -3.44819  -3.24958  -3.06919  -3.17212  -3.36263  -4.41388  -4.77395  -4.74220  -4.72057  -4.68546  -4.67596  -4.61646  -4.62131
  42000.  4.50  -3.54000  -3.34018  -3.15677  -3.25878  -3.44468  -4.49607  -4.86149  -4.82925  -4.80698  -4.76968  -4.75918  -4.69675  -4.70071
  42000.  5.00  -3.51639  -3.31794  -3.13829  -3.24150  -3.43324  -4.48752  -4.84954  -4.81823  -4.79736  -4.76232  -4.75322  -4.69334  -4.69825
  43000.  4.50  -3.60793  -3.40894  -3.22679  -3.32912  -3.51661  -4.57052  -4.93758  -4.90586  -4.88422  -4.84728  -4.83714  -4.77522  -4.77930
  43000.  5.00  -3.58449  -3.38644  -3.20774  -3.31124  -3.50436  -4.56132  -4.92504  -4.89422  -4.87404  -4.83920  -4.83047  -4.77057  -4.77557
  44000.  4.50  -3.67462  -3.47655  -3.29570  -3.39836  -3.58740  -4.64363  -5.01221  -4.98104  -4.95999  -4.92344  -4.91365  -4.85237  -4.85659
  44000.  5.00  -3.65191  -3.45442  -3.27679  -3.38060  -3.57520  -4.63459  -4.99983  -4.96952  -4.95002  -4.91545  -4.90711  -4.84744  -4.85255
  45000.  4.50  -3.73998  -3.54286  -3.36329  -3.46626  -3.65683  -4.71523  -5.08527  -5.05462  -5.03413  -4.99798  -4.98852  -4.92794  -4.93230
  45000.  5.00  -3.71834  -3.52153  -3.34505  -3.44917  -3.64528  -4.70690  -5.07356  -5.04376  -5.02489  -4.99065  -4.98267  -4.92342  -4.92866
  46000.  4.50  -3.80399  -3.60784  -3.42955  -3.53281  -3.72484  -4.78526  -5.15672  -5.12658  -5.10661  -5.07086  -5.06171  -5.00186  -5.00636
  46000.  5.00  -3.78359  -3.58753  -3.41222  -3.51665  -3.71426  -4.77795  -5.14593  -5.11665  -5.09840  -5.06454  -5.05692  -4.99818  -5.00356
  47000.  4.50  -3.86667  -3.67152  -3.49447  -3.59800  -3.79142  -4.85371  -5.22660  -5.19693  -5.17743  -5.14207  -5.13320  -5.07411  -5.07873
  47000.  5.00  -3.84756  -3.65230  -3.47818  -3.58291  -3.78199  -4.84763  -5.21687  -5.18811  -5.17044  -5.13696  -5.12968  -5.07151  -5.07703
  48000.  4.50  -3.92805  -3.73391  -3.55807  -3.66187  -3.85660  -4.92067  -5.29492  -5.26572  -5.24665  -5.21166  -5.20303  -5.14471  -5.14945
  48000.  5.00  -3.91020  -3.71577  -3.54284  -3.64783  -3.84834  -4.91582  -5.28629  -5.25803  -5.24091  -5.20779  -5.20085  -5.14330  -5.14896
  49000.  4.50  -3.98817  -3.79503  -3.62038  -3.72442  -3.92042  -4.98614  -5.36175  -5.33300  -5.31431  -5.27968  -5.27128  -5.21373  -5.21857
  49000.  5.00  -3.97155  -3.77797  -3.60620  -3.71148  -3.91336  -4.98256  -5.35426  -5.32646  -5.30983  -5.27709  -5.27044  -5.21356  -5.21933
  50000.  5.00  -4.03158  -3.83889  -3.66829  -3.77382  -3.97702  -5.04782  -5.42072  -5.39339  -5.37724  -5.34485  -5.33847  -5.28226  -5.28817
