   3500.  0.00 -10.53281  -9.80354 -10.95790  -9.25860  -8.57723  -6.44586  -5.54191  -4.35694  -3.51532  -2.74926  -2.40577  -0.63047  -0.32603
   3500.  0.50 -10.51429  -9.83425 -10.95859  -9.08345  -8.28491  -6.26448  -5.48021  -4.41898  -3.63269  -2.87433  -2.53931  -0.67482  -0.35756
   3500.  1.00 -10.48214  -9.85773 -10.94235  -8.88313  -7.98394  -6.07697  -5.40850  -4.46673  -3.72951  -2.97676  -2.64827  -0.71252  -0.38385
   3500.  1.50 -10.43504  -9.87280 -10.90687  -8.65978  -7.67296  -5.88249  -5.32493  -4.49747  -3.80362  -3.05477  -2.73083  -0.74159  -0.40336
   3500.  2.00 -10.36603  -9.87305 -10.84464  -8.41354  -7.34902  -5.67678  -5.21700  -4.49573  -3.84132  -3.09727  -2.77674  -0.75393  -0.40931
   3500.  2.50 -10.27177  -9.85257 -10.75010  -8.14913  -7.01340  -5.46169  -5.08129  -4.45331  -3.83541  -3.09877  -2.78134  -0.74253  -0.39526
   3500.  3.00 -10.15440  -9.80540 -10.61889  -7.88290  -6.68421  -5.24984  -4.91959  -4.36308  -3.77621  -3.05123  -2.73713  -0.69983  -0.35448
   3500.  3.50 -10.01391  -9.72745 -10.44765  -7.62759  -6.37959  -5.04412  -4.72861  -4.21698  -3.65149  -2.94353  -2.63279  -0.62087  -0.28268
   3500.  4.00  -9.86175  -9.62309 -10.24395  -7.39096  -6.10452  -4.85502  -4.52453  -4.02918  -3.46788  -2.77832  -2.46891  -0.51126  -0.18461
   3500.  4.50  -9.71332  -9.50426 -10.02796  -7.17167  -5.85027  -4.69218  -4.32954  -3.82259  -3.24284  -2.56617  -2.25379  -0.38477  -0.07331
   3500.  5.00  -9.61102  -9.40363  -9.82431  -7.02034  -5.67593  -4.60319  -4.18920  -3.64217  -3.01817  -2.34322  -2.02205  -0.27685   0.01721
   3750.  0.00 -10.10000  -9.52172 -10.61060  -8.80930  -8.12653  -5.94036  -4.80818  -3.49199  -2.55838  -1.83709  -1.48165  -0.30446  -0.08749
   3750.  0.50 -10.06309  -9.53390 -10.57726  -8.63076  -7.83383  -5.77231  -4.72385  -3.50612  -2.60513  -1.89384  -1.54295  -0.32082  -0.09836
   3750.  1.00 -10.01861  -9.54317 -10.52608  -8.44176  -7.55247  -5.60073  -4.63590  -3.51682  -2.65325  -1.95322  -1.60792  -0.33562  -0.10706
   3750.  1.50  -9.96382  -9.54984 -10.45649  -8.23882  -7.27147  -5.42009  -4.53868  -3.52102  -2.69985  -2.01270  -1.67396  -0.34982  -0.11484
   3750.  2.00  -9.90416  -9.55369 -10.37054  -8.02807  -6.98888  -5.24340  -4.44389  -3.52398  -2.74560  -2.07085  -1.73869  -0.36285  -0.12147
   3750.  2.50  -9.83853  -9.55352 -10.26957  -7.80958  -6.70216  -5.06928  -4.35009  -3.52383  -2.78841  -2.12518  -1.79945  -0.37381  -0.12618
   3750.  3.00  -9.77562  -9.54700 -10.15641  -7.59918  -6.42757  -4.91686  -4.27015  -3.52554  -2.82707  -2.17202  -1.85124  -0.37938  -0.12603
   3750.  3.50  -9.70981  -9.52844 -10.02736  -7.40119  -6.17554  -4.78112  -4.19094  -3.51382  -2.84498  -2.19650  -1.87916  -0.37305  -0.11579
   3750.  4.00  -9.63923  -9.49000  -9.88086  -7.22206  -5.95446  -4.66352  -4.10982  -3.48045  -2.82952  -2.18539  -1.86928  -0.34544  -0.08680
   3750.  4.50  -9.55501  -9.42370  -9.70560  -7.04037  -5.73519  -4.55204  -4.01669  -3.40693  -2.75490  -2.11183  -1.79344  -0.28799  -0.03279
   3750.  5.00  -9.46887  -9.34262  -9.52010  -6.86975  -5.53429  -4.45609  -3.92221  -3.30742  -2.63762  -1.99209  -1.66836  -0.21403   0.03364
   4000.  0.00  -9.75362  -9.35898 -10.39612  -8.33036  -7.50046  -5.41650  -4.26721  -2.96759  -2.08465  -1.42096  -1.08235  -0.14592   0.03006
   4000.  0.50  -9.71568  -9.36484 -10.34591  -8.15389  -7.22852  -5.28371  -4.19720  -2.96912  -2.10143  -1.44278  -1.10530  -0.15509   0.02251
   4000.  1.00  -9.67304  -9.36808 -10.27226  -7.96806  -6.96234  -5.14705  -4.12431  -2.97151  -2.11975  -1.46587  -1.12930  -0.16251   0.01688
   4000.  1.50  -9.61811  -9.36817 -10.17153  -7.76867  -6.69643  -4.99569  -4.03317  -2.96341  -2.13329  -1.48790  -1.15332  -0.16946   0.01187
   4000.  2.00  -9.56136  -9.36611 -10.04761  -7.56688  -6.43575  -4.84824  -3.94445  -2.95660  -2.14921  -1.51284  -1.18035  -0.17657   0.00724
   4000.  2.50  -9.50354  -9.36148  -9.90520  -7.37288  -6.19343  -4.70784  -3.85862  -2.95024  -2.16788  -1.54145  -1.21160  -0.18367   0.00323
   4000.  3.00  -9.45329  -9.35411  -9.75261  -7.19625  -5.97534  -4.58770  -3.79034  -2.95408  -2.19533  -1.57645  -1.24879  -0.18958   0.00114
   4000.  3.50  -9.41168  -9.34248  -9.59689  -7.04670  -5.79437  -4.49147  -3.73790  -2.96429  -2.22667  -1.61314  -1.28723  -0.19264   0.00228
   4000.  4.00  -9.37614  -9.32307  -9.44138  -6.91857  -5.64134  -4.41590  -3.69765  -2.97478  -2.25425  -1.64352  -1.31863  -0.18914   0.00976
   4000.  4.50  -9.33980  -9.28782  -9.27926  -6.80013  -5.50203  -4.35290  -3.66436  -2.97606  -2.26379  -1.65115  -1.32538  -0.17059   0.03081
   4000.  5.00  -9.29453  -9.22838  -9.08480  -6.66651  -5.34696  -4.29362  -3.63270  -2.95086  -2.23159  -1.61072  -1.28133  -0.13114   0.06877
   4250.  0.00  -9.42881  -9.24084 -10.17791  -7.64415  -6.52611  -4.87780  -3.80632  -2.59855  -1.78724  -1.18106  -0.86377  -0.04844   0.10371
   4250.  0.50  -9.39325  -9.24329 -10.10024  -7.48746  -6.32436  -4.77356  -3.75302  -2.59581  -1.79684  -1.19511  -0.87900  -0.05616   0.09717
   4250.  1.00  -9.35296  -9.24272  -9.98904  -7.31054  -6.10222  -4.66191  -3.69537  -2.59379  -1.80703  -1.20890  -0.89338  -0.06193   0.09211
   4250.  1.50  -9.30507  -9.23859  -9.84506  -7.12429  -5.87742  -4.54253  -3.62670  -2.58622  -1.81337  -1.22042  -0.90559  -0.06701   0.08734
   4250.  2.00  -9.25143  -9.23119  -9.67690  -6.93623  -5.65672  -4.41911  -3.55020  -2.57553  -1.81785  -1.23126  -0.91705  -0.07232   0.08223
   4250.  2.50  -9.20372  -9.22083  -9.49680  -6.77553  -5.47359  -4.31354  -3.48167  -2.56959  -1.82360  -1.24205  -0.92725  -0.07685   0.07779
   4250.  3.00  -9.16171  -9.20779  -9.31782  -6.64246  -5.32555  -4.22317  -3.42282  -2.56908  -1.83415  -1.25661  -0.94096  -0.08109   0.07439
   4250.  3.50  -9.13414  -9.19186  -9.14641  -6.54663  -5.22215  -4.16130  -3.38433  -2.58169  -1.85316  -1.27617  -0.95831  -0.08335   0.07378
   4250.  4.00  -9.11532  -9.17177  -8.98299  -6.47820  -5.15246  -4.11908  -3.35809  -2.59935  -1.87508  -1.29714  -0.97676  -0.08372   0.07554
   4250.  4.50  -9.10269  -9.14426  -8.82554  -6.42165  -5.09636  -4.09160  -3.34341  -2.62049  -1.89810  -1.31682  -0.99352  -0.07905   0.08269
   4250.  5.00  -9.08826  -9.10050  -8.65834  -6.35326  -5.02559  -4.06807  -3.33795  -2.63609  -1.91128  -1.32267  -0.99595  -0.06208   0.10143
   4500.  0.00  -9.12953  -9.13248  -9.59642  -6.88492  -5.60260  -4.38586  -3.41850  -2.32752  -1.57872  -1.01880  -0.71922   0.01928   0.15273
   4500.  0.50  -9.09634  -9.12901  -9.46811  -6.75569  -5.45993  -4.30343  -3.37589  -2.32055  -1.58352  -1.02912  -0.73146   0.01087   0.14602
   4500.  1.00  -9.06308  -9.12026  -9.28932  -6.61304  -5.30424  -4.21965  -3.33568  -2.31772  -1.59106  -1.04033  -0.74370   0.00515   0.14146
   4500.  1.50  -9.02506  -9.10482  -9.06775  -6.45285  -5.13128  -4.12951  -3.28999  -2.31385  -1.59804  -1.05105  -0.75514   0.00041   0.13735
   4500.  2.00  -8.97943  -9.08374  -8.83932  -6.29128  -4.95924  -4.03231  -3.23263  -2.30411  -1.60108  -1.05983  -0.76485  -0.00502   0.13203
   4500.  2.50  -8.93562  -9.05757  -8.62547  -6.14776  -4.80772  -3.94345  -3.17687  -2.29665  -1.60414  -1.06773  -0.77255  -0.00980   0.12700
   4500.  3.00  -8.89979  -9.03316  -8.47446  -6.04941  -4.70435  -3.87425  -3.12914  -2.29436  -1.60881  -1.07539  -0.77867  -0.01320   0.12313
   4500.  3.50  -8.87408  -9.00785  -8.35687  -5.98530  -4.63723  -3.82492  -3.09481  -2.30199  -1.61953  -1.08579  -0.78602  -0.01440   0.12188
   4500.  4.00  -8.86024  -8.98108  -8.25991  -5.95513  -4.60810  -3.79847  -3.07417  -2.31826  -1.63453  -1.09760  -0.79345  -0.01364   0.12296
   4500.  4.50  -8.85569  -8.95316  -8.17822  -5.94979  -4.60785  -3.79030  -3.06453  -2.33968  -1.65163  -1.10961  -0.80044  -0.01115   0.12609
   4500.  5.00  -8.85716  -8.91756  -8.08863  -5.94816  -4.61347  -3.79419  -3.06557  -2.36586  -1.67072  -1.12094  -0.80622  -0.00467   0.13343
   4750.  0.00  -8.85247  -8.96566  -8.43757  -6.21762  -4.91718  -3.95206  -3.08924  -2.11642  -1.42504  -0.90441  -0.62030   0.06820   0.18569
   4750.  0.50  -8.82003  -8.94792  -8.30429  -6.09261  -4.78548  -3.88183  -3.05227  -2.10743  -1.42692  -0.91214  -0.63026   0.05825   0.17769
   4750.  1.00  -8.79096  -8.92074  -8.13880  -5.96807  -4.65804  -3.81644  -3.02208  -2.10326  -1.43171  -0.92086  -0.64038   0.05143   0.17246
   4750.  1.50  -8.76062  -8.88165  -7.94244  -5.83552  -4.52459  -3.75014  -2.99191  -2.10014  -1.43737  -0.93002  -0.65062   0.04586   0.16808
   4750.  2.00  -8.72491  -8.83109  -7.73420  -5.69708  -4.38616  -3.67921  -2.95526  -2.09380  -1.44109  -0.93843  -0.66031   0.03992   0.16290
   4750.  2.50  -8.68684  -8.77757  -7.55625  -5.57158  -4.25931  -3.60984  -2.91504  -2.08594  -1.44321  -0.94575  -0.66857   0.03393   0.15718
   4750.  3.00  -8.65403  -8.73506  -7.44743  -5.48212  -4.16537  -3.55413  -2.87878  -2.08162  -1.44589  -0.95217  -0.67452   0.02939   0.15240
   4750.  3.50  -8.62712  -8.70424  -7.40151  -5.42783  -4.10329  -3.51211  -2.84826  -2.08259  -1.45106  -0.95899  -0.67947   0.02695   0.14959
   4750.  4.00  -8.61076  -8.68602  -7.40810  -5.41058  -4.07668  -3.48885  -2.82864  -2.09216  -1.46056  -0.96695  -0.68374   0.02723   0.14961
   4750.  4.50  -8.60395  -8.67320  -7.44200  -5.42543  -4.08403  -3.48320  -2.81849  -2.10859  -1.47291  -0.97505  -0.68665   0.02985   0.15207
   4750.  5.00  -8.60513  -8.65843  -7.47200  -5.45936  -4.11528  -3.49202  -2.81678  -2.13014  -1.48705  -0.98267  -0.68807   0.03437   0.15642
   5000.  0.00  -8.57437  -8.68243  -7.46777  -5.68155  -4.42243  -3.56606  -2.80062  -1.93858  -1.30471  -0.82249  -0.55421   0.09911   0.20442
   5000.  0.50  -8.54320  -8.62915  -7.28728  -5.54016  -4.27882  -3.50317  -2.76886  -1.93100  -1.30655  -0.82944  -0.56314   0.08794   0.19488
   5000.  1.00  -8.51489  -8.56492  -7.10365  -5.40652  -4.14641  -3.44644  -2.74383  -1.92704  -1.31033  -0.83685  -0.57193   0.07966   0.18809
   5000.  1.50  -8.48727  -8.48837  -6.91630  -5.27716  -4.02081  -3.39375  -2.72251  -1.92502  -1.31521  -0.84467  -0.58081   0.07291   0.18266
   5000.  2.00  -8.45737  -8.40130  -6.73074  -5.15062  -3.89933  -3.34175  -2.70009  -1.92205  -1.31949  -0.85234  -0.58964   0.06633   0.17714
   5000.  2.50  -8.42647  -8.31682  -6.57188  -5.03709  -3.78900  -3.29268  -2.67594  -1.91746  -1.32231  -0.85922  -0.59768   0.05967   0.17120
   5000.  3.00  -8.39770  -8.24830  -6.46160  -4.94821  -3.69894  -3.25106  -2.65235  -1.91321  -1.32441  -0.86520  -0.60426   0.05373   0.16557
   5000.  3.50  -8.37468  -8.20727  -6.41631  -4.89331  -3.63656  -3.22084  -2.63179  -1.91175  -1.32710  -0.87049  -0.60897   0.04979   0.16158
   5000.  4.00  -8.35764  -8.19159  -6.43215  -4.87110  -3.60064  -3.20187  -2.61532  -1.91500  -1.33203  -0.87607  -0.61249   0.04833   0.15990
   5000.  4.50  -8.34781  -8.19551  -6.49759  -4.87937  -3.59160  -3.19503  -2.60441  -1.92373  -1.33942  -0.88183  -0.61460   0.04946   0.16077
   5000.  5.00  -8.34622  -8.21490  -6.60167  -4.91688  -3.61145  -3.20130  -2.59980  -1.93781  -1.34877  -0.88717  -0.61472   0.05305   0.16402
   5250.  0.00  -8.26043  -8.32436  -6.81417  -5.24926  -4.03918  -3.21089  -2.53698  -1.77846  -1.20356  -0.76158  -0.51074   0.10837   0.20618
   5250.  0.50  -8.23274  -8.23218  -6.60397  -5.10191  -3.89278  -3.16155  -2.51561  -1.77636  -1.20822  -0.76940  -0.51969   0.09800   0.19646
   5250.  1.00  -8.20499  -8.12529  -6.39212  -4.95850  -3.75427  -3.11474  -2.49784  -1.77567  -1.21341  -0.77702  -0.52819   0.08948   0.18877
   5250.  1.50  -8.17731  -8.00677  -6.18535  -4.82165  -3.62524  -3.07157  -2.48347  -1.77635  -1.21920  -0.78471  -0.53656   0.08220   0.18238
   5250.  2.00  -8.14935  -7.88316  -5.99186  -4.69391  -3.50667  -3.03174  -2.47050  -1.77706  -1.22475  -0.79221  -0.54475   0.07541   0.17641
   5250.  2.50  -8.12282  -7.76674  -5.82521  -4.58131  -3.40189  -2.99699  -2.45823  -1.77702  -1.22929  -0.79903  -0.55228   0.06886   0.17054
   5250.  3.00  -8.10010  -7.67051  -5.69848  -4.49023  -3.31472  -2.96906  -2.44685  -1.77650  -1.23271  -0.80483  -0.55860   0.06290   0.16507
   5250.  3.50  -8.08339  -7.60577  -5.62527  -4.42846  -3.25043  -2.95047  -2.43713  -1.77642  -1.23529  -0.80944  -0.56315   0.05838   0.16078
   5250.  4.00  -8.07132  -7.57248  -5.60740  -4.39654  -3.20855  -2.94033  -2.42861  -1.77773  -1.23797  -0.81343  -0.56623   0.05573   0.15815
   5250.  4.50  -8.06364  -7.56752  -5.64362  -4.39462  -3.18960  -2.93873  -2.42205  -1.78179  -1.24157  -0.81702  -0.56768   0.05548   0.15777
   5250.  5.00  -8.06054  -7.58773  -5.73081  -4.42241  -3.19518  -2.94608  -2.41819  -1.78935  -1.24640  -0.82013  -0.56721   0.05772   0.15973
   5500.  0.00  -7.93595  -7.94566  -6.30756  -4.87682  -3.72175  -2.87863  -2.29259  -1.63171  -1.11616  -0.71547  -0.48342   0.09557   0.18959
   5500.  0.50  -7.90860  -7.82730  -6.09980  -4.74034  -3.58434  -2.84979  -2.28573  -1.63722  -1.12474  -0.72454  -0.49239   0.08813   0.18152
   5500.  1.00  -7.87587  -7.69010  -5.88268  -4.59913  -3.44742  -2.81764  -2.27830  -1.64178  -1.13253  -0.73294  -0.50084   0.08122   0.17440
   5500.  1.50  -7.84061  -7.54083  -5.66752  -4.46023  -3.31692  -2.78571  -2.27219  -1.64668  -1.14044  -0.74135  -0.50928   0.07472   0.16799
   5500.  2.00  -7.80563  -7.38935  -5.46572  -4.33012  -3.19753  -2.75657  -2.26765  -1.65166  -1.14808  -0.74942  -0.51740   0.06854   0.16206
   5500.  2.50  -7.77409  -7.24800  -5.28781  -4.21364  -3.09141  -2.73180  -2.26409  -1.65614  -1.15489  -0.75686  -0.52494   0.06258   0.15640
   5500.  3.00  -7.74871  -7.12695  -5.14281  -4.11592  -3.00161  -2.71302  -2.26174  -1.66017  -1.16067  -0.76334  -0.53144   0.05720   0.15135
   5500.  3.50  -7.73230  -7.03863  -5.04372  -4.04418  -2.93218  -2.70268  -2.26081  -1.66367  -1.16495  -0.76828  -0.53610   0.05302   0.14739
   5500.  4.00  -7.72249  -6.98320  -4.99230  -3.99917  -2.88267  -2.69969  -2.26033  -1.66673  -1.16796  -0.77187  -0.53905   0.05029   0.14479
   5500.  4.50  -7.71720  -6.96009  -4.99269  -3.98397  -2.85517  -2.70441  -2.26046  -1.67015  -1.17020  -0.77418  -0.53998   0.04961   0.14409
   5500.  5.00  -7.71421  -6.96461  -5.04295  -3.99793  -2.84973  -2.71611  -2.26086  -1.67453  -1.17209  -0.77539  -0.53885   0.05111   0.14542
   5750.  0.00  -7.60247  -7.53713  -5.86353  -4.54399  -3.45551  -2.57137  -2.06852  -1.49966  -1.04242  -0.68269  -0.47007   0.06397   0.15673
   5750.  0.50  -7.57653  -7.41480  -5.68102  -4.43045  -3.33461  -2.56749  -2.07835  -1.51300  -1.05410  -0.69175  -0.47753   0.06136   0.15210
   5750.  1.00  -7.53504  -7.26501  -5.47601  -4.30032  -3.20437  -2.55231  -2.08257  -1.52358  -1.06475  -0.70077  -0.48551   0.05764   0.14689
   5750.  1.50  -7.48665  -7.10228  -5.26709  -4.16692  -3.07621  -2.53389  -2.08578  -1.53329  -1.07497  -0.70975  -0.49371   0.05329   0.14160
   5750.  2.00  -7.43771  -6.93826  -5.06651  -4.03822  -2.95618  -2.51638  -2.08989  -1.54285  -1.08488  -0.71851  -0.50177   0.04876   0.13651
   5750.  2.50  -7.39259  -6.78342  -4.88349  -3.91932  -2.84737  -2.50101  -2.09427  -1.55174  -1.09406  -0.72685  -0.50955   0.04395   0.13144
   5750.  3.00  -7.35522  -6.64713  -4.72706  -3.81565  -2.75289  -2.48983  -2.09943  -1.56012  -1.10236  -0.73439  -0.51653   0.03949   0.12693
   5750.  3.50  -7.32951  -6.54078  -4.60855  -3.73359  -2.67587  -2.48499  -2.10527  -1.56755  -1.10903  -0.74041  -0.52186   0.03590   0.12339
   5750.  4.00  -7.31376  -6.46603  -4.53100  -3.67496  -2.61670  -2.48596  -2.11104  -1.57381  -1.11397  -0.74482  -0.52541   0.03350   0.12106
   5750.  4.50  -7.30662  -6.42644  -4.50199  -3.64504  -2.57873  -2.49421  -2.11699  -1.57914  -1.11700  -0.74719  -0.52651   0.03300   0.12057
   5750.  5.00  -7.30361  -6.41641  -4.51945  -3.64318  -2.56158  -2.50879  -2.12234  -1.58363  -1.11837  -0.74772  -0.52521   0.03447   0.12195
   6000.  0.00  -7.24506  -7.09537  -5.46037  -4.24784  -3.23564  -2.29237  -1.86504  -1.38346  -0.98357  -0.66420  -0.47142   0.01673   0.11007
   6000.  0.50  -7.22172  -6.98802  -5.31374  -4.16246  -3.13503  -2.31438  -1.89204  -1.40396  -0.99652  -0.67085  -0.47464   0.02090   0.11087
   6000.  1.00  -7.16969  -6.84075  -5.13076  -4.04858  -3.01464  -2.31816  -1.90909  -1.42023  -1.00883  -0.67889  -0.48032   0.02199   0.10907
   6000.  1.50  -7.10322  -6.67619  -4.93570  -3.92423  -2.89045  -2.31351  -1.92172  -1.43472  -1.02103  -0.68783  -0.48744   0.02109   0.10596
   6000.  2.00  -7.03333  -6.50877  -4.74241  -3.79947  -2.77033  -2.30740  -1.93390  -1.44857  -1.03294  -0.69700  -0.49510   0.01904   0.10235
   6000.  2.50  -6.96685  -6.34823  -4.55994  -3.68020  -2.65871  -2.30168  -1.94599  -1.46180  -1.04437  -0.70606  -0.50287   0.01616   0.09846
   6000.  3.00  -6.90996  -6.20485  -4.39877  -3.57279  -2.55934  -2.29833  -1.95813  -1.47423  -1.05489  -0.71450  -0.51014   0.01305   0.09475
   6000.  3.50  -6.86699  -6.08701  -4.26731  -3.48196  -2.47414  -2.29859  -1.97017  -1.48557  -1.06406  -0.72184  -0.51632   0.01021   0.09165
   6000.  4.00  -6.83870  -5.99878  -4.17126  -3.41146  -2.40487  -2.30282  -1.98169  -1.49551  -1.07147  -0.72761  -0.52086   0.00823   0.08959
   6000.  4.50  -6.82682  -5.94701  -4.11970  -3.36736  -2.35507  -2.31268  -1.99254  -1.50369  -1.07646  -0.73106  -0.52288   0.00790   0.08924
   6000.  5.00  -6.82528  -5.92577  -4.11015  -3.34930  -2.32480  -2.32758  -2.00212  -1.51009  -1.07906  -0.73222  -0.52229   0.00943   0.09073
   6250.  0.50  -6.84290  -6.56163  -4.98899  -3.93058  -2.97652  -2.08630  -1.72276  -1.30873  -0.95218  -0.66264  -0.48472  -0.03148   0.05922
   6250.  1.00  -6.78229  -6.42556  -4.83127  -3.83603  -2.86831  -2.11192  -1.75412  -1.33008  -0.96397  -0.66697  -0.48505  -0.02384   0.06260
   6250.  1.50  -6.69803  -6.26480  -4.65212  -3.72214  -2.74903  -2.12296  -1.77759  -1.34906  -0.97688  -0.67425  -0.48930  -0.01990   0.06292
   6250.  2.00  -6.60513  -6.09732  -4.46787  -3.60175  -2.62918  -2.12691  -1.79700  -1.36687  -0.99044  -0.68327  -0.49584  -0.01863   0.06142
   6250.  2.50  -6.51413  -5.93413  -4.28904  -3.48301  -2.51477  -2.13008  -1.81599  -1.38410  -1.00383  -0.69272  -0.50315  -0.01891   0.05918
   6250.  3.00  -6.43463  -5.78681  -4.12644  -3.37269  -2.41006  -2.13447  -1.83479  -1.40045  -1.01643  -0.70187  -0.51043  -0.02010   0.05666
   6250.  3.50  -6.37057  -5.66100  -3.98661  -3.27476  -2.31701  -2.14018  -1.85297  -1.41571  -1.02802  -0.71044  -0.51730  -0.02182   0.05423
   6250.  4.00  -6.32608  -5.56417  -3.87849  -3.19494  -2.23849  -2.14828  -1.87022  -1.42945  -1.03798  -0.71769  -0.52287  -0.02319   0.05253
   6250.  4.50  -6.30533  -5.50329  -3.80948  -3.13803  -2.17680  -2.15941  -1.88562  -1.44084  -1.04538  -0.72273  -0.52623  -0.02345   0.05215
   6250.  5.00  -6.30282  -5.47392  -3.77892  -3.10527  -2.13341  -2.17387  -1.89918  -1.44995  -1.05016  -0.72536  -0.52701  -0.02208   0.05352
   6500.  0.50  -6.45969  -6.15121  -4.69817  -3.72964  -2.84597  -1.89855  -1.58475  -1.23061  -0.91833  -0.66180  -0.50149  -0.08952   0.00273
   6500.  1.00  -6.39299  -6.03530  -4.56922  -3.65401  -2.75511  -1.92509  -1.61165  -1.25112  -0.93035  -0.66614  -0.50118  -0.07924   0.00769
   6500.  1.50  -6.29467  -5.87901  -4.40476  -3.55178  -2.64183  -1.95521  -1.64791  -1.27425  -0.94195  -0.66912  -0.49957  -0.06871   0.01331
   6500.  2.00  -6.18344  -5.71270  -4.23002  -3.43702  -2.52351  -1.97212  -1.67653  -1.29578  -0.95579  -0.67625  -0.50308  -0.06281   0.01511
   6500.  2.50  -6.07240  -5.54855  -4.05622  -3.31945  -2.40704  -1.98377  -1.70185  -1.31649  -0.97056  -0.68542  -0.50920  -0.05986   0.01493
   6500.  3.00  -5.97228  -5.39719  -3.89313  -3.20623  -2.29708  -1.99476  -1.72647  -1.33657  -0.98522  -0.69522  -0.51633  -0.05879   0.01385
   6500.  3.50  -5.88824  -5.26498  -3.74818  -3.10255  -2.19696  -2.00577  -1.75019  -1.35557  -0.99914  -0.70491  -0.52369  -0.05904   0.01226
   6500.  4.00  -5.82803  -5.16208  -3.63172  -3.01484  -2.10964  -2.01798  -1.77283  -1.37304  -1.01159  -0.71358  -0.53018  -0.05951   0.01105
   6500.  4.50  -5.79586  -5.09356  -3.54914  -2.94682  -2.03683  -2.03143  -1.79370  -1.38841  -1.02195  -0.72058  -0.53509  -0.05963   0.01068
   6500.  5.00  -5.78776  -5.05756  -3.50233  -2.90120  -1.98090  -2.04598  -1.81157  -1.40073  -1.02927  -0.72498  -0.53741  -0.05834   0.01192
   6750.  0.50  -6.07520  -5.76149  -4.43118  -3.54853  -2.73107  -1.74376  -1.47609  -1.17021  -0.89532  -0.66732  -0.52308  -0.14929  -0.05544
   6750.  1.00  -6.01868  -5.67292  -4.33258  -3.49342  -2.66079  -1.77017  -1.49664  -1.18724  -0.90565  -0.67102  -0.52223  -0.13797  -0.04989
   6750.  1.50  -5.91714  -5.53214  -4.18941  -3.40600  -2.56063  -1.80087  -1.52701  -1.20844  -0.91678  -0.67388  -0.52010  -0.12573  -0.04356
   6750.  2.00  -5.79132  -5.36444  -4.02218  -3.29817  -2.44482  -1.83621  -1.56786  -1.23353  -0.92867  -0.67625  -0.51736  -0.11329  -0.03650
   6750.  2.50  -5.66589  -5.19890  -3.85336  -3.18303  -2.32795  -1.85911  -1.60118  -1.25754  -0.94359  -0.68364  -0.52063  -0.10600  -0.03355
   6750.  3.00  -5.54957  -5.04320  -3.69063  -3.06798  -2.21442  -1.87712  -1.63164  -1.28108  -0.95982  -0.69341  -0.52686  -0.10204  -0.03276
   6750.  3.50  -5.45006  -4.90597  -3.54299  -2.95985  -2.10831  -1.89334  -1.66032  -1.30357  -0.97591  -0.70403  -0.53442  -0.10042  -0.03326
   6750.  4.00  -5.37669  -4.79755  -3.41978  -2.86470  -2.01241  -1.90966  -1.68826  -1.32489  -0.99094  -0.71410  -0.54169  -0.09974  -0.03381
   6750.  4.50  -5.33124  -4.72081  -3.32567  -2.78643  -1.92915  -1.92539  -1.71413  -1.34412  -1.00419  -0.72298  -0.54803  -0.09942  -0.03403
   6750.  5.00  -5.31581  -4.67950  -3.26658  -2.73001  -1.86187  -1.94106  -1.73680  -1.36024  -1.01455  -0.72953  -0.55215  -0.09821  -0.03295
   7000.  0.50  -5.68598  -5.38288  -4.17407  -3.37728  -2.62108  -1.61918  -1.39529  -1.12714  -0.88261  -0.67815  -0.54798  -0.20802  -0.11330
   7000.  1.00  -5.65686  -5.33134  -4.11007  -3.34492  -2.57468  -1.64358  -1.40768  -1.13906  -0.89013  -0.68077  -0.54653  -0.19713  -0.10796
   7000.  1.50  -5.56661  -5.21355  -3.99132  -3.27456  -2.49097  -1.67387  -1.43050  -1.15594  -0.89916  -0.68317  -0.54435  -0.18479  -0.10211
   7000.  2.00  -5.44298  -5.05947  -3.84125  -3.17895  -2.38586  -1.71020  -1.46550  -1.17877  -0.91019  -0.68527  -0.54107  -0.17098  -0.09455
   7000.  2.50  -5.30422  -4.88868  -3.67500  -3.06695  -2.26957  -1.74970  -1.51067  -1.20633  -0.92326  -0.68805  -0.53829  -0.15746  -0.08651
   7000.  3.00  -5.17646  -4.72935  -3.51410  -2.95239  -2.15503  -1.77739  -1.54800  -1.23281  -0.93970  -0.69636  -0.54208  -0.14969  -0.08304
   7000.  3.50  -5.06651  -4.58839  -3.36555  -2.84160  -2.04499  -1.80030  -1.58222  -1.25867  -0.95733  -0.70705  -0.54888  -0.14542  -0.08183
   7000.  4.00  -4.98112  -4.47327  -3.23650  -2.74016  -1.94233  -1.82080  -1.61502  -1.28370  -0.97490  -0.71845  -0.55679  -0.14333  -0.08155
   7000.  4.50  -4.92318  -4.38844  -3.13328  -2.65327  -1.85018  -1.83939  -1.64575  -1.30690  -0.99117  -0.72926  -0.56448  -0.14235  -0.08150
   7000.  5.00  -4.89850  -4.34094  -3.06352  -2.58690  -1.77227  -1.85655  -1.67302  -1.32685  -1.00460  -0.73798  -0.57035  -0.14111  -0.08057
   7250.  0.50  -5.27598  -4.99121  -3.90481  -3.20299  -2.50069  -1.53313  -1.34995  -1.10424  -0.87907  -0.69062  -0.57098  -0.26002  -0.16610
   7250.  1.00  -5.30588  -5.00355  -3.89326  -3.20126  -2.48963  -1.54012  -1.34103  -1.10540  -0.88380  -0.69568  -0.57434  -0.25578  -0.16612
   7250.  1.50  -5.23566  -4.91225  -3.79993  -3.14847  -2.42356  -1.57108  -1.35863  -1.11835  -0.89003  -0.69644  -0.57080  -0.24304  -0.15989
   7250.  2.00  -5.12601  -4.77946  -3.67124  -3.06780  -2.33288  -1.60571  -1.38493  -1.13649  -0.89913  -0.69867  -0.56829  -0.23007  -0.15368
   7250.  2.50  -4.99208  -4.62041  -3.51936  -2.96661  -2.22588  -1.64782  -1.42489  -1.16165  -0.91087  -0.70081  -0.56466  -0.21539  -0.14534
   7250.  3.00  -4.85429  -4.45572  -3.35923  -2.85346  -2.11120  -1.69112  -1.47371  -1.19168  -0.92554  -0.70473  -0.56268  -0.20171  -0.13710
   7250.  3.50  -4.73705  -4.31173  -3.21118  -2.74232  -2.00028  -1.72245  -1.51445  -1.22061  -0.94370  -0.71434  -0.56742  -0.19403  -0.13336
   7250.  4.00  -4.64123  -4.19068  -3.07946  -2.63798  -1.89487  -1.74800  -1.55122  -1.24834  -0.96278  -0.72630  -0.57528  -0.19030  -0.13221
   7250.  4.50  -4.57244  -4.09798  -2.96896  -2.54429  -1.79609  -1.77076  -1.58705  -1.27544  -0.98174  -0.73859  -0.58376  -0.18801  -0.13138
   7250.  5.00  -4.53708  -4.04214  -2.88894  -2.46848  -1.70839  -1.79005  -1.61926  -1.29960  -0.99850  -0.74957  -0.59134  -0.18649  -0.13037
   7500.  0.50  -4.77668  -4.50567  -3.55354  -2.98070  -2.32519  -1.50770  -1.36695  -1.11972  -0.89357  -0.70455  -0.58639  -0.29151  -0.20339
   7500.  1.00  -4.95724  -4.67347  -3.66722  -3.05249  -2.39545  -1.46156  -1.29923  -1.08788  -0.88717  -0.71522  -0.60444  -0.31144  -0.22217
   7500.  1.50  -4.92181  -4.62252  -3.60969  -3.02274  -2.35390  -1.48665  -1.30573  -1.09381  -0.88976  -0.71509  -0.60121  -0.30124  -0.21790
   7500.  2.00  -4.82936  -4.51181  -3.50248  -2.95753  -2.27804  -1.52342  -1.32759  -1.10820  -0.89583  -0.71540  -0.59707  -0.28787  -0.21157
   7500.  2.50  -4.71255  -4.37563  -3.37241  -2.87162  -2.18525  -1.56351  -1.35760  -1.12797  -0.90534  -0.71793  -0.59467  -0.27481  -0.20542
   7500.  3.00  -4.58088  -4.22149  -3.22456  -2.76781  -2.07881  -1.61060  -1.40316  -1.15625  -0.91854  -0.72073  -0.59121  -0.25953  -0.19627
   7500.  3.50  -4.45528  -4.07187  -3.07597  -2.65709  -1.96826  -1.65527  -1.45440  -1.18859  -0.93531  -0.72655  -0.59093  -0.24669  -0.18837
   7500.  4.00  -4.35227  -3.94592  -2.94258  -2.55136  -1.86188  -1.68876  -1.49765  -1.21963  -0.95524  -0.73774  -0.59706  -0.23975  -0.18491
   7500.  4.50  -4.27585  -3.84828  -2.82895  -2.45462  -1.76017  -1.71632  -1.53757  -1.24961  -0.97586  -0.75075  -0.60562  -0.23599  -0.18319
   7500.  5.00  -4.22897  -3.78248  -2.73981  -2.37133  -1.66586  -1.73871  -1.57443  -1.27763  -0.99556  -0.76368  -0.61458  -0.23392  -0.18194
   7750.  1.00  -4.60068  -4.32660  -3.41793  -2.88969  -2.28236  -1.41476  -1.28699  -1.08906  -0.90065  -0.73838  -0.63473  -0.36171  -0.27447
   7750.  1.50  -4.61842  -4.33323  -3.40976  -2.89004  -2.27381  -1.42277  -1.27338  -1.08353  -0.89891  -0.73910  -0.63503  -0.35801  -0.27530
   7750.  2.00  -4.55145  -4.25288  -3.33049  -2.84362  -2.21704  -1.45745  -1.28783  -1.09253  -0.90139  -0.73764  -0.62987  -0.34552  -0.26964
   7750.  2.50  -4.45262  -4.13890  -3.22155  -2.77256  -2.13860  -1.49840  -1.31342  -1.10871  -0.90810  -0.73851  -0.62619  -0.33233  -0.26351
   7750.  3.00  -4.33872  -4.00911  -3.09739  -2.68585  -2.04797  -1.54248  -1.34739  -1.13064  -0.91864  -0.74179  -0.62431  -0.31955  -0.25734
   7750.  3.50  -4.21624  -3.86618  -2.95800  -2.58279  -1.94436  -1.59367  -1.39804  -1.16191  -0.93339  -0.74554  -0.62143  -0.30440  -0.24796
   7750.  4.00  -4.10753  -3.73615  -2.82415  -2.47729  -1.83868  -1.63852  -1.45053  -1.19605  -0.95214  -0.75342  -0.62309  -0.29275  -0.24072
   7750.  4.50  -4.02517  -3.63377  -2.70826  -2.37914  -1.73659  -1.67229  -1.49569  -1.22894  -0.97375  -0.76614  -0.63057  -0.28656  -0.23716
   7750.  5.00  -3.96841  -3.55920  -2.61276  -2.29129  -1.63914  -1.69919  -1.53714  -1.26029  -0.99557  -0.78018  -0.64001  -0.28329  -0.23520
   8000.  1.00  -4.23595  -3.96149  -3.13921  -2.70427  -2.14341  -1.40266  -1.30952  -1.11452  -0.92895  -0.76796  -0.66648  -0.40356  -0.32103
   8000.  1.50  -4.32896  -4.05076  -3.20638  -2.75407  -2.18722  -1.38094  -1.26233  -1.08756  -0.91693  -0.76767  -0.67120  -0.41254  -0.33104
   8000.  2.00  -4.29405  -4.00683  -3.16019  -2.72913  -2.15326  -1.40652  -1.26466  -1.08899  -0.91575  -0.76568  -0.66715  -0.40380  -0.32836
   8000.  2.50  -4.21448  -3.91704  -3.07481  -2.67488  -2.09136  -1.44681  -1.28413  -1.10021  -0.91864  -0.76424  -0.66179  -0.39114  -0.32283
   8000.  3.00  -4.11565  -3.80563  -2.96818  -2.60104  -2.01241  -1.49274  -1.31396  -1.11884  -0.92655  -0.76607  -0.65878  -0.37820  -0.31695
   8000.  3.50  -4.00885  -3.68502  -2.85083  -2.51442  -1.92318  -1.54184  -1.35312  -1.14394  -0.93877  -0.77054  -0.65768  -0.36551  -0.31054
   8000.  4.00  -3.90136  -3.55801  -2.72245  -2.41403  -1.82297  -1.59447  -1.40865  -1.17834  -0.95539  -0.77536  -0.65548  -0.35046  -0.30054
   8000.  4.50  -3.81285  -3.44989  -2.60431  -2.31517  -1.72188  -1.63730  -1.46152  -1.21414  -0.97643  -0.78564  -0.65950  -0.34027  -0.29384
   8000.  5.00  -3.74942  -3.36917  -2.50524  -2.22533  -1.62395  -1.66994  -1.50778  -1.24831  -0.99935  -0.79965  -0.66817  -0.33487  -0.29034
   8250.  1.00  -3.87841  -3.58786  -2.82390  -2.48166  -1.96084  -1.42025  -1.36451  -1.16808  -0.97975  -0.81299  -0.70908  -0.44189  -0.36867
   8250.  1.50  -4.05152  -3.77286  -2.99463  -2.60964  -2.08699  -1.36208  -1.27214  -1.10627  -0.94424  -0.80112  -0.70956  -0.46419  -0.38512
   8250.  2.00  -4.04995  -3.76557  -2.98297  -2.60761  -2.07813  -1.37475  -1.26010  -1.09868  -0.93877  -0.79851  -0.70702  -0.46000  -0.38581
   8250.  2.50  -3.99181  -3.69892  -2.91843  -2.56747  -2.03080  -1.41115  -1.27272  -1.10539  -0.93912  -0.79615  -0.70153  -0.44847  -0.38121
   8250.  3.00  -3.91024  -3.60817  -2.83157  -2.50788  -1.96576  -1.45647  -1.29733  -1.11973  -0.94363  -0.79583  -0.69691  -0.43555  -0.37543
   8250.  3.50  -3.81893  -3.50904  -2.73642  -2.43794  -1.89226  -1.50374  -1.32879  -1.13924  -0.95206  -0.79869  -0.69512  -0.42423  -0.37050
   8250.  4.00  -3.72219  -3.40136  -2.62997  -2.35510  -1.80802  -1.55481  -1.37229  -1.16680  -0.96539  -0.80374  -0.69430  -0.41191  -0.36370
   8250.  4.50  -3.63010  -3.29049  -2.51276  -2.25835  -1.71076  -1.60656  -1.43047  -1.20323  -0.98353  -0.80976  -0.69311  -0.39735  -0.35352
   8250.  5.00  -3.56180  -3.20469  -2.41115  -2.16753  -1.61362  -1.64612  -1.48252  -1.23969  -1.00602  -0.82185  -0.69897  -0.38844  -0.34714
   8500.  1.50  -3.79815  -3.51332  -2.78384  -2.46102  -1.97640  -1.36327  -1.30078  -1.13948  -0.98179  -0.84082  -0.75157  -0.51329  -0.43800
   8500.  2.00  -3.82708  -3.54171  -2.81093  -2.48695  -1.99883  -1.35905  -1.27045  -1.11937  -0.96946  -0.83622  -0.75013  -0.51568  -0.44315
   8500.  2.50  -3.79065  -3.49982  -2.77081  -2.46374  -1.96977  -1.38755  -1.27367  -1.12001  -0.96673  -0.83315  -0.74534  -0.50705  -0.44074
   8500.  3.00  -3.72565  -3.42829  -2.70276  -2.41783  -1.91880  -1.42964  -1.29229  -1.12998  -0.96830  -0.83128  -0.73987  -0.49497  -0.43565
   8500.  3.50  -3.64678  -3.34268  -2.62055  -2.35793  -1.85525  -1.47785  -1.32059  -1.14647  -0.97384  -0.83181  -0.73588  -0.48246  -0.42992
   8500.  4.00  -3.56176  -3.25109  -2.53098  -2.28844  -1.78307  -1.52854  -1.35685  -1.16896  -0.98380  -0.83563  -0.73460  -0.47101  -0.42441
   8500.  4.50  -3.47545  -3.15448  -2.43238  -2.20745  -1.70052  -1.58092  -1.40541  -1.19936  -0.99829  -0.84105  -0.73372  -0.45840  -0.41658
   8500.  5.00  -3.40140  -3.06343  -2.32972  -2.11747  -1.60741  -1.62706  -1.46208  -1.23576  -1.01738  -0.84845  -0.73415  -0.44513  -0.40654
   8750.  1.50  -3.58409  -3.29236  -2.59321  -2.32076  -1.86464  -1.37937  -1.34180  -1.18316  -1.02763  -0.88675  -0.79817  -0.56243  -0.49215
   8750.  2.00  -3.62963  -3.34124  -2.64956  -2.37123  -1.91863  -1.35894  -1.29441  -1.15026  -1.00716  -0.87826  -0.79578  -0.57021  -0.49987
   8750.  2.50  -3.60923  -3.31755  -2.62971  -2.36256  -1.90668  -1.37747  -1.28762  -1.14433  -1.00114  -0.87450  -0.79200  -0.56538  -0.50023
   8750.  3.00  -3.55872  -3.26254  -2.57859  -2.32903  -1.86883  -1.41479  -1.29961  -1.14979  -1.00013  -0.87165  -0.78650  -0.55496  -0.49659
   8750.  3.50  -3.49241  -3.19172  -2.51158  -2.28090  -1.81713  -1.46134  -1.32272  -1.16224  -1.00264  -0.87039  -0.78129  -0.54277  -0.49134
   8750.  4.00  -3.41769  -3.11284  -2.43559  -2.22251  -1.75594  -1.51221  -1.35435  -1.18065  -1.00902  -0.87176  -0.77797  -0.53081  -0.48560
   8750.  4.50  -3.34031  -3.03071  -2.35365  -2.15543  -1.68637  -1.56347  -1.39440  -1.20552  -1.02023  -0.87646  -0.77731  -0.51962  -0.47937
   8750.  5.00  -3.26502  -2.94393  -2.26080  -2.07518  -1.60436  -1.61305  -1.44681  -1.23804  -1.03550  -0.88153  -0.77567  -0.50596  -0.46953
   9000.  1.50  -3.41130  -3.11401  -2.43070  -2.19523  -1.75662  -1.40298  -1.38799  -1.23154  -1.07754  -0.93633  -0.84791  -0.61287  -0.54800
   9000.  2.00  -3.46313  -3.17296  -2.50877  -2.26789  -1.84330  -1.37205  -1.32820  -1.18861  -1.04989  -0.92349  -0.84319  -0.62386  -0.55651
   9000.  2.50  -3.45258  -3.16029  -2.50414  -2.27142  -1.84801  -1.38103  -1.31258  -1.17686  -1.04113  -0.91941  -0.84081  -0.62338  -0.55985
   9000.  3.00  -3.41182  -3.11568  -2.46494  -2.24664  -1.82082  -1.41164  -1.31781  -1.17797  -1.03806  -0.91623  -0.83614  -0.61546  -0.55815
   9000.  3.50  -3.35580  -3.05612  -2.40977  -2.20740  -1.77863  -1.45392  -1.33541  -1.18658  -1.03825  -0.91386  -0.83058  -0.60415  -0.55352
   9000.  4.00  -3.29095  -2.98835  -2.34548  -2.15842  -1.72717  -1.50253  -1.36220  -1.20115  -1.04168  -0.91324  -0.82574  -0.59192  -0.54757
   9000.  4.50  -3.22080  -2.91594  -2.27514  -2.10149  -1.66797  -1.55376  -1.39701  -1.22152  -1.04904  -0.91540  -0.82303  -0.58030  -0.54137
   9000.  5.00  -3.14930  -2.84084  -2.19883  -2.03601  -1.59985  -1.60479  -1.44088  -1.24862  -1.06112  -0.92044  -0.82239  -0.56901  -0.53426
   9250.  2.00  -3.32442  -3.03361  -2.38767  -2.17623  -1.77217  -1.39240  -1.36708  -1.23096  -1.09542  -0.97063  -0.89172  -0.67673  -0.61277
   9250.  2.50  -3.32088  -3.02948  -2.39708  -2.19262  -1.79565  -1.39499  -1.34529  -1.21504  -1.08470  -0.96641  -0.89056  -0.68019  -0.61865
   9250.  3.00  -3.28763  -2.99242  -2.36773  -2.17572  -1.77940  -1.41946  -1.34549  -1.21328  -1.08088  -0.96392  -0.88769  -0.67561  -0.61939
   9250.  3.50  -3.23863  -2.93968  -2.32042  -2.14249  -1.74474  -1.45653  -1.35814  -1.21885  -1.07980  -0.96149  -0.88291  -0.66625  -0.61635
   9250.  4.00  -3.17997  -2.87853  -2.26387  -2.09975  -1.70026  -1.50169  -1.37974  -1.22955  -1.08057  -0.95930  -0.87716  -0.65445  -0.61092
   9250.  4.50  -3.11570  -2.81298  -2.20180  -2.05004  -1.64875  -1.55168  -1.40960  -1.24569  -1.08437  -0.95897  -0.87243  -0.64221  -0.60443
   9250.  5.00  -3.04874  -2.74528  -2.13539  -1.99362  -1.58995  -1.60315  -1.44798  -1.26815  -1.09256  -0.96170  -0.87002  -0.63057  -0.59734
   9500.  2.00  -3.20689  -2.91549  -2.28116  -2.09312  -1.70354  -1.41674  -1.40854  -1.27524  -1.14220  -1.01860  -0.94068  -0.72895  -0.66858
   9500.  2.50  -3.20865  -2.91895  -2.30410  -2.12289  -1.74679  -1.41550  -1.38246  -1.25644  -1.13016  -1.01437  -0.94049  -0.73577  -0.67660
   9500.  3.00  -3.18229  -2.88968  -2.28587  -2.11580  -1.74416  -1.43593  -1.37917  -1.25281  -1.12619  -1.01299  -0.93969  -0.73491  -0.68016
   9500.  3.50  -3.13935  -2.84286  -2.24608  -2.08887  -1.71788  -1.46943  -1.38855  -1.25662  -1.12482  -1.01128  -0.93641  -0.72816  -0.67933
   9500.  4.00  -3.08599  -2.78637  -2.19490  -2.05051  -1.67892  -1.51118  -1.40642  -1.26497  -1.12452  -1.00892  -0.93112  -0.71768  -0.67509
   9500.  4.50  -3.02616  -2.72496  -2.13782  -2.00504  -1.63239  -1.55828  -1.43159  -1.27755  -1.12576  -1.00698  -0.92531  -0.70543  -0.66862
   9500.  5.00  -2.96271  -2.66174  -2.07780  -1.95451  -1.58028  -1.60782  -1.46461  -1.29539  -1.13012  -1.00708  -0.92084  -0.69318  -0.66104
   9750.  2.00  -3.10582  -2.81334  -2.18671  -2.01778  -1.63886  -1.44334  -1.45137  -1.32060  -1.18977  -1.06722  -0.99014  -0.78102  -0.72418
   9750.  2.50  -3.11153  -2.82333  -2.22113  -2.05920  -1.69923  -1.43983  -1.42219  -1.29961  -1.17656  -1.06270  -0.99031  -0.79011  -0.73354
   9750.  3.00  -3.09123  -2.80161  -2.21415  -2.06263  -1.71140  -1.45771  -1.41648  -1.29479  -1.17271  -1.06243  -0.99139  -0.79272  -0.73973
   9750.  3.50  -3.05487  -2.76190  -2.18367  -2.04396  -1.69593  -1.48866  -1.42368  -1.29774  -1.17185  -1.06213  -0.99025  -0.78918  -0.74155
   9750.  4.00  -3.00748  -2.71112  -2.13920  -2.01133  -1.66403  -1.52760  -1.43897  -1.30487  -1.17160  -1.06064  -0.98643  -0.78091  -0.73917
   9750.  4.50  -2.95233  -2.65359  -2.08652  -1.96959  -1.62211  -1.57153  -1.46074  -1.31525  -1.17178  -1.05838  -0.98083  -0.76956  -0.73337
   9750.  5.00  -2.89182  -2.59243  -2.02936  -1.92181  -1.57379  -1.61825  -1.48926  -1.32958  -1.17350  -1.05661  -0.97494  -0.75686  -0.72549
  10000.  2.00  -3.01805  -2.72387  -2.10276  -1.95023  -1.58059  -1.47138  -1.49490  -1.36642  -1.23760  -1.11608  -1.03979  -0.83302  -0.77951
  10000.  2.50  -3.02679  -2.73957  -2.14636  -2.00064  -1.65318  -1.46653  -1.46347  -1.34377  -1.22339  -1.11108  -1.03988  -0.84338  -0.78951
  10000.  3.00  -3.01139  -2.72443  -2.14945  -2.01375  -1.67909  -1.48277  -1.45607  -1.33817  -1.21976  -1.11177  -1.04251  -0.84890  -0.79784
  10000.  3.50  -2.98113  -2.69180  -2.12866  -2.00400  -1.67557  -1.51180  -1.46162  -1.34064  -1.21960  -1.11299  -1.04353  -0.84861  -0.80226
  10000.  4.00  -2.94009  -2.64765  -2.09232  -1.97863  -1.65267  -1.54872  -1.47520  -1.34731  -1.22010  -1.11298  -1.04177  -0.84312  -0.80220
  10000.  4.50  -2.89016  -2.59501  -2.04535  -1.94199  -1.61687  -1.59074  -1.49483  -1.35670  -1.22032  -1.11141  -1.03734  -0.83356  -0.79807
  10000.  5.00  -2.83323  -2.53668  -1.99164  -1.89746  -1.57256  -1.63570  -1.52027  -1.36884  -1.22070  -1.10900  -1.03123  -0.82141  -0.79082
  10250.  2.00  -2.94433  -2.64848  -2.03277  -1.89488  -1.53528  -1.50190  -1.53957  -1.41331  -1.28651  -1.16616  -1.09076  -0.88649  -0.83593
  10250.  2.50  -2.95900  -2.67334  -2.08757  -1.95525  -1.61851  -1.49697  -1.50685  -1.38985  -1.27197  -1.16124  -1.09118  -0.89819  -0.84686
  10250.  3.00  -2.95047  -2.66703  -2.10233  -1.97945  -1.65847  -1.51360  -1.49917  -1.38461  -1.26938  -1.16353  -1.09582  -0.90685  -0.85770
  10250.  3.50  -2.92830  -2.64380  -2.09346  -1.98092  -1.66888  -1.54309  -1.50488  -1.38802  -1.27102  -1.16715  -1.09971  -0.91040  -0.86538
  10250.  4.00  -2.89588  -2.60894  -2.06807  -1.96570  -1.65771  -1.58075  -1.51885  -1.39594  -1.27360  -1.16979  -1.10106  -0.90864  -0.86870
  10250.  4.50  -2.85397  -2.56431  -2.02982  -1.93707  -1.63052  -1.62357  -1.53870  -1.40636  -1.27562  -1.17049  -1.09924  -0.90208  -0.86741
  10250.  5.00  -2.80294  -2.51117  -1.98143  -1.89746  -1.59134  -1.66893  -1.56353  -1.41862  -1.27673  -1.16928  -1.09461  -0.89172  -0.86193
  10500.  2.00  -2.87359  -2.57436  -1.96399  -1.84063  -1.49268  -1.53214  -1.58389  -1.45965  -1.33475  -1.21553  -1.14103  -0.93896  -0.89117
  10500.  2.50  -2.89162  -2.60542  -2.02504  -1.90552  -1.57854  -1.52594  -1.54937  -1.43465  -1.31888  -1.20938  -1.14025  -0.95001  -0.90126
  10500.  3.00  -2.88624  -2.60408  -2.04665  -1.93592  -1.62638  -1.54162  -1.54060  -1.42882  -1.31622  -1.21194  -1.14543  -0.96004  -0.91301
  10500.  3.50  -2.86794  -2.58604  -2.04539  -1.94463  -1.64690  -1.56979  -1.54517  -1.43190  -1.31834  -1.21660  -1.15081  -0.96605  -0.92256
  10500.  4.00  -2.84044  -2.55703  -2.02805  -1.93705  -1.64588  -1.60635  -1.55817  -1.43974  -1.32178  -1.22067  -1.15408  -0.96710  -0.92825
  10500.  4.50  -2.80428  -2.51872  -1.99772  -1.91583  -1.62766  -1.64846  -1.57701  -1.45013  -1.32468  -1.22284  -1.15418  -0.96317  -0.92936
  10500.  5.00  -2.75922  -2.47171  -1.95644  -1.88283  -1.59582  -1.69371  -1.60077  -1.46220  -1.32639  -1.22279  -1.15108  -0.95488  -0.92584
  10750.  2.00  -2.80942  -2.50630  -1.90235  -1.79318  -1.45900  -1.56363  -1.62856  -1.50625  -1.38325  -1.26525  -1.19171  -0.99194  -0.94664
  10750.  2.50  -2.83158  -2.54432  -1.96895  -1.86135  -1.54452  -1.55587  -1.59216  -1.47962  -1.36588  -1.25763  -1.18943  -1.00180  -0.95547
  10750.  3.00  -2.82909  -2.54778  -1.99622  -1.89635  -1.59698  -1.57071  -1.58242  -1.47313  -1.36285  -1.26001  -1.19457  -1.01240  -0.96749
  10750.  3.50  -2.81394  -2.53412  -2.00107  -1.91072  -1.62510  -1.59805  -1.58632  -1.47605  -1.36536  -1.26538  -1.20094  -1.02016  -0.97833
  10750.  4.00  -2.79049  -2.51011  -1.99078  -1.90987  -1.63317  -1.63367  -1.59858  -1.48394  -1.36965  -1.27080  -1.20596  -1.02374  -0.98610
  10750.  4.50  -2.75925  -2.47742  -1.96784  -1.89568  -1.62387  -1.67491  -1.61655  -1.49436  -1.37349  -1.27445  -1.20800  -1.02245  -0.98951
  10750.  5.00  -2.71975  -2.43627  -1.93360  -1.86935  -1.59976  -1.71988  -1.63941  -1.50645  -1.37605  -1.27577  -1.20665  -1.01647  -0.98813
  11000.  2.00  -2.74874  -2.44121  -1.84507  -1.74992  -1.43151  -1.59570  -1.67315  -1.55265  -1.43152  -1.31479  -1.24228  -1.04484  -1.00181
  11000.  2.50  -2.77398  -2.48442  -1.91401  -1.81821  -1.51255  -1.58556  -1.63463  -1.52409  -1.41227  -1.30516  -1.23788  -1.05252  -1.00850
  11000.  3.00  -2.77292  -2.49106  -1.94407  -1.85458  -1.56480  -1.59861  -1.62342  -1.51635  -1.40814  -1.30649  -1.24196  -1.06237  -1.01960
  11000.  3.50  -2.75840  -2.47926  -1.95177  -1.87118  -1.59598  -1.62405  -1.62592  -1.51825  -1.41002  -1.31142  -1.24809  -1.07047  -1.03044
  11000.  4.00  -2.73578  -2.45686  -1.94469  -1.87332  -1.60913  -1.65741  -1.63664  -1.52522  -1.41402  -1.31690  -1.25348  -1.07519  -1.03889
  11000.  4.50  -2.70635  -2.42645  -1.92568  -1.86292  -1.60584  -1.69604  -1.65285  -1.53479  -1.41792  -1.32105  -1.25643  -1.07550  -1.04348
  11000.  5.00  -2.66964  -2.38841  -1.89605  -1.84100  -1.58792  -1.73844  -1.67356  -1.54588  -1.42057  -1.32301  -1.25620  -1.07125  -1.04354
  11250.  2.00  -2.69520  -2.38387  -1.79701  -1.71507  -1.41356  -1.62962  -1.71845  -1.59969  -1.48038  -1.36499  -1.29356  -1.09866  -1.05764
  11250.  2.50  -2.72543  -2.43394  -1.86966  -1.78499  -1.49185  -1.61775  -1.67825  -1.56968  -1.45978  -1.35397  -1.28769  -1.10484  -1.06284
  11250.  3.00  -2.72818  -2.44621  -1.90429  -1.82424  -1.54459  -1.62986  -1.66623  -1.56130  -1.45514  -1.35478  -1.29124  -1.11434  -1.07350
  11250.  3.50  -2.71672  -2.43890  -1.91682  -1.84465  -1.57921  -1.65462  -1.66818  -1.56294  -1.45700  -1.35984  -1.29757  -1.12311  -1.08475
  11250.  4.00  -2.69707  -2.42049  -1.91488  -1.85146  -1.59815  -1.68739  -1.67848  -1.56992  -1.46146  -1.36604  -1.30392  -1.12934  -1.09438
  11250.  4.50  -2.67126  -2.39441  -1.90162  -1.84655  -1.60200  -1.72546  -1.69427  -1.57969  -1.46618  -1.37137  -1.30836  -1.13176  -1.10075
  11250.  5.00  -2.63882  -2.36098  -1.87783  -1.83029  -1.59120  -1.76734  -1.71453  -1.59107  -1.46984  -1.37471  -1.30982  -1.12973  -1.10276
  11500.  2.00  -2.64581  -2.33112  -1.75463  -1.68512  -1.40111  -1.66412  -1.76358  -1.64645  -1.52894  -1.41494  -1.34464  -1.15237  -1.11318
  11500.  2.50  -2.68080  -2.38725  -1.83014  -1.75629  -1.47686  -1.65068  -1.72188  -1.61520  -1.50723  -1.40280  -1.33757  -1.15728  -1.11713
  11500.  3.00  -2.68752  -2.40508  -1.86857  -1.79766  -1.52880  -1.66170  -1.70905  -1.60622  -1.50207  -1.40304  -1.34048  -1.16618  -1.12712
  11500.  3.50  -2.67911  -2.40224  -1.88528  -1.82104  -1.56520  -1.68573  -1.71050  -1.60756  -1.50380  -1.40802  -1.34678  -1.17517  -1.13842
  11500.  4.00  -2.66219  -2.38759  -1.88778  -1.83163  -1.58829  -1.71787  -1.72043  -1.61450  -1.50855  -1.41467  -1.35372  -1.18246  -1.14883
  11500.  4.50  -2.63956  -2.36539  -1.87949  -1.83138  -1.59800  -1.75531  -1.73592  -1.62447  -1.51398  -1.42096  -1.35937  -1.18658  -1.15657
  11500.  5.00  -2.61103  -2.33628  -1.86117  -1.82038  -1.59385  -1.79658  -1.75578  -1.63616  -1.51862  -1.42559  -1.36242  -1.18663  -1.16038
  11750.  2.00  -2.60067  -2.28307  -1.71748  -1.65953  -1.39302  -1.69913  -1.80872  -1.69308  -1.57729  -1.46465  -1.39547  -1.20580  -1.16831
  11750.  2.50  -2.63982  -2.34418  -1.79510  -1.73170  -1.46680  -1.68430  -1.76558  -1.66070  -1.55460  -1.45154  -1.38739  -1.20967  -1.17123
  11750.  3.00  -2.65040  -2.36717  -1.83654  -1.77455  -1.51730  -1.69416  -1.75195  -1.65108  -1.54888  -1.45116  -1.38961  -1.21784  -1.18044
  11750.  3.50  -2.64500  -2.36866  -1.85675  -1.80014  -1.55411  -1.71727  -1.75280  -1.65202  -1.55032  -1.45586  -1.39561  -1.22670  -1.19149
  11750.  4.00  -2.63073  -2.35774  -1.86309  -1.81376  -1.57982  -1.74871  -1.76231  -1.65879  -1.55513  -1.46268  -1.40281  -1.23459  -1.20229
  11750.  4.50  -2.61087  -2.33908  -1.85912  -1.81740  -1.59415  -1.78564  -1.77753  -1.66888  -1.56106  -1.46966  -1.40933  -1.24005  -1.21110
  11750.  5.00  -2.58579  -2.31392  -1.84577  -1.81116  -1.59594  -1.82647  -1.79714  -1.68087  -1.56656  -1.47542  -1.41376  -1.24196  -1.21650
  12000.  2.50  -2.60227  -2.30468  -1.76427  -1.71081  -1.46085  -1.71845  -1.80921  -1.70601  -1.60170  -1.50001  -1.43694  -1.26183  -1.22496
  12000.  3.00  -2.61650  -2.33228  -1.80807  -1.75475  -1.50975  -1.72721  -1.79486  -1.69585  -1.59550  -1.49910  -1.43855  -1.26929  -1.23343
  12000.  3.50  -2.61406  -2.33789  -1.83116  -1.78197  -1.54613  -1.74932  -1.79512  -1.69636  -1.59663  -1.50346  -1.44419  -1.27784  -1.24408
  12000.  4.00  -2.60234  -2.33054  -1.84074  -1.79789  -1.57317  -1.77994  -1.80418  -1.70289  -1.60137  -1.51023  -1.45138  -1.28595  -1.25494
  12000.  4.50  -2.58499  -2.31517  -1.84050  -1.80472  -1.59084  -1.81635  -1.81919  -1.71305  -1.60765  -1.51770  -1.45850  -1.29237  -1.26451
  12000.  5.00  -2.56315  -2.29373  -1.83162  -1.80265  -1.59762  -1.85670  -1.83865  -1.72536  -1.61393  -1.52444  -1.46411  -1.29586  -1.27123
  12250.  2.50  -2.56783  -2.26860  -1.73739  -1.69326  -1.45830  -1.75278  -1.85254  -1.75097  -1.64843  -1.54813  -1.48616  -1.31365  -1.27825
  12250.  3.00  -2.58527  -2.30011  -1.78310  -1.73814  -1.50597  -1.76060  -1.83754  -1.74036  -1.64189  -1.54684  -1.48734  -1.32059  -1.28617
  12250.  3.50  -2.58576  -2.30958  -1.80853  -1.76658  -1.54147  -1.78175  -1.83730  -1.74052  -1.64273  -1.55086  -1.49258  -1.32872  -1.29632
  12250.  4.00  -2.57639  -2.30558  -1.82072  -1.78413  -1.56877  -1.81136  -1.84579  -1.74666  -1.64720  -1.55738  -1.49952  -1.33673  -1.30697
  12250.  4.50  -2.56144  -2.29337  -1.82366  -1.79350  -1.58862  -1.84713  -1.86052  -1.75676  -1.65363  -1.56507  -1.50694  -1.34375  -1.31695
  12250.  5.00  -2.54245  -2.27531  -1.81862  -1.79490  -1.59932  -1.88703  -1.87983  -1.76927  -1.66047  -1.57250  -1.51339  -1.34845  -1.32466
  12500.  2.50  -2.53653  -2.23591  -1.71409  -1.67867  -1.45855  -1.78733  -1.89569  -1.79562  -1.69476  -1.59580  -1.53491  -1.36499  -1.33096
  12500.  3.00  -2.55679  -2.27072  -1.76136  -1.72440  -1.50529  -1.79440  -1.88016  -1.78468  -1.68800  -1.59428  -1.53582  -1.37155  -1.33847
  12500.  3.50  -2.55981  -2.28346  -1.78848  -1.75358  -1.53963  -1.81449  -1.87934  -1.78443  -1.68850  -1.59790  -1.54061  -1.37918  -1.34806
  12500.  4.00  -2.55278  -2.28268  -1.80287  -1.77236  -1.56657  -1.84305  -1.88728  -1.79018  -1.69270  -1.60413  -1.54725  -1.38695  -1.35837
  12500.  4.50  -2.54009  -2.27344  -1.80841  -1.78362  -1.58750  -1.87808  -1.90167  -1.80013  -1.69912  -1.61184  -1.55471  -1.39424  -1.36847
  12500.  5.00  -2.52383  -2.25864  -1.80684  -1.78804  -1.60123  -1.91757  -1.92093  -1.81284  -1.70641  -1.61982  -1.56182  -1.39989  -1.37698
  12750.  2.50  -2.50820  -2.20649  -1.69408  -1.66675  -1.46110  -1.82185  -1.93846  -1.83981  -1.74057  -1.64295  -1.58313  -1.41577  -1.38305
  12750.  3.00  -2.53076  -2.24395  -1.74261  -1.71324  -1.50729  -1.82827  -1.92240  -1.82857  -1.73363  -1.64126  -1.58385  -1.42209  -1.39027
  12750.  3.50  -2.53616  -2.25965  -1.77117  -1.74307  -1.54059  -1.84747  -1.92110  -1.82799  -1.73388  -1.64460  -1.58831  -1.42932  -1.39941
  12750.  4.00  -2.53118  -2.26166  -1.78722  -1.76265  -1.56676  -1.87497  -1.92845  -1.83331  -1.73774  -1.65046  -1.59455  -1.43673  -1.40928
  12750.  4.50  -2.52066  -2.25523  -1.79492  -1.77533  -1.58803  -1.90918  -1.94255  -1.84309  -1.74409  -1.65808  -1.60192  -1.44404  -1.41928
  12750.  5.00  -2.50707  -2.24355  -1.79633  -1.78220  -1.60384  -1.94827  -1.96180  -1.85599  -1.75175  -1.66645  -1.60949  -1.45037  -1.42832
  13000.  2.50  -2.48249  -2.17994  -1.67688  -1.65705  -1.46547  -1.85622  -1.98074  -1.88344  -1.78576  -1.68945  -1.63069  -1.46587  -1.43438
  13000.  3.00  -2.50714  -2.21977  -1.72667  -1.70444  -1.51152  -1.86223  -1.96436  -1.87209  -1.77885  -1.68779  -1.63143  -1.47215  -1.44152
  13000.  3.50  -2.51460  -2.23797  -1.75641  -1.73483  -1.54400  -1.88061  -1.96260  -1.87123  -1.77892  -1.69094  -1.63566  -1.47908  -1.45030
  13000.  4.00  -2.51143  -2.24237  -1.77371  -1.75494  -1.56927  -1.90709  -1.96945  -1.87619  -1.78251  -1.69649  -1.64155  -1.48611  -1.45972
  13000.  4.50  -2.50298  -2.23860  -1.78320  -1.76868  -1.59036  -1.94041  -1.98318  -1.88573  -1.78869  -1.70391  -1.64873  -1.49329  -1.46950
  13000.  5.00  -2.49191  -2.22987  -1.78714  -1.77751  -1.60742  -1.97898  -2.00238  -1.89873  -1.79658  -1.71250  -1.65652  -1.50002  -1.47881
  14000.  2.00  -2.34275  -2.01432  -1.53731  -1.54850  -1.41192  -2.00941  -2.19753  -2.09055  -1.98599  -1.88348  -1.82282  -1.65454  -1.62878
  14000.  2.50  -2.40450  -2.10050  -1.63240  -1.63732  -1.49660  -1.99163  -2.14548  -2.05286  -1.96080  -1.86939  -1.81461  -1.65948  -1.63236
  14000.  3.00  -2.43500  -2.14694  -1.68665  -1.68871  -1.54496  -1.99733  -2.12841  -2.04165  -1.95463  -1.86865  -1.81636  -1.66673  -1.64028
  14000.  3.50  -2.44783  -2.17169  -1.71974  -1.72114  -1.57636  -2.01350  -2.12532  -2.04016  -1.95454  -1.87169  -1.82046  -1.67337  -1.64855
  14000.  4.00  -2.44987  -2.18292  -1.74024  -1.74257  -1.59894  -2.03651  -2.13018  -2.04382  -1.95724  -1.87635  -1.82539  -1.67940  -1.65673
  14000.  4.50  -2.44884  -2.18803  -1.75459  -1.75887  -1.61785  -2.06677  -2.14282  -2.05268  -1.96295  -1.88307  -1.83170  -1.68566  -1.66533
  14000.  5.00  -2.44753  -2.19019  -1.76605  -1.77302  -1.63608  -2.10352  -2.16217  -2.06612  -1.97145  -1.89202  -1.83974  -1.69277  -1.67471
  15000.  2.50  -2.35610  -2.05246  -1.61486  -1.63811  -1.54023  -2.12109  -2.30147  -2.21249  -2.12517  -2.03822  -1.98710  -1.84118  -1.81774
  15000.  3.00  -2.39146  -2.10429  -1.67406  -1.69465  -1.59389  -2.12832  -2.28490  -2.20264  -2.12099  -2.03969  -1.99119  -1.85072  -1.82778
  15000.  3.50  -2.40578  -2.13128  -1.70863  -1.72840  -1.62632  -2.14331  -2.28078  -2.20085  -2.12115  -2.04317  -1.99584  -1.85799  -1.83649
  15000.  4.00  -2.40891  -2.14445  -1.72958  -1.74967  -1.64745  -2.16352  -2.28375  -2.20330  -2.12316  -2.04728  -2.00030  -1.86361  -1.84403
  15000.  4.50  -2.41050  -2.15306  -1.74500  -1.76595  -1.66380  -2.19054  -2.29471  -2.21102  -2.12809  -2.05318  -2.00573  -1.86887  -1.85139
  15000.  5.00  -2.41650  -2.16279  -1.76014  -1.78217  -1.68006  -2.22509  -2.31411  -2.22469  -2.13682  -2.06196  -2.01334  -1.87520  -1.85974
  16000.  2.50  -2.32687  -2.02432  -1.61298  -1.64993  -1.58764  -2.24272  -2.44787  -2.36152  -2.27804  -2.19502  -2.14724  -2.01021  -1.98997
  16000.  3.00  -2.37001  -2.08444  -1.68048  -1.71517  -1.65084  -2.25401  -2.43364  -2.35499  -2.27790  -2.20082  -2.15580  -2.02405  -2.00413
  16000.  3.50  -2.38576  -2.11312  -1.71652  -1.75059  -1.68555  -2.26912  -2.42953  -2.35376  -2.27906  -2.20543  -2.16166  -2.03259  -2.01395
  16000.  4.00  -2.38808  -2.12605  -1.73697  -1.77136  -1.70659  -2.28736  -2.43100  -2.35532  -2.28069  -2.20935  -2.16607  -2.03834  -2.02145
  16000.  4.50  -2.38909  -2.13481  -1.75186  -1.78682  -1.72171  -2.31149  -2.43996  -2.36169  -2.28478  -2.21458  -2.17093  -2.04314  -2.02817
  16000.  5.00  -2.39890  -2.14881  -1.76928  -1.80451  -1.73726  -2.34429  -2.45908  -2.37550  -2.29388  -2.22357  -2.17863  -2.04925  -2.03606
  17000.  2.50  -2.30975  -2.00860  -1.61972  -1.66680  -1.63298  -2.35614  -2.58540  -2.50042  -2.41959  -2.33957  -2.29453  -2.16538  -2.14805
  17000.  3.00  -2.36329  -2.07969  -1.69872  -1.74419  -1.71056  -2.37331  -2.57426  -2.49838  -2.42514  -2.35184  -2.31001  -2.18658  -2.16930
  17000.  3.50  -2.38184  -2.11104  -1.73705  -1.78216  -1.74855  -2.38956  -2.57106  -2.49858  -2.42808  -2.35828  -2.31773  -2.19695  -2.18082
  17000.  4.00  -2.38285  -2.12277  -1.75620  -1.80189  -1.76954  -2.40620  -2.57129  -2.49938  -2.42936  -2.36202  -2.32208  -2.20289  -2.18841
  17000.  4.50  -2.38050  -2.12875  -1.76849  -1.81491  -1.78315  -2.42699  -2.57746  -2.50364  -2.43194  -2.36605  -2.32595  -2.20713  -2.19444
  17000.  5.00  -2.39157  -2.14466  -1.78737  -1.83383  -1.79949  -2.45852  -2.59604  -2.51746  -2.44149  -2.37551  -2.33418  -2.21363  -2.20253
  18000.  2.50  -2.30056  -2.00122  -1.63175  -1.68606  -1.67360  -2.46151  -2.71520  -2.63049  -2.55105  -2.47261  -2.42936  -2.30571  -2.29107
  18000.  3.00  -2.36519  -2.08394  -1.72342  -1.77723  -1.76936  -2.48544  -2.70643  -2.63258  -2.56245  -2.49246  -2.45351  -2.33792  -2.32303
  18000.  3.50  -2.38987  -2.12099  -1.76681  -1.82050  -1.81334  -2.50483  -2.70592  -2.63597  -2.56896  -2.50251  -2.46486  -2.35177  -2.33788
  18000.  4.00  -2.39104  -2.13250  -1.78522  -1.83965  -1.83438  -2.52058  -2.70574  -2.63672  -2.57045  -2.50645  -2.46942  -2.35798  -2.34564
  18000.  4.50  -2.38605  -2.13589  -1.79487  -1.85022  -1.84647  -2.53858  -2.70979  -2.63935  -2.57185  -2.50945  -2.47240  -2.36163  -2.35100
  18000.  5.00  -2.39391  -2.14931  -1.81172  -1.86731  -1.86194  -2.56704  -2.72577  -2.65134  -2.58021  -2.51805  -2.47998  -2.36782  -2.35868
  19000.  2.50  -2.29738  -2.00103  -1.64951  -1.70914  -1.71278  -2.56115  -2.83964  -2.75475  -2.67582  -2.59756  -2.55509  -2.43331  -2.42111
  19000.  3.00  -2.37115  -2.09256  -1.75045  -1.81065  -1.82394  -2.58959  -2.83009  -2.75745  -2.68965  -2.62228  -2.58576  -2.47704  -2.46439
  19000.  3.50  -2.40557  -2.13894  -1.80260  -1.86294  -1.87795  -2.61465  -2.83407  -2.76602  -2.70185  -2.63830  -2.60322  -2.49715  -2.48528
  19000.  4.00  -2.40983  -2.15285  -1.82249  -1.88361  -1.90064  -2.63103  -2.83503  -2.76820  -2.70493  -2.64368  -2.60913  -2.50452  -2.49406
  19000.  4.50  -2.40272  -2.15374  -1.82922  -1.89141  -1.91059  -2.64621  -2.83720  -2.76935  -2.70515  -2.64552  -2.61102  -2.50720  -2.49840
  19000.  5.00  -2.40697  -2.16372  -1.84267  -1.90532  -1.92386  -2.67105  -2.85032  -2.77906  -2.71178  -2.65261  -2.61725  -2.51238  -2.50504
  20000.  3.00  -2.37893  -2.10363  -1.77882  -1.84391  -1.87440  -2.68637  -2.94621  -2.87421  -2.80803  -2.74247  -2.70782  -2.60419  -2.59359
  20000.  3.50  -2.42529  -2.16137  -1.84157  -1.90712  -1.94083  -2.71864  -2.95541  -2.88876  -2.82689  -2.76578  -2.73295  -2.63303  -2.62302
  20000.  4.00  -2.43533  -2.18020  -1.86524  -1.93156  -1.96726  -2.73722  -2.95885  -2.89368  -2.83284  -2.77390  -2.74151  -2.64282  -2.63406
  20000.  4.50  -2.42911  -2.18132  -1.87135  -1.93874  -1.97661  -2.75106  -2.96066  -2.89476  -2.83320  -2.77571  -2.74331  -2.64527  -2.63805
  20000.  5.00  -2.42857  -2.18631  -1.87969  -1.94774  -1.98581  -2.77111  -2.97020  -2.90142  -2.83722  -2.78031  -2.74719  -2.64835  -2.64255
  21000.  3.00  -2.38828  -2.11752  -1.80957  -1.87878  -1.92431  -2.77770  -3.05616  -2.98473  -2.91990  -2.85556  -2.82238  -2.72210  -2.71329
  21000.  3.50  -2.44608  -2.18549  -1.88153  -1.95126  -2.00103  -2.81646  -3.06992  -3.00429  -2.94430  -2.88518  -2.85429  -2.75951  -2.75120
  21000.  4.00  -2.46548  -2.21284  -1.91252  -1.98299  -2.03474  -2.83974  -3.07759  -3.01377  -2.95504  -2.89811  -2.86766  -2.77413  -2.76690
  21000.  4.50  -2.46224  -2.21618  -1.91982  -1.99126  -2.04486  -2.85353  -3.08021  -3.01590  -2.95654  -2.90084  -2.87026  -2.77702  -2.77115
  21000.  5.00  -2.45909  -2.21809  -1.92458  -1.99672  -2.05074  -2.86973  -3.08728  -3.02046  -2.95876  -2.90356  -2.87226  -2.77819  -2.77365
  22000.  3.00  -2.40023  -2.13600  -1.84463  -1.91788  -1.97818  -2.86615  -3.16127  -3.09093  -3.02777  -2.96466  -2.93289  -2.83532  -2.82799
  22000.  3.50  -2.46641  -2.21004  -1.92165  -1.99496  -2.05915  -2.90858  -3.17804  -3.11328  -3.05492  -2.99739  -2.96818  -2.87742  -2.87062
  22000.  4.00  -2.49701  -2.24762  -1.96157  -2.03550  -2.10155  -2.93781  -3.19080  -3.12814  -3.07125  -3.01611  -2.98742  -2.89837  -2.89251
  22000.  4.50  -2.49989  -2.25635  -1.97322  -2.04799  -2.11557  -2.95385  -3.19588  -3.13297  -3.07558  -3.02156  -2.99264  -2.90365  -2.89897
  22000.  5.00  -2.49714  -2.25816  -1.97728  -2.05272  -2.12066  -2.96832  -3.20218  -3.13710  -3.07762  -3.02395  -2.99427  -2.90428  -2.90075
  23000.  3.00  -2.41550  -2.15969  -1.88326  -1.96074  -2.03569  -2.95190  -3.26117  -3.19260  -3.13169  -3.07016  -3.04003  -2.94598  -2.93996
  23000.  3.50  -2.48619  -2.23536  -1.96251  -2.03921  -2.11729  -2.99627  -3.28049  -3.21678  -3.16013  -3.10408  -3.07646  -2.98904  -2.98355
  23000.  4.00  -2.52762  -2.28230  -2.01046  -2.08748  -2.16691  -3.03103  -3.29815  -3.23660  -3.18147  -3.12796  -3.10094  -3.01578  -3.01115
  23000.  4.50  -2.53927  -2.29901  -2.02893  -2.10663  -2.18718  -3.05123  -3.30708  -3.24548  -3.18998  -3.13759  -3.11031  -3.02530  -3.02170
  23000.  5.00  -2.53902  -2.30292  -2.03451  -2.11283  -2.19372  -3.06578  -3.31384  -3.25043  -3.19305  -3.14097  -3.11290  -3.02681  -3.02420
  24000.  3.00  -2.43472  -2.18796  -1.92291  -2.00435  -2.09171  -3.03306  -3.35485  -3.28817  -3.22971  -3.16976  -3.14129  -3.05129  -3.04654
  24000.  3.50  -2.50597  -2.26221  -2.00439  -2.08464  -2.17689  -3.08049  -3.37758  -3.31549  -3.26099  -3.20668  -3.18077  -3.09693  -3.09259
  24000.  4.00  -2.55634  -2.31609  -2.05845  -2.13844  -2.23092  -3.11961  -3.39979  -3.33946  -3.28615  -3.23421  -3.20880  -3.12715  -3.12361
  24000.  4.50  -2.57765  -2.34144  -2.08440  -2.16480  -2.25776  -3.14460  -3.41308  -3.35281  -3.29918  -3.24840  -3.22274  -3.14144  -3.13883
  24000.  5.00  -2.58266  -2.35017  -2.09407  -2.17500  -2.26812  -3.16130  -3.42191  -3.36008  -3.30475  -3.25428  -3.22782  -3.14552  -3.14379
  25000.  3.00  -2.46088  -2.22224  -1.96411  -2.04850  -2.14357  -3.10970  -3.44349  -3.37816  -3.32145  -3.26204  -3.23450  -3.14723  -3.14363
  25000.  3.50  -2.52568  -2.29001  -2.04568  -2.12962  -2.23582  -3.16034  -3.46865  -3.40865  -3.35678  -3.30452  -3.28056  -3.20102  -3.19780
  25000.  4.00  -2.58296  -2.34882  -2.10510  -2.18813  -2.29376  -3.20378  -3.49571  -3.43692  -3.38567  -3.33543  -3.31170  -3.23363  -3.23108
  25000.  4.50  -2.61338  -2.38197  -2.13787  -2.22092  -2.32610  -3.23330  -3.51343  -3.45457  -3.40285  -3.35370  -3.32964  -3.25193  -3.25022
  25000.  5.00  -2.62468  -2.39638  -2.15249  -2.23589  -2.34090  -3.25292  -3.52493  -3.46471  -3.41142  -3.36263  -3.33778  -3.25922  -3.25832
  26000.  3.00  -2.50227  -2.26991  -2.01517  -2.10102  -2.19864  -3.18840  -3.53350  -3.46894  -3.41280  -3.35222  -3.32417  -3.23584  -3.23302
  26000.  3.50  -2.54564  -2.31804  -2.08450  -2.17199  -2.29060  -3.23420  -3.55272  -3.49503  -3.44606  -3.39590  -3.37397  -3.29912  -3.29704
  26000.  4.00  -2.60738  -2.38026  -2.14956  -2.23581  -2.35468  -3.28319  -3.58555  -3.52870  -3.47988  -3.43162  -3.40973  -3.33571  -3.33413
  26000.  4.50  -2.64576  -2.41994  -2.18859  -2.27436  -2.39190  -3.31717  -3.60792  -3.55069  -3.50109  -3.45366  -3.43127  -3.35715  -3.35629
  26000.  5.00  -2.66405  -2.44049  -2.20867  -2.29452  -2.41127  -3.34024  -3.62275  -3.56415  -3.51294  -3.46584  -3.44263  -3.36774  -3.36761
  27000.  3.50  -2.56773  -2.34729  -2.12129  -2.21175  -2.33990  -3.30199  -3.63031  -3.57472  -3.52845  -3.47999  -3.45986  -3.38926  -3.38828
  27000.  4.00  -2.63001  -2.41010  -2.19070  -2.28016  -2.41163  -3.35686  -3.66870  -3.61411  -3.56806  -3.52193  -3.50203  -3.43252  -3.43193
  27000.  4.50  -2.67466  -2.45501  -2.23568  -2.32430  -2.45423  -3.39572  -3.69614  -3.64083  -3.59359  -3.54807  -3.52746  -3.45728  -3.45727
  27000.  5.00  -2.69948  -2.48115  -2.26105  -2.34942  -2.47794  -3.42237  -3.71459  -3.65777  -3.60876  -3.56345  -3.54192  -3.47078  -3.47142
  28000.  3.50  -2.59631  -2.38161  -2.16008  -2.25268  -2.38684  -3.36666  -3.70434  -3.65047  -3.60652  -3.55894  -3.54009  -3.47218  -3.47214
  28000.  4.00  -2.65214  -2.43897  -2.22841  -2.32087  -2.46330  -3.42435  -3.74514  -3.69289  -3.64973  -3.60565  -3.58774  -3.52269  -3.52311
  28000.  4.50  -2.70061  -2.48727  -2.27859  -2.37009  -2.51195  -3.46836  -3.77774  -3.72459  -3.67994  -3.63644  -3.61770  -3.55177  -3.55264
  28000.  5.00  -2.73108  -2.51829  -2.30918  -2.40014  -2.54033  -3.49899  -3.80027  -3.74540  -3.69875  -3.65532  -3.63554  -3.56830  -3.56971
  29000.  3.50  -2.63623  -2.42559  -2.20616  -2.30006  -2.43709  -3.43293  -3.77905  -3.72651  -3.68437  -3.63684  -3.61866  -3.55146  -3.55211
  29000.  4.00  -2.67675  -2.46928  -2.26487  -2.35984  -2.51075  -3.48701  -3.81644  -3.76635  -3.72595  -3.68351  -3.66736  -3.60610  -3.60746
  29000.  4.50  -2.72521  -2.51784  -2.31784  -2.41208  -2.56469  -3.53516  -3.85304  -3.80217  -3.76028  -3.71877  -3.70192  -3.64016  -3.64190
  29000.  5.00  -2.75966  -2.55240  -2.35302  -2.44656  -2.59789  -3.56990  -3.87967  -3.82693  -3.78279  -3.74129  -3.72330  -3.66013  -3.66230
  30000.  3.50  -2.68925  -2.48112  -2.26248  -2.35703  -2.49511  -3.50433  -3.85751  -3.80612  -3.76541  -3.71739  -3.69940  -3.63127  -3.63232
  30000.  4.00  -2.70741  -2.50430  -2.30358  -2.40045  -2.55710  -3.54765  -3.88519  -3.83698  -3.79910  -3.75772  -3.74303  -3.68434  -3.68650
  30000.  4.50  -2.75090  -2.54865  -2.35501  -2.45166  -2.61305  -3.59697  -3.92302  -3.87436  -3.83521  -3.79541  -3.78033  -3.72231  -3.72489
  30000.  5.00  -2.78667  -2.58455  -2.39309  -2.48909  -2.65042  -3.63504  -3.95298  -3.90244  -3.86094  -3.82129  -3.80506  -3.74578  -3.74872
  31000.  3.50  -2.75369  -2.54718  -2.32907  -2.42398  -2.56269  -3.58233  -3.94104  -3.89083  -3.85127  -3.80259  -3.78445  -3.71443  -3.71562
  31000.  4.00  -2.74682  -2.54659  -2.34752  -2.44566  -2.60560  -3.60910  -3.95393  -3.90726  -3.87158  -3.83072  -3.81713  -3.75974  -3.76253
  31000.  4.50  -2.78101  -2.58274  -2.39322  -2.49181  -2.65975  -3.65626  -3.99001  -3.94340  -3.90686  -3.86836  -3.85483  -3.79969  -3.80300
  31000.  5.00  -2.81495  -2.61716  -2.43155  -2.52975  -2.69940  -3.69592  -4.02168  -3.97333  -3.93447  -3.89644  -3.88189  -3.82603  -3.82968
  32000.  4.00  -2.79544  -2.59715  -2.39888  -2.49790  -2.65987  -3.67444  -4.02537  -3.98006  -3.94637  -3.90565  -3.89288  -3.83562  -3.83887
  32000.  4.50  -2.81749  -2.62186  -2.43436  -2.53439  -2.70663  -3.71478  -4.05557  -4.01074  -3.97662  -3.93901  -3.92683  -3.87362  -3.87755
  32000.  5.00  -2.84698  -2.65251  -2.47067  -2.57067  -2.74669  -3.75430  -4.08739  -4.04110  -4.00479  -3.96806  -3.95501  -3.90192  -3.90620
  33000.  4.00  -2.85181  -2.65482  -2.45701  -2.55664  -2.72004  -3.74377  -4.09968  -4.05565  -4.02378  -3.98297  -3.97081  -3.91280  -3.91634
  33000.  4.50  -2.86180  -2.66791  -2.48135  -2.58242  -2.75747  -3.77587  -4.12277  -4.07947  -4.04758  -4.01047  -3.99942  -3.94708  -3.95151
  33000.  5.00  -2.88422  -2.69192  -2.51203  -2.61344  -2.79398  -3.81179  -4.15157  -4.10719  -4.07333  -4.03758  -4.02591  -3.97478  -3.97961
  34000.  4.00  -2.91402  -2.71799  -2.52078  -2.62091  -2.78579  -3.81686  -4.17670  -4.13400  -4.10384  -4.06293  -4.05124  -3.99208  -3.99577
  34000.  4.50  -2.91298  -2.72016  -2.53394  -2.63578  -2.81273  -3.83994  -4.19197  -4.15002  -4.12020  -4.08332  -4.07320  -4.02083  -4.02564
  34000.  5.00  -2.92836  -2.73740  -2.55838  -2.66084  -2.84444  -3.87132  -4.21692  -4.17417  -4.14260  -4.10749  -4.09701  -4.04698  -4.05226
  35000.  4.00  -2.98037  -2.78510  -2.58879  -2.68939  -2.85607  -3.89300  -4.25586  -4.21458  -4.18607  -4.14521  -4.13394  -4.07381  -4.07756
  35000.  4.50  -2.96970  -2.77763  -2.59165  -2.69410  -2.87260  -3.90724  -4.26346  -4.22279  -4.19491  -4.15809  -4.14876  -4.09571  -4.10078
  35000.  5.00  -2.97849  -2.78825  -2.60939  -2.71264  -2.89831  -3.93315  -4.28372  -4.24241  -4.21299  -4.17824  -4.16882  -4.11905  -4.12471
  36000.  4.00  -3.04930  -2.85463  -2.65950  -2.76057  -2.92942  -3.97106  -4.33625  -4.29641  -4.26945  -4.22889  -4.21806  -4.15742  -4.16123
  36000.  4.50  -3.03064  -2.83914  -2.65362  -2.75659  -2.93675  -3.97752  -4.33702  -4.29768  -4.27168  -4.23492  -4.22628  -4.17230  -4.17755
  36000.  5.00  -3.03359  -2.84374  -2.66484  -2.76871  -2.95596  -3.99763  -4.35231  -4.31232  -4.28493  -4.25037  -4.24187  -4.19169  -4.19765
  37000.  4.00  -3.11932  -2.92513  -2.73132  -2.83285  -3.00404  -4.04961  -4.41668  -4.37825  -4.35272  -4.31260  -4.30223  -4.24162  -4.24553
  37000.  4.50  -3.09455  -2.90353  -2.71876  -2.82224  -3.00433  -4.05016  -4.41224  -4.37426  -4.35011  -4.31353  -4.30557  -4.25078  -4.25616
  37000.  5.00  -3.09264  -2.90305  -2.72422  -2.82861  -3.01733  -4.06477  -4.42280  -4.38408  -4.35866  -4.32421  -4.31656  -4.26555  -4.27172
  38000.  4.00  -3.18932  -2.99555  -2.80310  -2.90505  -3.07853  -4.12753  -4.49632  -4.45915  -4.43485  -4.39525  -4.38530  -4.32508  -4.32912
  38000.  4.50  -3.16002  -2.96946  -2.78571  -2.88971  -3.07399  -4.12411  -4.48822  -4.45166  -4.42925  -4.39305  -4.38577  -4.33056  -4.33607
  38000.  5.00  -3.15462  -2.96524  -2.78673  -2.89161  -3.08199  -4.13432  -4.49497  -4.45753  -4.43401  -4.39974  -4.39287  -4.34100  -4.34735
  39000.  4.00  -3.25881  -3.06543  -2.87432  -2.97664  -3.15224  -4.20424  -4.57465  -4.53864  -4.51533  -4.47626  -4.46663  -4.40700  -4.41119
  39000.  4.50  -3.22601  -3.03590  -2.85338  -2.95789  -3.14458  -4.19839  -4.56417  -4.52899  -4.50823  -4.47255  -4.46594  -4.41073  -4.41640
  39000.  5.00  -3.21823  -3.02908  -2.85120  -2.95657  -3.14889  -4.20538  -4.56808  -4.53197  -4.51030  -4.47632  -4.47023  -4.41771  -4.42424
  40000.  4.50  -3.29176  -3.10210  -2.92092  -3.02591  -3.21504  -4.27212  -4.63936  -4.60551  -4.58624  -4.55116  -4.54520  -4.49031  -4.49618
  40000.  5.00  -3.28267  -3.09379  -2.91679  -3.02265  -3.21709  -4.27724  -4.64162  -4.60684  -4.58691  -4.55335  -4.54802  -4.49517  -4.50188
  41000.  4.50  -3.35670  -3.16755  -2.98772  -3.09318  -3.28468  -4.34464  -4.71326  -4.68065  -4.66270  -4.62824  -4.62285  -4.56853  -4.57458
  41000.  5.00  -3.34706  -3.15852  -2.98259  -3.08893  -3.28560  -4.34900  -4.71481  -4.68132  -4.66301  -4.62999  -4.62539  -4.57254  -4.57946
  42000.  4.50  -3.42058  -3.23196  -3.05347  -3.15934  -3.35304  -4.41559  -4.78556  -4.75413  -4.73730  -4.70346  -4.69854  -4.64492  -4.65116
  42000.  5.00  -3.41081  -3.22268  -3.04792  -3.15472  -3.35362  -4.41994  -4.78704  -4.75481  -4.73798  -4.70554  -4.70164  -4.64905  -4.65620
  43000.  4.50  -3.48330  -3.29528  -3.11813  -3.22437  -3.42007  -4.48495  -4.85633  -4.82595  -4.81004  -4.77675  -4.77219  -4.71931  -4.72571
  43000.  5.00  -3.47360  -3.28593  -3.11238  -3.21962  -3.42071  -4.48964  -4.85796  -4.82691  -4.81141  -4.77958  -4.77629  -4.72416  -4.73151
  44000.  4.50  -3.54496  -3.35759  -3.18172  -3.28831  -3.48584  -4.55275  -4.92556  -4.89615  -4.88098  -4.84819  -4.84388  -4.79176  -4.79828
  44000.  5.00  -3.53527  -3.34813  -3.17581  -3.28343  -3.48656  -4.55785  -4.92740  -4.89746  -4.88311  -4.85186  -4.84908  -4.79752  -4.80508
  45000.  4.50  -3.60548  -3.41883  -3.24424  -3.35117  -3.55041  -4.61911  -4.99336  -4.96486  -4.95028  -4.91794  -4.91381  -4.86250  -4.86910
  45000.  5.00  -3.59578  -3.40922  -3.23811  -3.34610  -3.55112  -4.62452  -4.99533  -4.96641  -4.95303  -4.92231  -4.91994  -4.86904  -4.87677
  46000.  4.50  -3.66512  -3.47928  -3.30597  -3.41320  -3.61398  -4.68427  -5.05996  -5.03230  -5.01821  -4.98629  -4.98227  -4.93177  -4.93846
  46000.  5.00  -3.65518  -3.46929  -3.29942  -3.40773  -3.61449  -4.68976  -5.06186  -5.03390  -5.02132  -4.99110  -4.98904  -4.93880  -4.94667
  47000.  4.50  -3.72381  -3.53883  -3.36675  -3.47429  -3.67653  -4.74826  -5.12537  -5.09851  -5.08485  -5.05331  -5.04938  -4.99975  -5.00650
  47000.  5.00  -3.71358  -3.52842  -3.35974  -3.46837  -3.67679  -4.75370  -5.12710  -5.10002  -5.08811  -5.05834  -5.05651  -5.00699  -5.01496
  48000.  4.50  -3.78155  -3.59747  -3.42664  -3.53450  -3.73808  -4.81110  -5.18956  -5.16345  -5.15017  -5.11899  -5.11514  -5.06641  -5.07323
  48000.  5.00  -3.77102  -3.58666  -3.41919  -3.52813  -3.73809  -4.81649  -5.19122  -5.16496  -5.15362  -5.12427  -5.12262  -5.07384  -5.08189
  49000.  4.50  -3.83827  -3.65513  -3.48555  -3.59373  -3.79857  -4.87277  -5.25255  -5.22719  -5.21427  -5.18343  -5.17963  -5.13183  -5.13873
  49000.  5.00  -3.82755  -3.64404  -3.47780  -3.58704  -3.79846  -4.87822  -5.25421  -5.22875  -5.21792  -5.18897  -5.18748  -5.13948  -5.14761
  50000.  5.00  -3.88319  -3.70055  -3.53550  -3.64506  -3.85791  -4.93891  -5.31614  -5.29144  -5.28108  -5.25252  -5.25116  -5.20399  -5.21219
