   3500.  0.00  -9.62381  -9.21747 -10.18464  -7.93586  -6.98532  -5.04911  -4.22888  -3.23639  -2.51962  -1.87053  -1.56211   0.00076   0.24428
   3500.  0.50  -9.57727  -9.24855 -10.13300  -7.71618  -6.69080  -4.86292  -4.16138  -3.29257  -2.63373  -1.99506  -1.69675  -0.04435   0.21136
   3500.  1.00  -9.51487  -9.27025 -10.05393  -7.47752  -6.38848  -4.67044  -4.08372  -3.33388  -2.72790  -2.09713  -1.80661  -0.08261   0.18391
   3500.  1.50  -9.43598  -9.28107  -9.94698  -7.22195  -6.07676  -4.47086  -3.99413  -3.35770  -2.79998  -2.17491  -1.88985  -0.11204   0.16349
   3500.  2.00  -9.33428  -9.27409  -9.80702  -6.94935  -5.75240  -4.26028  -3.88069  -3.34887  -2.83599  -2.21711  -1.93614  -0.12458   0.15696
   3500.  2.50  -9.20827  -9.24328  -9.63245  -6.66370  -5.41637  -4.04091  -3.74042  -3.29968  -2.82847  -2.21808  -1.94082  -0.11325   0.17077
   3500.  3.00  -9.06343  -9.18308  -9.42322  -6.38082  -5.08633  -3.82591  -3.57597  -3.20404  -2.76758  -2.16966  -1.89634  -0.07050   0.21173
   3500.  3.50  -8.90093  -9.08993  -9.17824  -6.11283  -4.78043  -3.61856  -3.38448  -3.05460  -2.64110  -2.06064  -1.79127   0.00860   0.28416
   3500.  4.00  -8.73345  -8.96910  -8.90742  -5.86622  -4.50373  -3.42899  -3.18185  -2.86590  -2.45632  -1.89400  -1.62617   0.11847   0.38324
   3500.  4.50  -8.57602  -8.83223  -8.63394  -5.63800  -4.24745  -3.26616  -2.98954  -2.66064  -2.23147  -1.68088  -1.40946   0.24546   0.49597
   3500.  5.00  -8.47265  -8.71129  -8.37583  -5.47883  -4.07065  -3.17768  -2.85302  -2.48363  -2.00875  -1.45792  -1.17608   0.35419   0.58826
   3750.  0.00  -9.12120  -8.88700  -9.76253  -7.47162  -6.53508  -4.54950  -3.50532  -2.37368  -1.56530  -0.95328  -0.63077   0.33421   0.49450
   3750.  0.50  -9.06184  -8.89701  -9.66096  -7.25323  -6.23960  -4.37717  -3.41774  -2.38419  -1.60990  -1.00939  -0.69222   0.31712   0.48270
   3750.  1.00  -8.99384  -8.90252  -9.52877  -7.03024  -5.95643  -4.20147  -3.32638  -2.39083  -1.65553  -1.06801  -0.75739   0.30156   0.47300
   3750.  1.50  -8.91361  -8.90290  -9.36993  -6.79821  -5.67436  -4.01682  -3.22557  -2.39036  -1.69926  -1.12656  -0.82369   0.28663   0.46423
   3750.  2.00  -8.82879  -8.89754  -9.19334  -6.56281  -5.39105  -3.83614  -3.12712  -2.38838  -1.74215  -1.18384  -0.88871   0.27294   0.45666
   3750.  2.50  -8.73837  -8.88464  -9.00554  -6.32332  -5.10369  -3.65814  -3.02957  -2.38299  -1.78218  -1.23737  -0.94984   0.26139   0.45108
   3750.  3.00  -8.65420  -8.86234  -8.81401  -6.09537  -4.82818  -3.50209  -2.94614  -2.37977  -1.81862  -1.28373  -1.00203   0.25533   0.45047
   3750.  3.50  -8.57047  -8.82471  -8.61600  -5.88303  -4.57489  -3.36337  -2.86414  -2.36375  -1.83484  -1.30788  -1.03023   0.26130   0.46017
   3750.  4.00  -8.48661  -8.76519  -8.41181  -5.69254  -4.35237  -3.24358  -2.78127  -2.32727  -1.81842  -1.29664  -1.02042   0.28868   0.48891
   3750.  4.50  -8.39285  -8.67401  -8.18630  -5.50056  -4.13127  -3.13042  -2.68759  -2.25245  -1.74403  -1.22316  -0.94426   0.34621   0.54322
   3750.  5.00  -8.30046  -8.56621  -7.95913  -5.32072  -3.92825  -3.03324  -2.59367  -2.15322  -1.62790  -1.10374  -0.81861   0.42056   0.61047
   4000.  0.00  -8.70664  -8.69010  -9.49761  -6.94654  -5.90509  -4.02626  -2.96475  -1.84596  -1.08567  -0.53061  -0.22831   0.49703   0.61845
   4000.  0.50  -8.65200  -8.69092  -9.37100  -6.73884  -5.63126  -3.88920  -2.89257  -1.84479  -1.10133  -0.55225  -0.25124   0.48760   0.61060
   4000.  1.00  -8.59217  -8.68708  -9.20525  -6.52536  -5.36362  -3.74833  -2.81744  -1.84418  -1.11854  -0.57526  -0.27525   0.47986   0.60458
   4000.  1.50  -8.51775  -8.67643  -9.00225  -6.30172  -5.09656  -3.59303  -2.72409  -1.83247  -1.13041  -0.59687  -0.29918   0.47252   0.59912
   4000.  2.00  -8.44192  -8.65969  -8.77511  -6.07885  -4.83482  -3.44181  -2.63318  -1.82190  -1.14463  -0.62137  -0.32611   0.46497   0.59395
   4000.  2.50  -8.36565  -8.63576  -8.53650  -5.86729  -4.59151  -3.29807  -2.54519  -1.81168  -1.16146  -0.64946  -0.35726   0.45733   0.58928
   4000.  3.00  -8.29932  -8.60460  -8.29988  -5.67591  -4.37242  -3.17491  -2.47477  -1.81184  -1.18731  -0.68415  -0.39452   0.45081   0.58643
   4000.  3.50  -8.24426  -8.56488  -8.07435  -5.51440  -4.19041  -3.07623  -2.42040  -1.81877  -1.21734  -0.72075  -0.43311   0.44713   0.58677
   4000.  4.00  -8.19761  -8.51334  -7.86259  -5.37620  -4.03627  -2.99867  -2.37857  -1.82653  -1.24398  -0.75124  -0.46475   0.45005   0.59350
   4000.  4.50  -8.15207  -8.44159  -7.65475  -5.24876  -3.89572  -2.93401  -2.34401  -1.82592  -1.25333  -0.75936  -0.47180   0.46819   0.61405
   4000.  5.00  -8.09810  -8.33591  -7.41839  -5.10527  -3.73895  -2.87296  -2.31150  -1.80023  -1.22206  -0.71980  -0.42801   0.50770   0.65217
   4250.  0.00  -8.31796  -8.53803  -9.17065  -6.17729  -4.91946  -3.48294  -2.50085  -1.47175  -0.78146  -0.28425  -0.00730   0.59663   0.69563
   4250.  0.50  -8.27023  -8.53271  -9.00341  -6.00313  -4.71720  -3.37490  -2.44584  -1.46683  -0.79006  -0.29811  -0.02251   0.58880   0.68893
   4250.  1.00  -8.21701  -8.52084  -8.78764  -5.80846  -4.49431  -3.25926  -2.38641  -1.46234  -0.79928  -0.31186  -0.03693   0.58292   0.68375
   4250.  1.50  -8.15508  -8.50048  -8.53593  -5.60597  -4.26869  -3.13609  -2.31609  -1.45192  -0.80445  -0.32324  -0.04909   0.57774   0.67889
   4250.  2.00  -8.08665  -8.47108  -8.26824  -5.40375  -4.04726  -3.00916  -2.23800  -1.43800  -0.80760  -0.33389  -0.06043   0.57230   0.67365
   4250.  2.50  -8.02588  -8.43349  -8.00305  -5.23198  -3.86362  -2.90065  -2.16822  -1.42897  -0.81234  -0.34470  -0.07050   0.56762   0.66906
   4250.  3.00  -7.97198  -8.38809  -7.75514  -5.09035  -3.71534  -2.80794  -2.10820  -1.42551  -0.82199  -0.35939  -0.08413   0.56312   0.66537
   4250.  3.50  -7.93491  -8.33538  -7.52845  -4.98783  -3.61183  -2.74428  -2.06880  -1.43562  -0.84062  -0.37946  -0.10153   0.56049   0.66431
   4250.  4.00  -7.90745  -8.27295  -7.32023  -4.91380  -3.54208  -2.70078  -2.04186  -1.45117  -0.86240  -0.40106  -0.12009   0.55966   0.66552
   4250.  4.50  -7.88636  -8.19748  -7.12617  -4.85155  -3.48567  -2.67229  -2.02663  -1.47067  -0.88556  -0.42155  -0.13708   0.56385   0.67208
   4250.  5.00  -7.86230  -8.09776  -6.92741  -4.77623  -3.41412  -2.64764  -2.02052  -1.48530  -0.89934  -0.42844  -0.13992   0.58047   0.69038
   4500.  0.00  -7.96526  -8.36527  -8.20975  -5.34718  -3.98740  -2.98385  -2.10935  -1.19471  -0.56712  -0.11694   0.13905   0.66570   0.74721
   4500.  0.50  -7.92305  -8.34594  -8.01631  -5.20894  -3.84419  -2.89842  -2.06534  -1.18595  -0.57088  -0.12686   0.12689   0.65718   0.74031
   4500.  1.00  -7.88076  -8.31382  -7.76363  -5.05632  -3.68791  -2.81140  -2.02370  -1.18126  -0.57755  -0.13791   0.11465   0.65137   0.73561
   4500.  1.50  -7.83269  -8.26449  -7.47049  -4.88530  -3.51415  -2.71792  -1.97658  -1.17525  -0.58361  -0.14853   0.10321   0.64655   0.73141
   4500.  2.00  -7.77567  -8.20057  -7.18470  -4.71409  -3.34145  -2.61771  -1.91795  -1.16296  -0.58546  -0.15707   0.09360   0.64106   0.72603
   4500.  2.50  -7.72057  -8.12437  -6.92727  -4.56271  -3.18956  -2.52624  -1.86114  -1.15288  -0.58750  -0.16491   0.08601   0.63623   0.72097
   4500.  3.00  -7.67461  -8.05396  -6.74886  -4.45984  -3.08636  -2.45522  -1.81268  -1.14813  -0.59146  -0.17279   0.07999   0.63278   0.71708
   4500.  3.50  -7.63939  -7.98203  -6.61012  -4.39289  -3.01974  -2.40455  -1.77779  -1.15353  -0.60189  -0.18380   0.07263   0.63146   0.71572
   4500.  4.00  -7.61640  -7.90709  -6.49512  -4.36087  -2.99132  -2.37727  -1.75690  -1.16795  -0.61704  -0.19656   0.06510   0.63207   0.71662
   4500.  4.50  -7.60224  -7.83097  -6.39802  -4.35412  -2.99181  -2.36867  -1.74728  -1.18791  -0.63457  -0.20970   0.05794   0.63435   0.71951
   4500.  5.00  -7.59206  -7.74160  -6.29328  -4.34998  -2.99784  -2.37223  -1.74844  -1.21304  -0.65442  -0.22239   0.05186   0.64060   0.72655
   4750.  0.00  -7.64108  -8.00142  -6.71971  -4.63114  -3.29869  -2.54322  -1.77645  -0.97710  -0.40806   0.00154   0.23936   0.71561   0.78222
   4750.  0.50  -7.60087  -7.95067  -6.56698  -4.49955  -3.16582  -2.47040  -1.73819  -0.96656  -0.40897  -0.00566   0.22952   0.70555   0.77402
   4750.  1.00  -7.56381  -7.87952  -6.38033  -4.36806  -3.03736  -2.40235  -1.70676  -0.96095  -0.41300  -0.01410   0.21945   0.69863   0.76862
   4750.  1.50  -7.52406  -7.78303  -6.16262  -4.22784  -2.90292  -2.33334  -1.67541  -0.95633  -0.41791  -0.02305   0.20923   0.69295   0.76409
   4750.  2.00  -7.47647  -7.66443  -5.93534  -4.08174  -2.76355  -2.25983  -1.63769  -0.94822  -0.42071  -0.03120   0.19960   0.68695   0.75880
   4750.  2.50  -7.42436  -7.54398  -5.74312  -3.95015  -2.63605  -2.18822  -1.59656  -0.93843  -0.42184  -0.03824   0.19146   0.68090   0.75302
   4750.  3.00  -7.37726  -7.44937  -5.62549  -3.85733  -2.54187  -2.13090  -1.55970  -0.93221  -0.42376  -0.04464   0.18562   0.67633   0.74824
   4750.  3.50  -7.33586  -7.37858  -5.57381  -3.80203  -2.47995  -2.08782  -1.52878  -0.93131  -0.42841  -0.05176   0.18073   0.67387   0.74542
   4750.  4.00  -7.30642  -7.33233  -5.57655  -3.78563  -2.45388  -2.06397  -1.50900  -0.93921  -0.43782  -0.06043   0.17643   0.67410   0.74541
   4750.  4.50  -7.28647  -7.29532  -5.60675  -3.80236  -2.46211  -2.05817  -1.49897  -0.95420  -0.45045  -0.06960   0.17340   0.67665   0.74779
   4750.  5.00  -7.27349  -7.25445  -5.63218  -3.83800  -2.49433  -2.06714  -1.49763  -0.97459  -0.46518  -0.07855   0.17179   0.68111   0.75207
   5000.  0.00  -7.27983  -7.37803  -5.64856  -4.06252  -2.80299  -2.15199  -1.48419  -0.79249  -0.28231   0.08744   0.30671   0.74714   0.80241
   5000.  0.50  -7.24136  -7.27417  -5.45739  -3.91365  -2.65778  -2.08641  -1.45120  -0.78349  -0.28333   0.08097   0.29790   0.73590   0.79273
   5000.  1.00  -7.20297  -7.15474  -5.26418  -3.77276  -2.52395  -2.02708  -1.42501  -0.77829  -0.28648   0.07386   0.28917   0.72753   0.78581
   5000.  1.50  -7.16143  -7.01843  -5.06815  -3.63621  -2.39706  -1.97188  -1.40264  -0.77512  -0.29081   0.06625   0.28032   0.72069   0.78024
   5000.  2.00  -7.11387  -6.87041  -4.87488  -3.50274  -2.27439  -1.91756  -1.37929  -0.77096  -0.29446   0.05882   0.27154   0.71404   0.77459
   5000.  2.50  -7.06360  -6.73261  -4.70998  -3.38351  -2.16309  -1.86651  -1.35439  -0.76513  -0.29657   0.05223   0.26359   0.70734   0.76857
   5000.  3.00  -7.01512  -6.62289  -4.59536  -3.29092  -2.07233  -1.82336  -1.33028  -0.75961  -0.29797   0.04646   0.25711   0.70136   0.76290
   5000.  3.50  -6.97486  -6.55536  -4.54722  -3.23478  -2.00954  -1.79218  -1.30946  -0.75690  -0.30012   0.04115   0.25249   0.69741   0.75888
   5000.  4.00  -6.94241  -6.52378  -4.56095  -3.21350  -1.97355  -1.77274  -1.29289  -0.75887  -0.30471   0.03524   0.24900   0.69594   0.75721
   5000.  4.50  -6.91919  -6.51925  -4.62440  -3.22435  -1.96476  -1.76582  -1.28209  -0.76636  -0.31205   0.02881   0.24686   0.69704   0.75806
   5000.  5.00  -6.90613  -6.53616  -4.72655  -3.26562  -1.98513  -1.77240  -1.27782  -0.77932  -0.32163   0.02246   0.24664   0.70061   0.76128
   5250.  0.00  -6.77648  -6.68469  -4.96004  -3.61006  -2.41908  -1.79301  -1.21678  -0.62539  -0.17565   0.15263   0.35154   0.75687   0.80506
   5250.  0.50  -6.73613  -6.54718  -4.74271  -3.45420  -2.27104  -1.74090  -1.19434  -0.62211  -0.17975   0.14507   0.34264   0.74643   0.79533
   5250.  1.00  -6.69272  -6.39512  -4.52421  -3.30242  -2.13101  -1.69139  -1.17554  -0.62038  -0.18449   0.13764   0.33417   0.73784   0.78758
   5250.  1.50  -6.64568  -6.23322  -4.31130  -3.15747  -2.00059  -1.64568  -1.16023  -0.62014  -0.18991   0.13007   0.32581   0.73050   0.78112
   5250.  2.00  -6.59607  -6.07049  -4.11230  -3.02219  -1.88076  -1.60354  -1.14643  -0.62000  -0.19510   0.12270   0.31764   0.72364   0.77507
   5250.  2.50  -6.54845  -5.92211  -3.94104  -2.90316  -1.77487  -1.56682  -1.13352  -0.61917  -0.19924   0.11605   0.31015   0.71704   0.76914
   5250.  3.00  -6.50813  -5.80238  -3.81070  -2.80729  -1.68679  -1.53733  -1.12171  -0.61792  -0.20223   0.11039   0.30389   0.71106   0.76362
   5250.  3.50  -6.47825  -5.72219  -3.73476  -2.74285  -1.62178  -1.51769  -1.11181  -0.61717  -0.20444   0.10584   0.29940   0.70654   0.75932
   5250.  4.00  -6.45510  -5.67859  -3.71456  -2.71039  -1.57940  -1.50702  -1.10331  -0.61777  -0.20678   0.10176   0.29637   0.70388   0.75668
   5250.  4.50  -6.43695  -5.66652  -3.74830  -2.70990  -1.56019  -1.50532  -1.09695  -0.62107  -0.21018   0.09784   0.29494   0.70364   0.75630
   5250.  5.00  -6.42334  -5.68196  -3.83258  -2.74080  -1.56576  -1.51299  -1.09346  -0.62784  -0.21498   0.09410   0.29537   0.70588   0.75826
   5500.  0.00  -6.25901  -6.07335  -4.43452  -3.22368  -2.10051  -1.45766  -0.96855  -0.47151  -0.08278   0.20329   0.38035   0.74456   0.78905
   5500.  0.50  -6.19931  -5.91926  -4.22184  -3.07831  -1.96167  -1.42623  -0.96091  -0.47628  -0.09115   0.19416   0.37132   0.73704   0.78109
   5500.  1.00  -6.13094  -5.74836  -3.99966  -2.92809  -1.82337  -1.39145  -0.95267  -0.48012  -0.09874   0.18573   0.36283   0.73005   0.77401
   5500.  1.50  -6.05865  -5.56953  -3.77947  -2.78034  -1.69156  -1.35695  -0.94578  -0.48434  -0.10648   0.17731   0.35434   0.72348   0.76761
   5500.  2.00  -5.98872  -5.39429  -3.57288  -2.64191  -1.57098  -1.32543  -0.94053  -0.48875  -0.11398   0.16921   0.34619   0.71724   0.76167
   5500.  2.50  -5.92812  -5.23573  -3.39076  -2.51811  -1.46380  -1.29857  -0.93642  -0.49273  -0.12063   0.16177   0.33864   0.71122   0.75600
   5500.  3.00  -5.88111  -5.10326  -3.24222  -2.41444  -1.37306  -1.27806  -0.93369  -0.49635  -0.12624   0.15529   0.33215   0.70581   0.75092
   5500.  3.50  -5.85111  -5.00821  -3.14037  -2.33863  -1.30284  -1.26647  -0.93262  -0.49956  -0.13036   0.15033   0.32750   0.70162   0.74695
   5500.  4.00  -5.83227  -4.94820  -3.08666  -2.29152  -1.25266  -1.26269  -0.93221  -0.50236  -0.13321   0.14667   0.32458   0.69890   0.74435
   5500.  4.50  -5.81875  -4.92059  -3.08472  -2.27618  -1.22464  -1.26711  -0.93260  -0.50550  -0.13530   0.14417   0.32366   0.69822   0.74366
   5500.  5.00  -5.80609  -4.91945  -3.13213  -2.29174  -1.21885  -1.27898  -0.93344  -0.50955  -0.13711   0.14260   0.32479   0.69975   0.74500
   5750.  0.00  -5.73161  -5.49562  -3.97528  -2.87887  -1.83257  -1.14754  -0.74078  -0.33230  -0.00374   0.24067   0.39523   0.71353   0.75660
   5750.  0.50  -5.65936  -5.34983  -3.78962  -2.75659  -1.71056  -1.14156  -0.75020  -0.34554  -0.01566   0.23121   0.38760   0.71081   0.75219
   5750.  1.00  -5.56476  -5.17629  -3.58083  -2.61724  -1.57918  -1.12399  -0.75386  -0.35580  -0.02640   0.22190   0.37949   0.70699   0.74715
   5750.  1.50  -5.46324  -4.99375  -3.36788  -2.47469  -1.44991  -1.10312  -0.75647  -0.36515  -0.03669   0.21268   0.37119   0.70255   0.74196
   5750.  2.00  -5.36666  -4.81554  -3.16330  -2.33725  -1.32885  -1.08323  -0.76004  -0.37443  -0.04665   0.20372   0.36303   0.69794   0.73693
   5750.  2.50  -5.28317  -4.65215  -2.97657  -2.21042  -1.21910  -1.06567  -0.76397  -0.38309  -0.05588   0.19522   0.35518   0.69307   0.73190
   5750.  3.00  -5.21758  -4.51177  -2.81688  -2.09999  -1.12377  -1.05258  -0.76881  -0.39131  -0.06421   0.18755   0.34815   0.68856   0.72741
   5750.  3.50  -5.17411  -4.40443  -2.69576  -2.01286  -1.04601  -1.04622  -0.77454  -0.39867  -0.07090   0.18139   0.34278   0.68494   0.72387
   5750.  4.00  -5.14787  -4.32968  -2.61609  -1.95095  -0.98618  -1.04607  -0.78036  -0.40493  -0.07584   0.17683   0.33920   0.68252   0.72154
   5750.  4.50  -5.13412  -4.28917  -2.58521  -1.91971  -0.94764  -1.05368  -0.78658  -0.41029  -0.07887   0.17425   0.33809   0.68203   0.72106
   5750.  5.00  -5.12474  -4.27590  -2.60053  -1.91824  -0.93000  -1.06812  -0.79239  -0.41482  -0.08021   0.17344   0.33938   0.68352   0.72245
   6000.  0.00  -5.16725  -4.92184  -3.55726  -2.57090  -1.61080  -0.86583  -0.53378  -0.20888   0.06032   0.26374   0.39537   0.66687   0.71021
   6000.  0.50  -5.09318  -4.80077  -3.40911  -2.47715  -1.50934  -0.88641  -0.56080  -0.23011   0.04659   0.25629   0.39190   0.67093   0.71135
   6000.  1.00  -4.97939  -4.63666  -3.22358  -2.35407  -1.38803  -0.88820  -0.57760  -0.24664   0.03379   0.24765   0.38600   0.67189   0.70983
   6000.  1.50  -4.85178  -4.45761  -3.02549  -2.22047  -1.26292  -0.88132  -0.58984  -0.26116   0.02127   0.23825   0.37870   0.67088   0.70694
   6000.  2.00  -4.72786  -4.28041  -2.82907  -2.08675  -1.14194  -0.87294  -0.60164  -0.27503   0.00908   0.22869   0.37089   0.66873   0.70348
   6000.  2.50  -4.61791  -4.11512  -2.64357  -1.95918  -1.02953  -0.86501  -0.61341  -0.28830  -0.00259   0.21930   0.36298   0.66576   0.69969
   6000.  3.00  -4.52931  -3.97119  -2.47966  -1.84455  -0.92944  -0.85962  -0.62532  -0.30080  -0.01332   0.21057   0.35561   0.66258   0.69604
   6000.  3.50  -4.46582  -3.85557  -2.34597  -1.74798  -0.84360  -0.85810  -0.63728  -0.31228  -0.02267   0.20296   0.34934   0.65969   0.69297
   6000.  4.00  -4.42601  -3.77060  -2.24815  -1.67344  -0.77375  -0.86089  -0.64886  -0.32239  -0.03022   0.19694   0.34472   0.65767   0.69092
   6000.  4.50  -4.41016  -3.72173  -2.19524  -1.62731  -0.72343  -0.86972  -0.65996  -0.33080  -0.03533   0.19322   0.34266   0.65733   0.69058
   6000.  5.00  -4.40821  -3.70147  -2.18434  -1.60887  -0.69270  -0.88405  -0.66994  -0.33744  -0.03802   0.19178   0.34320   0.65886   0.69208
   6250.  0.50  -4.52239  -4.27808  -3.07099  -2.23380  -1.34926  -0.65651  -0.38852  -0.12846   0.09557   0.26860   0.38317   0.61910   0.65992
   6250.  1.00  -4.40066  -4.12891  -2.91177  -2.12993  -1.24026  -0.68066  -0.42004  -0.15090   0.08278   0.26336   0.38256   0.62662   0.66372
   6250.  1.50  -4.25605  -3.95596  -2.73050  -2.00658  -1.12017  -0.68978  -0.44343  -0.17047   0.06919   0.25536   0.37806   0.63044   0.66440
   6250.  2.00  -4.11108  -3.78005  -2.54391  -1.87704  -0.99957  -0.69164  -0.46262  -0.18858   0.05511   0.24572   0.37130   0.63158   0.66316
   6250.  2.50  -3.97820  -3.61277  -2.36274  -1.74970  -0.88448  -0.69264  -0.48141  -0.20611   0.04127   0.23576   0.36380   0.63119   0.66109
   6250.  3.00  -3.86850  -3.46560  -2.19806  -1.63185  -0.77917  -0.69493  -0.50010  -0.22279   0.02828   0.22615   0.35635   0.62989   0.65870
   6250.  3.50  -3.78459  -3.34293  -2.05649  -1.52772  -0.68559  -0.69867  -0.51825  -0.23838   0.01635   0.21718   0.34936   0.62810   0.65633
   6250.  4.00  -3.72915  -3.25080  -1.94708  -1.44342  -0.60659  -0.70504  -0.53558  -0.25247   0.00610   0.20958   0.34366   0.62668   0.65466
   6250.  4.50  -3.70554  -3.19522  -1.87730  -1.38408  -0.54447  -0.71476  -0.55121  -0.26421  -0.00152   0.20419   0.34021   0.62638   0.65430
   6250.  5.00  -3.70518  -3.17028  -1.84612  -1.35056  -0.50070  -0.72823  -0.56513  -0.27369  -0.00649   0.20122   0.33934   0.62774   0.65567
   6500.  0.50  -3.97897  -3.79311  -2.76711  -2.02044  -1.21735  -0.46699  -0.24797  -0.04490   0.13353   0.27330   0.36771   0.56159   0.60358
   6500.  1.00  -3.86734  -3.66781  -2.63743  -1.93633  -1.12581  -0.49275  -0.27502  -0.06622   0.12058   0.26792   0.36768   0.57175   0.60905
   6500.  1.50  -3.71373  -3.50003  -2.47146  -1.82401  -1.01177  -0.52132  -0.31160  -0.09076   0.10779   0.26391   0.36899   0.58216   0.61516
   6500.  2.00  -3.55610  -3.32537  -2.29498  -1.69967  -0.89275  -0.53637  -0.34026  -0.11311   0.09311   0.25594   0.36520   0.58793   0.61735
   6500.  2.50  -3.40901  -3.15689  -2.11944  -1.57320  -0.77563  -0.54599  -0.36553  -0.13439   0.07766   0.24605   0.35883   0.59074   0.61745
   6500.  3.00  -3.28301  -3.00518  -1.95481  -1.45211  -0.66513  -0.55487  -0.39013  -0.15500   0.06243   0.23563   0.35147   0.59169   0.61656
   6500.  3.50  -3.18188  -2.87564  -1.80863  -1.34187  -0.56452  -0.56381  -0.41389  -0.17451   0.04802   0.22540   0.34393   0.59133   0.61510
   6500.  4.00  -3.11243  -2.77743  -1.69145  -1.24944  -0.47681  -0.57407  -0.43666  -0.19249   0.03514   0.21625   0.33727   0.59077   0.61395
   6500.  4.50  -3.07770  -2.71495  -1.60871  -1.17876  -0.40367  -0.58576  -0.45776  -0.20837   0.02442   0.20881   0.33222   0.59060   0.61359
   6500.  5.00  -3.07164  -2.68490  -1.56203  -1.13230  -0.34743  -0.59892  -0.47596  -0.22118   0.01681   0.20400   0.32978   0.59185   0.61484
   6750.  0.50  -3.46744  -3.34471  -2.48786  -1.82590  -1.10129  -0.31026  -0.13708   0.02004   0.16003   0.27121   0.34729   0.50230   0.54554
   6750.  1.00  -3.38468  -3.25119  -2.38908  -1.76348  -1.03043  -0.33657  -0.15782   0.00246   0.14895   0.26650   0.34781   0.51351   0.55163
   6750.  1.50  -3.24334  -3.10150  -2.24482  -1.66630  -0.92959  -0.36641  -0.18850  -0.01983   0.13675   0.26255   0.34961   0.52564   0.55853
   6750.  2.00  -3.07615  -2.92500  -2.07607  -1.54784  -0.81309  -0.40017  -0.22979  -0.04661   0.12353   0.25907   0.35202   0.53796   0.56611
   6750.  2.50  -2.92035  -2.75475  -1.90582  -1.42319  -0.69556  -0.42122  -0.26331  -0.07164   0.10764   0.25075   0.34846   0.54510   0.56948
   6750.  3.00  -2.78265  -2.59801  -1.74189  -1.29981  -0.58147  -0.43721  -0.29387  -0.09596   0.09062   0.24017   0.34195   0.54892   0.57055
   6750.  3.50  -2.66932  -2.46268  -1.59344  -1.18481  -0.47490  -0.45134  -0.32267  -0.11912   0.07388   0.22886   0.33414   0.55040   0.57024
   6750.  4.00  -2.58854  -2.35847  -1.47007  -1.08479  -0.37862  -0.46555  -0.35079  -0.14111   0.05826   0.21817   0.32666   0.55097   0.56979
   6750.  4.50  -2.54061  -2.28731  -1.37636  -1.00371  -0.29507  -0.47926  -0.37689  -0.16098   0.04452   0.20873   0.32014   0.55121   0.56962
   6750.  5.00  -2.52659  -2.25211  -1.31812  -0.94656  -0.22755  -0.49316  -0.39988  -0.17770   0.03375   0.20168   0.31586   0.55236   0.57070
   7000.  0.50  -2.97878  -2.91829  -2.21916  -1.63946  -0.99022  -0.18364  -0.05434   0.06673   0.17555   0.26332   0.32342   0.44400   0.48786
   7000.  1.00  -2.94060  -2.86676  -2.15556  -1.60166  -0.94339  -0.20852  -0.06697   0.05458   0.16754   0.25981   0.32457   0.45481   0.49372
   7000.  1.50  -2.82547  -2.74350  -2.03607  -1.52227  -0.85910  -0.23862  -0.09014   0.03690   0.15770   0.25641   0.32644   0.46705   0.50018
   7000.  2.00  -2.67236  -2.58269  -1.88471  -1.41612  -0.75333  -0.27401  -0.12560   0.01267   0.14545   0.25316   0.32938   0.48074   0.50834
   7000.  2.50  -2.50659  -2.40655  -1.71698  -1.29341  -0.63638  -0.31183  -0.17133  -0.01675   0.13094   0.24920   0.33183   0.49413   0.51692
   7000.  3.00  -2.36108  -2.24569  -1.55499  -1.16982  -0.52126  -0.33763  -0.20896  -0.04442   0.11345   0.23989   0.32771   0.50174   0.52079
   7000.  3.50  -2.24008  -2.10610  -1.40587  -1.05177  -0.41073  -0.35850  -0.24342  -0.07118   0.09497   0.22833   0.32063   0.50586   0.52229
   7000.  4.00  -2.14870  -1.99453  -1.27698  -0.94516  -0.30767  -0.37682  -0.27645  -0.09702   0.07665   0.21616   0.31245   0.50780   0.52272
   7000.  4.50  -2.08846  -1.91448  -1.17459  -0.85532  -0.21522  -0.39321  -0.30743  -0.12097   0.05975   0.20467   0.30453   0.50868   0.52284
   7000.  5.00  -2.06438  -1.87245  -1.10636  -0.78840  -0.13710  -0.40832  -0.33501  -0.14161   0.04580   0.19535   0.29845   0.50983   0.52380
   7250.  0.50  -2.48821  -2.48540  -1.93853  -1.44608  -0.86873  -0.09533  -0.00754   0.09178   0.18080   0.25304   0.30122   0.39240   0.43540
   7250.  1.00  -2.52765  -2.50464  -1.92843  -1.44334  -0.85746  -0.10344   0.00137   0.09151   0.17640   0.24756   0.29768   0.39658   0.43575
   7250.  1.50  -2.44384  -2.41114  -1.83468  -1.38258  -0.79091  -0.13472  -0.01664   0.07789   0.16951   0.24589   0.30093   0.40923   0.44260
   7250.  2.00  -2.31553  -2.27436  -1.70496  -1.29203  -0.69968  -0.16903  -0.04343   0.05873   0.15953   0.24264   0.30315   0.42208   0.44945
   7250.  2.50  -2.16209  -2.11127  -1.55168  -1.18002  -0.59207  -0.21007  -0.08401   0.03190   0.14647   0.23928   0.30645   0.43664   0.45840
   7250.  3.00  -2.00852  -1.94456  -1.39030  -1.05669  -0.47679  -0.25158  -0.13350  -0.00013   0.13029   0.23411   0.30807   0.45017   0.46717
   7250.  3.50  -1.88219  -1.80160  -1.24173  -0.93773  -0.36534  -0.28095  -0.17464  -0.03033   0.11102   0.22346   0.30300   0.45768   0.47128
   7250.  4.00  -1.78134  -1.68327  -1.11022  -0.82779  -0.25949  -0.30438  -0.21172  -0.05904   0.09106   0.21061   0.29485   0.46126   0.47267
   7250.  4.50  -1.71047  -1.59467  -1.00080  -0.73087  -0.16036  -0.32484  -0.24786  -0.08703   0.07130   0.19749   0.28608   0.46341   0.47363
   7250.  5.00  -1.67514  -1.54358  -0.92273  -0.65456  -0.07242  -0.34183  -0.28039  -0.11199   0.05386   0.18579   0.27826   0.46481   0.47467
   7500.  0.50  -1.91844  -1.96262  -1.57438  -1.19435  -0.69193  -0.06674  -0.02368   0.07596   0.16581   0.23946   0.28605   0.36121   0.39895
   7500.  1.00  -2.13144  -2.14717  -1.69239  -1.27747  -0.76239  -0.02299   0.04457   0.11146   0.17489   0.23016   0.26831   0.34124   0.37995
   7500.  1.50  -2.09245  -2.09721  -1.63503  -1.24216  -0.72051  -0.04893   0.03771   0.10531   0.17202   0.22963   0.27135   0.35141   0.38478
   7500.  2.00  -1.98860  -1.98454  -1.52700  -1.16778  -0.64419  -0.08590   0.01527   0.08996   0.16521   0.22837   0.27524   0.36468   0.39178
   7500.  2.50  -1.85939  -1.84610  -1.39583  -1.07188  -0.55088  -0.12558  -0.01539   0.06894   0.15477   0.22480   0.27736   0.37761   0.39860
   7500.  3.00  -1.71605  -1.69058  -1.24679  -0.95779  -0.44387  -0.17139  -0.06170   0.03874   0.14011   0.22071   0.28046   0.39276   0.40835
   7500.  3.50  -1.58221  -1.54150  -1.09744  -0.83823  -0.33278  -0.21411  -0.11364   0.00438   0.12181   0.21362   0.28039   0.40545   0.41674
   7500.  4.00  -1.47497  -1.41793  -0.96418  -0.72629  -0.22591  -0.24552  -0.15736  -0.02798   0.10075   0.20135   0.27392   0.41222   0.42053
   7500.  4.50  -1.39672  -1.32376  -0.85168  -0.62607  -0.12382  -0.27079  -0.19767  -0.05901   0.07919   0.18739   0.26505   0.41582   0.42243
   7500.  5.00  -1.34959  -1.26210  -0.76463  -0.54201  -0.02923  -0.29074  -0.23487  -0.08794   0.05868   0.17362   0.25580   0.41775   0.42374
   7750.  1.00  -1.73819  -1.77915  -1.43317  -1.09366  -0.64837   0.02592   0.05782   0.11161   0.16243   0.20844   0.23854   0.29126   0.32806
   7750.  1.50  -1.76101  -1.78989  -1.42607  -1.09286  -0.63966   0.01653   0.07128   0.11787   0.16462   0.20757   0.23819   0.29495   0.32764
   7750.  2.00  -1.68856  -1.70922  -1.34639  -1.03893  -0.58254  -0.01883   0.05624   0.10812   0.16163   0.20826   0.24316   0.30737   0.33395
   7750.  2.50  -1.58195  -1.59417  -1.23662  -0.95880  -0.50366  -0.05980   0.02995   0.09078   0.15411   0.20643   0.24661   0.32045   0.34076
   7750.  3.00  -1.46035  -1.46340  -1.11157  -0.86288  -0.41256  -0.10329  -0.00479   0.06741   0.14257   0.20207   0.24821   0.33310   0.34758
   7750.  3.50  -1.33135  -1.32090  -0.97135  -0.75069  -0.30843  -0.15294  -0.05632   0.03400   0.12626   0.19698   0.25075   0.34811   0.35752
   7750.  4.00  -1.21875  -1.19286  -0.83742  -0.63823  -0.20225  -0.19570  -0.10952  -0.00212   0.10600   0.18782   0.24873   0.35960   0.36521
   7750.  4.50  -1.13487  -1.09370  -0.72253  -0.53611  -0.09974  -0.22720  -0.15517  -0.03634   0.08324   0.17401   0.24091   0.36563   0.36902
   7750.  5.00  -1.07779  -1.02282  -0.62902  -0.44703  -0.00197  -0.25161  -0.19703  -0.06877   0.06047   0.15900   0.23114   0.36874   0.37109
   8000.  1.00  -1.34642  -1.39925  -1.14491  -0.88365  -0.50839   0.04058   0.03591   0.08638   0.13413   0.17929   0.20695   0.24958   0.28215
   8000.  1.50  -1.45073  -1.49408  -1.21428  -0.93896  -0.55231   0.06011   0.08329   0.11541   0.14781   0.18049   0.20253   0.24065   0.27219
   8000.  2.00  -1.41502  -1.45112  -1.16814  -0.90908  -0.51812   0.03345   0.08050   0.11374   0.14889   0.18204   0.20649   0.24937   0.27544
   8000.  2.50  -1.33083  -1.36067  -1.08220  -0.84698  -0.45588  -0.00732   0.06030   0.10147   0.14537   0.18266   0.21169   0.26196   0.28167
   8000.  3.00  -1.22686  -1.24884  -0.97487  -0.76464  -0.37652  -0.05309   0.02962   0.08147   0.13659   0.17984   0.21447   0.27478   0.28824
   8000.  3.50  -1.11539  -1.12825  -0.85699  -0.66993  -0.28686  -0.10136  -0.01045   0.05470   0.12325   0.17423   0.21529   0.28733   0.29528
   8000.  4.00  -1.00470  -1.00306  -0.72838  -0.56218  -0.18616  -0.15211  -0.06690   0.01797   0.10493   0.16801   0.21714   0.30224   0.30579
   8000.  4.50  -0.91486  -0.89798  -0.61092  -0.45858  -0.08462  -0.19263  -0.12045  -0.01968   0.08244   0.15644   0.21275   0.31227   0.31284
   8000.  5.00  -0.85123  -0.82074  -0.51362  -0.36699   0.01367  -0.22278  -0.16721  -0.05517   0.05838   0.14133   0.20373   0.31750   0.31652
   8250.  1.00  -0.97179  -1.01963  -0.82177  -0.63537  -0.32467   0.02623  -0.01868   0.03259   0.08265   0.13370   0.16408   0.21129   0.23558
   8250.  1.50  -1.15806  -1.20721  -0.99493  -0.77551  -0.45130   0.08089   0.07413   0.09764   0.12119   0.14801   0.16447   0.18920   0.21851
   8250.  2.00  -1.15894  -1.20170  -0.98369  -0.77137  -0.44233   0.06678   0.08590   0.10557   0.12703   0.15058   0.16706   0.19340   0.21828
   8250.  2.50  -1.09901  -1.13544  -0.91883  -0.72483  -0.39474   0.02959   0.07262   0.09806   0.12625   0.15229   0.17243   0.20488   0.22355
   8250.  3.00  -1.01429  -1.04454  -0.83148  -0.65784  -0.32937  -0.01596   0.04715   0.08244   0.12101   0.15172   0.17688   0.21771   0.23003
   8250.  3.50  -0.91945  -0.94477  -0.73600  -0.58094  -0.25552  -0.06289   0.01474   0.06147   0.11173   0.14791   0.17849   0.22890   0.23559
   8250.  4.00  -0.81977  -0.83731  -0.62942  -0.49156  -0.17087  -0.11281  -0.02977   0.03204   0.09719   0.14167   0.17905   0.24108   0.24296
   8250.  4.50  -0.72652  -0.72918  -0.51257  -0.38934  -0.07315  -0.16234  -0.08886  -0.00678   0.07729   0.13424   0.17988   0.25552   0.25360
   8250.  5.00  -0.65818  -0.64687  -0.41245  -0.29618   0.02437  -0.19938  -0.14156  -0.04496   0.05340   0.12088   0.17366   0.26427   0.26023
   8500.  1.50  -0.89409  -0.94263  -0.77799  -0.60865  -0.33992   0.08181   0.04592   0.06490   0.08387   0.10874   0.12259   0.14022   0.16615
   8500.  2.00  -0.92727  -0.97229  -0.80547  -0.63508  -0.36239   0.08416   0.07619   0.08601   0.09718   0.11391   0.12427   0.13789   0.16125
   8500.  2.50  -0.89093  -0.93100  -0.76517  -0.60724  -0.33316   0.05457   0.07244   0.08494   0.09978   0.11658   0.12903   0.14649   0.16425
   8500.  3.00  -0.82428  -0.85949  -0.69677  -0.55507  -0.28193   0.01194   0.05301   0.07387   0.09764   0.11772   0.13438   0.15849   0.17002
   8500.  3.50  -0.74313  -0.77367  -0.61427  -0.48876  -0.21807  -0.03624   0.02375   0.05591   0.09130   0.11627   0.13822   0.17091   0.17644
   8500.  4.00  -0.65570  -0.68178  -0.52464  -0.41346  -0.14556  -0.08627  -0.01359   0.03174   0.08038   0.11143   0.13932   0.18224   0.18256
   8500.  4.50  -0.56771  -0.58593  -0.42634  -0.32747  -0.06263  -0.13705  -0.06323  -0.00077   0.06453   0.10477   0.13995   0.19474   0.19090
   8500.  5.00  -0.49365  -0.49799  -0.32475  -0.23433   0.03090  -0.18070  -0.12074  -0.03942   0.04374   0.09600   0.13917   0.20788   0.20129
   8750.  1.50  -0.67255  -0.71892  -0.58318  -0.45333  -0.22739   0.06784   0.00517   0.02149   0.03806   0.06292   0.07597   0.09115   0.11261
   8750.  2.00  -0.72321  -0.76818  -0.63915  -0.50511  -0.28157   0.08598   0.05269   0.05588   0.06000   0.07254   0.07881   0.08348   0.10485
   8750.  2.50  -0.70423  -0.74509  -0.61898  -0.49308  -0.26954   0.06615   0.05910   0.06178   0.06622   0.07624   0.08266   0.08831   0.10500
   8750.  3.00  -0.65319  -0.69018  -0.56753  -0.45432  -0.23149   0.02803   0.04639   0.05544   0.06686   0.07854   0.08812   0.09869   0.10929
   8750.  3.50  -0.58545  -0.61909  -0.50026  -0.40052  -0.17954  -0.01881   0.02234   0.04164   0.06368   0.07901   0.09323   0.11080   0.11525
   8750.  4.00  -0.50887  -0.53969  -0.42419  -0.33681  -0.11806  -0.06937  -0.01040   0.02159   0.05645   0.07670   0.09642   0.12267   0.12163
   8750.  4.50  -0.42970  -0.45722  -0.34253  -0.26533  -0.04818  -0.11955  -0.05161  -0.00513   0.04421   0.07093   0.09690   0.13374   0.12839
   8750.  5.00  -0.35386  -0.37206  -0.25040  -0.18158   0.03421  -0.16704  -0.10507  -0.03994   0.02739   0.06456   0.09829   0.14730   0.13866
   9000.  1.50  -0.49423  -0.53899  -0.41829  -0.31671  -0.11871   0.04634  -0.04084  -0.02666  -0.01184   0.01336   0.02619   0.04075   0.05739
   9000.  2.00  -0.55133  -0.59700  -0.49483  -0.38991  -0.20563   0.07451   0.01920   0.01804   0.01759   0.02773   0.03151   0.02993   0.04863
   9000.  2.50  -0.54317  -0.58489  -0.48943  -0.39053  -0.21034   0.06406   0.03459   0.03010   0.02685   0.03208   0.03407   0.03045   0.04564
   9000.  3.00  -0.50291  -0.54063  -0.44970  -0.36115  -0.18302   0.03249   0.02877   0.02838   0.02977   0.03493   0.03875   0.03833   0.04795
   9000.  3.50  -0.44626  -0.48095  -0.39420  -0.31688  -0.14064  -0.01028   0.01030   0.01860   0.02906   0.03663   0.04425   0.04958   0.05325
   9000.  4.00  -0.38016  -0.41270  -0.32977  -0.26308  -0.08893  -0.05885  -0.01755   0.00249   0.02488   0.03642   0.04901   0.06173   0.05985
   9000.  4.50  -0.30842  -0.33954  -0.25958  -0.20197  -0.02946  -0.10938  -0.05357  -0.01967   0.01661   0.03328   0.05161   0.07326   0.06664
   9000.  5.00  -0.23549  -0.26408  -0.18382  -0.13323   0.03896  -0.15888  -0.09868  -0.04882   0.00337   0.02713   0.05209   0.08446   0.07422
   9250.  2.00  -0.40810  -0.45529  -0.37137  -0.28889  -0.13395   0.05576  -0.01948  -0.02391  -0.02772  -0.01914  -0.01696  -0.02286  -0.00721
   9250.  2.50  -0.40753  -0.45135  -0.37943  -0.30228  -0.15747   0.05150   0.00220  -0.00746  -0.01629  -0.01439  -0.01554  -0.02627  -0.01286
   9250.  3.00  -0.37564  -0.41489  -0.34925  -0.28105  -0.14115   0.02598   0.00153  -0.00605  -0.01243  -0.01204  -0.01260  -0.02171  -0.01309
   9250.  3.50  -0.32683  -0.36240  -0.30141  -0.24311  -0.10635  -0.01171  -0.01188  -0.01258  -0.01171  -0.01011  -0.00783  -0.01241  -0.00942
   9250.  4.00  -0.26750  -0.30091  -0.24454  -0.19579  -0.06168  -0.05704  -0.03447  -0.02468  -0.01310  -0.00864  -0.00212  -0.00066  -0.00333
   9250.  4.50  -0.20202  -0.23458  -0.18244  -0.14200  -0.00994  -0.10662  -0.06553  -0.04255  -0.01771  -0.00919   0.00256   0.01151   0.00380
   9250.  5.00  -0.13356  -0.16590  -0.11639  -0.08238   0.04912  -0.15694  -0.10524  -0.06700  -0.02690  -0.01293   0.00487   0.02307   0.01140
   9500.  2.00  -0.28685  -0.33543  -0.26330  -0.19837  -0.06484   0.03300  -0.06078  -0.06787  -0.07433  -0.06692  -0.06587  -0.07501  -0.06257
   9500.  2.50  -0.29173  -0.33835  -0.28433  -0.22474  -0.10815   0.03234  -0.03475  -0.04836  -0.06142  -0.06196  -0.06537  -0.08176  -0.07049
   9500.  3.00  -0.26725  -0.30954  -0.26490  -0.21337  -0.10549   0.01074  -0.03182  -0.04491  -0.05726  -0.06054  -0.06445  -0.08091  -0.07363
   9500.  3.50  -0.22517  -0.26320  -0.22433  -0.18187  -0.07911  -0.02349  -0.04186  -0.04950  -0.05613  -0.05920  -0.06114  -0.07421  -0.07222
   9500.  4.00  -0.17181  -0.20679  -0.17266  -0.13905  -0.03999  -0.06554  -0.06065  -0.05910  -0.05633  -0.05745  -0.05585  -0.06377  -0.06733
   9500.  4.50  -0.11128  -0.14489  -0.11535  -0.08956   0.00672  -0.11242  -0.08698  -0.07329  -0.05826  -0.05628  -0.05006  -0.05158  -0.06022
   9500.  5.00  -0.04656  -0.08058  -0.05544  -0.03578   0.05904  -0.16107  -0.12133  -0.09305  -0.06349  -0.05729  -0.04563  -0.03939  -0.05210
   9750.  2.00  -0.18285  -0.23212  -0.16773  -0.11700   0.00026   0.00798  -0.10350  -0.11296  -0.12173  -0.11537  -0.11530  -0.12702  -0.11774
   9750.  2.50  -0.19152  -0.24073  -0.19981  -0.15461  -0.06016   0.00935  -0.07430  -0.09113  -0.10756  -0.11000  -0.11511  -0.13602  -0.12708
   9750.  3.00  -0.17336  -0.21906  -0.19128  -0.15365  -0.07232  -0.00985  -0.06889  -0.08634  -0.10341  -0.10954  -0.11603  -0.13863  -0.13294
   9750.  3.50  -0.13829  -0.17979  -0.15977  -0.13046  -0.05678  -0.04163  -0.07666  -0.08992  -0.10266  -0.10948  -0.11482  -0.13513  -0.13423
   9750.  4.00  -0.09142  -0.12932  -0.11463  -0.09349  -0.02477  -0.08098  -0.09277  -0.09814  -0.10280  -0.10848  -0.11098  -0.12691  -0.13124
   9750.  4.50  -0.03614  -0.07171  -0.06155  -0.04779   0.01730  -0.12481  -0.11562  -0.11001  -0.10358  -0.10690  -0.10538  -0.11561  -0.12484
   9750.  5.00   0.02514  -0.00988  -0.00425   0.00336   0.06580  -0.17084  -0.14542  -0.12615  -0.10608  -0.10596  -0.09949  -0.10296  -0.11640
  10000.  2.00  -0.09285  -0.14200  -0.08287  -0.04430   0.05889  -0.01854  -0.14693  -0.15852  -0.16941  -0.16408  -0.16492  -0.17897  -0.17266
  10000.  2.50  -0.10416  -0.15542  -0.12391  -0.09068  -0.01373  -0.01601  -0.11543  -0.13496  -0.15417  -0.15815  -0.16462  -0.18922  -0.18271
  10000.  3.00  -0.09097  -0.13982  -0.12513  -0.09921  -0.03963  -0.03372  -0.10827  -0.12927  -0.15014  -0.15854  -0.16705  -0.19473  -0.19078
  10000.  3.50  -0.06224  -0.10741  -0.10305  -0.08492  -0.03607  -0.06370  -0.11432  -0.13223  -0.15001  -0.15987  -0.16797  -0.19447  -0.19474
  10000.  4.00  -0.02210  -0.06359  -0.06586  -0.05528  -0.01309  -0.10112  -0.12866  -0.13985  -0.15079  -0.16025  -0.16618  -0.18903  -0.19414
  10000.  4.50   0.02753  -0.01109  -0.01833  -0.01472   0.02283  -0.14318  -0.14928  -0.15058  -0.15153  -0.15928  -0.16172  -0.17952  -0.18941
  10000.  5.00   0.08479   0.04757   0.03571   0.03325   0.06730  -0.18760  -0.17594  -0.16446  -0.15260  -0.15762  -0.15559  -0.16742  -0.18160
  10250.  2.00  -0.01748  -0.06616  -0.01199   0.01572   0.10453  -0.04765  -0.19151  -0.20516  -0.21816  -0.21399  -0.21585  -0.23239  -0.22873
  10250.  2.50  -0.03412  -0.08772  -0.06421  -0.04084   0.02128  -0.04525  -0.15870  -0.18074  -0.20255  -0.20809  -0.21585  -0.24397  -0.23973
  10250.  3.00  -0.02766  -0.08035  -0.07690  -0.06040  -0.01868  -0.06350  -0.15122  -0.17531  -0.19949  -0.20999  -0.22027  -0.25260  -0.25039
  10250.  3.50  -0.00717  -0.05698  -0.06652  -0.05730  -0.02906  -0.09409  -0.15738  -0.17912  -0.20106  -0.21363  -0.22404  -0.25618  -0.25767
  10250.  4.00   0.02411  -0.02232  -0.04013  -0.03786  -0.01783  -0.13239  -0.17204  -0.18789  -0.20387  -0.21658  -0.22533  -0.25447  -0.26048
  10250.  4.50   0.06541   0.02208  -0.00122  -0.00542   0.00944  -0.17537  -0.19282  -0.19957  -0.20633  -0.21782  -0.22346  -0.24796  -0.25862
  10250.  5.00   0.11637   0.07524   0.04759   0.03761   0.04874  -0.22032  -0.21885  -0.21348  -0.20808  -0.21730  -0.21881  -0.23764  -0.25257
  10500.  2.00   0.05418   0.00777   0.05780   0.07467   0.14744  -0.07647  -0.23574  -0.25128  -0.26625  -0.26320  -0.26608  -0.28481  -0.28362
  10500.  2.50   0.03492  -0.01910  -0.00086   0.01310   0.06155  -0.07290  -0.20112  -0.22527  -0.24928  -0.25604  -0.26487  -0.29573  -0.29381
  10500.  3.00   0.03846  -0.01614  -0.02031  -0.01268   0.01373  -0.09031  -0.19251  -0.21920  -0.24611  -0.25816  -0.26982  -0.30573  -0.30541
  10500.  3.50   0.05509   0.00245  -0.01733  -0.01672  -0.00677  -0.11967  -0.19748  -0.22257  -0.24809  -0.26276  -0.27505  -0.31176  -0.31463
  10500.  4.00   0.08131   0.03150   0.00122  -0.00483  -0.00570  -0.15700  -0.21110  -0.23115  -0.25167  -0.26705  -0.27824  -0.31285  -0.31985
  10500.  4.50   0.11665   0.06969   0.03238   0.02023   0.01258  -0.19941  -0.23082  -0.24268  -0.25494  -0.26968  -0.27828  -0.30897  -0.32042
  10500.  5.00   0.16142   0.11671   0.07420   0.05661   0.04453  -0.24440  -0.25572  -0.25630  -0.25723  -0.27026  -0.27513  -0.30071  -0.31635
  10750.  2.00   0.11872   0.07541   0.12060   0.12686   0.18142  -0.10664  -0.28034  -0.29767  -0.31459  -0.31274  -0.31672  -0.33776  -0.33879
  10750.  2.50   0.09620   0.04240   0.05603   0.06122   0.09586  -0.10157  -0.24382  -0.26999  -0.29611  -0.30410  -0.31401  -0.34747  -0.34772
  10750.  3.00   0.09722   0.04116   0.03090   0.03060   0.04342  -0.11821  -0.23423  -0.26322  -0.29255  -0.30603  -0.31890  -0.35803  -0.35962
  10750.  3.50   0.11077   0.05574   0.02788   0.02093   0.01532  -0.14682  -0.23848  -0.26636  -0.29487  -0.31127  -0.32512  -0.36580  -0.37017
  10750.  4.00   0.13288   0.08007   0.03959   0.02619   0.00729  -0.18330  -0.25130  -0.27489  -0.29923  -0.31684  -0.33004  -0.36943  -0.37752
  10750.  4.50   0.16317   0.11282   0.06352   0.04429   0.01664  -0.22496  -0.27008  -0.28635  -0.30336  -0.32086  -0.33200  -0.36818  -0.38044
  10750.  5.00   0.20217   0.15401   0.09843   0.07405   0.04084  -0.26982  -0.29403  -0.29988  -0.30643  -0.32274  -0.33057  -0.36223  -0.37852
  11000.  2.00   0.17924   0.13989   0.17921   0.17501   0.20921  -0.13746  -0.32486  -0.34388  -0.36269  -0.36209  -0.36723  -0.39063  -0.39370
  11000.  2.50   0.15450   0.10226   0.11184   0.10834   0.12811  -0.13002  -0.28621  -0.31424  -0.34233  -0.35147  -0.36242  -0.39816  -0.40046
  11000.  3.00   0.15458   0.09836   0.08377   0.07590   0.07586  -0.14487  -0.27511  -0.30618  -0.33767  -0.35232  -0.36625  -0.40795  -0.41146
  11000.  3.50   0.16769   0.11146   0.07794   0.06391   0.04471  -0.17160  -0.27794  -0.30825  -0.33932  -0.35710  -0.37221  -0.41606  -0.42203
  11000.  4.00   0.18897   0.13442   0.08657   0.06627   0.03160  -0.20585  -0.28918  -0.31578  -0.34336  -0.36266  -0.37749  -0.42081  -0.43013
  11000.  4.50   0.21732   0.16503   0.10677   0.08072   0.03495  -0.24497  -0.30613  -0.32628  -0.34748  -0.36710  -0.38035  -0.42117  -0.43426
  11000.  5.00   0.25334   0.20316   0.13723   0.10617   0.05293  -0.28736  -0.32782  -0.33867  -0.35056  -0.36955  -0.38003  -0.41696  -0.43383
  11250.  2.00   0.23238   0.19678   0.22869   0.21471   0.22744  -0.17026  -0.37011  -0.39073  -0.41138  -0.41210  -0.41848  -0.44440  -0.44927
  11250.  2.50   0.20348   0.15276   0.15716   0.14547   0.14907  -0.16109  -0.32975  -0.35960  -0.38968  -0.40010  -0.41218  -0.45044  -0.45455
  11250.  3.00   0.20027   0.14374   0.12428   0.10952   0.09632  -0.17502  -0.31783  -0.35088  -0.38449  -0.40043  -0.41547  -0.45988  -0.46510
  11250.  3.50   0.21063   0.15278   0.11356   0.09344   0.06173  -0.20112  -0.32009  -0.35265  -0.38612  -0.40530  -0.42164  -0.46864  -0.47612
  11250.  4.00   0.22902   0.17206   0.11712   0.09111   0.04283  -0.23483  -0.33088  -0.36014  -0.39056  -0.41154  -0.42786  -0.47490  -0.48542
  11250.  4.50   0.25372   0.19853   0.13169   0.10013   0.03902  -0.27348  -0.34734  -0.37075  -0.39546  -0.41711  -0.43220  -0.47737  -0.49138
  11250.  5.00   0.28533   0.23215   0.15645   0.12000   0.04988  -0.31545  -0.36854  -0.38335  -0.39948  -0.42086  -0.43357  -0.47537  -0.49293
  11500.  2.00   0.28117   0.24921   0.27257   0.24946   0.24016  -0.20370  -0.41518  -0.43732  -0.45977  -0.46185  -0.46949  -0.49808  -0.50459
  11500.  2.50   0.24823   0.19940   0.19777   0.17812   0.16431  -0.19297  -0.37331  -0.40491  -0.43695  -0.44873  -0.46201  -0.50285  -0.50861
  11500.  3.00   0.24161   0.18525   0.16078   0.13937   0.11234  -0.20581  -0.36057  -0.39555  -0.43124  -0.44849  -0.46467  -0.51168  -0.51849
  11500.  3.50   0.24926   0.19022   0.14576   0.11991   0.07597  -0.23119  -0.36230  -0.39700  -0.43272  -0.45328  -0.47079  -0.52065  -0.52958
  11500.  4.00   0.26507   0.20605   0.14490   0.11366   0.05292  -0.26432  -0.37269  -0.40440  -0.43744  -0.45994  -0.47760  -0.52797  -0.53968
  11500.  4.50   0.28661   0.22886   0.15458   0.11805   0.04325  -0.30239  -0.38883  -0.41516  -0.44301  -0.46642  -0.48314  -0.53214  -0.54704
  11500.  5.00   0.31423   0.25826   0.17398   0.13271   0.04744  -0.34384  -0.40956  -0.42796  -0.44796  -0.47142  -0.48609  -0.53223  -0.55043
  11750.  2.00   0.32560   0.29706   0.31121   0.27970   0.24849  -0.23772  -0.46025  -0.48380  -0.50795  -0.51137  -0.52028  -0.55148  -0.55951
  11750.  2.50   0.28907   0.24240   0.23397   0.20670   0.17461  -0.22562  -0.41693  -0.45022  -0.48415  -0.49728  -0.51177  -0.55520  -0.56249
  11750.  3.00   0.27912   0.22340   0.19366   0.16576   0.12407  -0.23729  -0.40338  -0.44020  -0.47787  -0.49643  -0.51375  -0.56330  -0.57160
  11750.  3.50   0.28416   0.22442   0.17496   0.14360   0.08728  -0.26174  -0.40450  -0.44120  -0.47906  -0.50093  -0.51957  -0.57214  -0.58244
  11750.  4.00   0.29754   0.23682   0.17020   0.13407   0.06160  -0.29419  -0.41445  -0.44839  -0.48382  -0.50773  -0.52664  -0.58005  -0.59295
  11750.  4.50   0.31638   0.25632   0.17560   0.13451   0.04731  -0.33179  -0.43028  -0.45921  -0.48986  -0.51487  -0.53304  -0.58555  -0.60142
  11750.  5.00   0.34053   0.28192   0.19014   0.14447   0.04556  -0.37289  -0.45072  -0.47226  -0.49562  -0.52095  -0.53736  -0.58749  -0.60643
  12000.  2.50   0.32632   0.28188   0.26600   0.23154   0.18079  -0.25885  -0.46051  -0.49534  -0.53108  -0.54556  -0.56128  -0.60732  -0.61603
  12000.  3.00   0.31319   0.25846   0.22304   0.18887   0.13185  -0.26940  -0.44622  -0.48475  -0.52432  -0.54418  -0.56264  -0.61471  -0.62440
  12000.  3.50   0.31565   0.25566   0.20125   0.16455   0.09547  -0.29284  -0.44673  -0.48531  -0.52520  -0.54834  -0.56810  -0.62323  -0.63483
  12000.  4.00   0.32676   0.26479   0.19315   0.15237   0.06845  -0.32447  -0.45622  -0.49224  -0.52987  -0.55510  -0.57515  -0.63136  -0.64543
  12000.  4.50   0.34321   0.28123   0.19481   0.14949   0.05082  -0.36158  -0.47181  -0.50309  -0.53624  -0.56269  -0.58215  -0.63783  -0.65467
  12000.  5.00   0.36412   0.30324   0.20494   0.15528   0.04408  -0.40226  -0.49205  -0.51638  -0.54275  -0.56971  -0.58765  -0.64135  -0.66103
  12250.  2.50   0.36035   0.31802   0.29410   0.25296   0.18356  -0.29231  -0.50378  -0.54012  -0.57763  -0.59348  -0.61044  -0.65910  -0.66913
  12250.  3.00   0.34443   0.29082   0.24899   0.20880   0.13583  -0.30191  -0.48883  -0.52905  -0.57053  -0.59173  -0.61138  -0.66598  -0.67695
  12250.  3.50   0.34433   0.28438   0.22464   0.18275   0.10032  -0.32437  -0.48883  -0.52924  -0.57112  -0.59555  -0.61644  -0.67408  -0.68690
  12250.  4.00   0.35339   0.29042   0.21378   0.16853   0.07304  -0.35498  -0.49772  -0.53575  -0.57552  -0.60205  -0.62325  -0.68211  -0.69729
  12250.  4.50   0.36760   0.30391   0.21222   0.16291   0.05324  -0.39146  -0.51301  -0.54650  -0.58202  -0.60985  -0.63054  -0.68915  -0.70695
  12250.  5.00   0.38570   0.32271   0.21853   0.16515   0.04257  -0.43172  -0.53307  -0.55996  -0.58907  -0.61753  -0.63688  -0.69389  -0.71434
  12500.  2.50   0.39118   0.35083   0.31860   0.27129   0.18352  -0.32605  -0.54688  -0.58460  -0.62379  -0.64095  -0.65913  -0.71040  -0.72167
  12500.  3.00   0.37277   0.32040   0.27174   0.22586   0.13671  -0.33488  -0.53139  -0.57319  -0.61648  -0.63898  -0.65980  -0.71690  -0.72907
  12500.  3.50   0.37049   0.31085   0.24549   0.19857   0.10236  -0.35624  -0.53079  -0.57293  -0.61672  -0.64242  -0.66443  -0.72451  -0.73848
  12500.  4.00   0.37749   0.31390   0.23227   0.18270   0.07544  -0.38579  -0.53911  -0.57903  -0.62085  -0.64862  -0.67092  -0.73228  -0.74852
  12500.  4.50   0.38964   0.32462   0.22802   0.17490   0.05453  -0.42153  -0.55405  -0.58961  -0.62733  -0.65642  -0.67827  -0.73959  -0.75833
  12500.  5.00   0.40511   0.34030   0.23084   0.17401   0.04083  -0.46141  -0.57403  -0.60323  -0.63481  -0.66463  -0.68526  -0.74529  -0.76653
  12750.  2.50   0.41901   0.38044   0.33977   0.28680   0.18117  -0.35978  -0.58958  -0.62864  -0.66945  -0.68791  -0.70730  -0.76115  -0.77359
  12750.  3.00   0.39859   0.34740   0.29150   0.24027   0.13491  -0.36796  -0.57356  -0.61689  -0.66195  -0.68576  -0.70778  -0.76741  -0.78071
  12750.  3.50   0.39422   0.33500   0.26363   0.21190   0.10158  -0.38842  -0.57248  -0.61629  -0.66193  -0.68893  -0.71208  -0.77462  -0.78966
  12750.  4.00   0.39948   0.33544   0.24858   0.19481   0.07542  -0.41687  -0.58020  -0.62193  -0.66572  -0.69477  -0.71819  -0.78202  -0.79927
  12750.  4.50   0.40966   0.34352   0.24206   0.18529   0.05417  -0.45178  -0.59482  -0.63231  -0.67212  -0.70247  -0.72543  -0.78935  -0.80900
  12750.  5.00   0.42255   0.35619   0.24187   0.18175   0.03839  -0.49128  -0.61477  -0.64610  -0.67997  -0.71106  -0.73287  -0.79570  -0.81773
  13000.  2.50   0.44422   0.40724   0.35809   0.29993   0.17699  -0.39339  -0.63181  -0.67212  -0.71449  -0.73422  -0.75481  -0.81121  -0.82476
  13000.  3.00   0.42191   0.37186   0.30846   0.25225   0.13086  -0.40118  -0.61546  -0.66023  -0.70699  -0.73211  -0.75531  -0.81743  -0.83181
  13000.  3.50   0.41576   0.35704   0.27925   0.22295   0.09836  -0.42080  -0.61390  -0.65933  -0.70681  -0.73508  -0.75937  -0.82433  -0.84040
  13000.  4.00   0.41946   0.35521   0.26280   0.20496   0.07307  -0.44821  -0.62111  -0.66459  -0.71030  -0.74060  -0.76513  -0.83138  -0.84958
  13000.  4.50   0.42779   0.36077   0.25436   0.19402   0.05201  -0.48219  -0.63535  -0.67472  -0.71655  -0.74812  -0.77219  -0.83856  -0.85908
  13000.  5.00   0.43829   0.37061   0.25156   0.18829   0.03497  -0.52118  -0.65524  -0.68857  -0.72461  -0.75692  -0.77987  -0.84531  -0.86810
  14000.  2.00   0.57705   0.56746   0.50195   0.42277   0.23129  -0.54036  -0.84872  -0.88034  -0.91547  -0.92867  -0.94719  -0.99994  -1.01850
  14000.  2.50   0.52029   0.48806   0.40659   0.33173   0.14651  -0.52603  -0.79638  -0.84103  -0.88893  -0.91345  -0.93851  -1.00470  -1.02218
  14000.  3.00   0.49275   0.44617   0.35228   0.27958   0.09808  -0.53360  -0.77929  -0.82917  -0.88216  -0.91225  -0.94003  -1.01189  -1.03002
  14000.  3.50   0.48194   0.42499   0.31937   0.24738   0.06663  -0.55099  -0.77636  -0.82755  -0.88178  -0.91510  -0.94397  -1.01850  -1.03812
  14000.  4.00   0.48122   0.41666   0.29928   0.22697   0.04404  -0.57486  -0.78153  -0.83141  -0.88437  -0.91973  -0.94877  -1.02452  -1.04607
  14000.  4.50   0.48288   0.41362   0.28549   0.21222   0.02512  -0.60569  -0.79465  -0.84079  -0.89014  -0.92657  -0.95498  -1.03079  -1.05441
  14000.  5.00   0.48417   0.41278   0.27474   0.20002   0.00689  -0.64276  -0.81462  -0.85504  -0.89883  -0.93573  -0.96292  -1.03791  -1.06353
  15000.  2.50   0.56698   0.53771   0.42740   0.34078   0.10341  -0.65302  -0.95221  -1.00025  -1.05278  -1.08162  -1.11081  -1.18629  -1.20708
  15000.  3.00   0.53494   0.49055   0.36814   0.28341   0.04968  -0.66227  -0.93559  -0.98965  -1.04795  -1.08261  -1.11465  -1.19576  -1.21706
  15000.  3.50   0.52301   0.46729   0.33369   0.24969   0.01722  -0.67852  -0.93161  -0.98763  -1.04778  -1.08589  -1.11914  -1.20301  -1.22562
  15000.  4.00   0.52168   0.45719   0.31298   0.22900  -0.00394  -0.69956  -0.93484  -0.99020  -1.04966  -1.08995  -1.12349  -1.20861  -1.23295
  15000.  4.50   0.52121   0.45079   0.29784   0.21355  -0.02030  -0.72708  -0.94624  -0.99837  -1.05463  -1.09596  -1.12881  -1.21387  -1.24008
  15000.  5.00   0.51561   0.44231   0.28301   0.19826  -0.03659  -0.76184  -0.96623  -1.01281  -1.06358  -1.10499  -1.13635  -1.22021  -1.24819
  16000.  2.50   0.59469   0.56739   0.43198   0.33702   0.05643  -0.77237  -1.09848  -1.14897  -1.20520  -1.23782  -1.27076  -1.35521  -1.37889
  16000.  3.00   0.55517   0.51209   0.36444   0.27100  -0.00682  -0.78588  -1.08416  -1.14157  -1.20437  -1.24312  -1.27908  -1.36899  -1.39301
  16000.  3.50   0.54202   0.48720   0.32852   0.23560  -0.04157  -0.80230  -1.08016  -1.14005  -1.20518  -1.24750  -1.28477  -1.37749  -1.40269
  16000.  4.00   0.54173   0.47749   0.30830   0.21534  -0.06261  -0.82140  -1.08188  -1.14165  -1.20663  -1.25136  -1.28905  -1.38323  -1.40999
  16000.  4.50   0.54216   0.47112   0.29361   0.20047  -0.07774  -0.84601  -1.09124  -1.14840  -1.21074  -1.25667  -1.29382  -1.38804  -1.41649
  16000.  5.00   0.53308   0.45841   0.27629   0.18314  -0.09333  -0.87896  -1.11090  -1.16291  -1.22006  -1.26592  -1.30146  -1.39415  -1.42417
  17000.  2.50   0.61044   0.58451   0.42744   0.32674   0.01147  -0.88359  -1.23590  -1.28769  -1.34642  -1.38188  -1.41788  -1.51027  -1.53658
  17000.  3.00   0.56084   0.51844   0.34851   0.24875  -0.06617  -0.90329  -1.22464  -1.28464  -1.35117  -1.39355  -1.43311  -1.53141  -1.55782
  17000.  3.50   0.54496   0.49083   0.31030   0.21081  -0.10419  -0.92090  -1.22153  -1.28448  -1.35375  -1.39977  -1.44067  -1.54175  -1.56921
  17000.  4.00   0.54608   0.48235   0.29137   0.19163  -0.12516  -0.93842  -1.22197  -1.28526  -1.35484  -1.40342  -1.44488  -1.54767  -1.57661
  17000.  4.50   0.55005   0.47893   0.27930   0.17923  -0.13877  -0.95971  -1.22849  -1.28981  -1.35739  -1.40750  -1.44865  -1.55191  -1.58243
  17000.  5.00   0.53996   0.46447   0.26046   0.16049  -0.15514  -0.99139  -1.24758  -1.30427  -1.36712  -1.41722  -1.45682  -1.55842  -1.59033
  18000.  2.50   0.61842   0.59322   0.41720   0.31279  -0.02887  -0.98674  -1.36560  -1.41772  -1.47770  -1.51460  -1.55264  -1.65049  -1.67925
  18000.  3.00   0.55805   0.51574   0.32578   0.22145  -0.12465  -1.01363  -1.35669  -1.41858  -1.48810  -1.53366  -1.57644  -1.68264  -1.71123
  18000.  3.50   0.53607   0.48229   0.28249   0.17820  -0.16864  -1.03447  -1.35623  -1.42156  -1.49424  -1.54348  -1.58763  -1.69647  -1.72596
  18000.  4.00   0.53701   0.47390   0.26430   0.15959  -0.18967  -1.05110  -1.35624  -1.42225  -1.49553  -1.54732  -1.59206  -1.70267  -1.73354
  18000.  4.50   0.54367   0.47309   0.25488   0.14967  -0.20173  -1.06960  -1.36062  -1.42511  -1.49688  -1.55033  -1.59493  -1.70630  -1.73869
  18000.  5.00   0.53699   0.46133   0.23809   0.13282  -0.21724  -1.09826  -1.37707  -1.43764  -1.50538  -1.55916  -1.60244  -1.71250  -1.74619
  19000.  2.50   0.62067   0.59496   0.40099   0.29416  -0.06788  -1.08418  -1.48994  -1.54198  -1.60245  -1.63942  -1.67835  -1.77806  -1.80898
  19000.  3.00   0.55132   0.50865   0.30046   0.19292  -0.17895  -1.11605  -1.48024  -1.54330  -1.61500  -1.66304  -1.70856  -1.82166  -1.85228
  19000.  3.50   0.51965   0.46573   0.24842   0.14065  -0.23298  -1.14272  -1.48425  -1.55138  -1.62680  -1.67881  -1.72585  -1.84175  -1.87308
  19000.  4.00   0.51743   0.45470   0.22870   0.12042  -0.25565  -1.15997  -1.48539  -1.55346  -1.62970  -1.68410  -1.73164  -1.84911  -1.88169
  19000.  4.50   0.52619   0.45626   0.22219   0.11329  -0.26558  -1.17562  -1.48785  -1.55478  -1.62986  -1.68596  -1.73341  -1.85178  -1.88583
  19000.  5.00   0.52317   0.44800   0.20882   0.09966  -0.27885  -1.20066  -1.50141  -1.56497  -1.63660  -1.69321  -1.73956  -1.85696  -1.89228
  20000.  3.00   0.54296   0.49921   0.27362   0.16391  -0.22919  -1.21113  -1.59626  -1.65997  -1.73316  -1.78289  -1.83052  -1.94873  -1.98120
  20000.  3.50   0.49937   0.44474   0.21097   0.10073  -0.29562  -1.24521  -1.60549  -1.67393  -1.75155  -1.80588  -1.85545  -1.97755  -2.01057
  20000.  4.00   0.49129   0.42850   0.18744   0.07662  -0.32204  -1.26468  -1.60907  -1.67872  -1.75734  -1.81392  -1.86390  -1.98733  -2.02145
  20000.  4.50   0.49906   0.42960   0.18150   0.07000  -0.33137  -1.27896  -1.61115  -1.67994  -1.75765  -1.81577  -1.86560  -1.98977  -2.02525
  20000.  5.00   0.50081   0.42627   0.17324   0.06133  -0.34056  -1.29918  -1.62108  -1.68700  -1.76176  -1.82051  -1.86939  -1.99284  -2.02957
  21000.  3.00   0.53334   0.48726   0.24429   0.13288  -0.27896  -1.30088  -1.70609  -1.77040  -1.84489  -1.89573  -1.94503  -2.06659  -2.10065
  21000.  3.50   0.47819   0.42218   0.17244   0.06041  -0.35563  -1.34161  -1.71989  -1.78933  -1.86873  -1.92493  -1.97670  -2.10395  -2.13851
  21000.  4.00   0.46069   0.39713   0.14152   0.02887  -0.38934  -1.36584  -1.72770  -1.79865  -1.87928  -1.93778  -1.98995  -2.11856  -2.15408
  21000.  4.50   0.46538   0.39575   0.13435   0.02103  -0.39944  -1.38005  -1.73055  -1.80087  -1.88076  -1.94057  -1.99245  -2.12145  -2.15816
  21000.  5.00   0.46966   0.39534   0.12964   0.01586  -0.40531  -1.39638  -1.73797  -1.80579  -1.88308  -1.94343  -1.99438  -2.12262  -2.16048
  22000.  3.00   0.52169   0.47128   0.21055   0.09737  -0.33270  -1.38798  -1.81106  -1.87645  -1.95262  -2.00458  -2.05548  -2.17976  -2.21516
  22000.  3.50   0.45770   0.39943   0.13365   0.02024  -0.41359  -1.43238  -1.82790  -1.89820  -1.97915  -2.03685  -2.09051  -2.22179  -2.25772
  22000.  4.00   0.42890   0.36382   0.09375  -0.02028  -0.45598  -1.46267  -1.84079  -1.91286  -1.99528  -2.05547  -2.10962  -2.24273  -2.27950
  22000.  4.50   0.42739   0.35679   0.08217  -0.03249  -0.47000  -1.47916  -1.84609  -1.91776  -1.99959  -2.06097  -2.11476  -2.24802  -2.28580
  22000.  5.00   0.43121   0.35630   0.07814  -0.03699  -0.47508  -1.49373  -1.85271  -1.92221  -2.00172  -2.06353  -2.11633  -2.24865  -2.28744
  23000.  3.00   0.50741   0.45059   0.17302   0.05765  -0.39006  -1.47264  -1.91080  -1.97789  -2.05637  -2.10980  -2.16253  -2.29037  -2.32694
  23000.  3.50   0.43812   0.37627   0.09409  -0.02066  -0.47161  -1.51888  -1.93022  -2.00156  -2.08418  -2.14326  -2.19873  -2.33336  -2.37046
  23000.  4.00   0.39825   0.33082   0.04609  -0.06908  -0.52120  -1.55474  -1.94802  -2.02117  -2.10530  -2.16703  -2.22307  -2.36009  -2.39796
  23000.  4.50   0.38788   0.31554   0.02763  -0.08812  -0.54147  -1.57544  -1.95717  -2.03011  -2.11379  -2.17671  -2.23236  -2.36961  -2.40838
  23000.  5.00   0.38915   0.31281   0.02206  -0.09417  -0.54800  -1.59010  -1.96421  -2.03532  -2.11695  -2.18025  -2.23489  -2.37113  -2.41076
  24000.  3.00   0.48965   0.42538   0.13405   0.01637  -0.44593  -1.55288  -2.00431  -2.07321  -2.15423  -2.20911  -2.26369  -2.39562  -2.43333
  24000.  3.50   0.41903   0.35204   0.05338  -0.06295  -0.53106  -1.60210  -2.02716  -2.10006  -2.18484  -2.24556  -2.30295  -2.44120  -2.47934
  24000.  4.00   0.36975   0.29900  -0.00070  -0.11697  -0.58508  -1.64229  -2.04954  -2.12387  -2.20978  -2.27299  -2.33085  -2.47141  -2.51026
  24000.  4.50   0.34958   0.27472  -0.02670  -0.14341  -0.61191  -1.66783  -2.06304  -2.13726  -2.22279  -2.28724  -2.34471  -2.48570  -2.52536
  24000.  5.00   0.34552   0.26702  -0.03642  -0.15359  -0.62227  -1.68468  -2.07215  -2.14477  -2.22844  -2.29328  -2.34974  -2.48979  -2.53021
  25000.  3.00   0.46504   0.39370   0.09313  -0.02643  -0.49770  -1.62862  -2.09281  -2.16303  -2.24592  -2.30125  -2.35687  -2.49149  -2.53025
  25000.  3.50   0.40041   0.32713   0.01307  -0.10515  -0.58985  -1.68114  -2.11806  -2.19295  -2.28040  -2.34306  -2.40262  -2.54523  -2.58438
  25000.  4.00   0.34367   0.26855  -0.04623  -0.16376  -0.64780  -1.72556  -2.14533  -2.22114  -2.30910  -2.37392  -2.43367  -2.57783  -2.61758
  25000.  4.50   0.31412   0.23604  -0.07908  -0.19676  -0.68014  -1.75563  -2.16327  -2.23883  -2.32625  -2.39225  -2.45154  -2.59613  -2.63662
  25000.  5.00   0.30369   0.22244  -0.09377  -0.21183  -0.69494  -1.77546  -2.17505  -2.24919  -2.33490  -2.40133  -2.45962  -2.60344  -2.64461
  26000.  3.00   0.42496   0.34779   0.04212  -0.07841  -0.55273  -1.70645  -2.18276  -2.25372  -2.33738  -2.39155  -2.44662  -2.58007  -2.61951
  26000.  3.50   0.38177   0.30192  -0.02508  -0.14528  -0.64448  -1.75428  -2.20196  -2.27903  -2.36945  -2.43409  -2.49592  -2.64326  -2.68343
  26000.  4.00   0.32013   0.23965  -0.08969  -0.20873  -0.70858  -1.80421  -2.23501  -2.31266  -2.40309  -2.46979  -2.53161  -2.67985  -2.72048
  26000.  4.50   0.28225   0.20014  -0.12875  -0.24752  -0.74581  -1.83872  -2.25763  -2.33475  -2.42427  -2.49192  -2.55308  -2.70130  -2.74256
  26000.  5.00   0.26466   0.18011  -0.14893  -0.26789  -0.76519  -1.86201  -2.27273  -2.34843  -2.43621  -2.50426  -2.56440  -2.71189  -2.75378
  27000.  3.50   0.36100   0.27509  -0.06147  -0.18350  -0.69365  -1.82140  -2.27937  -2.35844  -2.45167  -2.51788  -2.58172  -2.73332  -2.77449
  27000.  4.00   0.29858   0.21238  -0.13003  -0.25075  -0.76539  -1.87723  -2.31799  -2.39778  -2.49102  -2.55976  -2.62379  -2.77660  -2.81813
  27000.  4.50   0.25409   0.16731  -0.17489  -0.29496  -0.80802  -1.91658  -2.34570  -2.42464  -2.51655  -2.58602  -2.64918  -2.80137  -2.84341
  27000.  5.00   0.22974   0.14138  -0.20034  -0.32032  -0.83173  -1.94344  -2.36443  -2.44182  -2.53181  -2.60157  -2.66360  -2.81489  -2.85748
  28000.  3.50   0.33358   0.24263  -0.10010  -0.22355  -0.74049  -1.88545  -2.35325  -2.43396  -2.52962  -2.59663  -2.66192  -2.81617  -2.85820
  28000.  4.00   0.27758   0.18587  -0.16718  -0.28960  -0.81692  -1.94412  -2.39426  -2.47625  -2.57247  -2.64313  -2.70940  -2.86669  -2.90915
  28000.  4.50   0.22903   0.13730  -0.21701  -0.33851  -0.86561  -1.98861  -2.42714  -2.50812  -2.60268  -2.67406  -2.73932  -2.89580  -2.93863
  28000.  5.00   0.19879   0.10625  -0.24759  -0.36872  -0.89401  -2.01945  -2.44997  -2.52919  -2.62157  -2.69313  -2.75713  -2.91235  -2.95563
  29000.  3.50   0.29451   0.19987  -0.14617  -0.27051  -0.79068  -1.95115  -2.42784  -2.50983  -2.60741  -2.67446  -2.74054  -2.89539  -2.93805
  29000.  4.00   0.25402   0.15752  -0.20329  -0.32727  -0.86427  -2.00622  -2.46539  -2.54943  -2.64850  -2.72070  -2.78894  -2.95004  -2.99334
  29000.  4.50   0.20536   0.10885  -0.25566  -0.37867  -0.91822  -2.05486  -2.50228  -2.58540  -2.68279  -2.75606  -2.82343  -2.98412  -3.02776
  29000.  5.00   0.17095   0.07412  -0.29069  -0.41308  -0.95145  -2.08978  -2.52922  -2.61045  -2.70539  -2.77880  -2.84478  -3.00412  -3.04811
  30000.  3.50   0.24203   0.14499  -0.20250  -0.32731  -0.84867  -2.02206  -2.50621  -2.58929  -2.68842  -2.75504  -2.82138  -2.97515  -3.01817
  30000.  4.00   0.22422   0.12396  -0.24184  -0.36705  -0.91052  -2.06635  -2.53397  -2.61981  -2.72150  -2.79469  -2.86457  -3.02822  -3.07225
  30000.  4.50   0.18056   0.07982  -0.29242  -0.41685  -0.96646  -2.11614  -2.57209  -2.65731  -2.75752  -2.83241  -2.90176  -3.06622  -3.11061
  30000.  5.00   0.14471   0.04378  -0.33017  -0.45388  -1.00387  -2.15440  -2.60238  -2.68568  -2.78332  -2.85848  -2.92645  -3.08972  -3.13441
  31000.  3.50   0.17786   0.07922  -0.26905  -0.39410  -0.91623  -2.09969  -2.58970  -2.67386  -2.77425  -2.84034  -2.90656  -3.05825  -3.10141
  31000.  4.00   0.18542   0.08257  -0.28575  -0.41184  -0.95894  -2.12735  -2.60258  -2.68988  -2.79387  -2.86755  -2.93871  -3.10355  -3.14816
  31000.  4.50   0.15118   0.04708  -0.33040  -0.45604  -1.01307  -2.17496  -2.63891  -2.72609  -2.82900  -2.90511  -2.97622  -3.14354  -3.18860
  31000.  5.00   0.11714   0.01267  -0.36824  -0.49321  -1.05274  -2.21480  -2.67091  -2.75628  -2.85666  -2.93335  -3.00321  -3.16991  -3.21524
  32000.  4.00   0.13721   0.03257  -0.33711  -0.46383  -1.01316  -2.19231  -2.67391  -2.76250  -2.86856  -2.94241  -3.01453  -3.17936  -3.22439
  32000.  4.50   0.11522   0.00883  -0.37145  -0.49807  -1.05987  -2.23306  -2.70433  -2.79319  -2.89861  -2.97557  -3.04821  -3.21740  -3.26303
  32000.  5.00   0.08568  -0.02154  -0.40712  -0.53321  -1.09993  -2.27274  -2.73645  -2.82379  -2.92680  -3.00472  -3.07628  -3.24574  -3.29166
  33000.  4.00   0.08107  -0.02478  -0.39522  -0.52238  -1.07329  -2.26134  -2.74813  -2.83793  -2.94587  -3.01971  -3.09256  -3.25648  -3.30178
  33000.  4.50   0.07127  -0.03667  -0.41841  -0.54576  -1.11065  -2.29379  -2.77139  -2.86171  -2.96944  -3.04690  -3.12083  -3.29081  -3.33689
  33000.  5.00   0.04882  -0.06023  -0.44836  -0.57540  -1.14716  -2.32985  -2.80048  -2.88962  -2.99519  -3.07404  -3.14716  -3.31856  -3.36497
  34000.  4.00   0.01900  -0.08775  -0.45892  -0.58642  -1.13900  -2.33420  -2.82508  -2.91611  -3.02582  -3.09967  -3.17309  -3.33569  -3.38115
  34000.  4.50   0.02030  -0.08862  -0.47100  -0.59892  -1.16585  -2.35758  -2.84049  -2.93208  -3.04194  -3.11965  -3.19469  -3.36449  -3.41094
  34000.  5.00   0.00493  -0.10529  -0.49467  -0.62244  -1.19755  -2.38906  -2.86569  -2.95638  -3.06431  -3.14380  -3.21830  -3.39070  -3.43753
  35000.  4.00  -0.04728  -0.15474  -0.52682  -0.65460  -1.20924  -2.41014  -2.90419  -2.99652  -3.10793  -3.18195  -3.25589  -3.41735  -3.46289
  35000.  4.50  -0.03632  -0.14591  -0.52870  -0.65704  -1.22569  -2.42465  -2.91188  -3.00468  -3.11653  -3.19438  -3.27035  -3.43930  -3.48600
  35000.  5.00  -0.04507  -0.15593  -0.54568  -0.67402  -1.25137  -2.45063  -2.93237  -3.02443  -3.13456  -3.21444  -3.29016  -3.46271  -3.50990
  36000.  4.00  -0.11617  -0.22419  -0.59736  -0.72541  -1.28255  -2.48806  -2.98455  -3.07819  -3.19120  -3.26559  -3.34008  -3.50091  -3.54653
  36000.  4.50  -0.09719  -0.20731  -0.59060  -0.71931  -1.28979  -2.49474  -2.98537  -3.07940  -3.19316  -3.27117  -3.34798  -3.51582  -3.56271
  36000.  5.00  -0.10011  -0.21134  -0.60112  -0.72993  -1.30897  -2.51489  -3.00086  -3.09416  -3.20638  -3.28649  -3.36331  -3.53528  -3.58277
  37000.  4.00  -0.18618  -0.29464  -0.66899  -0.79727  -1.35713  -2.56649  -3.06495  -3.15987  -3.27433  -3.34928  -3.42430  -3.58505  -3.63078
  37000.  4.50  -0.16108  -0.27161  -0.65564  -0.78466  -1.35732  -2.56726  -3.06051  -3.15582  -3.27145  -3.34975  -3.42737  -3.59423  -3.64126
  37000.  5.00  -0.15916  -0.27061  -0.66047  -0.78965  -1.37030  -2.58186  -3.07125  -3.16576  -3.27997  -3.36027  -3.43809  -3.60908  -3.65678
  38000.  4.00  -0.25616  -0.36502  -0.74056  -0.86905  -1.43158  -2.64429  -3.14457  -3.24063  -3.35634  -3.43188  -3.50740  -3.66846  -3.71433
  38000.  4.50  -0.22653  -0.33743  -0.72245  -0.85178  -1.42694  -2.64109  -3.13645  -3.23304  -3.35044  -3.42922  -3.50765  -3.67395  -3.72112
  38000.  5.00  -0.22116  -0.33278  -0.72292  -0.85244  -1.43493  -2.65129  -3.14334  -3.23905  -3.35518  -3.43575  -3.51451  -3.68446  -3.73235
  39000.  4.00  -0.32562  -0.43487  -0.81158  -0.94024  -1.50526  -2.72088  -3.22288  -3.31999  -3.43671  -3.51284  -3.58874  -3.75036  -3.79635
  39000.  4.50  -0.29251  -0.40378  -0.78996  -0.91957  -1.49749  -2.71527  -3.21235  -3.31021  -3.42928  -3.50866  -3.58787  -3.75406  -3.80140
  39000.  5.00  -0.28480  -0.39659  -0.78730  -0.91712  -1.50178  -2.72224  -3.21639  -3.31333  -3.43132  -3.51227  -3.59196  -3.76111  -3.80918
  40000.  4.50  -0.35824  -0.46989  -0.85733  -0.98719  -1.56791  -2.78891  -3.28751  -3.38658  -3.50714  -3.58720  -3.66717  -3.83359  -3.88111
  40000.  5.00  -0.34926  -0.46124  -0.85277  -0.98287  -1.56993  -2.79403  -3.28988  -3.38803  -3.50777  -3.58924  -3.66982  -3.83850  -3.88676
  41000.  4.50  -0.42314  -0.53522  -0.92396  -1.05406  -1.63750  -2.86134  -3.36138  -3.46158  -3.58347  -3.66422  -3.74483  -3.91176  -3.95948
  41000.  5.00  -0.41365  -0.52589  -0.91843  -1.04881  -1.63840  -2.86571  -3.36302  -3.46235  -3.58372  -3.66580  -3.74725  -3.91582  -3.96429
  42000.  4.50  -0.48696  -0.59951  -0.98953  -1.11985  -1.70583  -2.93221  -3.43366  -3.53492  -3.65796  -3.73937  -3.82053  -3.98811  -4.03600
  42000.  5.00  -0.47740  -0.58994  -0.98362  -1.11423  -1.70638  -2.93658  -3.43523  -3.53569  -3.65855  -3.74129  -3.82353  -3.99229  -4.04097
  43000.  4.50  -0.54961  -0.66270  -1.05402  -1.18453  -1.77283  -3.00147  -3.50442  -3.60662  -3.73061  -3.81261  -3.89418  -4.06247  -4.11052
  43000.  5.00  -0.54015  -0.65307  -1.04793  -1.17878  -1.77343  -3.00621  -3.50610  -3.60766  -3.73186  -3.81525  -3.89820  -4.06734  -4.11624
  44000.  4.50  -0.61117  -0.72485  -1.11745  -1.24814  -1.83858  -3.06918  -3.57363  -3.67672  -3.80147  -3.88400  -3.96586  -4.13491  -4.18306
  44000.  5.00  -0.60178  -0.71513  -1.11122  -1.24226  -1.83926  -3.07434  -3.57552  -3.67808  -3.80344  -3.88746  -3.97100  -4.14066  -4.18975
  45000.  4.50  -0.67156  -0.78592  -1.17982  -1.31070  -1.90313  -3.13544  -3.64141  -3.74532  -3.87072  -3.95372  -4.03577  -4.20562  -4.25387
  45000.  5.00  -0.66221  -0.77607  -1.17339  -1.30462  -1.90378  -3.14094  -3.64343  -3.74691  -3.87326  -3.95786  -4.04187  -4.21215  -4.26140
  46000.  4.50  -0.73106  -0.84617  -1.24139  -1.37244  -1.96668  -3.20050  -3.70800  -3.81267  -3.93859  -4.02202  -4.10421  -4.27490  -4.32321
  46000.  5.00  -0.72152  -0.83596  -1.23455  -1.36595  -1.96712  -3.20609  -3.70993  -3.81429  -3.94147  -4.02660  -4.11096  -4.28189  -4.33128
  47000.  4.50  -0.78958  -0.90549  -1.30202  -1.43327  -2.02921  -3.26440  -3.77340  -3.87880  -4.00518  -4.08902  -4.17129  -4.34288  -4.39126
  47000.  5.00  -0.77981  -0.89489  -1.29475  -1.42632  -2.02940  -3.26995  -3.77517  -3.88032  -4.00819  -4.09380  -4.17843  -4.35007  -4.39956
  48000.  4.50  -0.84713  -0.96389  -1.36176  -1.49321  -2.09075  -3.32716  -3.83757  -3.94366  -4.07048  -4.15467  -4.23701  -4.40954  -4.45798
  48000.  5.00  -0.83712  -0.95292  -1.35407  -1.48581  -2.09068  -3.33266  -3.83926  -3.94516  -4.07365  -4.15969  -4.24451  -4.41691  -4.46647
  49000.  4.50  -0.90366  -1.02130  -1.42053  -1.55218  -2.15124  -3.38874  -3.90054  -4.00732  -4.13455  -4.21907  -4.30149  -4.47497  -4.52347
  49000.  5.00  -0.89350  -1.01006  -1.41256  -1.54446  -2.15104  -3.39431  -3.90223  -4.00887  -4.13790  -4.22435  -4.30935  -4.48255  -4.53218
  50000.  5.00  -0.94897  -1.06632  -1.47013  -1.60223  -2.21048  -3.45493  -3.96415  -4.07148  -4.20102  -4.28786  -4.37300  -4.54706  -4.59675
