   3500.  0.00  -9.53507  -9.05054  -9.87776  -7.75464  -6.76769  -5.11253  -4.21457  -2.95586  -1.98606  -1.21965  -0.85320   0.20058   0.37443
   3500.  0.50  -9.27711  -8.95723  -9.62231  -7.28363  -6.20393  -4.64962  -3.78680  -2.65351  -1.76204  -1.05892  -0.70890   0.27174   0.43518
   3500.  1.00  -9.01725  -8.86057  -9.31362  -6.78931  -5.61555  -4.21331  -3.40334  -2.39503  -1.57204  -0.92149  -0.58591   0.33929   0.49504
   3500.  1.50  -8.78727  -8.76336  -8.94504  -6.31737  -5.05775  -3.84568  -3.09573  -2.19355  -1.42328  -0.81099  -0.48600   0.40140   0.55169
   3500.  2.00  -8.63749  -8.67312  -8.51150  -5.94941  -4.63283  -3.60600  -2.92166  -2.08405  -1.34151  -0.74337  -0.42273   0.45161   0.59867
   3500.  2.50  -8.55636  -8.57656  -8.04556  -5.70611  -4.37267  -3.47699  -2.84589  -2.03798  -1.30378  -0.70466  -0.38406   0.48801   0.63285
   3500.  3.00  -8.51632  -8.48777  -7.73408  -5.56543  -4.22791  -3.42019  -2.80493  -2.01478  -1.28236  -0.68187  -0.36020   0.50901   0.65236
   3500.  3.50  -8.52469  -8.43056  -7.60683  -5.52317  -4.18146  -3.44111  -2.80444  -2.01913  -1.27750  -0.67184  -0.34646   0.52123   0.66363
   3500.  4.00  -8.58232  -8.41562  -7.64029  -5.56809  -4.22030  -3.53883  -2.84403  -2.04949  -1.28626  -0.66963  -0.33757   0.53104   0.67268
   3500.  4.50  -8.67554  -8.43786  -7.82139  -5.68167  -4.32608  -3.70107  -2.91271  -2.09424  -1.30166  -0.66886  -0.32859   0.54420   0.68510
   3500.  5.00  -8.78591  -8.48178  -8.15843  -5.85653  -4.49452  -3.92197  -2.99825  -2.14231  -1.31884  -0.66347  -0.31462   0.56787   0.70786
   3750.  0.00  -9.15637  -8.89031  -9.23291  -7.04453  -5.94151  -4.48172  -3.65755  -2.50264  -1.63956  -0.95473  -0.61463   0.32506   0.47427
   3750.  0.50  -8.95098  -8.83526  -8.94248  -6.66178  -5.50398  -4.13020  -3.33949  -2.29224  -1.49532  -0.86459  -0.54079   0.33902   0.48107
   3750.  1.00  -8.74319  -8.76875  -8.64516  -6.25131  -5.02544  -3.79108  -3.05011  -2.11122  -1.37106  -0.78456  -0.47418   0.36052   0.49732
   3750.  1.50  -8.54722  -8.67957  -8.26532  -5.83101  -4.53956  -3.48599  -2.80132  -1.95786  -1.26250  -0.70948  -0.40884   0.39260   0.52528
   3750.  2.00  -8.38383  -8.55907  -7.80959  -5.45666  -4.12108  -3.24283  -2.61023  -1.83928  -1.17515  -0.64352  -0.34870   0.43231   0.56196
   3750.  2.50  -8.28019  -8.39542  -7.32888  -5.19591  -3.85210  -3.09554  -2.51195  -1.77751  -1.12589  -0.59761  -0.30366   0.47652   0.60480
   3750.  3.00  -8.20587  -8.18833  -6.90450  -5.01286  -3.68174  -3.00254  -2.45990  -1.74494  -1.09682  -0.56435  -0.26909   0.51571   0.64309
   3750.  3.50  -8.16117  -8.00383  -6.64985  -4.91939  -3.60147  -2.96788  -2.43881  -1.73502  -1.08466  -0.54721  -0.24944   0.53739   0.66404
   3750.  4.00  -8.14935  -7.89342  -6.55798  -4.89733  -3.58305  -2.98291  -2.43629  -1.73648  -1.07710  -0.53403  -0.23203   0.55494   0.68082
   3750.  4.50  -8.18826  -7.87006  -6.61187  -4.94896  -3.62922  -3.05979  -2.46367  -1.75732  -1.07909  -0.52667  -0.21783   0.56962   0.69468
   3750.  5.00  -8.27530  -7.91936  -6.79257  -5.05932  -3.72755  -3.19557  -2.51669  -1.79098  -1.08541  -0.51973  -0.20218   0.58714   0.71116
   4000.  0.00  -8.66624  -8.59864  -8.09794  -6.15771  -4.99324  -3.76525  -3.04252  -2.02684  -1.26865  -0.66556  -0.35417   0.47915   0.60638
   4000.  0.50  -8.46361  -8.49221  -7.68131  -5.77295  -4.57452  -3.45608  -2.77909  -1.85429  -1.15667  -0.60265  -0.30897   0.47303   0.59476
   4000.  1.00  -8.27765  -8.34921  -7.22967  -5.38065  -4.14563  -3.17856  -2.55761  -1.72033  -1.07407  -0.55962  -0.28054   0.46475   0.58301
   4000.  1.50  -8.12262  -8.16200  -6.77546  -5.01933  -3.75716  -2.95474  -2.38676  -1.62417  -1.01631  -0.53027  -0.26107   0.45944   0.57549
   4000.  2.00  -8.00355  -7.94430  -6.37769  -4.72765  -3.45074  -2.79116  -2.26315  -1.55812  -0.97509  -0.50709  -0.24295   0.46099   0.57543
   4000.  2.50  -7.91942  -7.73347  -6.09917  -4.53408  -3.24842  -2.68506  -2.18045  -1.51406  -0.94202  -0.48137  -0.21751   0.47754   0.59058
   4000.  3.00  -7.84487  -7.49639  -5.86316  -4.41879  -3.14468  -2.62611  -2.14277  -1.49275  -0.92064  -0.45523  -0.18850   0.51143   0.62389
   4000.  3.50  -7.76741  -7.29716  -5.70215  -4.34425  -3.08103  -2.58423  -2.11808  -1.47637  -0.90029  -0.42708  -0.15665   0.54972   0.66159
   4000.  4.00  -7.68227  -7.11446  -5.58307  -4.29752  -3.04556  -2.56233  -2.10248  -1.46754  -0.88671  -0.40697  -0.13292   0.57761   0.68895
   4000.  4.50  -7.62702  -7.00480  -5.55337  -4.30435  -3.05720  -2.57875  -2.10410  -1.47281  -0.88284  -0.39626  -0.11719   0.59560   0.70642
   4000.  5.00  -7.63490  -6.99300  -5.62568  -4.36522  -3.11201  -2.64033  -2.12524  -1.49094  -0.88480  -0.38946  -0.10329   0.61069   0.72078
   4250.  0.00  -8.13698  -8.10473  -6.88661  -5.25483  -4.07357  -3.07468  -2.48040  -1.62118  -0.96188  -0.43393  -0.15113   0.58823   0.69748
   4250.  0.50  -7.94953  -7.89700  -6.45041  -4.89946  -3.70139  -2.82983  -2.28145  -1.49093  -0.87952  -0.39081  -0.12380   0.57502   0.68014
   4250.  1.00  -7.76780  -7.61173  -5.96561  -4.53139  -3.32438  -2.60846  -2.11200  -1.38651  -0.81718  -0.36145  -0.10812   0.56019   0.66262
   4250.  1.50  -7.59750  -7.25282  -5.47541  -4.19028  -2.99197  -2.43027  -1.98177  -1.31046  -0.77390  -0.34298  -0.09990   0.54752   0.64829
   4250.  2.00  -7.43003  -6.85601  -5.04926  -3.91151  -2.73409  -2.30096  -1.88936  -1.25958  -0.74595  -0.33190  -0.09533   0.53866   0.63841
   4250.  2.50  -7.25534  -6.49362  -4.74567  -3.72140  -2.56463  -2.21985  -1.82970  -1.22874  -0.72802  -0.32330  -0.08938   0.53655   0.63555
   4250.  3.00  -7.07875  -6.22338  -4.58317  -3.62572  -2.47937  -2.17875  -1.79613  -1.21373  -0.71684  -0.31406  -0.07902   0.54409   0.64248
   4250.  3.50  -6.90541  -6.04470  -4.52499  -3.60776  -2.46982  -2.17199  -1.79081  -1.21380  -0.71180  -0.30206  -0.06264   0.56639   0.66458
   4250.  4.00  -6.75544  -5.93171  -4.52371  -3.62893  -2.49568  -2.17857  -1.79527  -1.21783  -0.70776  -0.28886  -0.04445   0.59228   0.69034
   4250.  4.50  -6.64755  -5.86244  -4.54669  -3.66048  -2.52717  -2.18867  -1.79915  -1.22259  -0.70468  -0.27780  -0.02852   0.61386   0.71169
   4250.  5.00  -6.60127  -5.84556  -4.60114  -3.70728  -2.56808  -2.21038  -1.80474  -1.23086  -0.70415  -0.27010  -0.01532   0.63025   0.72768
   4500.  0.00  -7.50585  -7.33114  -5.78235  -4.38106  -3.20870  -2.41242  -1.96163  -1.26368  -0.70432  -0.24986   0.00232   0.65150   0.74504
   4500.  0.50  -7.34871  -7.06053  -5.38501  -4.08270  -2.90751  -2.24829  -1.83709  -1.18345  -0.65619  -0.22837   0.01218   0.63541   0.72651
   4500.  1.00  -7.17049  -6.69969  -4.93111  -3.77197  -2.61332  -2.10038  -1.72982  -1.11678  -0.61793  -0.21327   0.01700   0.61914   0.70848
   4500.  1.50  -6.96088  -6.27440  -4.48347  -3.48053  -2.35527  -1.97988  -1.64584  -1.06644  -0.59032  -0.20387   0.01830   0.60483   0.69300
   4500.  2.00  -6.70282  -5.84085  -4.10237  -3.23883  -2.15549  -1.89231  -1.58548  -1.03128  -0.57151  -0.19816   0.01832   0.59414   0.68155
   4500.  2.50  -6.40856  -5.46825  -3.82920  -3.06913  -2.02356  -1.83885  -1.54687  -1.00940  -0.55936  -0.19403   0.01941   0.58860   0.67544
   4500.  3.00  -6.12346  -5.19204  -3.67175  -2.97628  -1.95487  -1.81388  -1.52559  -0.99781  -0.55143  -0.18927   0.02371   0.58978   0.67615
   4500.  3.50  -5.90646  -5.02998  -3.62445  -2.95437  -1.93835  -1.80943  -1.51643  -0.99458  -0.54700  -0.18333   0.03180   0.59831   0.68429
   4500.  4.00  -5.77462  -4.96215  -3.65326  -2.98536  -1.96345  -1.82104  -1.52012  -0.99868  -0.54539  -0.17560   0.04362   0.61517   0.70098
   4500.  4.50  -5.70910  -4.95051  -3.72081  -3.04690  -2.01482  -1.84262  -1.53070  -1.00558  -0.54449  -0.16726   0.05645   0.63424   0.71997
   4500.  5.00  -5.69209  -4.97207  -3.80516  -3.11672  -2.07127  -1.86637  -1.53992  -1.01255  -0.54389  -0.15983   0.06843   0.65120   0.73677
   4750.  0.00  -6.87517  -6.46529  -4.79488  -3.60928  -2.48786  -1.83903  -1.51147  -0.96238  -0.49829  -0.11145   0.11015   0.67651   0.75685
   4750.  0.50  -6.68437  -6.11805  -4.40363  -3.33622  -2.22541  -1.72615  -1.43792  -0.91901  -0.47667  -0.10701   0.10655   0.65843   0.73750
   4750.  1.00  -6.43720  -5.70081  -3.99329  -3.06684  -1.98574  -1.63364  -1.38167  -0.88634  -0.46136  -0.10598   0.10087   0.64135   0.71954
   4750.  1.50  -6.10922  -5.24881  -3.60322  -2.81732  -1.78122  -1.56146  -1.34002  -0.86196  -0.45001  -0.10594   0.09558   0.62716   0.70477
   4750.  2.00  -5.73819  -4.82973  -3.28154  -2.61295  -1.62688  -1.51273  -1.31242  -0.84533  -0.44207  -0.10635   0.09133   0.61630   0.69348
   4750.  2.50  -5.37465  -4.49098  -3.05248  -2.46998  -1.52856  -1.48693  -1.29682  -0.83487  -0.43596  -0.10542   0.09005   0.61053   0.68734
   4750.  3.00  -5.07972  -4.25301  -2.92030  -2.39210  -1.48116  -1.48125  -1.29092  -0.82923  -0.43079  -0.10241   0.09247   0.61057   0.68701
   4750.  3.50  -4.87628  -4.11525  -2.87535  -2.37221  -1.47314  -1.48969  -1.29114  -0.82727  -0.42647  -0.09758   0.09825   0.61606   0.69215
   4750.  4.00  -4.76002  -4.05860  -2.89433  -2.39392  -1.49044  -1.50474  -1.29487  -0.82877  -0.42385  -0.09175   0.10651   0.62666   0.70249
   4750.  4.50  -4.72912  -4.07168  -2.96313  -2.45200  -1.53282  -1.52695  -1.30368  -0.83341  -0.42239  -0.08508   0.11660   0.64099   0.71667
   4750.  5.00  -4.75659  -4.12543  -3.05716  -2.52956  -1.58971  -1.55319  -1.31396  -0.83867  -0.42086  -0.07800   0.12734   0.65628   0.73182
   5000.  0.00  -6.19484  -5.58978  -3.98246  -3.00967  -1.97668  -1.40464  -1.16314  -0.72870  -0.34369  -0.01357   0.18064   0.67682   0.74696
   5000.  0.50  -5.91010  -5.18802  -3.60256  -2.74871  -1.73619  -1.32508  -1.12137  -0.70933  -0.33972  -0.02020   0.16879   0.65788   0.72714
   5000.  1.00  -5.52913  -4.73318  -3.21877  -2.49266  -1.51859  -1.26139  -1.09258  -0.69687  -0.33884  -0.02779   0.15702   0.64083   0.70961
   5000.  1.50  -5.09284  -4.28140  -2.86796  -2.25999  -1.33603  -1.21566  -1.07658  -0.69087  -0.34039  -0.03563   0.14608   0.62620   0.69476
   5000.  2.00  -4.66333  -3.88752  -2.58295  -2.06961  -1.19606  -1.18790  -1.07125  -0.68959  -0.34287  -0.04239   0.13723   0.61500   0.68342
   5000.  2.50  -4.31399  -3.58982  -2.38339  -1.93655  -1.10453  -1.17694  -1.07320  -0.69049  -0.34419  -0.04617   0.13233   0.60841   0.67670
   5000.  3.00  -4.06988  -3.39877  -2.27384  -1.86670  -1.06116  -1.18157  -1.07986  -0.69188  -0.34307  -0.04583   0.13252   0.60752   0.67558
   5000.  3.50  -3.92331  -3.29978  -2.23948  -1.85125  -1.05676  -1.19851  -1.08967  -0.69342  -0.33979  -0.04153   0.13763   0.61263   0.68038
   5000.  4.00  -3.85427  -3.27069  -2.25964  -1.87410  -1.07665  -1.22187  -1.10026  -0.69558  -0.33601  -0.03504   0.14596   0.62251   0.68996
   5000.  4.50  -3.84429  -3.29076  -2.31519  -1.92168  -1.11024  -1.24670  -1.11057  -0.69858  -0.33286  -0.02799   0.15554   0.63511   0.70236
   5000.  5.00  -3.88322  -3.34793  -2.39505  -1.98726  -1.15464  -1.27218  -1.12085  -0.70209  -0.33012  -0.02086   0.16547   0.64859   0.71568
   5250.  0.00  -5.49442  -4.81569  -3.35796  -2.56361  -1.63319  -1.07890  -0.89650  -0.54808  -0.22724   0.05527   0.22515   0.66140   0.72398
   5250.  0.50  -5.12101  -4.39577  -3.00248  -2.31844  -1.41507  -1.02898  -0.87934  -0.54591  -0.23483   0.04222   0.20934   0.64380   0.70531
   5250.  1.00  -4.66938  -3.94661  -2.65051  -2.07638  -1.21548  -0.98934  -0.87088  -0.54823  -0.24421   0.02880   0.19386   0.62746   0.68840
   5250.  1.50  -4.19522  -3.51447  -2.33006  -1.85399  -1.04448  -0.96178  -0.87127  -0.55498  -0.25513   0.01528   0.17905   0.61266   0.67341
   5250.  2.00  -3.76867  -3.14294  -2.06321  -1.66560  -0.90679  -0.94604  -0.87891  -0.56466  -0.26628   0.00272   0.16578   0.59997   0.66074
   5250.  2.50  -3.43866  -2.86419  -1.86968  -1.52569  -0.80555  -0.94133  -0.89140  -0.57502  -0.27555  -0.00698   0.15590   0.59082   0.65166
   5250.  3.00  -3.22161  -2.68877  -1.75634  -1.44296  -0.74462  -0.94632  -0.90579  -0.58361  -0.28081  -0.01178   0.15140   0.58707   0.64787
   5250.  3.50  -3.11001  -2.60897  -1.71858  -1.41747  -0.72460  -0.96159  -0.92105  -0.58969  -0.28122  -0.01047   0.15374   0.59031   0.65092
   5250.  4.00  -3.07732  -2.59959  -1.73590  -1.43436  -0.73439  -0.98416  -0.93561  -0.59341  -0.27794  -0.00459   0.16122   0.59917   0.65952
   5250.  4.50  -3.09611  -2.63441  -1.78688  -1.47695  -0.76184  -1.01051  -0.94944  -0.59645  -0.27343   0.00363   0.17168   0.61200   0.67209
   5250.  5.00  -3.14610  -2.69418  -1.85569  -1.53322  -0.79779  -1.03661  -0.96124  -0.59883  -0.26878   0.01222   0.18272   0.62614   0.68601
   5500.  0.00  -4.82492  -4.16241  -2.88095  -2.22958  -1.40723  -0.82528  -0.68448  -0.40373  -0.13687   0.10427   0.25191   0.63461   0.69199
   5500.  0.50  -4.41379  -3.75697  -2.55868  -2.00512  -1.21171  -0.80144  -0.68696  -0.41418  -0.15180   0.08805   0.23512   0.62032   0.67596
   5500.  1.00  -3.95040  -3.33356  -2.23918  -1.77885  -1.02744  -0.78271  -0.69456  -0.42733  -0.16782   0.07148   0.21836   0.60616   0.66077
   5500.  1.50  -3.49540  -2.93452  -1.94714  -1.56763  -0.86488  -0.77133  -0.70815  -0.44360  -0.18512   0.05452   0.20164   0.59234   0.64645
   5500.  2.00  -3.09796  -2.59133  -1.69877  -1.38361  -0.72841  -0.76701  -0.72639  -0.46186  -0.20274   0.03793   0.18562   0.57929   0.63327
   5500.  2.50  -2.78730  -2.32512  -1.50630  -1.23661  -0.61868  -0.76864  -0.74734  -0.48032  -0.21905   0.02305   0.17154   0.56820   0.62227
   5500.  3.00  -2.57555  -2.14597  -1.37703  -1.13451  -0.53809  -0.77458  -0.76817  -0.49640  -0.23172   0.01205   0.16145   0.56060   0.61481
   5500.  3.50  -2.46519  -2.05728  -1.31629  -1.08390  -0.49043  -0.78491  -0.78684  -0.50795  -0.23846   0.00733   0.15781   0.55904   0.61324
   5500.  4.00  -2.43986  -2.04453  -1.31501  -1.08059  -0.47616  -0.80074  -0.80304  -0.51476  -0.23889   0.00956   0.16156   0.56445   0.61853
   5500.  4.50  -2.46938  -2.08081  -1.35372  -1.11030  -0.48737  -0.82178  -0.81770  -0.51856  -0.23515   0.01685   0.17089   0.57597   0.62982
   5500.  5.00  -2.52776  -2.14216  -1.41277  -1.15674  -0.51165  -0.84472  -0.83037  -0.52076  -0.22979   0.02612   0.18248   0.59024   0.64387
   5750.  0.00  -4.22967  -3.62882  -2.51842  -1.97720  -1.26210  -0.62046  -0.50943  -0.28464  -0.06488   0.13910   0.26588   0.59878   0.65309
   5750.  0.50  -3.82457  -3.25475  -2.23214  -1.77613  -1.08813  -0.61839  -0.52671  -0.30388  -0.08390   0.12221   0.25040   0.58938   0.64098
   5750.  1.00  -3.38566  -2.86650  -1.94378  -1.56714  -0.91741  -0.61756  -0.54697  -0.32489  -0.10397   0.10450   0.23413   0.57868   0.62842
   5750.  1.50  -2.96716  -2.50236  -1.67670  -1.36768  -0.76120  -0.62062  -0.57153  -0.34844  -0.12549   0.08575   0.21701   0.56699   0.61560
   5750.  2.00  -2.60197  -2.18560  -1.44383  -1.18875  -0.62466  -0.62740  -0.59933  -0.37374  -0.14786   0.06643   0.19942   0.55465   0.60274
   5750.  2.50  -2.30966  -1.93052  -1.25309  -1.03777  -0.50888  -0.63670  -0.62844  -0.39914  -0.16970   0.04770   0.18241   0.54257   0.59056
   5750.  3.00  -2.10149  -1.74784  -1.11209  -0.92182  -0.41455  -0.64728  -0.65676  -0.42251  -0.18888   0.03157   0.16796   0.53236   0.58047
   5750.  3.50  -1.98241  -1.64289  -1.02726  -0.84774  -0.34460  -0.65761  -0.68135  -0.44104  -0.20272   0.02066   0.15863   0.52655   0.57483
   5750.  4.00  -1.94131  -1.60773  -0.99592  -0.81604  -0.30262  -0.66845  -0.70079  -0.45322  -0.20959   0.01661   0.15612   0.52668   0.57502
   5750.  4.50  -1.96367  -1.63074  -1.01224  -0.82365  -0.28935  -0.68229  -0.71595  -0.45947  -0.20940   0.02007   0.16142   0.53436   0.58257
   5750.  5.00  -2.02112  -1.68613  -1.05697  -0.85575  -0.29667  -0.69906  -0.72835  -0.46230  -0.20514   0.02814   0.17167   0.54723   0.59526
   6000.  0.00  -3.71941  -3.19621  -2.24244  -1.78300  -1.17029  -0.44676  -0.35928  -0.18378  -0.00706   0.16258   0.26937   0.55484   0.60790
   6000.  0.50  -3.34862  -2.86427  -1.99374  -1.60830  -1.01773  -0.46543  -0.38898  -0.20891  -0.02705   0.14770   0.25766   0.55194   0.60117
   6000.  1.00  -2.95018  -2.51509  -1.73525  -1.41811  -0.85982  -0.48006  -0.41903  -0.23540  -0.04909   0.13046   0.24339   0.54593   0.59219
   6000.  1.50  -2.56960  -2.18318  -1.48940  -1.23049  -0.70903  -0.49562  -0.45210  -0.26424  -0.07312   0.11126   0.22710   0.53748   0.58175
   6000.  2.00  -2.23519  -1.88976  -1.26902  -1.05699  -0.57195  -0.51278  -0.48792  -0.29508  -0.09877   0.09047   0.20916   0.52697   0.57003
   6000.  2.50  -1.96125  -1.64631  -1.08132  -0.90474  -0.45109  -0.53038  -0.52476  -0.32645  -0.12484   0.06913   0.19052   0.51527   0.55780
   6000.  3.00  -1.75670  -1.46128  -0.93192  -0.77932  -0.34690  -0.54723  -0.56070  -0.35645  -0.14941   0.04903   0.17294   0.50386   0.54631
   6000.  3.50  -1.62309  -1.33703  -0.82462  -0.68521  -0.26099  -0.56131  -0.59262  -0.38227  -0.17006   0.03231   0.15837   0.49449   0.53712
   6000.  4.00  -1.56135  -1.27703  -0.76519  -0.62807  -0.19640  -0.57230  -0.61833  -0.40153  -0.18411   0.02176   0.14973   0.48985   0.53268
   6000.  4.50  -1.56381  -1.27595  -0.75322  -0.60964  -0.15797  -0.58200  -0.63724  -0.41304  -0.18991   0.01941   0.14928   0.49245   0.53537
   6000.  5.00  -1.60832  -1.31443  -0.77594  -0.62112  -0.14383  -0.59276  -0.65075  -0.41839  -0.18907   0.02382   0.15568   0.50178   0.54462
   6250.  0.50  -2.96316  -2.55632  -1.81647  -1.48105  -0.97867  -0.33073  -0.26659  -0.12593   0.01984   0.16469   0.25679   0.50777   0.55614
   6250.  1.00  -2.60853  -2.24536  -1.58562  -1.31068  -0.83391  -0.36100  -0.30547  -0.15606  -0.00181   0.15009   0.24656   0.50777   0.55199
   6250.  1.50  -2.26575  -1.94395  -1.35905  -1.13579  -0.68930  -0.38779  -0.34509  -0.18851  -0.02684   0.13171   0.23232   0.50354   0.54464
   6250.  2.00  -1.95929  -1.67113  -1.14924  -0.96815  -0.55225  -0.41430  -0.38720  -0.22340  -0.05445   0.11058   0.21512   0.49594   0.53491
   6250.  2.50  -1.70177  -1.43797  -0.96397  -0.81554  -0.42691  -0.43994  -0.43069  -0.25963  -0.08358   0.08766   0.19589   0.48573   0.52351
   6250.  3.00  -1.50026  -1.25104  -0.80796  -0.68314  -0.31499  -0.46362  -0.47364  -0.29534  -0.11247   0.06461   0.17622   0.47421   0.51151
   6250.  3.50  -1.35707  -1.11369  -0.68531  -0.57540  -0.21787  -0.48358  -0.51317  -0.32787  -0.13868   0.04356   0.15810   0.46307   0.50038
   6250.  4.00  -1.27601  -1.03165  -0.60291  -0.49817  -0.13688  -0.49825  -0.54669  -0.35455  -0.15945   0.02733   0.14440   0.45514   0.49267
   6250.  4.50  -1.25080  -1.00048  -0.56050  -0.45327  -0.07655  -0.50792  -0.57205  -0.37333  -0.17279   0.01787   0.13706   0.45217   0.48997
   6250.  5.00  -1.27485  -1.01590  -0.55782  -0.44181  -0.04057  -0.51548  -0.58964  -0.38377  -0.17755   0.01679   0.13799   0.45646   0.49440
   6500.  0.50  -2.64805  -2.30946  -1.68059  -1.37898  -0.95569  -0.20249  -0.15211  -0.05274   0.05557   0.17096   0.24522   0.45558   0.50419
   6500.  1.00  -2.33530  -2.03352  -1.47471  -1.22921  -0.82428  -0.25230  -0.20146  -0.08531   0.03749   0.16248   0.24260   0.46341   0.50685
   6500.  1.50  -2.02745  -1.75962  -1.26582  -1.06801  -0.68742  -0.29187  -0.24810  -0.12025   0.01351   0.14703   0.23248   0.46480   0.50390
   6500.  2.00  -1.74674  -1.50595  -1.06635  -0.90765  -0.55267  -0.32703  -0.29522  -0.15790  -0.01473   0.12673   0.21717   0.46108   0.49697
   6500.  2.50  -1.50370  -1.28184  -0.88348  -0.75593  -0.42481  -0.36039  -0.34398  -0.19769  -0.04567   0.10333   0.19843   0.45337   0.48717
   6500.  3.00  -1.30597  -1.09461  -0.72292  -0.61882  -0.30675  -0.39100  -0.39286  -0.23797  -0.07767   0.07846   0.17784   0.44296   0.47564
   6500.  3.50  -1.15613  -0.94797  -0.58918  -0.50113  -0.20070  -0.41718  -0.43925  -0.27627  -0.10838   0.05415   0.15727   0.43139   0.46372
   6500.  4.00  -1.05694  -0.84609  -0.48738  -0.40754  -0.10778  -0.43728  -0.48061  -0.31011  -0.13540   0.03279   0.13914   0.42094   0.45342
   6500.  4.50  -1.00906  -0.79058  -0.42080  -0.34192  -0.03119  -0.45043  -0.51391  -0.33652  -0.15579   0.01717   0.12618   0.41405   0.44687
   6500.  5.00  -1.00895  -0.78056  -0.39259  -0.30792   0.02459  -0.45807  -0.53808  -0.35394  -0.16752   0.00964   0.12094   0.41339   0.44654
   6750.  0.50  -2.35595  -2.08045  -1.55425  -1.28279  -0.92960  -0.10328  -0.06534   0.00513   0.08421   0.17424   0.23206   0.40302   0.45235
   6750.  1.00  -2.11322  -1.86284  -1.38773  -1.16192  -0.82014  -0.14620  -0.10249  -0.02234   0.06703   0.16515   0.22881   0.41181   0.45535
   6750.  1.50  -1.83610  -1.61354  -1.19570  -1.01561  -0.69256  -0.20172  -0.15791  -0.05899   0.04680   0.15568   0.22598   0.42035   0.45854
   6750.  2.00  -1.57807  -1.37701  -1.00661  -0.86414  -0.56269  -0.24786  -0.21098  -0.09851   0.01996   0.13839   0.21476   0.42188   0.45569
   6750.  2.50  -1.34916  -1.16245  -0.82784  -0.71572  -0.43532  -0.28881  -0.26392  -0.14053  -0.01138   0.11588   0.19785   0.41780   0.44843
   6750.  3.00  -1.15556  -0.97613  -0.66479  -0.57627  -0.31372  -0.32615  -0.31755  -0.18414  -0.04519   0.09033   0.17746   0.40963   0.43832
   6750.  3.50  -1.00051  -0.82228  -0.52267  -0.45132  -0.20123  -0.35875  -0.36972  -0.22715  -0.07934   0.06373   0.15545   0.39870   0.42651
   6750.  4.00  -0.88808  -0.70591  -0.40662  -0.34571  -0.09924  -0.38504  -0.41809  -0.26709  -0.11132   0.03859   0.13433   0.38729   0.41495
   6750.  4.50  -0.82190  -0.63120  -0.32138  -0.26413  -0.01030  -0.40346  -0.45954  -0.30083  -0.13804   0.01780   0.11692   0.37784   0.40581
   6750.  5.00  -0.79757  -0.59626  -0.26946  -0.20975   0.06136  -0.41392  -0.49161  -0.32604  -0.15723   0.00352   0.10536   0.37256   0.40104
   7000.  0.50  -2.06275  -1.84554  -1.41779  -1.17825  -0.88862  -0.03141  -0.00638   0.04559   0.10396   0.17418   0.21825   0.35307   0.40285
   7000.  1.00  -1.90015  -1.69598  -1.29819  -1.09143  -0.80645  -0.06384  -0.02910   0.02584   0.08931   0.16463   0.21333   0.36018   0.40425
   7000.  1.50  -1.67919  -1.49356  -1.13759  -0.96960  -0.69678  -0.11268  -0.07162  -0.00473   0.07086   0.15501   0.21006   0.36926   0.40730
   7000.  2.00  -1.43962  -1.27191  -0.95953  -0.82885  -0.57423  -0.17303  -0.13230  -0.04523   0.04816   0.14386   0.20617   0.37754   0.41014
   7000.  2.50  -1.22340  -1.06670  -0.78656  -0.68601  -0.45046  -0.22330  -0.19027  -0.08867   0.01842   0.12432   0.19321   0.37846   0.40677
   7000.  3.00  -1.03502  -0.88319  -0.62405  -0.54737  -0.32888  -0.26729  -0.24752  -0.13430  -0.01580   0.09949   0.17440   0.37358   0.39896
   7000.  3.50  -0.87694  -0.72496  -0.47688  -0.41835  -0.21294  -0.30616  -0.30433  -0.18073  -0.05205   0.07190   0.15224   0.36448   0.38822
   7000.  4.00  -0.75494  -0.59812  -0.35047  -0.30411  -0.10453  -0.33881  -0.35864  -0.22557  -0.08772   0.04414   0.12931   0.35329   0.37642
   7000.  4.50  -0.67336  -0.50749  -0.25017  -0.20978  -0.00625  -0.36319  -0.40752  -0.26588  -0.11991   0.01900   0.10831   0.34236   0.36566
   7000.  5.00  -0.62881  -0.45182  -0.17876  -0.13885   0.07760  -0.37849  -0.44771  -0.29869  -0.14596  -0.00116   0.09151   0.33374   0.35759
   7250.  0.50  -1.75407  -1.58944  -1.25675  -1.05417  -0.82315   0.01303   0.02433   0.06693   0.11263   0.16895   0.20252   0.30650   0.35562
   7250.  1.00  -1.68031  -1.51778  -1.19389  -1.00890  -0.77628  -0.00444   0.01937   0.05772   0.10253   0.16006   0.19630   0.31013   0.35448
   7250.  1.50  -1.52067  -1.36827  -1.07046  -0.91554  -0.68866  -0.04453  -0.00924   0.03523   0.08753   0.15086   0.19218   0.31790   0.35604
   7250.  2.00  -1.32425  -1.18371  -0.91816  -0.79574  -0.58130  -0.09885  -0.05714   0.00127   0.06738   0.14019   0.18839   0.32695   0.35897
   7250.  2.50  -1.11715  -0.98645  -0.75283  -0.66087  -0.46435  -0.16098  -0.12152  -0.04250   0.04202   0.12683   0.18264   0.33424   0.36097
   7250.  3.00  -0.93337  -0.80618  -0.59314  -0.52565  -0.34636  -0.21315  -0.18299  -0.08913   0.00948   0.10490   0.16763   0.33403   0.35675
   7250.  3.50  -0.77525  -0.64678  -0.44417  -0.39567  -0.23011  -0.25861  -0.24335  -0.13753  -0.02713   0.07797   0.14696   0.32811   0.34824
   7250.  4.00  -0.64709  -0.51310  -0.31120  -0.27623  -0.11842  -0.29731  -0.30238  -0.18603  -0.06525   0.04881   0.12343   0.31828   0.33724
   7250.  4.50  -0.55333  -0.40998  -0.19934  -0.17238  -0.01386  -0.32783  -0.35759  -0.23174  -0.10173   0.02044   0.10001   0.30705   0.32585
   7250.  5.00  -0.49260  -0.33787  -0.11265  -0.08854   0.07913  -0.34900  -0.40542  -0.27141  -0.13362  -0.00451   0.07912   0.29638   0.31565
   7500.  0.50  -1.39528  -1.27797  -1.04139  -0.88736  -0.71255   0.01217   0.00885   0.05758   0.10494   0.15779   0.18724   0.26901   0.31490
   7500.  1.00  -1.45056  -1.32379  -1.06886  -0.90933  -0.72570   0.03447   0.04466   0.07224   0.10393   0.14835   0.17478   0.26102   0.30485
   7500.  1.50  -1.35144  -1.22826  -0.98607  -0.84723  -0.66399   0.00328   0.02875   0.05836   0.09396   0.14146   0.17159   0.26751   0.30562
   7500.  2.00  -1.20362  -1.08708  -0.86546  -0.75254  -0.57571  -0.04226  -0.00499   0.03294   0.07779   0.13165   0.16726   0.27530   0.30707
   7500.  2.50  -1.02903  -0.91948  -0.72250  -0.63652  -0.47245  -0.09969  -0.05690  -0.00364   0.05616   0.11983   0.16261   0.28370   0.30949
   7500.  3.00  -0.84627  -0.74076  -0.56720  -0.50658  -0.36089  -0.16228  -0.12354  -0.04962   0.02880   0.10466   0.15527   0.28999   0.31070
   7500.  3.50  -0.68898  -0.58165  -0.41920  -0.37843  -0.24789  -0.21461  -0.18753  -0.09884  -0.00623   0.08049   0.13822   0.28859   0.30578
   7500.  4.00  -0.55722  -0.44396  -0.28290  -0.25692  -0.13629  -0.25947  -0.25008  -0.14941  -0.04491   0.05163   0.11577   0.28148   0.29669
   7500.  4.50  -0.45448  -0.33173  -0.16308  -0.14683  -0.02861  -0.29634  -0.31012  -0.19899  -0.08413   0.02147   0.09130   0.27119   0.28571
   7500.  5.00  -0.38089  -0.24681  -0.06473  -0.05331   0.07064  -0.32365  -0.36463  -0.24444  -0.12074  -0.00714   0.06752   0.25967   0.27447
   7750.  1.00  -1.20474  -1.10781  -0.91701  -0.78766  -0.65041   0.04834   0.04224   0.06603   0.09139   0.12836   0.14847   0.21390   0.25591
   7750.  1.50  -1.17442  -1.07577  -0.88469  -0.76466  -0.62302   0.03408   0.04609   0.06505   0.08817   0.12381   0.14505   0.21642   0.25393
   7750.  2.00  -1.06988  -0.97420  -0.79531  -0.69503  -0.55514  -0.00557   0.02304   0.04761   0.07748   0.11720   0.14277   0.22389   0.25518
   7750.  2.50  -0.93422  -0.84273  -0.67994  -0.60156  -0.46848  -0.05544  -0.01480   0.01986   0.06039   0.10672   0.13806   0.23139   0.25638
   7750.  3.00  -0.77605  -0.68816  -0.54477  -0.48882  -0.36951  -0.11408  -0.06979  -0.01858   0.03787   0.09430   0.13298   0.23942   0.25879
   7750.  3.50  -0.61384  -0.52554  -0.39814  -0.36332  -0.26266  -0.17421  -0.13701  -0.06583   0.00885   0.07742   0.12397   0.24468   0.25948
   7750.  4.00  -0.48001  -0.38556  -0.26086  -0.24199  -0.15382  -0.22515  -0.20241  -0.11679  -0.02809   0.05140   0.10516   0.24211   0.25399
   7750.  4.50  -0.37073  -0.26706  -0.13657  -0.12892  -0.04657  -0.26803  -0.26600  -0.16865  -0.06822   0.02110   0.08130   0.23399   0.24453
   7750.  5.00  -0.28763  -0.17275  -0.02998  -0.02885   0.05581  -0.30144  -0.32585  -0.21849  -0.10808  -0.00985   0.05590   0.22286   0.23341
   8000.  1.00  -0.93740  -0.86359  -0.73082  -0.63655  -0.54293   0.03079   0.00560   0.03399   0.06165   0.09851   0.11722   0.17046   0.20862
   8000.  1.50  -0.98934  -0.91112  -0.76667  -0.66796  -0.56537   0.04646   0.04281   0.05534   0.07024   0.09787   0.11264   0.16491   0.20092
   8000.  2.00  -0.93006  -0.85227  -0.71278  -0.62693  -0.52249   0.01661   0.03310   0.04739   0.06544   0.09422   0.11163   0.17057   0.20105
   8000.  2.50  -0.82788  -0.75209  -0.62301  -0.55455  -0.45306  -0.02800   0.00468   0.02679   0.05341   0.08685   0.10901   0.17811   0.20236
   8000.  3.00  -0.70239  -0.62907  -0.51284  -0.46270  -0.36880  -0.07988  -0.03637  -0.00289   0.03548   0.07578   0.10394   0.18540   0.20369
   8000.  3.50  -0.55509  -0.48261  -0.38206  -0.35113  -0.27281  -0.13834  -0.09391  -0.04245   0.01293   0.06373   0.09941   0.19380   0.20684
   8000.  4.00  -0.41209  -0.33515  -0.24304  -0.22966  -0.16911  -0.19481  -0.16053  -0.09016  -0.01722   0.04549   0.08901   0.19827   0.20734
   8000.  4.50  -0.29833  -0.21234  -0.11638  -0.11556  -0.06452  -0.24261  -0.22620  -0.14210  -0.05566   0.01781   0.06847   0.19436   0.20137
   8000.  5.00  -0.20820  -0.11118  -0.00438  -0.01161   0.03798  -0.28178  -0.28989  -0.19453  -0.09679  -0.01361   0.04335   0.18512   0.19162
   8250.  1.00  -0.65707  -0.59702  -0.51035  -0.45340  -0.40141  -0.01589  -0.06603  -0.02830   0.00803   0.05207   0.07483   0.12818   0.15931
   8250.  1.50  -0.79943  -0.73695  -0.63338  -0.55750  -0.49110   0.04087   0.01824   0.02863   0.03980   0.06363   0.07467   0.11395   0.14775
   8250.  2.00  -0.78607  -0.72230  -0.61758  -0.54758  -0.47684   0.02504   0.02517   0.03226   0.04177   0.06307   0.07441   0.11651   0.14582
   8250.  2.50  -0.71604  -0.65304  -0.55451  -0.49754  -0.42689  -0.01373   0.00703   0.01950   0.03524   0.05899   0.07385   0.12328   0.14654
   8250.  3.00  -0.61648  -0.55506  -0.46595  -0.42412  -0.35776  -0.06216  -0.02538  -0.00328   0.02256   0.05128   0.07120   0.13087   0.14796
   8250.  3.50  -0.49823  -0.43843  -0.36035  -0.33390  -0.27608  -0.11503  -0.06897  -0.03425   0.00433   0.04003   0.06610   0.13803   0.14959
   8250.  4.00  -0.35892  -0.29748  -0.23177  -0.22197  -0.18196  -0.17047  -0.12762  -0.07383  -0.01747   0.02900   0.06261   0.14714   0.15414
   8250.  4.50  -0.23519  -0.16572  -0.10086  -0.10532  -0.08081  -0.22120  -0.19245  -0.12153  -0.04890   0.00912   0.05041   0.15054   0.15449
   8250.  5.00  -0.13927  -0.05896   0.01493   0.00097   0.01986  -0.26492  -0.25779  -0.17390  -0.08838  -0.01986   0.02840   0.14532   0.14804
   8500.  1.50  -0.61102  -0.55966  -0.48975  -0.43708  -0.40284   0.01718  -0.02533  -0.01390  -0.00272   0.02089   0.03084   0.06278   0.09314
   8500.  2.00  -0.64071  -0.58810  -0.51390  -0.46045  -0.42021   0.01904   0.00153   0.00433   0.00838   0.02503   0.03224   0.06182   0.08930
   8500.  2.50  -0.60115  -0.54871  -0.47768  -0.43306  -0.39132  -0.01180  -0.00543  -0.00010   0.00739   0.02406   0.03327   0.06719   0.08913
   8500.  3.00  -0.52659  -0.47536  -0.41129  -0.37865  -0.33903  -0.05571  -0.02918  -0.01608  -0.00031   0.01942   0.03262   0.07437   0.09026
   8500.  3.50  -0.43003  -0.38020  -0.32480  -0.30501  -0.27103  -0.10500  -0.06433  -0.04047  -0.01369   0.01117   0.02960   0.08177   0.09201
   8500.  4.00  -0.31636  -0.26706  -0.22105  -0.21441  -0.19058  -0.15659  -0.11026  -0.07243  -0.03183   0.00040   0.02515   0.08944   0.09486
   8500.  4.50  -0.18548  -0.13086  -0.09193  -0.10001  -0.09556  -0.20655  -0.16838  -0.11119  -0.05260  -0.00932   0.02299   0.09992   0.10140
   8500.  5.00  -0.07933  -0.01474   0.02914   0.00988   0.00255  -0.25214  -0.23170  -0.15900  -0.08537  -0.03108   0.00868   0.10166   0.10102
   8750.  1.50  -0.43966  -0.39595  -0.35215  -0.32020  -0.31417  -0.01648  -0.08005  -0.06718  -0.05499  -0.03010  -0.01992   0.00918   0.03542
   8750.  2.00  -0.50199  -0.45843  -0.41050  -0.37275  -0.35958   0.00225  -0.03428  -0.03411  -0.03357  -0.01960  -0.01515   0.00583   0.03124
   8750.  2.50  -0.48919  -0.44553  -0.39864  -0.36590  -0.35026  -0.01851  -0.02967  -0.03002  -0.02914  -0.01754  -0.01275   0.00949   0.03019
   8750.  3.00  -0.43705  -0.39418  -0.35223  -0.32878  -0.31406  -0.05692  -0.04486  -0.03942  -0.03221  -0.01926  -0.01152   0.01609   0.03094
   8750.  3.50  -0.35940  -0.31795  -0.28336  -0.27076  -0.26011  -0.10375  -0.07271  -0.05777  -0.04078  -0.02432  -0.01218   0.02363   0.03259
   8750.  4.00  -0.26384  -0.22356  -0.19703  -0.19563  -0.19209  -0.15371  -0.11056  -0.08353  -0.05434  -0.03256  -0.01495   0.03137   0.03517
   8750.  4.50  -0.15070  -0.10903  -0.09020  -0.10071  -0.11008  -0.20336  -0.15922  -0.11602  -0.07126  -0.04130  -0.01704   0.04103   0.04065
   8750.  5.00  -0.03008   0.01981   0.03704   0.01389  -0.01444  -0.24593  -0.21516  -0.15359  -0.09172  -0.05088  -0.01929   0.05174   0.04837
   9000.  1.50  -0.29269  -0.25436  -0.22985  -0.21544  -0.23372  -0.05513  -0.13820  -0.12465  -0.11186  -0.08584  -0.07527  -0.04753  -0.02578
   9000.  2.00  -0.37446  -0.33827  -0.31276  -0.28978  -0.30136  -0.02457  -0.07913  -0.08041  -0.08193  -0.06929  -0.06646  -0.05143  -0.02857
   9000.  2.50  -0.38256  -0.34632  -0.32082  -0.29971  -0.30796  -0.03549  -0.06432  -0.06866  -0.07253  -0.06435  -0.06274  -0.04935  -0.03021
   9000.  3.00  -0.34921  -0.31358  -0.29161  -0.27738  -0.28556  -0.06765  -0.07114  -0.07172  -0.07129  -0.06343  -0.05999  -0.04354  -0.02997
   9000.  3.50  -0.28862  -0.25434  -0.23862  -0.23339  -0.24464  -0.11099  -0.09188  -0.08432  -0.07544  -0.06556  -0.05857  -0.03604  -0.02838
   9000.  4.00  -0.20813  -0.17543  -0.16728  -0.17177  -0.18880  -0.15929  -0.12311  -0.10449  -0.08445  -0.07079  -0.05909  -0.02801  -0.02570
   9000.  4.50  -0.11344  -0.08136  -0.08017  -0.09432  -0.11961  -0.20801  -0.16402  -0.13183  -0.09838  -0.07894  -0.06153  -0.01964  -0.02158
   9000.  5.00   0.00009   0.03745   0.03457   0.00917  -0.03267  -0.24971  -0.21240  -0.16259  -0.11251  -0.08385  -0.05957  -0.00642  -0.01172
   9250.  2.00  -0.26176  -0.23182  -0.22522  -0.21542  -0.24943  -0.05726  -0.12840  -0.13080  -0.13384  -0.12207  -0.12036  -0.10975  -0.08972
   9250.  2.50  -0.28458  -0.25507  -0.24895  -0.23886  -0.26944  -0.06071  -0.10605  -0.11328  -0.12062  -0.11482  -0.11557  -0.10906  -0.09178
   9250.  3.00  -0.26609  -0.23693  -0.23331  -0.22805  -0.25778  -0.08657  -0.10602  -0.11121  -0.11605  -0.11191  -0.11182  -0.10414  -0.09190
   9250.  3.50  -0.22038  -0.19225  -0.19349  -0.19548  -0.22717  -0.12496  -0.12009  -0.11865  -0.11655  -0.11166  -0.10886  -0.09687  -0.09030
   9250.  4.00  -0.15389  -0.12729  -0.13516  -0.14547  -0.18200  -0.16979  -0.14467  -0.13346  -0.12144  -0.11406  -0.10727  -0.08855  -0.08736
   9250.  4.50  -0.07158  -0.04622  -0.06115  -0.07997  -0.12353  -0.21714  -0.17909  -0.15548  -0.13110  -0.11946  -0.10764  -0.07988  -0.08326
   9250.  5.00   0.02472   0.05112   0.03077   0.00314  -0.05081  -0.26194  -0.22192  -0.18314  -0.14404  -0.12587  -0.10804  -0.06958  -0.07648
   9500.  2.00  -0.16352  -0.13893  -0.14818  -0.14979  -0.20378  -0.09251  -0.17912  -0.18271  -0.18723  -0.17628  -0.17556  -0.16857  -0.15140
   9500.  2.50  -0.19717  -0.17365  -0.18459  -0.18452  -0.23566  -0.09077  -0.15183  -0.16145  -0.17163  -0.16766  -0.17026  -0.16910  -0.15370
   9500.  3.00  -0.19071  -0.16746  -0.18047  -0.18356  -0.23350  -0.11106  -0.14673  -0.15575  -0.16496  -0.16364  -0.16624  -0.16541  -0.15437
   9500.  3.50  -0.15696  -0.13438  -0.15122  -0.16006  -0.21113  -0.14447  -0.15526  -0.15908  -0.16280  -0.16171  -0.16235  -0.15871  -0.15305
   9500.  4.00  -0.10193  -0.08062  -0.10316  -0.11916  -0.17413  -0.18583  -0.17393  -0.16913  -0.16405  -0.16157  -0.15888  -0.15019  -0.15002
   9500.  4.50  -0.03006  -0.01040  -0.03991  -0.06353  -0.12479  -0.23167  -0.20230  -0.18597  -0.16936  -0.16397  -0.15689  -0.14101  -0.14571
   9500.  5.00   0.05523   0.07418   0.03833   0.00703  -0.06267  -0.27763  -0.24011  -0.20958  -0.17912  -0.16891  -0.15648  -0.13126  -0.13976
   9750.  2.00  -0.07811  -0.05823  -0.08096  -0.09240  -0.16415  -0.12895  -0.22987  -0.23476  -0.24080  -0.23082  -0.23107  -0.22745  -0.21309
   9750.  2.50  -0.11902  -0.10089  -0.12692  -0.13594  -0.20599  -0.12427  -0.19970  -0.21133  -0.22390  -0.22147  -0.22561  -0.22903  -0.21568
   9750.  3.00  -0.12191  -0.10418  -0.13254  -0.14351  -0.21257  -0.14046  -0.19113  -0.20323  -0.21597  -0.21691  -0.22169  -0.22663  -0.21701
   9750.  3.50  -0.09785  -0.08060  -0.11229  -0.12784  -0.19762  -0.16983  -0.19549  -0.20361  -0.21208  -0.21402  -0.21746  -0.22083  -0.21628
   9750.  4.00  -0.05261  -0.03633  -0.07284  -0.09447  -0.16730  -0.20779  -0.20949  -0.21002  -0.21075  -0.21215  -0.21287  -0.21250  -0.21341
   9750.  4.50   0.00997   0.02470  -0.01817  -0.04656  -0.12484  -0.25114  -0.23239  -0.22235  -0.21246  -0.21201  -0.20889  -0.20285  -0.20877
   9750.  5.00   0.08662   0.09990   0.05017   0.01486  -0.07114  -0.29617  -0.26470  -0.24124  -0.21826  -0.21433  -0.20647  -0.19274  -0.20266
  10000.  2.00  -0.00375   0.01192  -0.02262  -0.04253  -0.13026  -0.16582  -0.28018  -0.28645  -0.29407  -0.28517  -0.28642  -0.28608  -0.27438
  10000.  2.50  -0.04972  -0.03644  -0.07573  -0.09287  -0.18002  -0.15960  -0.24840  -0.26187  -0.27658  -0.27557  -0.28109  -0.28857  -0.27734
  10000.  3.00  -0.05978  -0.04716  -0.08943  -0.10770  -0.19449  -0.17313  -0.23763  -0.25230  -0.26802  -0.27087  -0.27752  -0.28747  -0.27938
  10000.  3.50  -0.04380  -0.03162  -0.07712  -0.09902  -0.18652  -0.19929  -0.23899  -0.25066  -0.26311  -0.26759  -0.27340  -0.28275  -0.27937
  10000.  4.00  -0.00693   0.00447  -0.04538  -0.07243  -0.16246  -0.23414  -0.24940  -0.25447  -0.26015  -0.26476  -0.26836  -0.27504  -0.27692
  10000.  4.50   0.04704   0.05714   0.00171  -0.03123  -0.12576  -0.27452  -0.26786  -0.26333  -0.25936  -0.26291  -0.26319  -0.26534  -0.27217
  10000.  5.00   0.11589   0.12440   0.06239   0.02324  -0.07825  -0.31726  -0.29481  -0.27782  -0.26161  -0.26275  -0.25882  -0.25466  -0.26561
  10250.  2.00   0.06130   0.07314   0.02794   0.00061  -0.10184  -0.20275  -0.32980  -0.33751  -0.34676  -0.33903  -0.34131  -0.34421  -0.33503
  10250.  2.50   0.01169   0.02058  -0.03052  -0.05490  -0.15761  -0.19595  -0.29723  -0.31243  -0.32914  -0.32951  -0.33630  -0.34754  -0.33841
  10250.  3.00  -0.00407   0.00388  -0.05090  -0.07582  -0.17884  -0.20772  -0.28522  -0.30217  -0.32048  -0.32505  -0.33332  -0.34767  -0.34116
  10250.  3.50   0.00515   0.01264  -0.04553  -0.07333  -0.17732  -0.23124  -0.28456  -0.29926  -0.31517  -0.32175  -0.32962  -0.34411  -0.34187
  10250.  4.00   0.03449   0.04135  -0.02082  -0.05295  -0.15919  -0.26304  -0.29217  -0.30124  -0.31134  -0.31858  -0.32469  -0.33728  -0.33999
  10250.  4.50   0.08066   0.08649   0.01941  -0.01783  -0.12786  -0.30064  -0.30711  -0.30756  -0.30896  -0.31575  -0.31899  -0.32798  -0.33556
  10250.  5.00   0.14239   0.14690   0.07395   0.03108  -0.08513  -0.34083  -0.32927  -0.31827  -0.30829  -0.31352  -0.31300  -0.31684  -0.32872
  10500.  2.00   0.11848   0.12682   0.07175   0.03788  -0.07845  -0.23959  -0.37877  -0.38793  -0.39884  -0.39235  -0.39568  -0.40176  -0.39491
  10500.  2.50   0.06604   0.07089   0.00911  -0.02173  -0.13879  -0.23274  -0.34578  -0.36265  -0.38126  -0.38301  -0.39103  -0.40584  -0.39877
  10500.  3.00   0.04587   0.04950  -0.01659  -0.04758  -0.16551  -0.24354  -0.33313  -0.35213  -0.37280  -0.37895  -0.38869  -0.40706  -0.40220
  10500.  3.50   0.04962   0.05269  -0.01714  -0.05041  -0.16971  -0.26516  -0.33124  -0.34858  -0.36746  -0.37593  -0.38559  -0.40466  -0.40362
  10500.  4.00   0.07275   0.07527   0.00148  -0.03546  -0.15711  -0.29450  -0.33682  -0.34931  -0.36320  -0.37271  -0.38100  -0.39883  -0.40243
  10500.  4.50   0.11214   0.11384   0.03559  -0.00584  -0.13089  -0.32972  -0.34908  -0.35381  -0.35984  -0.36936  -0.37517  -0.39015  -0.39854
  10500.  5.00   0.16754   0.16811   0.08446   0.03794  -0.09271  -0.36803  -0.36762  -0.36172  -0.35712  -0.36576  -0.36819  -0.37901  -0.39180
  10750.  2.00   0.16895   0.17409   0.10970   0.06996  -0.05975  -0.27634  -0.42718  -0.43781  -0.45037  -0.44513  -0.44954  -0.45872  -0.45403
  10750.  2.50   0.11409   0.11524   0.04356   0.00695  -0.12354  -0.26964  -0.39395  -0.41245  -0.43294  -0.43604  -0.44525  -0.46344  -0.45834
  10750.  3.00   0.09034   0.09004   0.01365  -0.02284  -0.15455  -0.28003  -0.38112  -0.40202  -0.42485  -0.43248  -0.44357  -0.46563  -0.46242
  10750.  3.50   0.08952   0.08852   0.00809  -0.03020  -0.16366  -0.30019  -0.37846  -0.39818  -0.41974  -0.42990  -0.44117  -0.46432  -0.46452
  10750.  4.00   0.10738   0.10585   0.02139  -0.02005  -0.15607  -0.32750  -0.38263  -0.39815  -0.41540  -0.42688  -0.43709  -0.45953  -0.46403
  10750.  4.50   0.14085   0.13862   0.04985   0.00447  -0.13484  -0.36044  -0.39268  -0.40126  -0.41146  -0.42334  -0.43143  -0.45167  -0.46081
  10750.  5.00   0.19038   0.18713   0.09331   0.04332  -0.10116  -0.39693  -0.40832  -0.40709  -0.40742  -0.41897  -0.42404  -0.44090  -0.45444
  11000.  2.00   0.21371   0.21587   0.14249   0.09744  -0.04534  -0.31294  -0.47496  -0.48706  -0.50128  -0.49733  -0.50281  -0.51508  -0.51240
  11000.  2.50   0.15665   0.15432   0.07334   0.03149  -0.11180  -0.30657  -0.44160  -0.46171  -0.48402  -0.48849  -0.49887  -0.52035  -0.51713
  11000.  3.00   0.13004   0.12601   0.03999  -0.00151  -0.14619  -0.31683  -0.42876  -0.45148  -0.47636  -0.48544  -0.49781  -0.52338  -0.52180
  11000.  3.50   0.12547   0.12064   0.03036  -0.01260  -0.15931  -0.33614  -0.42579  -0.44764  -0.47162  -0.48336  -0.49609  -0.52306  -0.52454
  11000.  4.00   0.13905   0.13368   0.03921  -0.00647  -0.15602  -0.36182  -0.42892  -0.44712  -0.46736  -0.48062  -0.49256  -0.51922  -0.52472
  11000.  4.50   0.16760   0.16153   0.06272   0.01354  -0.13941  -0.39299  -0.43750  -0.44939  -0.46321  -0.47717  -0.48727  -0.51227  -0.52220
  11000.  5.00   0.21148   0.20456   0.10102   0.04768  -0.11010  -0.42785  -0.45098  -0.45378  -0.45846  -0.47248  -0.47989  -0.50214  -0.51638
  11250.  2.00   0.25336   0.25279   0.17072   0.12082  -0.03478  -0.34945  -0.52224  -0.53579  -0.55167  -0.54901  -0.55556  -0.57084  -0.57003
  11250.  2.50   0.19436   0.18880   0.09893   0.05232  -0.10334  -0.34338  -0.48872  -0.51043  -0.53454  -0.54037  -0.55191  -0.57657  -0.57511
  11250.  3.00   0.16513   0.15766   0.06265   0.01658  -0.14036  -0.35376  -0.47608  -0.50053  -0.52737  -0.53785  -0.55146  -0.58034  -0.58034
  11250.  3.50   0.15755   0.14916   0.04972   0.00247  -0.15668  -0.37253  -0.47299  -0.49683  -0.52305  -0.53627  -0.55038  -0.58088  -0.58367
  11250.  4.00   0.16761   0.15862   0.05482   0.00520  -0.15704  -0.39693  -0.47549  -0.49610  -0.51904  -0.53392  -0.54742  -0.57794  -0.58443
  11250.  4.50   0.19185   0.18214   0.07391   0.02118  -0.14459  -0.42650  -0.48300  -0.49784  -0.51492  -0.53071  -0.54263  -0.57191  -0.58258
  11250.  5.00   0.23047   0.22002   0.10726   0.05080  -0.11960  -0.45955  -0.49463  -0.50116  -0.50983  -0.52603  -0.53555  -0.56260  -0.57742
  11500.  2.00   0.28860   0.28550   0.19498   0.14062  -0.02765  -0.38584  -0.56896  -0.58395  -0.60146  -0.60010  -0.60771  -0.62597  -0.62691
  11500.  2.50   0.22776   0.21917   0.12075   0.06977  -0.09793  -0.38008  -0.53530  -0.55857  -0.58447  -0.59166  -0.60433  -0.63210  -0.63230
  11500.  3.00   0.19624   0.18551   0.08193   0.03167  -0.13704  -0.39067  -0.52288  -0.54901  -0.57777  -0.58963  -0.60444  -0.63652  -0.63803
  11500.  3.50   0.18615   0.17438   0.06630   0.01507  -0.15589  -0.40916  -0.51987  -0.54557  -0.57389  -0.58855  -0.60395  -0.63780  -0.64189
  11500.  4.00   0.19326   0.18083   0.06825   0.01495  -0.15930  -0.43263  -0.52202  -0.54483  -0.57021  -0.58662  -0.60156  -0.63567  -0.64317
  11500.  4.50   0.21379   0.20062   0.08355   0.02748  -0.15041  -0.46085  -0.52882  -0.54630  -0.56630  -0.58376  -0.59734  -0.63052  -0.64194
  11500.  5.00   0.24786   0.23395   0.11238   0.05301  -0.12936  -0.49204  -0.53899  -0.54884  -0.56112  -0.57923  -0.59068  -0.62204  -0.63741
  11750.  2.00   0.32005   0.31458   0.21574   0.15727  -0.02353  -0.42205  -0.61511  -0.63153  -0.65065  -0.65059  -0.65926  -0.68046  -0.68304
  11750.  2.50   0.25742   0.24596   0.13923   0.08421  -0.09532  -0.41662  -0.58132  -0.60614  -0.63379  -0.64233  -0.65615  -0.68695  -0.68872
  11750.  3.00   0.22379   0.20996   0.09815   0.04401  -0.13609  -0.42749  -0.56917  -0.59694  -0.62755  -0.64078  -0.65676  -0.69196  -0.69492
  11750.  3.50   0.21144   0.19646   0.08017   0.02528  -0.15695  -0.44592  -0.56638  -0.59385  -0.62416  -0.64020  -0.65683  -0.69389  -0.69925
  11750.  4.00   0.21607   0.20039   0.07953   0.02280  -0.16280  -0.46864  -0.56834  -0.59316  -0.62081  -0.63867  -0.65496  -0.69245  -0.70100
  11750.  4.50   0.23343   0.21698   0.09161   0.03242  -0.15689  -0.49561  -0.57462  -0.59452  -0.61720  -0.63620  -0.65129  -0.68808  -0.70027
  11750.  5.00   0.26365   0.24648   0.11659   0.05441  -0.13936  -0.52513  -0.58362  -0.59650  -0.61207  -0.63190  -0.64511  -0.68044  -0.69638
  12000.  2.50   0.28378   0.26964   0.15478   0.09602  -0.09517  -0.45294  -0.62680  -0.65313  -0.68250  -0.69240  -0.70733  -0.74112  -0.74436
  12000.  3.00   0.24812   0.23138   0.11163   0.05389  -0.13730  -0.46418  -0.61500  -0.64435  -0.67675  -0.69132  -0.70844  -0.74663  -0.75097
  12000.  3.50   0.23365   0.21563   0.09151   0.03321  -0.15982  -0.48267  -0.61250  -0.64164  -0.67385  -0.69122  -0.70903  -0.74916  -0.75576
  12000.  4.00   0.23621   0.21742   0.08876   0.02882  -0.16759  -0.50492  -0.61435  -0.64105  -0.67080  -0.69005  -0.70761  -0.74833  -0.75793
  12000.  4.50   0.25113   0.23153   0.09827   0.03611  -0.16410  -0.53098  -0.62040  -0.64243  -0.66750  -0.68793  -0.70442  -0.74462  -0.75764
  12000.  5.00   0.27818   0.25787   0.12004   0.05516  -0.14959  -0.55907  -0.62840  -0.64395  -0.66246  -0.68390  -0.69870  -0.73774  -0.75433
  12250.  2.50   0.30723   0.29054   0.16772   0.10547  -0.09723  -0.48901  -0.67163  -0.69947  -0.73055  -0.74179  -0.75785  -0.79457  -0.79922
  12250.  3.00   0.26960   0.25009   0.12258   0.06149  -0.14060  -0.50064  -0.66022  -0.69113  -0.72530  -0.74121  -0.75947  -0.80060  -0.80626
  12250.  3.50   0.25321   0.23230   0.10059   0.03912  -0.16442  -0.51925  -0.65807  -0.68884  -0.72289  -0.74159  -0.76055  -0.80364  -0.81143
  12250.  4.00   0.25387   0.23213   0.09599   0.03307  -0.17371  -0.54108  -0.65997  -0.68845  -0.72021  -0.74079  -0.75956  -0.80333  -0.81396
  12250.  4.50   0.26676   0.24418   0.10341   0.03846  -0.17216  -0.56637  -0.66584  -0.68989  -0.71721  -0.73901  -0.75680  -0.80020  -0.81404
  12250.  5.00   0.29092   0.26764   0.12236   0.05495  -0.16019  -0.59315  -0.67313  -0.69114  -0.71236  -0.73527  -0.75156  -0.79402  -0.81123
  12500.  2.50   0.32798   0.30889   0.17831   0.11281  -0.10118  -0.52480  -0.71588  -0.74520  -0.77798  -0.79056  -0.80772  -0.84733  -0.85328
  12500.  3.00   0.28849   0.26635   0.13129   0.06709  -0.14567  -0.53682  -0.70485  -0.73729  -0.77321  -0.79045  -0.80983  -0.85383  -0.86073
  12500.  3.50   0.27034   0.24670   0.10767   0.04322  -0.17056  -0.55563  -0.70306  -0.73542  -0.77126  -0.79126  -0.81135  -0.85732  -0.86626
  12500.  4.00   0.26934   0.24479   0.10147   0.03574  -0.18105  -0.57725  -0.70511  -0.73527  -0.76893  -0.79081  -0.81075  -0.85747  -0.86911
  12500.  4.50   0.28056   0.25512   0.10716   0.03957  -0.18107  -0.60197  -0.71087  -0.73678  -0.76621  -0.78933  -0.80836  -0.85484  -0.86954
  12500.  5.00   0.30242   0.27629   0.12386   0.05400  -0.17117  -0.62775  -0.71774  -0.73793  -0.76157  -0.78586  -0.80351  -0.84924  -0.86713
  12750.  2.50   0.34633   0.32499   0.18689   0.11835  -0.10670  -0.56031  -0.75957  -0.79034  -0.82475  -0.83865  -0.85689  -0.89933  -0.90654
  12750.  3.00   0.30500   0.28040   0.13803   0.07089  -0.15233  -0.57275  -0.74893  -0.78286  -0.82048  -0.83903  -0.85952  -0.90631  -0.91440
  12750.  3.50   0.28533   0.25908   0.11294   0.04570  -0.17807  -0.59173  -0.74749  -0.78138  -0.81897  -0.84025  -0.86144  -0.91021  -0.92025
  12750.  4.00   0.28278   0.25556   0.10530   0.03693  -0.18956  -0.61316  -0.74971  -0.78151  -0.81702  -0.84016  -0.86123  -0.91077  -0.92338
  12750.  4.50   0.29235   0.26423   0.10945   0.03939  -0.19084  -0.63739  -0.75546  -0.78316  -0.81458  -0.83897  -0.85920  -0.90858  -0.92412
  12750.  5.00   0.31222   0.28336   0.12409   0.05196  -0.18277  -0.66213  -0.76194  -0.78424  -0.81021  -0.83581  -0.85476  -0.90353  -0.92206
  13000.  2.50   0.36272   0.33922   0.19376   0.12237  -0.11356  -0.59541  -0.80258  -0.83475  -0.87079  -0.88600  -0.90532  -0.95056  -0.95897
  13000.  3.00   0.31947   0.29250   0.14298   0.07309  -0.16043  -0.60838  -0.79237  -0.82780  -0.86710  -0.88695  -0.90852  -0.95808  -0.96730
  13000.  3.50   0.29839   0.26963   0.11653   0.04666  -0.18695  -0.62756  -0.79131  -0.82672  -0.86602  -0.88857  -0.91085  -0.96237  -0.97346
  13000.  4.00   0.29440   0.26459   0.10757   0.03671  -0.19926  -0.64893  -0.79375  -0.82713  -0.86442  -0.88881  -0.91097  -0.96329  -0.97687
  13000.  4.50   0.30260   0.27187   0.11048   0.03807  -0.20147  -0.67285  -0.79956  -0.82897  -0.86227  -0.88790  -0.90925  -0.96146  -0.97785
  13000.  5.00   0.32090   0.28940   0.12352   0.04921  -0.19476  -0.69680  -0.80585  -0.83005  -0.85813  -0.88497  -0.90513  -0.95684  -0.97606
  14000.  2.00   0.48420   0.46360   0.30334   0.21882  -0.05927  -0.73466  -1.00632  -1.03338  -1.06475  -1.07471  -1.09173  -1.13623  -1.15027
  14000.  2.50   0.41071   0.37967   0.20748   0.12634  -0.15004  -0.73171  -0.96842  -1.00591  -1.04804  -1.06819  -1.09162  -1.14754  -1.16024
  14000.  3.00   0.36139   0.32594   0.14943   0.07003  -0.20272  -0.74714  -0.96010  -1.00110  -1.04677  -1.07162  -1.09739  -1.15754  -1.17082
  14000.  3.50   0.33438   0.29671   0.11746   0.03848  -0.23257  -0.76751  -0.96072  -1.00185  -1.04765  -1.07511  -1.10156  -1.16350  -1.17837
  14000.  4.00   0.32537   0.28636   0.10406   0.02457  -0.24726  -0.78889  -0.96420  -1.00349  -1.04747  -1.07664  -1.10299  -1.16564  -1.18270
  14000.  4.50   0.32889   0.28884   0.10297   0.02240  -0.25190  -0.81155  -0.97019  -1.00587  -1.04625  -1.07660  -1.10222  -1.16491  -1.18441
  14000.  5.00   0.34245   0.30146   0.11153   0.02954  -0.24850  -0.83375  -0.97638  -1.00735  -1.04299  -1.07453  -1.09911  -1.16151  -1.18349
  15000.  2.50   0.43759   0.40037   0.20587   0.11708  -0.19433  -0.86067  -1.12457  -1.16673  -1.21426  -1.23883  -1.26596  -1.33157  -1.34797
  15000.  3.00   0.38310   0.34055   0.14066   0.05368  -0.25406  -0.87886  -1.11791  -1.16398  -1.21550  -1.24500  -1.27465  -1.34462  -1.36139
  15000.  3.50   0.35101   0.30576   0.10316   0.01685  -0.28827  -0.90115  -1.12059  -1.16694  -1.21872  -1.25076  -1.28111  -1.35268  -1.37081
  15000.  4.00   0.33760   0.29073   0.08564  -0.00087  -0.30552  -0.92322  -1.12547  -1.17010  -1.22016  -1.25380  -1.28403  -1.35617  -1.37625
  15000.  4.50   0.33739   0.28930   0.08133  -0.00591  -0.31182  -0.94541  -1.13200  -1.17325  -1.21994  -1.25467  -1.28418  -1.35633  -1.37863
  15000.  5.00   0.34736   0.29826   0.08697  -0.00134  -0.30998  -0.96661  -1.13851  -1.17527  -1.21745  -1.25326  -1.28178  -1.35368  -1.37821
  16000.  2.50   0.44963   0.40731   0.19452   0.09967  -0.24108  -0.98203  -1.27169  -1.31790  -1.37015  -1.39855  -1.42890  -1.50309  -1.52275
  16000.  3.00   0.39106   0.34245   0.12256   0.02943  -0.30912  -1.00319  -1.26624  -1.31690  -1.37371  -1.40744  -1.44067  -1.51961  -1.53945
  16000.  3.50   0.35438   0.30259   0.07951  -0.01281  -0.34851  -1.02771  -1.27096  -1.32210  -1.37939  -1.41570  -1.44969  -1.53020  -1.55119
  16000.  4.00   0.33695   0.28325   0.05777  -0.03451  -0.36898  -1.05093  -1.27747  -1.32702  -1.38272  -1.42055  -1.45441  -1.53535  -1.55805
  16000.  4.50   0.33324   0.27814   0.05023  -0.04252  -0.37732  -1.07319  -1.28487  -1.33122  -1.38370  -1.42255  -1.45570  -1.53656  -1.56126
  16000.  5.00   0.34028   0.28403   0.05332  -0.04024  -0.37685  -1.09380  -1.29187  -1.33391  -1.38206  -1.42188  -1.45404  -1.53461  -1.56135
  17000.  2.50   0.45085   0.40413   0.17619   0.07652  -0.28860  -1.09628  -1.41068  -1.46044  -1.51676  -1.54842  -1.58156  -1.66317  -1.68573
  17000.  3.00   0.38923   0.33537   0.09858   0.00043  -0.36452  -1.12002  -1.40577  -1.46054  -1.52209  -1.55959  -1.59602  -1.68309  -1.70567
  17000.  3.50   0.34834   0.29088   0.05017  -0.04714  -0.40984  -1.14711  -1.41249  -1.46798  -1.53029  -1.57048  -1.60780  -1.69652  -1.72007
  17000.  4.00   0.32724   0.26758   0.02417  -0.07297  -0.43432  -1.17190  -1.42073  -1.47476  -1.53562  -1.57733  -1.61456  -1.70366  -1.72871
  17000.  4.50   0.32050   0.25926   0.01347  -0.08394  -0.44503  -1.19456  -1.42915  -1.48014  -1.53797  -1.58065  -1.61720  -1.70613  -1.73297
  17000.  5.00   0.32491   0.26237   0.01403  -0.08399  -0.44627  -1.21502  -1.43692  -1.48373  -1.53735  -1.58091  -1.61647  -1.70504  -1.73372
  18000.  2.50   0.44425   0.39351   0.15252   0.04895  -0.33676  -1.20425  -1.54230  -1.59515  -1.65504  -1.68947  -1.72502  -1.81309  -1.83822
  18000.  3.00   0.38007   0.32151   0.07027  -0.03199  -0.41946  -1.22997  -1.53731  -1.59580  -1.66164  -1.70246  -1.74176  -1.83606  -1.86110
  18000.  3.50   0.33554   0.27302   0.01714  -0.08433  -0.47041  -1.25957  -1.54583  -1.60527  -1.67215  -1.71583  -1.75619  -1.85235  -1.87819
  18000.  4.00   0.31102   0.24607  -0.01289  -0.11413  -0.49919  -1.28616  -1.55579  -1.61392  -1.67950  -1.72475  -1.76509  -1.86167  -1.88884
  18000.  4.50   0.30151   0.23480  -0.02671  -0.12812  -0.51297  -1.30960  -1.56532  -1.62057  -1.68330  -1.72953  -1.76923  -1.86565  -1.89441
  18000.  5.00   0.30354   0.23539  -0.02869  -0.13054  -0.51608  -1.33017  -1.57389  -1.62511  -1.68380  -1.73085  -1.76958  -1.86559  -1.89603
  19000.  2.50   0.43206   0.37747   0.12465   0.01786  -0.38593  -1.30666  -1.66692  -1.72251  -1.78554  -1.82239  -1.86005  -1.95382  -1.98122
  19000.  3.00   0.36586   0.30289   0.03867  -0.06699  -0.47421  -1.33382  -1.66150  -1.72339  -1.79312  -1.83695  -1.87886  -1.97975  -2.00698
  19000.  3.50   0.31790   0.25076  -0.01844  -0.12335  -0.52975  -1.36564  -1.67167  -1.73475  -1.80577  -1.85262  -1.89571  -1.99861  -2.02652
  19000.  4.00   0.29020   0.22045  -0.05210  -0.15678  -0.56257  -1.39394  -1.68326  -1.74516  -1.81507  -1.86353  -1.90669  -2.01009  -2.03918
  19000.  4.50   0.27806   0.20642  -0.06892  -0.17372  -0.57955  -1.41840  -1.69395  -1.75313  -1.82037  -1.86983  -1.91243  -2.01573  -2.04625
  19000.  5.00   0.27793   0.20474  -0.07329  -0.17846  -0.58518  -1.43940  -1.70340  -1.75866  -1.82201  -1.87227  -1.91395  -2.01684  -2.04887
  20000.  3.00   0.34803   0.28074   0.00430  -0.10425  -0.52946  -1.43244  -1.77888  -1.84394  -1.91730  -1.96395  -2.00828  -2.11529  -2.14447
  20000.  3.50   0.29685   0.22529  -0.05616  -0.16399  -0.58858  -1.46616  -1.79071  -1.85715  -1.93203  -1.98177  -2.02740  -2.13653  -2.16630
  20000.  4.00   0.26604   0.19182  -0.09295  -0.20053  -0.62464  -1.49593  -1.80381  -1.86921  -1.94314  -1.99451  -2.04028  -2.14994  -2.18075
  20000.  4.50   0.25144   0.17527  -0.11238  -0.22004  -0.64444  -1.52132  -1.81561  -1.87842  -1.94984  -2.00226  -2.04754  -2.15714  -2.18924
  20000.  5.00   0.24937   0.17155  -0.11893  -0.22692  -0.65239  -1.54275  -1.82580  -1.88485  -1.95257  -2.00579  -2.05021  -2.15945  -2.19295
  21000.  3.00   0.32800   0.25652  -0.03138  -0.14241  -0.58417  -1.52570  -1.88949  -1.95755  -2.03433  -2.08361  -2.13023  -2.24294  -2.27390
  21000.  3.50   0.27349   0.19759  -0.09549  -0.20584  -0.64721  -1.56181  -1.90339  -1.97301  -2.05154  -2.10400  -2.15203  -2.26700  -2.29845
  21000.  4.00   0.23970   0.16117  -0.13497  -0.24504  -0.68575  -1.59286  -1.91802  -1.98671  -2.06440  -2.11850  -2.16668  -2.28217  -2.31454
  21000.  4.50   0.22268   0.14220  -0.15667  -0.26680  -0.70779  -1.61898  -1.93087  -1.99709  -2.07242  -2.12755  -2.17530  -2.29072  -2.32428
  21000.  5.00   0.21877   0.13662  -0.16509  -0.27551  -0.71768  -1.64071  -1.94173  -2.00434  -2.07613  -2.13206  -2.17902  -2.29414  -2.32897
  22000.  3.00   0.30729   0.23180  -0.06676  -0.17999  -0.63699  -1.61318  -1.99329  -2.06417  -2.14417  -2.19593  -2.24469  -2.36277  -2.39534
  22000.  3.50   0.24876   0.16864  -0.13555  -0.24810  -0.70518  -1.65275  -2.00999  -2.08265  -2.16462  -2.21969  -2.26999  -2.39051  -2.42350
  22000.  4.00   0.21207   0.12931  -0.17778  -0.29003  -0.74627  -1.68531  -2.02633  -2.09816  -2.17941  -2.23610  -2.28658  -2.40760  -2.44142
  22000.  4.50   0.19263   0.10800  -0.20147  -0.31374  -0.76999  -1.71199  -2.04021  -2.10968  -2.18869  -2.24638  -2.29647  -2.41739  -2.45227
  22000.  5.00   0.18694   0.10067  -0.21147  -0.32399  -0.78136  -1.73388  -2.05172  -2.11769  -2.19331  -2.25179  -2.30112  -2.42171  -2.45776
  23000.  3.00   0.28774   0.20853  -0.09987  -0.21506  -0.68613  -1.69409  -2.08974  -2.16330  -2.24638  -2.30052  -2.35134  -2.47451  -2.50857
  23000.  3.50   0.22375   0.13954  -0.17522  -0.28973  -0.76149  -1.73867  -2.11050  -2.18606  -2.27134  -2.32891  -2.38138  -2.50715  -2.54156
  23000.  4.00   0.18381   0.09695  -0.22062  -0.33480  -0.80568  -1.77338  -2.12898  -2.20381  -2.28846  -2.34763  -2.40031  -2.52661  -2.56176
  23000.  4.50   0.16197   0.07327  -0.24645  -0.36061  -0.83126  -1.80091  -2.14409  -2.21667  -2.29918  -2.35932  -2.41161  -2.53782  -2.57393
  23000.  5.00   0.15459   0.06429  -0.25782  -0.37219  -0.84373  -1.82281  -2.15616  -2.22536  -2.30463  -2.36553  -2.41711  -2.54295  -2.58012
  24000.  3.00   0.27146   0.18908  -0.12787  -0.24485  -0.72876  -1.76680  -2.17762  -2.25370  -2.33968  -2.39606  -2.44888  -2.57706  -2.61253
  24000.  3.50   0.19954   0.11143  -0.21329  -0.32956  -0.81512  -1.81924  -2.20481  -2.28317  -2.37163  -2.43160  -2.48617  -2.61701  -2.65272
  24000.  4.00   0.15575   0.06494  -0.26266  -0.37857  -0.86326  -1.85682  -2.22601  -2.30373  -2.39164  -2.45321  -2.50800  -2.63934  -2.67574
  24000.  4.50   0.13137   0.03878  -0.29074  -0.40660  -0.89086  -1.88553  -2.24254  -2.31810  -2.40396  -2.46647  -2.52088  -2.65213  -2.68941
  24000.  5.00   0.12227   0.02810  -0.30362  -0.41965  -0.90462  -1.90771  -2.25532  -2.32763  -2.41038  -2.47362  -2.52735  -2.65826  -2.69651
  25000.  3.00   0.26054   0.17613  -0.14692  -0.26549  -0.75996  -1.82824  -2.25467  -2.33278  -2.42120  -2.47952  -2.53412  -2.66718  -2.70406
  25000.  3.50   0.17739   0.08570  -0.24828  -0.36615  -0.86472  -1.89377  -2.29244  -2.37352  -2.46506  -2.52737  -2.58398  -2.71974  -2.75669
  25000.  4.00   0.12873   0.03416  -0.30293  -0.42040  -0.91813  -1.93533  -2.31732  -2.39781  -2.48887  -2.55274  -2.60957  -2.74580  -2.78336
  25000.  4.50   0.10146   0.00513  -0.33382  -0.45120  -0.94837  -1.96580  -2.33572  -2.41412  -2.50320  -2.56799  -2.62446  -2.76056  -2.79893
  25000.  5.00   0.09066  -0.00722  -0.34818  -0.46569  -0.96339  -1.98842  -2.34924  -2.42454  -2.51064  -2.57613  -2.63194  -2.76772  -2.80698
  26000.  3.00   0.25340   0.16881  -0.15567  -0.27531  -0.77450  -1.87575  -2.31973  -2.39861  -2.48818  -2.54713  -2.60269  -2.73841  -2.77658
  26000.  3.50   0.15878   0.06401  -0.27834  -0.39771  -0.90852  -1.96115  -2.37254  -2.45623  -2.55077  -2.61537  -2.67400  -2.81466  -2.85280
  26000.  4.00   0.10365   0.00557  -0.34047  -0.45938  -0.96947  -2.00855  -2.40272  -2.48590  -2.58000  -2.64613  -2.70494  -2.84589  -2.88454
  26000.  4.50   0.07303  -0.02685  -0.37471  -0.49349  -1.00289  -2.04126  -2.42338  -2.50454  -2.59674  -2.66374  -2.72219  -2.86297  -2.90237
  26000.  5.00   0.06018  -0.04125  -0.39102  -0.50991  -1.01969  -2.06479  -2.43805  -2.51623  -2.60554  -2.67321  -2.73100  -2.87145  -2.91169
  27000.  3.50   0.14449   0.04751  -0.30154  -0.42228  -0.94392  -2.01972  -2.44391  -2.52999  -2.62730  -2.69399  -2.75452  -2.89989  -2.93918
  27000.  4.00   0.08155  -0.01965  -0.37396  -0.49421  -1.01601  -2.07570  -2.48166  -2.56744  -2.66451  -2.73281  -2.79358  -2.93916  -2.97884
  27000.  4.50   0.04684  -0.05635  -0.41261  -0.53267  -1.05367  -2.11154  -2.50537  -2.58921  -2.68441  -2.75355  -2.81392  -2.95922  -2.99958
  27000.  5.00   0.03162  -0.07311  -0.43122  -0.55136  -1.07263  -2.13633  -2.52145  -2.60241  -2.69483  -2.76461  -2.82434  -2.96931  -3.01045
  28000.  3.50   0.13298   0.03510  -0.31798  -0.43987  -0.96960  -2.06884  -2.50635  -2.59431  -2.69394  -2.76220  -2.82433  -2.97347  -3.01382
  28000.  4.00   0.06289  -0.04079  -0.40229  -0.52378  -1.05647  -2.13594  -2.55350  -2.64177  -2.74168  -2.81208  -2.87473  -3.02480  -3.06549
  28000.  4.50   0.02353  -0.08257  -0.44660  -0.56786  -1.09986  -2.17614  -2.58131  -2.66775  -2.76588  -2.83708  -2.89933  -3.04903  -3.09032
  28000.  5.00   0.00565  -0.10210  -0.46801  -0.58929  -1.12143  -2.20261  -2.59916  -2.68283  -2.77826  -2.85008  -2.91168  -3.06100  -3.10300
  29000.  3.50   0.11856   0.02114  -0.33297  -0.45566  -0.98975  -2.11208  -2.56312  -2.65220  -2.75336  -2.82235  -2.88557  -3.03660  -3.07779
  29000.  4.00   0.04735  -0.05793  -0.42503  -0.54765  -1.08986  -2.18869  -2.61792  -2.70848  -2.81102  -2.88329  -2.94768  -3.10189  -3.14351
  29000.  4.50   0.00336  -0.10510  -0.47599  -0.59836  -1.14066  -2.23454  -2.65086  -2.73980  -2.84076  -2.91393  -2.97799  -3.13192  -3.17407
  29000.  5.00  -0.01776  -0.12808  -0.50106  -0.62340  -1.16574  -2.26347  -2.67118  -2.75745  -2.85580  -2.92955  -2.99296  -3.14643  -3.18923
  30000.  3.50   0.09324  -0.00275  -0.35559  -0.47878  -1.01399  -2.15709  -2.62049  -2.70999  -2.81199  -2.88094  -2.94475  -3.09596  -3.13771
  30000.  4.00   0.03236  -0.07340  -0.44404  -0.56762  -1.11728  -2.23503  -2.67596  -2.76846  -2.87337  -2.94710  -3.01307  -3.17041  -3.21284
  30000.  4.50  -0.01435  -0.12439  -0.50081  -0.62420  -1.17571  -2.28658  -2.71396  -2.80527  -2.90889  -2.98387  -3.04963  -3.20744  -3.25039
  30000.  5.00  -0.03843  -0.15077  -0.52989  -0.65322  -1.20502  -2.31854  -2.73723  -2.82601  -2.92716  -3.00274  -3.06787  -3.22528  -3.26881
  31000.  3.50   0.05297  -0.04120  -0.39140  -0.51477  -1.04859  -2.20913  -2.68296  -2.77221  -2.87442  -2.94274  -3.00675  -3.15693  -3.19906
  31000.  4.00   0.01320  -0.09196  -0.46400  -0.58834  -1.14310  -2.27868  -2.73080  -2.82479  -2.93164  -3.00635  -3.07360  -3.23300  -3.27608
  31000.  4.50  -0.03164  -0.14232  -0.52265  -0.64694  -1.20618  -2.33339  -2.77169  -2.86510  -2.97113  -3.04760  -3.11486  -3.27605  -3.31970
  31000.  5.00  -0.05774  -0.17133  -0.55534  -0.67957  -1.23980  -2.36836  -2.79785  -2.88899  -2.99278  -3.06999  -3.13674  -3.29770  -3.34188
  32000.  4.00  -0.01330  -0.11692  -0.48829  -0.61319  -1.17065  -2.32254  -2.78481  -2.87980  -2.98817  -3.06343  -3.13177  -3.29223  -3.33582
  32000.  4.50  -0.05172  -0.16206  -0.54452  -0.66958  -1.23483  -2.37740  -2.82609  -2.92131  -3.02962  -3.10730  -3.17605  -3.33946  -3.38367
  32000.  5.00  -0.07788  -0.19191  -0.57933  -0.70438  -1.27173  -2.41447  -2.85440  -2.94768  -3.05387  -3.13245  -3.20063  -3.36467  -3.40941
  33000.  4.00  -0.05204  -0.15387  -0.52366  -0.64890  -1.20718  -2.37294  -2.84372  -2.93919  -3.04864  -3.12398  -3.19314  -3.35360  -3.39757
  33000.  4.50  -0.07687  -0.18592  -0.56859  -0.69429  -1.26366  -2.42044  -2.87868  -2.97535  -3.08561  -3.16416  -3.23421  -3.39923  -3.44391
  33000.  5.00  -0.10038  -0.21392  -0.60322  -0.72897  -1.30209  -2.45808  -2.90784  -3.00304  -3.11160  -3.19134  -3.26099  -3.42715  -3.47236
  34000.  4.00  -0.10183  -0.20213  -0.57032  -0.69572  -1.25370  -2.43082  -2.90860  -3.00417  -3.11430  -3.18928  -3.25893  -3.41834  -3.46255
  34000.  4.50  -0.11163  -0.21892  -0.60061  -0.72677  -1.29838  -2.46765  -2.93411  -3.03178  -3.14361  -3.22264  -3.29379  -3.45956  -3.50462
  34000.  5.00  -0.12849  -0.24077  -0.63034  -0.75668  -1.33393  -2.50201  -2.96065  -3.05746  -3.16808  -3.24870  -3.31964  -3.48742  -3.53301
  35000.  4.00  -0.16043  -0.25963  -0.62658  -0.75203  -1.30928  -2.49542  -2.97900  -3.07446  -3.18497  -3.25929  -3.32914  -3.48667  -3.53095
  35000.  4.50  -0.15639  -0.26190  -0.64214  -0.76856  -1.34098  -2.52089  -2.99424  -3.09246  -3.20549  -3.28458  -3.35660  -3.52208  -3.56742
  35000.  5.00  -0.16516  -0.27574  -0.66452  -0.79131  -1.37110  -2.54983  -3.01611  -3.11413  -3.22649  -3.30766  -3.37975  -3.54833  -3.59423
  36000.  4.00  -0.22569  -0.32430  -0.69074  -0.81623  -1.37313  -2.56614  -3.05439  -3.14978  -3.26059  -3.33428  -3.40420  -3.55975  -3.60397
  36000.  4.50  -0.20930  -0.31324  -0.69199  -0.81856  -1.39091  -2.57964  -3.05878  -3.15725  -3.27118  -3.34996  -3.42260  -3.58680  -3.63230
  36000.  5.00  -0.21010  -0.31885  -0.70624  -0.83333  -1.41435  -2.60229  -3.07503  -3.17387  -3.28766  -3.36900  -3.44205  -3.61055  -3.65669
  37000.  4.00  -0.29527  -0.39384  -0.76057  -0.88611  -1.44339  -2.64154  -3.13350  -3.22900  -3.34016  -3.41349  -3.48351  -3.63767  -3.68182
  37000.  4.50  -0.26898  -0.37175  -0.74945  -0.87609  -1.44828  -2.64411  -3.12796  -3.22655  -3.34118  -3.41949  -3.49255  -3.65496  -3.70051
  37000.  5.00  -0.26226  -0.36932  -0.75518  -0.88244  -1.46379  -2.65956  -3.13772  -3.23706  -3.35200  -3.43321  -3.50703  -3.67457  -3.72089
  38000.  4.00  -0.36693  -0.46589  -0.83352  -0.95916  -1.51754  -2.71967  -3.21453  -3.31031  -3.42192  -3.49520  -3.56541  -3.71898  -3.76313
  38000.  4.50  -0.33361  -0.43570  -0.81303  -0.93975  -1.51217  -2.71354  -3.20120  -3.29996  -3.41522  -3.49314  -3.56653  -3.72721  -3.77274
  38000.  5.00  -0.32051  -0.42612  -0.81071  -0.93810  -1.51951  -2.72171  -3.20435  -3.30402  -3.41993  -3.50084  -3.57528  -3.74131  -3.78771
  39000.  4.00  -0.43907  -0.53870  -0.90757  -1.03335  -1.59320  -2.79864  -3.29593  -3.39208  -3.50417  -3.57762  -3.64810  -3.80173  -3.84595
  39000.  4.50  -0.40132  -0.50319  -0.88084  -1.00764  -1.58073  -2.78658  -3.27734  -3.37636  -3.49225  -3.56998  -3.64371  -3.80318  -3.84870
  39000.  5.00  -0.38334  -0.48793  -0.87178  -0.99925  -1.58092  -2.78831  -3.27459  -3.37454  -3.49133  -3.57193  -3.64692  -3.81130  -3.85774
  40000.  4.50  -0.47045  -0.57248  -0.95095  -1.07789  -1.65232  -2.86172  -3.35495  -3.45433  -3.57085  -3.64861  -3.72269  -3.88158  -3.92713
  40000.  5.00  -0.44924  -0.55325  -0.93696  -1.06454  -1.64683  -2.85847  -3.34767  -3.44794  -3.56554  -3.64596  -3.72144  -3.88448  -3.93096
  41000.  4.50  -0.53978  -0.64223  -1.02187  -1.14896  -1.72502  -2.93745  -3.43278  -3.53259  -3.64977  -3.72772  -3.80219  -3.96099  -4.00663
  41000.  5.00  -0.51684  -0.62064  -1.00473  -1.13241  -1.71560  -2.93082  -3.42253  -3.52317  -3.64153  -3.72192  -3.79787  -3.96001  -4.00653
  42000.  4.50  -0.60858  -0.71161  -1.09259  -1.21983  -1.79769  -3.01280  -3.50998  -3.61026  -3.72810  -3.80635  -3.88123  -4.04029  -4.08603
  42000.  5.00  -0.58506  -0.68892  -1.07376  -1.20157  -1.78619  -3.00434  -3.49809  -3.59915  -3.71825  -3.79875  -3.87516  -4.03686  -4.08345
  43000.  4.50  -0.67637  -0.78009  -1.16252  -1.28991  -1.86960  -3.08715  -3.58603  -3.68681  -3.80527  -3.88389  -3.95919  -4.11874  -4.16458
  43000.  5.00  -0.65310  -0.75727  -1.14313  -1.27107  -1.85729  -3.07804  -3.57356  -3.67507  -3.79487  -3.87560  -3.95244  -4.11406  -4.16074
  44000.  4.50  -0.74292  -0.84740  -1.23133  -1.35888  -1.94036  -3.16017  -3.66064  -3.76192  -3.88099  -3.96000  -4.03569  -4.19587  -4.24185
  44000.  5.00  -0.72046  -0.82505  -1.21209  -1.34018  -1.92810  -3.15121  -3.64832  -3.75031  -3.87078  -3.95181  -4.02908  -4.19091  -4.23770
  45000.  4.50  -0.80813  -0.91341  -1.29884  -1.42653  -2.00977  -3.23167  -3.73369  -3.83544  -3.95507  -4.03448  -4.11055  -4.27142  -4.31753
  45000.  5.00  -0.78679  -0.89193  -1.28027  -1.40850  -1.99816  -3.22344  -3.72202  -3.82449  -3.94558  -4.02696  -4.10465  -4.26688  -4.31379
  46000.  4.50  -0.87197  -0.97808  -1.36500  -1.49282  -2.07776  -3.30161  -3.80511  -3.90733  -4.02750  -4.10731  -4.18372  -4.34533  -4.39156
  46000.  5.00  -0.85193  -0.95768  -1.34735  -1.47572  -2.06712  -3.29440  -3.79436  -3.89732  -4.01905  -4.10079  -4.17890  -4.34162  -4.38865
  47000.  4.50  -0.93450  -1.04146  -1.42984  -1.55779  -2.14433  -3.36997  -3.87496  -3.97763  -4.09828  -4.17846  -4.25519  -4.41756  -4.46392
  47000.  5.00  -0.91578  -1.02218  -1.41322  -1.54174  -2.13483  -3.36401  -3.86528  -3.96871  -4.09103  -4.17315  -4.25164  -4.41493  -4.46210
  48000.  4.50  -0.99571  -1.10353  -1.49336  -1.62143  -2.20948  -3.43684  -3.94326  -4.04636  -4.16746  -4.24800  -4.32500  -4.48816  -4.53462
  48000.  5.00  -0.97829  -1.08538  -1.47779  -1.60642  -2.20116  -3.43211  -3.93468  -4.03857  -4.16144  -4.24393  -4.32280  -4.48671  -4.53401
  49000.  4.50  -1.05566  -1.16434  -1.55559  -1.68377  -2.27328  -3.50223  -4.01007  -4.11358  -4.23508  -4.31598  -4.39323  -4.55717  -4.60373
  49000.  5.00  -1.03950  -1.14731  -1.54108  -1.66983  -2.26616  -3.49878  -4.00262  -4.10694  -4.23032  -4.31318  -4.39238  -4.55695  -4.60436
  50000.  5.00  -1.09939  -1.20795  -1.60308  -1.73195  -2.32980  -3.56398  -4.06907  -4.17381  -4.29768  -4.38089  -4.46040  -4.62564  -4.67317
