   3500.  0.00  -9.535  -9.051  -9.878  -7.755  -6.768  -5.113  -4.215  -2.956  -1.986  -1.220  -0.853   0.201   0.374
   3500.  0.50  -9.277  -8.957  -9.622  -7.284  -6.204  -4.650  -3.787  -2.654  -1.762  -1.059  -0.709   0.272   0.435
   3500.  1.00  -9.017  -8.861  -9.314  -6.789  -5.616  -4.213  -3.403  -2.395  -1.572  -0.921  -0.586   0.339   0.495
   3500.  1.50  -8.787  -8.763  -8.945  -6.317  -5.058  -3.846  -3.096  -2.194  -1.423  -0.811  -0.486   0.401   0.552
   3500.  2.00  -8.637  -8.673  -8.511  -5.949  -4.633  -3.606  -2.922  -2.084  -1.342  -0.743  -0.423   0.452   0.599
   3500.  2.50  -8.556  -8.577  -8.046  -5.706  -4.373  -3.477  -2.846  -2.038  -1.304  -0.705  -0.384   0.488   0.633
   3500.  3.00  -8.516  -8.488  -7.734  -5.565  -4.228  -3.420  -2.805  -2.015  -1.282  -0.682  -0.360   0.509   0.652
   3500.  3.50  -8.525  -8.431  -7.607  -5.523  -4.181  -3.441  -2.804  -2.019  -1.277  -0.672  -0.346   0.521   0.664
   3500.  4.00  -8.582  -8.416  -7.640  -5.568  -4.220  -3.539  -2.844  -2.049  -1.286  -0.670  -0.338   0.531   0.673
   3500.  4.50  -8.676  -8.438  -7.821  -5.682  -4.326  -3.701  -2.913  -2.094  -1.302  -0.669  -0.329   0.544   0.685
   3500.  5.00  -8.786  -8.482  -8.158  -5.857  -4.495  -3.922  -2.998  -2.142  -1.319  -0.663  -0.315   0.568   0.708
   3750.  0.00  -9.156  -8.890  -9.233  -7.045  -5.942  -4.482  -3.658  -2.503  -1.640  -0.955  -0.615   0.325   0.474
   3750.  0.50  -8.951  -8.835  -8.942  -6.662  -5.504  -4.130  -3.339  -2.292  -1.495  -0.865  -0.541   0.339   0.481
   3750.  1.00  -8.743  -8.769  -8.645  -6.251  -5.025  -3.791  -3.050  -2.111  -1.371  -0.785  -0.474   0.361   0.497
   3750.  1.50  -8.547  -8.680  -8.265  -5.831  -4.540  -3.486  -2.801  -1.958  -1.263  -0.709  -0.409   0.393   0.525
   3750.  2.00  -8.384  -8.559  -7.810  -5.457  -4.121  -3.243  -2.610  -1.839  -1.175  -0.644  -0.349   0.432   0.562
   3750.  2.50  -8.280  -8.395  -7.329  -5.196  -3.852  -3.096  -2.512  -1.778  -1.126  -0.598  -0.304   0.477   0.605
   3750.  3.00  -8.206  -8.188  -6.904  -5.013  -3.682  -3.003  -2.460  -1.745  -1.097  -0.564  -0.269   0.516   0.643
   3750.  3.50  -8.161  -8.004  -6.650  -4.919  -3.601  -2.968  -2.439  -1.735  -1.085  -0.547  -0.249   0.537   0.664
   3750.  4.00  -8.149  -7.893  -6.558  -4.897  -3.583  -2.983  -2.436  -1.736  -1.077  -0.534  -0.232   0.555   0.681
   3750.  4.50  -8.188  -7.870  -6.612  -4.949  -3.629  -3.060  -2.464  -1.757  -1.079  -0.527  -0.218   0.570   0.695
   3750.  5.00  -8.275  -7.919  -6.793  -5.059  -3.728  -3.196  -2.517  -1.791  -1.085  -0.520  -0.202   0.587   0.711
   4000.  0.00  -8.666  -8.599  -8.098  -6.158  -4.993  -3.765  -3.043  -2.027  -1.269  -0.666  -0.354   0.479   0.606
   4000.  0.50  -8.464  -8.492  -7.681  -5.773  -4.575  -3.456  -2.779  -1.854  -1.157  -0.603  -0.309   0.473   0.595
   4000.  1.00  -8.278  -8.349  -7.230  -5.381  -4.146  -3.179  -2.558  -1.720  -1.074  -0.560  -0.281   0.465   0.583
   4000.  1.50  -8.123  -8.162  -6.775  -5.019  -3.757  -2.955  -2.387  -1.624  -1.016  -0.530  -0.261   0.459   0.575
   4000.  2.00  -8.004  -7.944  -6.378  -4.728  -3.451  -2.791  -2.263  -1.558  -0.975  -0.507  -0.243   0.461   0.575
   4000.  2.50  -7.919  -7.733  -6.099  -4.534  -3.248  -2.685  -2.180  -1.514  -0.942  -0.481  -0.218   0.478   0.591
   4000.  3.00  -7.845  -7.496  -5.863  -4.419  -3.145  -2.626  -2.143  -1.493  -0.921  -0.455  -0.188   0.511   0.624
   4000.  3.50  -7.767  -7.297  -5.702  -4.344  -3.081  -2.584  -2.118  -1.476  -0.900  -0.427  -0.157   0.550   0.662
   4000.  4.00  -7.682  -7.114  -5.583  -4.298  -3.046  -2.562  -2.102  -1.468  -0.887  -0.407  -0.133   0.578   0.689
   4000.  4.50  -7.627  -7.005  -5.553  -4.304  -3.057  -2.579  -2.104  -1.473  -0.883  -0.396  -0.117   0.596   0.706
   4000.  5.00  -7.635  -6.993  -5.626  -4.365  -3.112  -2.640  -2.125  -1.491  -0.885  -0.389  -0.103   0.611   0.721
   4250.  0.00  -8.137  -8.105  -6.887  -5.255  -4.074  -3.075  -2.480  -1.621  -0.962  -0.434  -0.151   0.588   0.697
   4250.  0.50  -7.950  -7.897  -6.450  -4.899  -3.701  -2.830  -2.281  -1.491  -0.880  -0.391  -0.124   0.575   0.680
   4250.  1.00  -7.768  -7.612  -5.966  -4.531  -3.324  -2.608  -2.112  -1.387  -0.817  -0.361  -0.108   0.560   0.663
   4250.  1.50  -7.598  -7.253  -5.475  -4.190  -2.992  -2.430  -1.982  -1.310  -0.774  -0.343  -0.100   0.548   0.648
   4250.  2.00  -7.430  -6.856  -5.049  -3.912  -2.734  -2.301  -1.889  -1.260  -0.746  -0.332  -0.095   0.539   0.638
   4250.  2.50  -7.255  -6.494  -4.746  -3.721  -2.565  -2.220  -1.830  -1.229  -0.728  -0.323  -0.089   0.537   0.636
   4250.  3.00  -7.079  -6.223  -4.583  -3.626  -2.479  -2.179  -1.796  -1.214  -0.717  -0.314  -0.079   0.544   0.642
   4250.  3.50  -6.905  -6.045  -4.525  -3.608  -2.470  -2.172  -1.791  -1.214  -0.712  -0.302  -0.063   0.566   0.665
   4250.  4.00  -6.755  -5.932  -4.524  -3.629  -2.496  -2.179  -1.795  -1.218  -0.708  -0.289  -0.044   0.592   0.690
   4250.  4.50  -6.648  -5.862  -4.547  -3.660  -2.527  -2.189  -1.799  -1.223  -0.705  -0.278  -0.029   0.614   0.712
   4250.  5.00  -6.601  -5.846  -4.601  -3.707  -2.568  -2.210  -1.805  -1.231  -0.704  -0.270  -0.015   0.630   0.728
   4500.  0.00  -7.506  -7.331  -5.782  -4.381  -3.209  -2.412  -1.962  -1.264  -0.704  -0.250   0.002   0.652   0.745
   4500.  0.50  -7.349  -7.061  -5.385  -4.083  -2.908  -2.248  -1.837  -1.183  -0.656  -0.228   0.012   0.635   0.727
   4500.  1.00  -7.170  -6.700  -4.931  -3.772  -2.613  -2.100  -1.730  -1.117  -0.618  -0.213   0.017   0.619   0.708
   4500.  1.50  -6.961  -6.274  -4.483  -3.481  -2.355  -1.980  -1.646  -1.066  -0.590  -0.204   0.018   0.605   0.693
   4500.  2.00  -6.703  -5.841  -4.102  -3.239  -2.155  -1.892  -1.585  -1.031  -0.572  -0.198   0.018   0.594   0.682
   4500.  2.50  -6.409  -5.468  -3.829  -3.069  -2.024  -1.839  -1.547  -1.009  -0.559  -0.194   0.019   0.589   0.675
   4500.  3.00  -6.123  -5.192  -3.672  -2.976  -1.955  -1.814  -1.526  -0.998  -0.551  -0.189   0.024   0.590   0.676
   4500.  3.50  -5.906  -5.030  -3.624  -2.954  -1.938  -1.809  -1.516  -0.995  -0.547  -0.183   0.032   0.598   0.684
   4500.  4.00  -5.775  -4.962  -3.653  -2.985  -1.963  -1.821  -1.520  -0.999  -0.545  -0.176   0.044   0.615   0.701
   4500.  4.50  -5.709  -4.951  -3.721  -3.047  -2.015  -1.843  -1.531  -1.006  -0.544  -0.167   0.056   0.634   0.720
   4500.  5.00  -5.692  -4.972  -3.805  -3.117  -2.071  -1.866  -1.540  -1.013  -0.544  -0.160   0.068   0.651   0.737
   4750.  0.00  -6.875  -6.465  -4.795  -3.609  -2.488  -1.839  -1.511  -0.962  -0.498  -0.111   0.110   0.677   0.757
   4750.  0.50  -6.684  -6.118  -4.404  -3.336  -2.225  -1.726  -1.438  -0.919  -0.477  -0.107   0.107   0.658   0.737
   4750.  1.00  -6.437  -5.701  -3.993  -3.067  -1.986  -1.634  -1.382  -0.886  -0.461  -0.106   0.101   0.641   0.720
   4750.  1.50  -6.109  -5.249  -3.603  -2.817  -1.781  -1.561  -1.340  -0.862  -0.450  -0.106   0.096   0.627   0.705
   4750.  2.00  -5.738  -4.830  -3.282  -2.613  -1.627  -1.513  -1.312  -0.845  -0.442  -0.106   0.091   0.616   0.693
   4750.  2.50  -5.375  -4.491  -3.052  -2.470  -1.529  -1.487  -1.297  -0.835  -0.436  -0.105   0.090   0.611   0.687
   4750.  3.00  -5.080  -4.253  -2.920  -2.392  -1.481  -1.481  -1.291  -0.829  -0.431  -0.102   0.092   0.611   0.687
   4750.  3.50  -4.876  -4.115  -2.875  -2.372  -1.473  -1.490  -1.291  -0.827  -0.426  -0.098   0.098   0.616   0.692
   4750.  4.00  -4.760  -4.059  -2.894  -2.394  -1.490  -1.505  -1.295  -0.829  -0.424  -0.092   0.107   0.627   0.702
   4750.  4.50  -4.729  -4.072  -2.963  -2.452  -1.533  -1.527  -1.304  -0.833  -0.422  -0.085   0.117   0.641   0.717
   4750.  5.00  -4.757  -4.125  -3.057  -2.530  -1.590  -1.553  -1.314  -0.839  -0.421  -0.078   0.127   0.656   0.732
   5000.  0.00  -6.195  -5.590  -3.982  -3.010  -1.977  -1.405  -1.163  -0.729  -0.344  -0.014   0.181   0.677   0.747
   5000.  0.50  -5.910  -5.188  -3.603  -2.749  -1.736  -1.325  -1.121  -0.709  -0.340  -0.020   0.169   0.658   0.727
   5000.  1.00  -5.529  -4.733  -3.219  -2.493  -1.519  -1.261  -1.093  -0.697  -0.339  -0.028   0.157   0.641   0.710
   5000.  1.50  -5.093  -4.281  -2.868  -2.260  -1.336  -1.216  -1.077  -0.691  -0.340  -0.036   0.146   0.626   0.695
   5000.  2.00  -4.663  -3.888  -2.583  -2.070  -1.196  -1.188  -1.071  -0.690  -0.343  -0.042   0.137   0.615   0.683
   5000.  2.50  -4.314  -3.590  -2.383  -1.937  -1.105  -1.177  -1.073  -0.690  -0.344  -0.046   0.132   0.608   0.677
   5000.  3.00  -4.070  -3.399  -2.274  -1.867  -1.061  -1.182  -1.080  -0.692  -0.343  -0.046   0.133   0.608   0.676
   5000.  3.50  -3.923  -3.300  -2.239  -1.851  -1.057  -1.199  -1.090  -0.693  -0.340  -0.042   0.138   0.613   0.680
   5000.  4.00  -3.854  -3.271  -2.260  -1.874  -1.077  -1.222  -1.100  -0.696  -0.336  -0.035   0.146   0.623   0.690
   5000.  4.50  -3.844  -3.291  -2.315  -1.922  -1.110  -1.247  -1.111  -0.699  -0.333  -0.028   0.156   0.635   0.702
   5000.  5.00  -3.883  -3.348  -2.395  -1.987  -1.155  -1.272  -1.121  -0.702  -0.330  -0.021   0.165   0.649   0.716
   5250.  0.00  -5.494  -4.816  -3.358  -2.564  -1.633  -1.079  -0.897  -0.548  -0.227   0.055   0.225   0.661   0.724
   5250.  0.50  -5.121  -4.396  -3.002  -2.318  -1.415  -1.029  -0.879  -0.546  -0.235   0.042   0.209   0.644   0.705
   5250.  1.00  -4.669  -3.947  -2.651  -2.076  -1.215  -0.989  -0.871  -0.548  -0.244   0.029   0.194   0.627   0.688
   5250.  1.50  -4.195  -3.514  -2.330  -1.854  -1.044  -0.962  -0.871  -0.555  -0.255   0.015   0.179   0.613   0.673
   5250.  2.00  -3.769  -3.143  -2.063  -1.666  -0.907  -0.946  -0.879  -0.565  -0.266   0.003   0.166   0.600   0.661
   5250.  2.50  -3.439  -2.864  -1.870  -1.526  -0.806  -0.941  -0.891  -0.575  -0.276  -0.007   0.156   0.591   0.652
   5250.  3.00  -3.222  -2.689  -1.756  -1.443  -0.745  -0.946  -0.906  -0.584  -0.281  -0.012   0.151   0.587   0.648
   5250.  3.50  -3.110  -2.609  -1.719  -1.417  -0.725  -0.962  -0.921  -0.590  -0.281  -0.010   0.154   0.590   0.651
   5250.  4.00  -3.077  -2.600  -1.736  -1.434  -0.734  -0.984  -0.936  -0.593  -0.278  -0.005   0.161   0.599   0.660
   5250.  4.50  -3.096  -2.634  -1.787  -1.477  -0.762  -1.011  -0.949  -0.596  -0.273   0.004   0.172   0.612   0.672
   5250.  5.00  -3.146  -2.694  -1.856  -1.533  -0.798  -1.037  -0.961  -0.599  -0.269   0.012   0.183   0.626   0.686
   5500.  0.00  -4.825  -4.162  -2.881  -2.230  -1.407  -0.825  -0.684  -0.404  -0.137   0.104   0.252   0.635   0.692
   5500.  0.50  -4.414  -3.757  -2.559  -2.005  -1.212  -0.801  -0.687  -0.414  -0.152   0.088   0.235   0.620   0.676
   5500.  1.00  -3.950  -3.334  -2.239  -1.779  -1.027  -0.783  -0.695  -0.427  -0.168   0.071   0.218   0.606   0.661
   5500.  1.50  -3.495  -2.935  -1.947  -1.568  -0.865  -0.771  -0.708  -0.444  -0.185   0.055   0.202   0.592   0.646
   5500.  2.00  -3.098  -2.591  -1.699  -1.384  -0.728  -0.767  -0.726  -0.462  -0.203   0.038   0.186   0.579   0.633
   5500.  2.50  -2.787  -2.325  -1.506  -1.237  -0.619  -0.769  -0.747  -0.480  -0.219   0.023   0.172   0.568   0.622
   5500.  3.00  -2.576  -2.146  -1.377  -1.135  -0.538  -0.775  -0.768  -0.496  -0.232   0.012   0.161   0.561   0.615
   5500.  3.50  -2.465  -2.057  -1.316  -1.084  -0.490  -0.785  -0.787  -0.508  -0.238   0.007   0.158   0.559   0.613
   5500.  4.00  -2.440  -2.045  -1.315  -1.081  -0.476  -0.801  -0.803  -0.515  -0.239   0.010   0.162   0.564   0.619
   5500.  4.50  -2.469  -2.081  -1.354  -1.110  -0.487  -0.822  -0.818  -0.519  -0.235   0.017   0.171   0.576   0.630
   5500.  5.00  -2.528  -2.142  -1.413  -1.157  -0.512  -0.845  -0.830  -0.521  -0.230   0.026   0.182   0.590   0.644
   5750.  0.00  -4.230  -3.629  -2.518  -1.977  -1.262  -0.620  -0.509  -0.285  -0.065   0.139   0.266   0.599   0.653
   5750.  0.50  -3.825  -3.255  -2.232  -1.776  -1.088  -0.618  -0.527  -0.304  -0.084   0.122   0.250   0.589   0.641
   5750.  1.00  -3.386  -2.867  -1.944  -1.567  -0.917  -0.618  -0.547  -0.325  -0.104   0.104   0.234   0.579   0.628
   5750.  1.50  -2.967  -2.502  -1.677  -1.368  -0.761  -0.621  -0.572  -0.348  -0.125   0.086   0.217   0.567   0.616
   5750.  2.00  -2.602  -2.186  -1.444  -1.189  -0.625  -0.627  -0.599  -0.374  -0.148   0.066   0.199   0.555   0.603
   5750.  2.50  -2.310  -1.931  -1.253  -1.038  -0.509  -0.637  -0.628  -0.399  -0.170   0.048   0.182   0.543   0.591
   5750.  3.00  -2.101  -1.748  -1.112  -0.922  -0.415  -0.647  -0.657  -0.423  -0.189   0.032   0.168   0.532   0.580
   5750.  3.50  -1.982  -1.643  -1.027  -0.848  -0.345  -0.658  -0.681  -0.441  -0.203   0.021   0.159   0.527   0.575
   5750.  4.00  -1.941  -1.608  -0.996  -0.816  -0.303  -0.668  -0.701  -0.453  -0.210   0.017   0.156   0.527   0.575
   5750.  4.50  -1.964  -1.631  -1.012  -0.824  -0.289  -0.682  -0.716  -0.459  -0.209   0.020   0.161   0.534   0.583
   5750.  5.00  -2.021  -1.686  -1.057  -0.856  -0.297  -0.699  -0.728  -0.462  -0.205   0.028   0.172   0.547   0.595
   6000.  0.00  -3.719  -3.196  -2.242  -1.783  -1.170  -0.447  -0.359  -0.184  -0.007   0.163   0.269   0.555   0.608
   6000.  0.50  -3.349  -2.864  -1.994  -1.608  -1.018  -0.465  -0.389  -0.209  -0.027   0.148   0.258   0.552   0.601
   6000.  1.00  -2.950  -2.515  -1.735  -1.418  -0.860  -0.480  -0.419  -0.235  -0.049   0.130   0.243   0.546   0.592
   6000.  1.50  -2.570  -2.183  -1.489  -1.230  -0.709  -0.496  -0.452  -0.264  -0.073   0.111   0.227   0.537   0.582
   6000.  2.00  -2.235  -1.890  -1.269  -1.057  -0.572  -0.513  -0.488  -0.295  -0.099   0.090   0.209   0.527   0.570
   6000.  2.50  -1.961  -1.646  -1.081  -0.905  -0.451  -0.530  -0.525  -0.326  -0.125   0.069   0.191   0.515   0.558
   6000.  3.00  -1.757  -1.461  -0.932  -0.779  -0.347  -0.547  -0.561  -0.356  -0.149   0.049   0.173   0.504   0.546
   6000.  3.50  -1.623  -1.337  -0.825  -0.685  -0.261  -0.561  -0.593  -0.382  -0.170   0.032   0.158   0.494   0.537
   6000.  4.00  -1.561  -1.277  -0.765  -0.628  -0.196  -0.572  -0.618  -0.402  -0.184   0.022   0.150   0.490   0.533
   6000.  4.50  -1.564  -1.276  -0.753  -0.610  -0.158  -0.582  -0.637  -0.413  -0.190   0.019   0.149   0.492   0.535
   6000.  5.00  -1.608  -1.314  -0.776  -0.621  -0.144  -0.593  -0.651  -0.418  -0.189   0.024   0.156   0.502   0.545
   6250.  0.50  -2.963  -2.556  -1.816  -1.481  -0.979  -0.331  -0.267  -0.126   0.020   0.165   0.257   0.508   0.556
   6250.  1.00  -2.609  -2.245  -1.586  -1.311  -0.834  -0.361  -0.305  -0.156  -0.002   0.150   0.247   0.508   0.552
   6250.  1.50  -2.266  -1.944  -1.359  -1.136  -0.689  -0.388  -0.345  -0.189  -0.027   0.132   0.232   0.504   0.545
   6250.  2.00  -1.959  -1.671  -1.149  -0.968  -0.552  -0.414  -0.387  -0.223  -0.054   0.111   0.215   0.496   0.535
   6250.  2.50  -1.702  -1.438  -0.964  -0.816  -0.427  -0.440  -0.431  -0.260  -0.084   0.088   0.196   0.486   0.524
   6250.  3.00  -1.500  -1.251  -0.808  -0.683  -0.315  -0.464  -0.474  -0.295  -0.112   0.065   0.176   0.474   0.512
   6250.  3.50  -1.357  -1.114  -0.685  -0.575  -0.218  -0.484  -0.513  -0.328  -0.139   0.044   0.158   0.463   0.500
   6250.  4.00  -1.276  -1.032  -0.603  -0.498  -0.137  -0.498  -0.547  -0.355  -0.159   0.027   0.144   0.455   0.493
   6250.  4.50  -1.251  -1.000  -0.560  -0.453  -0.077  -0.508  -0.572  -0.373  -0.173   0.018   0.137   0.452   0.490
   6250.  5.00  -1.275  -1.016  -0.558  -0.442  -0.041  -0.515  -0.590  -0.384  -0.178   0.017   0.138   0.456   0.494
   6500.  0.50  -2.648  -2.309  -1.681  -1.379  -0.956  -0.202  -0.152  -0.053   0.056   0.171   0.245   0.456   0.504
   6500.  1.00  -2.335  -2.034  -1.475  -1.229  -0.824  -0.252  -0.201  -0.085   0.037   0.162   0.243   0.463   0.507
   6500.  1.50  -2.027  -1.760  -1.266  -1.068  -0.687  -0.292  -0.248  -0.120   0.014   0.147   0.232   0.465   0.504
   6500.  2.00  -1.747  -1.506  -1.066  -0.908  -0.553  -0.327  -0.295  -0.158  -0.015   0.127   0.217   0.461   0.497
   6500.  2.50  -1.504  -1.282  -0.883  -0.756  -0.425  -0.360  -0.344  -0.198  -0.046   0.103   0.198   0.453   0.487
   6500.  3.00  -1.306  -1.095  -0.723  -0.619  -0.307  -0.391  -0.393  -0.238  -0.078   0.078   0.178   0.443   0.476
   6500.  3.50  -1.156  -0.948  -0.589  -0.501  -0.201  -0.417  -0.439  -0.276  -0.108   0.054   0.157   0.431   0.464
   6500.  4.00  -1.057  -0.846  -0.487  -0.408  -0.108  -0.437  -0.481  -0.310  -0.135   0.033   0.139   0.421   0.453
   6500.  4.50  -1.009  -0.791  -0.421  -0.342  -0.031  -0.450  -0.514  -0.337  -0.156   0.017   0.126   0.414   0.447
   6500.  5.00  -1.009  -0.781  -0.393  -0.308   0.025  -0.458  -0.538  -0.354  -0.168   0.010   0.121   0.413   0.447
   6750.  0.50  -2.356  -2.080  -1.554  -1.283  -0.930  -0.103  -0.065   0.005   0.084   0.174   0.232   0.403   0.452
   6750.  1.00  -2.113  -1.863  -1.388  -1.162  -0.820  -0.146  -0.102  -0.022   0.067   0.165   0.229   0.412   0.455
   6750.  1.50  -1.836  -1.614  -1.196  -1.016  -0.693  -0.202  -0.158  -0.059   0.047   0.156   0.226   0.420   0.459
   6750.  2.00  -1.578  -1.377  -1.007  -0.864  -0.563  -0.248  -0.211  -0.099   0.020   0.138   0.215   0.422   0.456
   6750.  2.50  -1.349  -1.162  -0.828  -0.716  -0.435  -0.289  -0.264  -0.141  -0.011   0.116   0.198   0.418   0.448
   6750.  3.00  -1.156  -0.976  -0.665  -0.576  -0.314  -0.326  -0.318  -0.184  -0.045   0.090   0.177   0.410   0.438
   6750.  3.50  -1.001  -0.822  -0.523  -0.451  -0.201  -0.359  -0.370  -0.227  -0.079   0.064   0.155   0.399   0.427
   6750.  4.00  -0.888  -0.706  -0.407  -0.346  -0.099  -0.385  -0.418  -0.267  -0.111   0.039   0.134   0.387   0.415
   6750.  4.50  -0.822  -0.631  -0.321  -0.264  -0.010  -0.403  -0.460  -0.301  -0.138   0.018   0.117   0.378   0.406
   6750.  5.00  -0.798  -0.596  -0.269  -0.210   0.061  -0.414  -0.492  -0.326  -0.157   0.004   0.105   0.373   0.401
   7000.  0.50  -2.063  -1.846  -1.418  -1.178  -0.889  -0.031  -0.006   0.046   0.104   0.174   0.218   0.353   0.403
   7000.  1.00  -1.900  -1.696  -1.298  -1.091  -0.806  -0.064  -0.029   0.026   0.089   0.165   0.213   0.360   0.404
   7000.  1.50  -1.679  -1.494  -1.138  -0.970  -0.697  -0.113  -0.072  -0.005   0.071   0.155   0.210   0.369   0.407
   7000.  2.00  -1.440  -1.272  -0.960  -0.829  -0.574  -0.173  -0.132  -0.045   0.048   0.144   0.206   0.378   0.410
   7000.  2.50  -1.223  -1.067  -0.787  -0.686  -0.450  -0.223  -0.190  -0.089   0.018   0.124   0.193   0.378   0.407
   7000.  3.00  -1.035  -0.883  -0.624  -0.547  -0.329  -0.267  -0.248  -0.134  -0.016   0.099   0.174   0.374   0.399
   7000.  3.50  -0.877  -0.725  -0.477  -0.418  -0.213  -0.306  -0.304  -0.181  -0.052   0.072   0.152   0.364   0.388
   7000.  4.00  -0.755  -0.598  -0.350  -0.304  -0.105  -0.339  -0.359  -0.226  -0.088   0.044   0.129   0.353   0.376
   7000.  4.50  -0.673  -0.507  -0.250  -0.210  -0.006  -0.363  -0.408  -0.266  -0.120   0.019   0.108   0.342   0.366
   7000.  5.00  -0.629  -0.452  -0.179  -0.139   0.078  -0.378  -0.448  -0.299  -0.146  -0.001   0.092   0.334   0.358
   7250.  0.50  -1.754  -1.589  -1.257  -1.054  -0.823   0.013   0.024   0.067   0.113   0.169   0.203   0.306   0.356
   7250.  1.00  -1.680  -1.518  -1.194  -1.009  -0.776  -0.004   0.019   0.058   0.103   0.160   0.196   0.310   0.354
   7250.  1.50  -1.521  -1.368  -1.070  -0.916  -0.689  -0.045  -0.009   0.035   0.088   0.151   0.192   0.318   0.356
   7250.  2.00  -1.324  -1.184  -0.918  -0.796  -0.581  -0.099  -0.057   0.001   0.067   0.140   0.188   0.327   0.359
   7250.  2.50  -1.117  -0.986  -0.753  -0.661  -0.464  -0.161  -0.122  -0.042   0.042   0.127   0.183   0.334   0.361
   7250.  3.00  -0.933  -0.806  -0.593  -0.526  -0.346  -0.213  -0.183  -0.089   0.009   0.105   0.168   0.334   0.357
   7250.  3.50  -0.775  -0.647  -0.444  -0.396  -0.230  -0.259  -0.243  -0.138  -0.027   0.078   0.147   0.328   0.348
   7250.  4.00  -0.647  -0.513  -0.311  -0.276  -0.118  -0.297  -0.302  -0.186  -0.065   0.049   0.123   0.318   0.337
   7250.  4.50  -0.553  -0.410  -0.199  -0.172  -0.014  -0.328  -0.358  -0.232  -0.102   0.020   0.100   0.307   0.326
   7250.  5.00  -0.493  -0.338  -0.113  -0.089   0.079  -0.349  -0.405  -0.271  -0.134  -0.005   0.079   0.296   0.316
   7500.  0.50  -1.395  -1.278  -1.041  -0.887  -0.713   0.012   0.009   0.058   0.105   0.158   0.187   0.269   0.315
   7500.  1.00  -1.451  -1.324  -1.069  -0.909  -0.726   0.034   0.045   0.072   0.104   0.148   0.175   0.261   0.305
   7500.  1.50  -1.351  -1.228  -0.986  -0.847  -0.664   0.003   0.029   0.058   0.094   0.141   0.172   0.268   0.306
   7500.  2.00  -1.204  -1.087  -0.865  -0.753  -0.576  -0.042  -0.005   0.033   0.078   0.132   0.167   0.275   0.307
   7500.  2.50  -1.029  -0.919  -0.723  -0.637  -0.472  -0.100  -0.057  -0.004   0.056   0.120   0.163   0.284   0.309
   7500.  3.00  -0.846  -0.741  -0.567  -0.507  -0.361  -0.162  -0.124  -0.050   0.029   0.105   0.155   0.290   0.311
   7500.  3.50  -0.689  -0.582  -0.419  -0.378  -0.248  -0.215  -0.188  -0.099  -0.006   0.080   0.138   0.289   0.306
   7500.  4.00  -0.557  -0.444  -0.283  -0.257  -0.136  -0.259  -0.250  -0.149  -0.045   0.052   0.116   0.281   0.297
   7500.  4.50  -0.454  -0.332  -0.163  -0.147  -0.029  -0.296  -0.310  -0.199  -0.084   0.021   0.091   0.271   0.286
   7500.  5.00  -0.381  -0.247  -0.065  -0.053   0.071  -0.324  -0.365  -0.244  -0.121  -0.007   0.068   0.260   0.274
   7750.  1.00  -1.205  -1.108  -0.917  -0.788  -0.650   0.048   0.042   0.066   0.091   0.128   0.148   0.214   0.256
   7750.  1.50  -1.174  -1.076  -0.885  -0.765  -0.623   0.034   0.046   0.065   0.088   0.124   0.145   0.216   0.254
   7750.  2.00  -1.070  -0.974  -0.795  -0.695  -0.555  -0.006   0.023   0.048   0.077   0.117   0.143   0.224   0.255
   7750.  2.50  -0.934  -0.843  -0.680  -0.602  -0.468  -0.055  -0.015   0.020   0.060   0.107   0.138   0.231   0.256
   7750.  3.00  -0.776  -0.688  -0.545  -0.489  -0.370  -0.114  -0.070  -0.019   0.038   0.094   0.133   0.239   0.259
   7750.  3.50  -0.614  -0.526  -0.398  -0.363  -0.263  -0.174  -0.137  -0.066   0.009   0.077   0.124   0.245   0.259
   7750.  4.00  -0.480  -0.386  -0.261  -0.242  -0.154  -0.225  -0.202  -0.117  -0.028   0.051   0.105   0.242   0.254
   7750.  4.50  -0.371  -0.267  -0.137  -0.129  -0.047  -0.268  -0.266  -0.169  -0.068   0.021   0.081   0.234   0.245
   7750.  5.00  -0.288  -0.173  -0.030  -0.029   0.056  -0.301  -0.326  -0.218  -0.108  -0.010   0.056   0.223   0.233
   8000.  1.00  -0.937  -0.864  -0.731  -0.637  -0.543   0.031   0.006   0.034   0.062   0.099   0.117   0.170   0.209
   8000.  1.50  -0.989  -0.911  -0.767  -0.668  -0.565   0.046   0.043   0.055   0.070   0.098   0.113   0.165   0.201
   8000.  2.00  -0.930  -0.852  -0.713  -0.627  -0.522   0.017   0.033   0.047   0.065   0.094   0.112   0.171   0.201
   8000.  2.50  -0.828  -0.752  -0.623  -0.555  -0.453  -0.028   0.005   0.027   0.053   0.087   0.109   0.178   0.202
   8000.  3.00  -0.702  -0.629  -0.513  -0.463  -0.369  -0.080  -0.036  -0.003   0.035   0.076   0.104   0.185   0.204
   8000.  3.50  -0.555  -0.483  -0.382  -0.351  -0.273  -0.138  -0.094  -0.042   0.013   0.064   0.099   0.194   0.207
   8000.  4.00  -0.412  -0.335  -0.243  -0.230  -0.169  -0.195  -0.161  -0.090  -0.017   0.045   0.089   0.198   0.207
   8000.  4.50  -0.298  -0.212  -0.116  -0.116  -0.065  -0.243  -0.226  -0.142  -0.056   0.018   0.068   0.194   0.201
   8000.  5.00  -0.208  -0.111  -0.004  -0.012   0.038  -0.282  -0.290  -0.195  -0.097  -0.014   0.043   0.185   0.192
   8250.  1.00  -0.657  -0.597  -0.510  -0.453  -0.401  -0.016  -0.066  -0.028   0.008   0.052   0.075   0.128   0.159
   8250.  1.50  -0.799  -0.737  -0.633  -0.557  -0.491   0.041   0.018   0.029   0.040   0.064   0.075   0.114   0.148
   8250.  2.00  -0.786  -0.722  -0.618  -0.548  -0.477   0.025   0.025   0.032   0.042   0.063   0.074   0.117   0.146
   8250.  2.50  -0.716  -0.653  -0.555  -0.498  -0.427  -0.014   0.007   0.020   0.035   0.059   0.074   0.123   0.147
   8250.  3.00  -0.616  -0.555  -0.466  -0.424  -0.358  -0.062  -0.025  -0.003   0.023   0.051   0.071   0.131   0.148
   8250.  3.50  -0.498  -0.438  -0.360  -0.334  -0.276  -0.115  -0.069  -0.034   0.004   0.040   0.066   0.138   0.150
   8250.  4.00  -0.359  -0.297  -0.232  -0.222  -0.182  -0.170  -0.128  -0.074  -0.017   0.029   0.063   0.147   0.154
   8250.  4.50  -0.235  -0.166  -0.101  -0.105  -0.081  -0.221  -0.192  -0.122  -0.049   0.009   0.050   0.151   0.154
   8250.  5.00  -0.139  -0.059   0.015   0.001   0.020  -0.265  -0.258  -0.174  -0.088  -0.020   0.028   0.145   0.148
   8500.  1.50  -0.611  -0.560  -0.490  -0.437  -0.403   0.017  -0.025  -0.014  -0.003   0.021   0.031   0.063   0.093
   8500.  2.00  -0.641  -0.588  -0.514  -0.460  -0.420   0.019   0.002   0.004   0.008   0.025   0.032   0.062   0.089
   8500.  2.50  -0.601  -0.549  -0.478  -0.433  -0.391  -0.012  -0.005  -0.000   0.007   0.024   0.033   0.067   0.089
   8500.  3.00  -0.527  -0.475  -0.411  -0.379  -0.339  -0.056  -0.029  -0.016  -0.000   0.019   0.033   0.074   0.090
   8500.  3.50  -0.430  -0.380  -0.325  -0.305  -0.271  -0.105  -0.064  -0.040  -0.014   0.011   0.030   0.082   0.092
   8500.  4.00  -0.316  -0.267  -0.221  -0.214  -0.191  -0.157  -0.110  -0.072  -0.032   0.000   0.025   0.089   0.095
   8500.  4.50  -0.185  -0.131  -0.092  -0.100  -0.096  -0.207  -0.168  -0.111  -0.053  -0.009   0.023   0.100   0.101
   8500.  5.00  -0.079  -0.015   0.029   0.010   0.003  -0.252  -0.232  -0.159  -0.085  -0.031   0.009   0.102   0.101
   8750.  1.50  -0.440  -0.396  -0.352  -0.320  -0.314  -0.016  -0.080  -0.067  -0.055  -0.030  -0.020   0.009   0.035
   8750.  2.00  -0.502  -0.458  -0.411  -0.373  -0.360   0.002  -0.034  -0.034  -0.034  -0.020  -0.015   0.006   0.031
   8750.  2.50  -0.489  -0.446  -0.399  -0.366  -0.350  -0.019  -0.030  -0.030  -0.029  -0.018  -0.013   0.009   0.030
   8750.  3.00  -0.437  -0.394  -0.352  -0.329  -0.314  -0.057  -0.045  -0.039  -0.032  -0.019  -0.012   0.016   0.031
   8750.  3.50  -0.359  -0.318  -0.283  -0.271  -0.260  -0.104  -0.073  -0.058  -0.041  -0.024  -0.012   0.024   0.033
   8750.  4.00  -0.264  -0.224  -0.197  -0.196  -0.192  -0.154  -0.111  -0.084  -0.054  -0.033  -0.015   0.031   0.035
   8750.  4.50  -0.151  -0.109  -0.090  -0.101  -0.110  -0.203  -0.159  -0.116  -0.071  -0.041  -0.017   0.041   0.041
   8750.  5.00  -0.030   0.020   0.037   0.014  -0.014  -0.246  -0.215  -0.154  -0.092  -0.051  -0.019   0.052   0.048
   9000.  1.50  -0.293  -0.254  -0.230  -0.215  -0.234  -0.055  -0.138  -0.125  -0.112  -0.086  -0.075  -0.048  -0.026
   9000.  2.00  -0.374  -0.338  -0.313  -0.290  -0.301  -0.025  -0.079  -0.080  -0.082  -0.069  -0.066  -0.051  -0.029
   9000.  2.50  -0.383  -0.346  -0.321  -0.300  -0.308  -0.035  -0.064  -0.069  -0.073  -0.064  -0.063  -0.049  -0.030
   9000.  3.00  -0.349  -0.314  -0.292  -0.277  -0.286  -0.068  -0.071  -0.072  -0.071  -0.063  -0.060  -0.044  -0.030
   9000.  3.50  -0.289  -0.254  -0.239  -0.233  -0.245  -0.111  -0.092  -0.084  -0.075  -0.066  -0.059  -0.036  -0.028
   9000.  4.00  -0.208  -0.175  -0.167  -0.172  -0.189  -0.159  -0.123  -0.104  -0.084  -0.071  -0.059  -0.028  -0.026
   9000.  4.50  -0.113  -0.081  -0.080  -0.094  -0.120  -0.208  -0.164  -0.132  -0.098  -0.079  -0.062  -0.020  -0.022
   9000.  5.00   0.000   0.037   0.035   0.009  -0.033  -0.250  -0.212  -0.163  -0.113  -0.084  -0.060  -0.006  -0.012
   9250.  2.00  -0.262  -0.232  -0.225  -0.215  -0.249  -0.057  -0.128  -0.131  -0.134  -0.122  -0.120  -0.110  -0.090
   9250.  2.50  -0.285  -0.255  -0.249  -0.239  -0.269  -0.061  -0.106  -0.113  -0.121  -0.115  -0.116  -0.109  -0.092
   9250.  3.00  -0.266  -0.237  -0.233  -0.228  -0.258  -0.087  -0.106  -0.111  -0.116  -0.112  -0.112  -0.104  -0.092
   9250.  3.50  -0.220  -0.192  -0.193  -0.195  -0.227  -0.125  -0.120  -0.119  -0.117  -0.112  -0.109  -0.097  -0.090
   9250.  4.00  -0.154  -0.127  -0.135  -0.145  -0.182  -0.170  -0.145  -0.133  -0.121  -0.114  -0.107  -0.089  -0.087
   9250.  4.50  -0.072  -0.046  -0.061  -0.080  -0.124  -0.217  -0.179  -0.155  -0.131  -0.119  -0.108  -0.080  -0.083
   9250.  5.00   0.025   0.051   0.031   0.003  -0.051  -0.262  -0.222  -0.183  -0.144  -0.126  -0.108  -0.070  -0.076
   9500.  2.00  -0.164  -0.139  -0.148  -0.150  -0.204  -0.093  -0.179  -0.183  -0.187  -0.176  -0.176  -0.169  -0.151
   9500.  2.50  -0.197  -0.174  -0.185  -0.185  -0.236  -0.091  -0.152  -0.161  -0.172  -0.168  -0.170  -0.169  -0.154
   9500.  3.00  -0.191  -0.167  -0.180  -0.184  -0.233  -0.111  -0.147  -0.156  -0.165  -0.164  -0.166  -0.165  -0.154
   9500.  3.50  -0.157  -0.134  -0.151  -0.160  -0.211  -0.144  -0.155  -0.159  -0.163  -0.162  -0.162  -0.159  -0.153
   9500.  4.00  -0.102  -0.081  -0.103  -0.119  -0.174  -0.186  -0.174  -0.169  -0.164  -0.162  -0.159  -0.150  -0.150
   9500.  4.50  -0.030  -0.010  -0.040  -0.064  -0.125  -0.232  -0.202  -0.186  -0.169  -0.164  -0.157  -0.141  -0.146
   9500.  5.00   0.055   0.074   0.038   0.007  -0.063  -0.278  -0.240  -0.210  -0.179  -0.169  -0.156  -0.131  -0.140
   9750.  2.00  -0.078  -0.058  -0.081  -0.092  -0.164  -0.129  -0.230  -0.235  -0.241  -0.231  -0.231  -0.227  -0.213
   9750.  2.50  -0.119  -0.101  -0.127  -0.136  -0.206  -0.124  -0.200  -0.211  -0.224  -0.221  -0.226  -0.229  -0.216
   9750.  3.00  -0.122  -0.104  -0.133  -0.144  -0.213  -0.140  -0.191  -0.203  -0.216  -0.217  -0.222  -0.227  -0.217
   9750.  3.50  -0.098  -0.081  -0.112  -0.128  -0.198  -0.170  -0.195  -0.204  -0.212  -0.214  -0.217  -0.221  -0.216
   9750.  4.00  -0.053  -0.036  -0.073  -0.094  -0.167  -0.208  -0.209  -0.210  -0.211  -0.212  -0.213  -0.213  -0.213
   9750.  4.50   0.010   0.025  -0.018  -0.047  -0.125  -0.251  -0.232  -0.222  -0.212  -0.212  -0.209  -0.203  -0.209
   9750.  5.00   0.087   0.100   0.050   0.015  -0.071  -0.296  -0.265  -0.241  -0.218  -0.214  -0.206  -0.193  -0.203
  10000.  2.00  -0.004   0.012  -0.023  -0.043  -0.130  -0.166  -0.280  -0.286  -0.294  -0.285  -0.286  -0.286  -0.274
  10000.  2.50  -0.050  -0.036  -0.076  -0.093  -0.180  -0.160  -0.248  -0.262  -0.277  -0.276  -0.281  -0.289  -0.277
  10000.  3.00  -0.060  -0.047  -0.089  -0.108  -0.194  -0.173  -0.238  -0.252  -0.268  -0.271  -0.278  -0.287  -0.279
  10000.  3.50  -0.044  -0.032  -0.077  -0.099  -0.187  -0.199  -0.239  -0.251  -0.263  -0.268  -0.273  -0.283  -0.279
  10000.  4.00  -0.007   0.004  -0.045  -0.072  -0.162  -0.234  -0.249  -0.254  -0.260  -0.265  -0.268  -0.275  -0.277
  10000.  4.50   0.047   0.057   0.002  -0.031  -0.126  -0.275  -0.268  -0.263  -0.259  -0.263  -0.263  -0.265  -0.272
  10000.  5.00   0.116   0.124   0.062   0.023  -0.078  -0.317  -0.295  -0.278  -0.262  -0.263  -0.259  -0.255  -0.266
  10250.  2.00   0.061   0.073   0.028   0.001  -0.102  -0.203  -0.330  -0.338  -0.347  -0.339  -0.341  -0.344  -0.335
  10250.  2.50   0.012   0.021  -0.031  -0.055  -0.158  -0.196  -0.297  -0.312  -0.329  -0.330  -0.336  -0.348  -0.338
  10250.  3.00  -0.004   0.004  -0.051  -0.076  -0.179  -0.208  -0.285  -0.302  -0.320  -0.325  -0.333  -0.348  -0.341
  10250.  3.50   0.005   0.013  -0.046  -0.073  -0.177  -0.231  -0.285  -0.299  -0.315  -0.322  -0.330  -0.344  -0.342
  10250.  4.00   0.034   0.041  -0.021  -0.053  -0.159  -0.263  -0.292  -0.301  -0.311  -0.319  -0.325  -0.337  -0.340
  10250.  4.50   0.081   0.086   0.019  -0.018  -0.128  -0.301  -0.307  -0.308  -0.309  -0.316  -0.319  -0.328  -0.336
  10250.  5.00   0.142   0.147   0.074   0.031  -0.085  -0.341  -0.329  -0.318  -0.308  -0.314  -0.313  -0.317  -0.329
  10500.  2.00   0.118   0.127   0.072   0.038  -0.078  -0.240  -0.379  -0.388  -0.399  -0.392  -0.396  -0.402  -0.395
  10500.  2.50   0.066   0.071   0.009  -0.022  -0.139  -0.233  -0.346  -0.363  -0.381  -0.383  -0.391  -0.406  -0.399
  10500.  3.00   0.046   0.049  -0.017  -0.048  -0.166  -0.244  -0.333  -0.352  -0.373  -0.379  -0.389  -0.407  -0.402
  10500.  3.50   0.050   0.053  -0.017  -0.050  -0.170  -0.265  -0.331  -0.349  -0.367  -0.376  -0.386  -0.405  -0.404
  10500.  4.00   0.073   0.075   0.001  -0.035  -0.157  -0.295  -0.337  -0.349  -0.363  -0.373  -0.381  -0.399  -0.402
  10500.  4.50   0.112   0.114   0.036  -0.006  -0.131  -0.330  -0.349  -0.354  -0.360  -0.369  -0.375  -0.390  -0.399
  10500.  5.00   0.168   0.168   0.084   0.038  -0.093  -0.368  -0.368  -0.362  -0.357  -0.366  -0.368  -0.379  -0.392
  10750.  2.00   0.169   0.174   0.110   0.070  -0.060  -0.276  -0.427  -0.438  -0.450  -0.445  -0.450  -0.459  -0.454
  10750.  2.50   0.114   0.115   0.044   0.007  -0.124  -0.270  -0.394  -0.412  -0.433  -0.436  -0.445  -0.463  -0.458
  10750.  3.00   0.090   0.090   0.014  -0.023  -0.155  -0.280  -0.381  -0.402  -0.425  -0.432  -0.444  -0.466  -0.462
  10750.  3.50   0.090   0.089   0.008  -0.030  -0.164  -0.300  -0.378  -0.398  -0.420  -0.430  -0.441  -0.464  -0.465
  10750.  4.00   0.107   0.106   0.021  -0.020  -0.156  -0.327  -0.383  -0.398  -0.415  -0.427  -0.437  -0.460  -0.464
  10750.  4.50   0.141   0.139   0.050   0.004  -0.135  -0.360  -0.393  -0.401  -0.411  -0.423  -0.431  -0.452  -0.461
  10750.  5.00   0.190   0.187   0.093   0.043  -0.101  -0.397  -0.408  -0.407  -0.407  -0.419  -0.424  -0.441  -0.454
  11000.  2.00   0.214   0.216   0.142   0.097  -0.045  -0.313  -0.475  -0.487  -0.501  -0.497  -0.503  -0.515  -0.512
  11000.  2.50   0.157   0.154   0.073   0.031  -0.112  -0.307  -0.442  -0.462  -0.484  -0.488  -0.499  -0.520  -0.517
  11000.  3.00   0.130   0.126   0.040  -0.002  -0.146  -0.317  -0.429  -0.451  -0.476  -0.485  -0.498  -0.523  -0.522
  11000.  3.50   0.125   0.121   0.030  -0.013  -0.159  -0.336  -0.426  -0.448  -0.472  -0.483  -0.496  -0.523  -0.525
  11000.  4.00   0.139   0.134   0.039  -0.006  -0.156  -0.362  -0.429  -0.447  -0.467  -0.481  -0.493  -0.519  -0.525
  11000.  4.50   0.168   0.162   0.063   0.014  -0.139  -0.393  -0.438  -0.449  -0.463  -0.477  -0.487  -0.512  -0.522
  11000.  5.00   0.211   0.205   0.101   0.048  -0.110  -0.428  -0.451  -0.454  -0.458  -0.472  -0.480  -0.502  -0.516
  11250.  2.00   0.253   0.253   0.171   0.121  -0.035  -0.349  -0.522  -0.536  -0.552  -0.549  -0.556  -0.571  -0.570
  11250.  2.50   0.194   0.189   0.099   0.052  -0.103  -0.343  -0.489  -0.510  -0.535  -0.540  -0.552  -0.577  -0.575
  11250.  3.00   0.165   0.158   0.063   0.017  -0.140  -0.354  -0.476  -0.501  -0.527  -0.538  -0.551  -0.580  -0.580
  11250.  3.50   0.158   0.149   0.050   0.002  -0.157  -0.373  -0.473  -0.497  -0.523  -0.536  -0.550  -0.581  -0.584
  11250.  4.00   0.168   0.159   0.055   0.005  -0.157  -0.397  -0.475  -0.496  -0.519  -0.534  -0.547  -0.578  -0.584
  11250.  4.50   0.192   0.182   0.074   0.021  -0.145  -0.426  -0.483  -0.498  -0.515  -0.531  -0.543  -0.572  -0.583
  11250.  5.00   0.230   0.220   0.107   0.051  -0.120  -0.460  -0.495  -0.501  -0.510  -0.526  -0.536  -0.563  -0.577
  11500.  2.00   0.289   0.285   0.195   0.141  -0.028  -0.386  -0.569  -0.584  -0.601  -0.600  -0.608  -0.626  -0.627
  11500.  2.50   0.228   0.219   0.121   0.070  -0.098  -0.380  -0.535  -0.559  -0.584  -0.592  -0.604  -0.632  -0.632
  11500.  3.00   0.196   0.186   0.082   0.032  -0.137  -0.391  -0.523  -0.549  -0.578  -0.590  -0.604  -0.637  -0.638
  11500.  3.50   0.186   0.174   0.066   0.015  -0.156  -0.409  -0.520  -0.546  -0.574  -0.589  -0.604  -0.638  -0.642
  11500.  4.00   0.193   0.181   0.068   0.015  -0.159  -0.433  -0.522  -0.545  -0.570  -0.587  -0.602  -0.636  -0.643
  11500.  4.50   0.214   0.201   0.084   0.027  -0.150  -0.461  -0.529  -0.546  -0.566  -0.584  -0.597  -0.631  -0.642
  11500.  5.00   0.248   0.234   0.112   0.053  -0.129  -0.492  -0.539  -0.549  -0.561  -0.579  -0.591  -0.622  -0.637
  11750.  2.00   0.320   0.315   0.216   0.157  -0.024  -0.422  -0.615  -0.632  -0.651  -0.651  -0.659  -0.680  -0.683
  11750.  2.50   0.257   0.246   0.139   0.084  -0.095  -0.417  -0.581  -0.606  -0.634  -0.642  -0.656  -0.687  -0.689
  11750.  3.00   0.224   0.210   0.098   0.044  -0.136  -0.427  -0.569  -0.597  -0.628  -0.641  -0.657  -0.692  -0.695
  11750.  3.50   0.211   0.196   0.080   0.025  -0.157  -0.446  -0.566  -0.594  -0.624  -0.640  -0.657  -0.694  -0.699
  11750.  4.00   0.216   0.200   0.080   0.023  -0.163  -0.469  -0.568  -0.593  -0.621  -0.639  -0.655  -0.692  -0.701
  11750.  4.50   0.233   0.217   0.092   0.032  -0.157  -0.496  -0.575  -0.595  -0.617  -0.636  -0.651  -0.688  -0.700
  11750.  5.00   0.264   0.246   0.117   0.054  -0.139  -0.525  -0.584  -0.596  -0.612  -0.632  -0.645  -0.680  -0.696
  12000.  2.50   0.284   0.270   0.155   0.096  -0.095  -0.453  -0.627  -0.653  -0.682  -0.692  -0.707  -0.741  -0.744
  12000.  3.00   0.248   0.231   0.112   0.054  -0.137  -0.464  -0.615  -0.644  -0.677  -0.691  -0.708  -0.747  -0.751
  12000.  3.50   0.234   0.216   0.092   0.033  -0.160  -0.483  -0.612  -0.642  -0.674  -0.691  -0.709  -0.749  -0.756
  12000.  4.00   0.236   0.217   0.089   0.029  -0.168  -0.505  -0.614  -0.641  -0.671  -0.690  -0.708  -0.748  -0.758
  12000.  4.50   0.251   0.232   0.098   0.036  -0.164  -0.531  -0.620  -0.642  -0.667  -0.688  -0.704  -0.745  -0.758
  12000.  5.00   0.278   0.258   0.120   0.055  -0.150  -0.559  -0.628  -0.644  -0.662  -0.684  -0.699  -0.738  -0.754
  12250.  2.50   0.307   0.291   0.168   0.105  -0.097  -0.489  -0.672  -0.699  -0.731  -0.742  -0.758  -0.795  -0.799
  12250.  3.00   0.270   0.250   0.123   0.061  -0.141  -0.501  -0.660  -0.691  -0.725  -0.741  -0.759  -0.801  -0.806
  12250.  3.50   0.253   0.232   0.101   0.039  -0.164  -0.519  -0.658  -0.689  -0.723  -0.742  -0.761  -0.804  -0.811
  12250.  4.00   0.254   0.232   0.096   0.033  -0.174  -0.541  -0.660  -0.688  -0.720  -0.741  -0.760  -0.803  -0.814
  12250.  4.50   0.267   0.244   0.103   0.038  -0.172  -0.566  -0.666  -0.690  -0.717  -0.739  -0.757  -0.800  -0.814
  12250.  5.00   0.291   0.268   0.122   0.055  -0.160  -0.593  -0.673  -0.691  -0.712  -0.735  -0.752  -0.794  -0.811
  12500.  2.50   0.328   0.309   0.178   0.113  -0.101  -0.525  -0.716  -0.745  -0.778  -0.791  -0.808  -0.847  -0.853
  12500.  3.00   0.288   0.266   0.131   0.067  -0.146  -0.537  -0.705  -0.737  -0.773  -0.790  -0.810  -0.854  -0.861
  12500.  3.50   0.270   0.247   0.108   0.043  -0.171  -0.556  -0.703  -0.735  -0.771  -0.791  -0.811  -0.857  -0.866
  12500.  4.00   0.269   0.245   0.101   0.036  -0.181  -0.577  -0.705  -0.735  -0.769  -0.791  -0.811  -0.857  -0.869
  12500.  4.50   0.281   0.255   0.107   0.040  -0.181  -0.602  -0.711  -0.737  -0.766  -0.789  -0.808  -0.855  -0.870
  12500.  5.00   0.302   0.276   0.124   0.054  -0.171  -0.628  -0.718  -0.738  -0.762  -0.786  -0.804  -0.849  -0.867
  12750.  2.50   0.346   0.325   0.187   0.118  -0.107  -0.560  -0.760  -0.790  -0.825  -0.839  -0.857  -0.899  -0.907
  12750.  3.00   0.305   0.280   0.138   0.071  -0.152  -0.573  -0.749  -0.783  -0.820  -0.839  -0.860  -0.906  -0.914
  12750.  3.50   0.285   0.259   0.113   0.046  -0.178  -0.592  -0.747  -0.781  -0.819  -0.840  -0.861  -0.910  -0.920
  12750.  4.00   0.283   0.256   0.105   0.037  -0.190  -0.613  -0.750  -0.782  -0.817  -0.840  -0.861  -0.911  -0.923
  12750.  4.50   0.292   0.264   0.109   0.039  -0.191  -0.637  -0.755  -0.783  -0.815  -0.839  -0.859  -0.909  -0.924
  12750.  5.00   0.312   0.283   0.124   0.052  -0.183  -0.662  -0.762  -0.784  -0.810  -0.836  -0.855  -0.904  -0.922
  13000.  2.50   0.363   0.339   0.194   0.122  -0.114  -0.595  -0.803  -0.835  -0.871  -0.886  -0.905  -0.951  -0.959
  13000.  3.00   0.319   0.293   0.143   0.073  -0.160  -0.608  -0.792  -0.828  -0.867  -0.887  -0.909  -0.958  -0.967
  13000.  3.50   0.298   0.270   0.117   0.047  -0.187  -0.628  -0.791  -0.827  -0.866  -0.889  -0.911  -0.962  -0.973
  13000.  4.00   0.294   0.265   0.108   0.037  -0.199  -0.649  -0.794  -0.827  -0.864  -0.889  -0.911  -0.963  -0.977
  13000.  4.50   0.303   0.272   0.110   0.038  -0.201  -0.673  -0.800  -0.829  -0.862  -0.888  -0.909  -0.961  -0.978
  13000.  5.00   0.321   0.289   0.124   0.049  -0.195  -0.697  -0.806  -0.830  -0.858  -0.885  -0.905  -0.957  -0.976
  14000.  2.00   0.484   0.464   0.303   0.219  -0.059  -0.735  -1.006  -1.033  -1.065  -1.075  -1.092  -1.136  -1.150
  14000.  2.50   0.411   0.380   0.207   0.126  -0.150  -0.732  -0.968  -1.006  -1.048  -1.068  -1.092  -1.148  -1.160
  14000.  3.00   0.361   0.326   0.149   0.070  -0.203  -0.747  -0.960  -1.001  -1.047  -1.072  -1.097  -1.158  -1.171
  14000.  3.50   0.334   0.297   0.117   0.038  -0.233  -0.768  -0.961  -1.002  -1.048  -1.075  -1.102  -1.163  -1.178
  14000.  4.00   0.325   0.286   0.104   0.025  -0.247  -0.789  -0.964  -1.003  -1.047  -1.077  -1.103  -1.166  -1.183
  14000.  4.50   0.329   0.289   0.103   0.022  -0.252  -0.812  -0.970  -1.006  -1.046  -1.077  -1.102  -1.165  -1.184
  14000.  5.00   0.342   0.301   0.112   0.030  -0.249  -0.834  -0.976  -1.007  -1.043  -1.075  -1.099  -1.162  -1.183
  15000.  2.50   0.438   0.400   0.206   0.117  -0.194  -0.861  -1.125  -1.167  -1.214  -1.239  -1.266  -1.332  -1.348
  15000.  3.00   0.383   0.341   0.141   0.054  -0.254  -0.879  -1.118  -1.164  -1.215  -1.245  -1.275  -1.345  -1.361
  15000.  3.50   0.351   0.306   0.103   0.017  -0.288  -0.901  -1.121  -1.167  -1.219  -1.251  -1.281  -1.353  -1.371
  15000.  4.00   0.338   0.291   0.086  -0.001  -0.306  -0.923  -1.125  -1.170  -1.220  -1.254  -1.284  -1.356  -1.376
  15000.  4.50   0.337   0.289   0.081  -0.006  -0.312  -0.945  -1.132  -1.173  -1.220  -1.255  -1.284  -1.356  -1.379
  15000.  5.00   0.347   0.298   0.087  -0.001  -0.310  -0.967  -1.139  -1.175  -1.217  -1.253  -1.282  -1.354  -1.378
  16000.  2.50   0.450   0.407   0.195   0.100  -0.241  -0.982  -1.272  -1.318  -1.370  -1.399  -1.429  -1.503  -1.523
  16000.  3.00   0.391   0.342   0.123   0.029  -0.309  -1.003  -1.266  -1.317  -1.374  -1.407  -1.441  -1.520  -1.539
  16000.  3.50   0.354   0.303   0.080  -0.013  -0.349  -1.028  -1.271  -1.322  -1.379  -1.416  -1.450  -1.530  -1.551
  16000.  4.00   0.337   0.283   0.058  -0.035  -0.369  -1.051  -1.277  -1.327  -1.383  -1.421  -1.454  -1.535  -1.558
  16000.  4.50   0.333   0.278   0.050  -0.043  -0.377  -1.073  -1.285  -1.331  -1.384  -1.423  -1.456  -1.537  -1.561
  16000.  5.00   0.340   0.284   0.053  -0.040  -0.377  -1.094  -1.292  -1.334  -1.382  -1.422  -1.454  -1.535  -1.561
  17000.  2.50   0.451   0.404   0.176   0.077  -0.289  -1.096  -1.411  -1.460  -1.517  -1.548  -1.582  -1.663  -1.686
  17000.  3.00   0.389   0.335   0.099   0.000  -0.365  -1.120  -1.406  -1.461  -1.522  -1.560  -1.596  -1.683  -1.706
  17000.  3.50   0.348   0.291   0.050  -0.047  -0.410  -1.147  -1.412  -1.468  -1.530  -1.570  -1.608  -1.697  -1.720
  17000.  4.00   0.327   0.268   0.024  -0.073  -0.434  -1.172  -1.421  -1.475  -1.536  -1.577  -1.615  -1.704  -1.729
  17000.  4.50   0.320   0.259   0.013  -0.084  -0.445  -1.195  -1.429  -1.480  -1.538  -1.581  -1.617  -1.706  -1.733
  17000.  5.00   0.325   0.262   0.014  -0.084  -0.446  -1.215  -1.437  -1.484  -1.537  -1.581  -1.616  -1.705  -1.734
  18000.  2.50   0.444   0.394   0.153   0.049  -0.337  -1.204  -1.542  -1.595  -1.655  -1.689  -1.725  -1.813  -1.838
  18000.  3.00   0.380   0.322   0.070  -0.032  -0.419  -1.230  -1.537  -1.596  -1.662  -1.702  -1.742  -1.836  -1.861
  18000.  3.50   0.336   0.273   0.017  -0.084  -0.470  -1.260  -1.546  -1.605  -1.672  -1.716  -1.756  -1.852  -1.878
  18000.  4.00   0.311   0.246  -0.013  -0.114  -0.499  -1.286  -1.556  -1.614  -1.679  -1.725  -1.765  -1.862  -1.889
  18000.  4.50   0.302   0.235  -0.027  -0.128  -0.513  -1.310  -1.565  -1.621  -1.683  -1.730  -1.769  -1.866  -1.894
  18000.  5.00   0.304   0.235  -0.029  -0.131  -0.516  -1.330  -1.574  -1.625  -1.684  -1.731  -1.770  -1.866  -1.896
  19000.  2.50   0.432   0.377   0.125   0.018  -0.386  -1.307  -1.667  -1.723  -1.786  -1.822  -1.860  -1.954  -1.981
  19000.  3.00   0.366   0.303   0.039  -0.067  -0.474  -1.334  -1.662  -1.723  -1.793  -1.837  -1.879  -1.980  -2.007
  19000.  3.50   0.318   0.251  -0.018  -0.123  -0.530  -1.366  -1.672  -1.735  -1.806  -1.853  -1.896  -1.999  -2.027
  19000.  4.00   0.290   0.220  -0.052  -0.157  -0.563  -1.394  -1.683  -1.745  -1.815  -1.864  -1.907  -2.010  -2.039
  19000.  4.50   0.278   0.206  -0.069  -0.174  -0.580  -1.418  -1.694  -1.753  -1.820  -1.870  -1.912  -2.016  -2.046
  19000.  5.00   0.278   0.205  -0.073  -0.178  -0.585  -1.439  -1.703  -1.759  -1.822  -1.872  -1.914  -2.017  -2.049
  20000.  3.00   0.348   0.281   0.004  -0.104  -0.529  -1.432  -1.779  -1.844  -1.917  -1.964  -2.008  -2.115  -2.144
  20000.  3.50   0.297   0.225  -0.056  -0.164  -0.589  -1.466  -1.791  -1.857  -1.932  -1.982  -2.027  -2.137  -2.166
  20000.  4.00   0.266   0.192  -0.093  -0.201  -0.625  -1.496  -1.804  -1.869  -1.943  -1.995  -2.040  -2.150  -2.181
  20000.  4.50   0.251   0.175  -0.112  -0.220  -0.644  -1.521  -1.816  -1.878  -1.950  -2.002  -2.048  -2.157  -2.189
  20000.  5.00   0.249   0.172  -0.119  -0.227  -0.652  -1.543  -1.826  -1.885  -1.953  -2.006  -2.050  -2.159  -2.193
  21000.  3.00   0.328   0.257  -0.031  -0.142  -0.584  -1.526  -1.889  -1.958  -2.034  -2.084  -2.130  -2.243  -2.274
  21000.  3.50   0.273   0.198  -0.095  -0.206  -0.647  -1.562  -1.903  -1.973  -2.052  -2.104  -2.152  -2.267  -2.298
  21000.  4.00   0.240   0.161  -0.135  -0.245  -0.686  -1.593  -1.918  -1.987  -2.064  -2.118  -2.167  -2.282  -2.315
  21000.  4.50   0.223   0.142  -0.157  -0.267  -0.708  -1.619  -1.931  -1.997  -2.072  -2.128  -2.175  -2.291  -2.324
  21000.  5.00   0.219   0.137  -0.165  -0.276  -0.718  -1.641  -1.942  -2.004  -2.076  -2.132  -2.179  -2.294  -2.329
  22000.  3.00   0.307   0.232  -0.067  -0.180  -0.637  -1.613  -1.993  -2.064  -2.144  -2.196  -2.245  -2.363  -2.395
  22000.  3.50   0.249   0.169  -0.136  -0.248  -0.705  -1.653  -2.010  -2.083  -2.165  -2.220  -2.270  -2.391  -2.423
  22000.  4.00   0.212   0.129  -0.178  -0.290  -0.746  -1.685  -2.026  -2.098  -2.179  -2.236  -2.287  -2.408  -2.441
  22000.  4.50   0.193   0.108  -0.201  -0.314  -0.770  -1.712  -2.040  -2.110  -2.189  -2.246  -2.296  -2.417  -2.452
  22000.  5.00   0.187   0.101  -0.211  -0.324  -0.781  -1.734  -2.052  -2.118  -2.193  -2.252  -2.301  -2.422  -2.458
  23000.  3.00   0.288   0.209  -0.100  -0.215  -0.686  -1.694  -2.090  -2.163  -2.246  -2.301  -2.351  -2.475  -2.509
  23000.  3.50   0.224   0.140  -0.175  -0.290  -0.761  -1.739  -2.111  -2.186  -2.271  -2.329  -2.381  -2.507  -2.542
  23000.  4.00   0.184   0.097  -0.221  -0.335  -0.806  -1.773  -2.129  -2.204  -2.288  -2.348  -2.400  -2.527  -2.562
  23000.  4.50   0.162   0.073  -0.246  -0.361  -0.831  -1.801  -2.144  -2.217  -2.299  -2.359  -2.412  -2.538  -2.574
  23000.  5.00   0.155   0.064  -0.258  -0.372  -0.844  -1.823  -2.156  -2.225  -2.305  -2.366  -2.417  -2.543  -2.580
  24000.  3.00   0.271   0.189  -0.128  -0.245  -0.729  -1.767  -2.178  -2.254  -2.340  -2.396  -2.449  -2.577  -2.613
  24000.  3.50   0.200   0.111  -0.213  -0.330  -0.815  -1.819  -2.205  -2.283  -2.372  -2.432  -2.486  -2.617  -2.653
  24000.  4.00   0.156   0.065  -0.263  -0.379  -0.863  -1.857  -2.226  -2.304  -2.392  -2.453  -2.508  -2.639  -2.676
  24000.  4.50   0.131   0.039  -0.291  -0.407  -0.891  -1.886  -2.243  -2.318  -2.404  -2.466  -2.521  -2.652  -2.689
  24000.  5.00   0.122   0.028  -0.304  -0.420  -0.905  -1.908  -2.255  -2.328  -2.410  -2.474  -2.527  -2.658  -2.697
  25000.  3.00   0.261   0.176  -0.147  -0.265  -0.760  -1.828  -2.255  -2.333  -2.421  -2.480  -2.534  -2.667  -2.704
  25000.  3.50   0.177   0.086  -0.248  -0.366  -0.865  -1.894  -2.292  -2.374  -2.465  -2.527  -2.584  -2.720  -2.757
  25000.  4.00   0.129   0.034  -0.303  -0.420  -0.918  -1.935  -2.317  -2.398  -2.489  -2.553  -2.610  -2.746  -2.783
  25000.  4.50   0.101   0.005  -0.334  -0.451  -0.948  -1.966  -2.336  -2.414  -2.503  -2.568  -2.624  -2.761  -2.799
  25000.  5.00   0.091  -0.007  -0.348  -0.466  -0.963  -1.988  -2.349  -2.425  -2.511  -2.576  -2.632  -2.768  -2.807
  26000.  3.00   0.253   0.169  -0.156  -0.275  -0.774  -1.876  -2.320  -2.399  -2.488  -2.547  -2.603  -2.738  -2.777
  26000.  3.50   0.159   0.064  -0.278  -0.398  -0.909  -1.961  -2.373  -2.456  -2.551  -2.615  -2.674  -2.815  -2.853
  26000.  4.00   0.104   0.006  -0.340  -0.459  -0.969  -2.009  -2.403  -2.486  -2.580  -2.646  -2.705  -2.846  -2.885
  26000.  4.50   0.073  -0.027  -0.375  -0.493  -1.003  -2.041  -2.423  -2.505  -2.597  -2.664  -2.722  -2.863  -2.902
  26000.  5.00   0.060  -0.041  -0.391  -0.510  -1.020  -2.065  -2.438  -2.516  -2.606  -2.673  -2.731  -2.871  -2.912
  27000.  3.50   0.144   0.048  -0.302  -0.422  -0.944  -2.020  -2.444  -2.530  -2.627  -2.694  -2.755  -2.900  -2.939
  27000.  4.00   0.082  -0.020  -0.374  -0.494  -1.016  -2.076  -2.482  -2.567  -2.665  -2.733  -2.794  -2.939  -2.979
  27000.  4.50   0.047  -0.056  -0.413  -0.533  -1.054  -2.112  -2.505  -2.589  -2.684  -2.754  -2.814  -2.959  -3.000
  27000.  5.00   0.032  -0.073  -0.431  -0.551  -1.073  -2.136  -2.521  -2.602  -2.695  -2.765  -2.824  -2.969  -3.010
  28000.  3.50   0.133   0.035  -0.318  -0.440  -0.970  -2.069  -2.506  -2.594  -2.694  -2.762  -2.824  -2.973  -3.014
  28000.  4.00   0.063  -0.041  -0.402  -0.524  -1.056  -2.136  -2.554  -2.642  -2.742  -2.812  -2.875  -3.025  -3.065
  28000.  4.50   0.024  -0.083  -0.447  -0.568  -1.100  -2.176  -2.581  -2.668  -2.766  -2.837  -2.899  -3.049  -3.090
  28000.  5.00   0.006  -0.102  -0.468  -0.589  -1.121  -2.203  -2.599  -2.683  -2.778  -2.850  -2.912  -3.061  -3.103
  29000.  3.50   0.119   0.021  -0.333  -0.456  -0.990  -2.112  -2.563  -2.652  -2.753  -2.822  -2.886  -3.037  -3.078
  29000.  4.00   0.047  -0.058  -0.425  -0.548  -1.090  -2.189  -2.618  -2.708  -2.811  -2.883  -2.948  -3.102  -3.144
  29000.  4.50   0.003  -0.105  -0.476  -0.598  -1.141  -2.235  -2.651  -2.740  -2.841  -2.914  -2.978  -3.132  -3.174
  29000.  5.00  -0.018  -0.128  -0.501  -0.623  -1.166  -2.263  -2.671  -2.757  -2.856  -2.930  -2.993  -3.146  -3.189
  30000.  3.50   0.093  -0.003  -0.356  -0.479  -1.014  -2.157  -2.620  -2.710  -2.812  -2.881  -2.945  -3.096  -3.138
  30000.  4.00   0.032  -0.073  -0.444  -0.568  -1.117  -2.235  -2.676  -2.768  -2.873  -2.947  -3.013  -3.170  -3.213
  30000.  4.50  -0.014  -0.124  -0.501  -0.624  -1.176  -2.287  -2.714  -2.805  -2.909  -2.984  -3.050  -3.207  -3.250
  30000.  5.00  -0.038  -0.151  -0.530  -0.653  -1.205  -2.319  -2.737  -2.826  -2.927  -3.003  -3.068  -3.225  -3.269
  31000.  3.50   0.053  -0.041  -0.391  -0.515  -1.049  -2.209  -2.683  -2.772  -2.874  -2.943  -3.007  -3.157  -3.199
  31000.  4.00   0.013  -0.092  -0.464  -0.588  -1.143  -2.279  -2.731  -2.825  -2.932  -3.006  -3.074  -3.233  -3.276
  31000.  4.50  -0.032  -0.142  -0.523  -0.647  -1.206  -2.333  -2.772  -2.865  -2.971  -3.048  -3.115  -3.276  -3.320
  31000.  5.00  -0.058  -0.171  -0.555  -0.680  -1.240  -2.368  -2.798  -2.889  -2.993  -3.070  -3.137  -3.298  -3.342
  32000.  4.00  -0.013  -0.117  -0.488  -0.613  -1.171  -2.323  -2.785  -2.880  -2.988  -3.063  -3.132  -3.292  -3.336
  32000.  4.50  -0.052  -0.162  -0.545  -0.670  -1.235  -2.377  -2.826  -2.921  -3.030  -3.107  -3.176  -3.339  -3.384
  32000.  5.00  -0.078  -0.192  -0.579  -0.704  -1.272  -2.414  -2.854  -2.948  -3.054  -3.132  -3.201  -3.365  -3.409
  33000.  4.00  -0.052  -0.154  -0.524  -0.649  -1.207  -2.373  -2.844  -2.939  -3.049  -3.124  -3.193  -3.354  -3.398
  33000.  4.50  -0.077  -0.186  -0.569  -0.694  -1.264  -2.420  -2.879  -2.975  -3.086  -3.164  -3.234  -3.399  -3.444
  33000.  5.00  -0.100  -0.214  -0.603  -0.729  -1.302  -2.458  -2.908  -3.003  -3.112  -3.191  -3.261  -3.427  -3.472
  34000.  4.00  -0.102  -0.202  -0.570  -0.696  -1.254  -2.431  -2.909  -3.004  -3.114  -3.189  -3.259  -3.418  -3.463
  34000.  4.50  -0.112  -0.219  -0.601  -0.727  -1.298  -2.468  -2.934  -3.032  -3.144  -3.223  -3.294  -3.460  -3.505
  34000.  5.00  -0.128  -0.241  -0.630  -0.757  -1.334  -2.502  -2.961  -3.057  -3.168  -3.249  -3.320  -3.487  -3.533
  35000.  4.00  -0.160  -0.260  -0.627  -0.752  -1.309  -2.495  -2.979  -3.074  -3.185  -3.259  -3.329  -3.487  -3.531
  35000.  4.50  -0.156  -0.262  -0.642  -0.769  -1.341  -2.521  -2.994  -3.092  -3.205  -3.285  -3.357  -3.522  -3.567
  35000.  5.00  -0.165  -0.276  -0.665  -0.791  -1.371  -2.550  -3.016  -3.114  -3.226  -3.308  -3.380  -3.548  -3.594
  36000.  4.00  -0.226  -0.324  -0.691  -0.816  -1.373  -2.566  -3.054  -3.150  -3.261  -3.334  -3.404  -3.560  -3.604
  36000.  4.50  -0.209  -0.313  -0.692  -0.819  -1.391  -2.580  -3.059  -3.157  -3.271  -3.350  -3.423  -3.587  -3.632
  36000.  5.00  -0.210  -0.319  -0.706  -0.833  -1.414  -2.602  -3.075  -3.174  -3.288  -3.369  -3.442  -3.611  -3.657
  37000.  4.00  -0.295  -0.394  -0.761  -0.886  -1.443  -2.642  -3.133  -3.229  -3.340  -3.413  -3.484  -3.638  -3.682
  37000.  4.50  -0.269  -0.372  -0.749  -0.876  -1.448  -2.644  -3.128  -3.227  -3.341  -3.419  -3.493  -3.655  -3.701
  37000.  5.00  -0.262  -0.369  -0.755  -0.882  -1.464  -2.660  -3.138  -3.237  -3.352  -3.433  -3.507  -3.675  -3.721
  38000.  4.00  -0.367  -0.466  -0.834  -0.959  -1.518  -2.720  -3.215  -3.310  -3.422  -3.495  -3.565  -3.719  -3.763
  38000.  4.50  -0.334  -0.436  -0.813  -0.940  -1.512  -2.714  -3.201  -3.300  -3.415  -3.493  -3.567  -3.727  -3.773
  38000.  5.00  -0.321  -0.426  -0.811  -0.938  -1.520  -2.722  -3.204  -3.304  -3.420  -3.501  -3.575  -3.741  -3.788
  39000.  4.00  -0.439  -0.539  -0.908  -1.033  -1.593  -2.799  -3.296  -3.392  -3.504  -3.578  -3.648  -3.802  -3.846
  39000.  4.50  -0.401  -0.503  -0.881  -1.008  -1.581  -2.787  -3.277  -3.376  -3.492  -3.570  -3.644  -3.803  -3.849
  39000.  5.00  -0.383  -0.488  -0.872  -0.999  -1.581  -2.788  -3.275  -3.375  -3.491  -3.572  -3.647  -3.811  -3.858
  40000.  4.50  -0.470  -0.572  -0.951  -1.078  -1.652  -2.862  -3.355  -3.454  -3.571  -3.649  -3.723  -3.882  -3.927
  40000.  5.00  -0.449  -0.553  -0.937  -1.065  -1.647  -2.858  -3.348  -3.448  -3.566  -3.646  -3.721  -3.884  -3.931
  41000.  4.50  -0.540  -0.642  -1.022  -1.149  -1.725  -2.937  -3.433  -3.533  -3.650  -3.728  -3.802  -3.961  -4.007
  41000.  5.00  -0.517  -0.621  -1.005  -1.132  -1.716  -2.931  -3.423  -3.523  -3.642  -3.722  -3.798  -3.960  -4.007
  42000.  4.50  -0.609  -0.712  -1.093  -1.220  -1.798  -3.013  -3.510  -3.610  -3.728  -3.806  -3.881  -4.040  -4.086
  42000.  5.00  -0.585  -0.689  -1.074  -1.202  -1.786  -3.004  -3.498  -3.599  -3.718  -3.799  -3.875  -4.037  -4.083
  43000.  4.50  -0.676  -0.780  -1.163  -1.290  -1.870  -3.087  -3.586  -3.687  -3.805  -3.884  -3.959  -4.119  -4.165
  43000.  5.00  -0.653  -0.757  -1.143  -1.271  -1.857  -3.078  -3.574  -3.675  -3.795  -3.876  -3.952  -4.114  -4.161
  44000.  4.50  -0.743  -0.847  -1.231  -1.359  -1.940  -3.160  -3.661  -3.762  -3.881  -3.960  -4.036  -4.196  -4.242
  44000.  5.00  -0.720  -0.825  -1.212  -1.340  -1.928  -3.151  -3.648  -3.750  -3.871  -3.952  -4.029  -4.191  -4.238
  45000.  4.50  -0.808  -0.913  -1.299  -1.427  -2.010  -3.232  -3.734  -3.835  -3.955  -4.034  -4.111  -4.271  -4.318
  45000.  5.00  -0.787  -0.892  -1.280  -1.409  -1.998  -3.223  -3.722  -3.824  -3.946  -4.027  -4.105  -4.267  -4.314
  46000.  4.50  -0.872  -0.978  -1.365  -1.493  -2.078  -3.302  -3.805  -3.907  -4.028  -4.107  -4.184  -4.345  -4.392
  46000.  5.00  -0.852  -0.958  -1.347  -1.476  -2.067  -3.294  -3.794  -3.897  -4.019  -4.101  -4.179  -4.342  -4.389
  47000.  4.50  -0.934  -1.041  -1.430  -1.558  -2.144  -3.370  -3.875  -3.978  -4.098  -4.178  -4.255  -4.418  -4.464
  47000.  5.00  -0.916  -1.022  -1.413  -1.542  -2.135  -3.364  -3.865  -3.969  -4.091  -4.173  -4.252  -4.415  -4.462
  48000.  4.50  -0.996  -1.104  -1.493  -1.621  -2.209  -3.437  -3.943  -4.046  -4.167  -4.248  -4.325  -4.488  -4.535
  48000.  5.00  -0.978  -1.085  -1.478  -1.606  -2.201  -3.432  -3.935  -4.039  -4.161  -4.244  -4.323  -4.487  -4.534
  49000.  4.50  -1.056  -1.164  -1.556  -1.684  -2.273  -3.502  -4.010  -4.114  -4.235  -4.316  -4.393  -4.557  -4.604
  49000.  5.00  -1.040  -1.147  -1.541  -1.670  -2.266  -3.499  -4.003  -4.107  -4.230  -4.313  -4.392  -4.557  -4.604
  50000.  5.00  -1.099  -1.208  -1.603  -1.732  -2.330  -3.564  -4.069  -4.174  -4.298  -4.381  -4.460  -4.626  -4.673
