   3500.  0.00 -10.373  -9.702 -10.818  -9.037  -8.319  -6.300  -5.231  -3.918  -2.899  -2.102  -1.725  -0.489  -0.254
   3500.  0.50 -10.225  -9.657 -10.728  -8.686  -7.810  -5.932  -4.932  -3.751  -2.793  -2.037  -1.669  -0.452  -0.220
   3500.  1.00 -10.076  -9.607 -10.623  -8.321  -7.299  -5.600  -4.675  -3.609  -2.702  -1.976  -1.616  -0.410  -0.179
   3500.  1.50  -9.934  -9.551 -10.499  -7.972  -6.832  -5.315  -4.458  -3.486  -2.618  -1.915  -1.561  -0.362  -0.133
   3500.  2.00  -9.804  -9.492 -10.352  -7.658  -6.432  -5.079  -4.275  -3.377  -2.538  -1.854  -1.504  -0.311  -0.084
   3500.  2.50  -9.699  -9.431 -10.185  -7.414  -6.133  -4.909  -4.143  -3.291  -2.468  -1.791  -1.442  -0.256  -0.031
   3500.  3.00  -9.630  -9.369  -9.979  -7.249  -5.940  -4.811  -4.081  -3.234  -2.406  -1.721  -1.370  -0.196   0.025
   3500.  3.50  -9.594  -9.321  -9.768  -7.148  -5.827  -4.773  -4.055  -3.195  -2.352  -1.654  -1.299  -0.150   0.064
   3500.  4.00  -9.601  -9.297  -9.631  -7.122  -5.799  -4.801  -4.066  -3.193  -2.331  -1.619  -1.260  -0.129   0.081
   3500.  4.50  -9.641  -9.288  -9.589  -7.160  -5.839  -4.889  -4.109  -3.221  -2.335  -1.605  -1.240  -0.117   0.090
   3500.  5.00  -9.713  -9.292  -9.659  -7.269  -5.956  -5.046  -4.191  -3.279  -2.363  -1.610  -1.238  -0.112   0.094
   3750.  0.00 -10.028  -9.554 -10.569  -8.409  -7.446  -5.678  -4.652  -3.396  -2.469  -1.744  -1.389  -0.333  -0.137
   3750.  0.50  -9.916  -9.540 -10.479  -8.103  -7.033  -5.408  -4.439  -3.292  -2.408  -1.712  -1.365  -0.331  -0.138
   3750.  1.00  -9.811  -9.519 -10.373  -7.802  -6.637  -5.174  -4.264  -3.212  -2.361  -1.686  -1.343  -0.322  -0.130
   3750.  1.50  -9.711  -9.489 -10.247  -7.516  -6.273  -4.968  -4.115  -3.144  -2.317  -1.658  -1.318  -0.304  -0.112
   3750.  2.00  -9.613  -9.451 -10.096  -7.251  -5.948  -4.786  -3.983  -3.079  -2.274  -1.626  -1.288  -0.277  -0.085
   3750.  2.50  -9.528  -9.406  -9.929  -7.038  -5.696  -4.643  -3.873  -3.022  -2.230  -1.591  -1.253  -0.243  -0.052
   3750.  3.00  -9.464  -9.356  -9.739  -6.890  -5.529  -4.547  -3.805  -2.981  -2.194  -1.554  -1.215  -0.201  -0.010
   3750.  3.50  -9.419  -9.298  -9.478  -6.782  -5.419  -4.486  -3.781  -2.956  -2.163  -1.512  -1.171  -0.150   0.038
   3750.  4.00  -9.387  -9.243  -9.213  -6.693  -5.334  -4.449  -3.764  -2.933  -2.132  -1.472  -1.129  -0.111   0.075
   3750.  4.50  -9.390  -9.208  -9.055  -6.668  -5.313  -4.464  -3.770  -2.935  -2.121  -1.451  -1.104  -0.089   0.095
   3750.  5.00  -9.425  -9.191  -9.015  -6.704  -5.354  -4.536  -3.804  -2.960  -2.127  -1.443  -1.091  -0.075   0.108
   4000.  0.00  -9.640  -9.391 -10.027  -7.605  -6.444  -5.023  -4.105  -2.951  -2.122  -1.470  -1.141  -0.193  -0.021
   4000.  0.50  -9.525  -9.378  -9.804  -7.280  -6.050  -4.782  -3.922  -2.860  -2.073  -1.450  -1.130  -0.204  -0.034
   4000.  1.00  -9.433  -9.360  -9.547  -6.982  -5.698  -4.589  -3.787  -2.801  -2.044  -1.441  -1.126  -0.211  -0.043
   4000.  1.50  -9.363  -9.337  -9.293  -6.735  -5.413  -4.444  -3.689  -2.767  -2.029  -1.437  -1.124  -0.216  -0.047
   4000.  2.00  -9.312  -9.312  -9.097  -6.552  -5.204  -4.340  -3.618  -2.748  -2.020  -1.433  -1.120  -0.215  -0.047
   4000.  2.50  -9.273  -9.288  -8.999  -6.433  -5.064  -4.266  -3.563  -2.735  -2.010  -1.425  -1.110  -0.207  -0.039
   4000.  3.00  -9.238  -9.263  -8.977  -6.364  -4.978  -4.212  -3.515  -2.720  -1.995  -1.408  -1.090  -0.188  -0.021
   4000.  3.50  -9.210  -9.222  -8.905  -6.325  -4.936  -4.178  -3.490  -2.711  -1.980  -1.385  -1.063  -0.153   0.014
   4000.  4.00  -9.184  -9.158  -8.690  -6.278  -4.901  -4.148  -3.486  -2.704  -1.965  -1.358  -1.033  -0.111   0.056
   4000.  4.50  -9.158  -9.084  -8.446  -6.221  -4.858  -4.119  -3.477  -2.694  -1.947  -1.331  -1.003  -0.074   0.092
   4000.  5.00  -9.158  -9.027  -8.299  -6.208  -4.856  -4.129  -3.483  -2.698  -1.940  -1.315  -0.983  -0.051   0.114
   4250.  0.00  -9.290  -9.204  -8.976  -6.836  -5.609  -4.466  -3.662  -2.621  -1.865  -1.269  -0.960  -0.089   0.064
   4250.  0.50  -9.173  -9.156  -8.601  -6.510  -5.250  -4.253  -3.503  -2.536  -1.821  -1.253  -0.955  -0.105   0.046
   4250.  1.00  -9.079  -9.082  -8.192  -6.208  -4.928  -4.081  -3.386  -2.481  -1.795  -1.248  -0.957  -0.119   0.032
   4250.  1.50  -9.007  -8.980  -7.805  -5.953  -4.667  -3.952  -3.302  -2.448  -1.783  -1.248  -0.960  -0.129   0.022
   4250.  2.00  -8.955  -8.866  -7.505  -5.762  -4.476  -3.862  -3.246  -2.432  -1.779  -1.250  -0.964  -0.135   0.016
   4250.  2.50  -8.920  -8.767  -7.324  -5.639  -4.349  -3.803  -3.207  -2.426  -1.779  -1.253  -0.966  -0.138   0.013
   4250.  3.00  -8.900  -8.715  -7.288  -5.591  -4.288  -3.773  -3.182  -2.427  -1.781  -1.254  -0.964  -0.136   0.014
   4250.  3.50  -8.894  -8.717  -7.379  -5.608  -4.283  -3.767  -3.167  -2.434  -1.782  -1.252  -0.957  -0.129   0.021
   4250.  4.00  -8.898  -8.726  -7.483  -5.656  -4.321  -3.780  -3.173  -2.447  -1.784  -1.243  -0.942  -0.108   0.042
   4250.  4.50  -8.894  -8.687  -7.472  -5.699  -4.373  -3.793  -3.191  -2.461  -1.783  -1.228  -0.921  -0.075   0.075
   4250.  5.00  -8.882  -8.634  -7.416  -5.717  -4.404  -3.795  -3.202  -2.468  -1.778  -1.210  -0.899  -0.043   0.107
   4500.  0.00  -8.954  -8.914  -7.934  -6.163  -4.942  -3.979  -3.288  -2.361  -1.670  -1.121  -0.830  -0.016   0.122
   4500.  0.50  -8.846  -8.801  -7.547  -5.866  -4.631  -3.807  -3.164  -2.293  -1.635  -1.110  -0.828  -0.036   0.101
   4500.  1.00  -8.755  -8.642  -7.138  -5.587  -4.353  -3.668  -3.070  -2.247  -1.614  -1.107  -0.832  -0.052   0.085
   4500.  1.50  -8.681  -8.444  -6.760  -5.348  -4.127  -3.564  -3.005  -2.218  -1.603  -1.108  -0.838  -0.065   0.072
   4500.  2.00  -8.619  -8.234  -6.454  -5.161  -3.958  -3.490  -2.960  -2.202  -1.599  -1.112  -0.844  -0.074   0.063
   4500.  2.50  -8.567  -8.052  -6.247  -5.033  -3.841  -3.442  -2.929  -2.195  -1.600  -1.115  -0.848  -0.079   0.058
   4500.  3.00  -8.529  -7.935  -6.157  -4.971  -3.777  -3.416  -2.909  -2.194  -1.601  -1.118  -0.849  -0.081   0.056
   4500.  3.50  -8.506  -7.891  -6.176  -4.969  -3.759  -3.407  -2.896  -2.198  -1.603  -1.119  -0.847  -0.079   0.058
   4500.  4.00  -8.502  -7.917  -6.291  -5.014  -3.779  -3.414  -2.890  -2.206  -1.607  -1.118  -0.842  -0.073   0.064
   4500.  4.50  -8.511  -7.973  -6.449  -5.097  -3.838  -3.439  -2.897  -2.221  -1.610  -1.114  -0.831  -0.058   0.078
   4500.  5.00  -8.511  -7.986  -6.545  -5.186  -3.923  -3.470  -2.920  -2.239  -1.614  -1.105  -0.816  -0.033   0.103
   4750.  0.00  -8.578  -8.511  -7.112  -5.557  -4.360  -3.508  -2.936  -2.132  -1.510  -1.008  -0.736   0.023   0.149
   4750.  0.50  -8.484  -8.339  -6.741  -5.295  -4.095  -3.385  -2.852  -2.087  -1.488  -1.005  -0.740   0.004   0.129
   4750.  1.00  -8.396  -8.109  -6.352  -5.044  -3.857  -3.284  -2.788  -2.055  -1.475  -1.005  -0.746  -0.013   0.112
   4750.  1.50  -8.310  -7.841  -5.991  -4.824  -3.661  -3.207  -2.743  -2.035  -1.468  -1.008  -0.753  -0.027   0.099
   4750.  2.00  -8.220  -7.572  -5.693  -4.647  -3.513  -3.155  -2.714  -2.023  -1.466  -1.012  -0.760  -0.037   0.089
   4750.  2.50  -8.129  -7.346  -5.482  -4.521  -3.409  -3.122  -2.695  -2.018  -1.466  -1.016  -0.765  -0.044   0.082
   4750.  3.00  -8.050  -7.190  -5.366  -4.449  -3.346  -3.105  -2.682  -2.016  -1.467  -1.019  -0.767  -0.047   0.078
   4750.  3.50  -7.998  -7.114  -5.342  -4.431  -3.321  -3.101  -2.674  -2.016  -1.468  -1.020  -0.767  -0.047   0.078
   4750.  4.00  -7.980  -7.112  -5.402  -4.459  -3.329  -3.108  -2.669  -2.019  -1.468  -1.019  -0.763  -0.044   0.082
   4750.  4.50  -7.991  -7.164  -5.525  -4.523  -3.364  -3.125  -2.668  -2.025  -1.469  -1.016  -0.757  -0.037   0.088
   4750.  5.00  -8.025  -7.251  -5.698  -4.630  -3.441  -3.157  -2.676  -2.037  -1.472  -1.012  -0.747  -0.024   0.100
   5000.  0.00  -8.191  -8.032  -6.392  -5.007  -3.859  -3.067  -2.606  -1.925  -1.375  -0.922  -0.670   0.032   0.149
   5000.  0.50  -8.103  -7.805  -6.051  -4.780  -3.633  -2.988  -2.560  -1.904  -1.368  -0.926  -0.680   0.014   0.131
   5000.  1.00  -7.997  -7.519  -5.696  -4.559  -3.428  -2.923  -2.526  -1.888  -1.364  -0.932  -0.689  -0.001   0.115
   5000.  1.50  -7.860  -7.200  -5.361  -4.359  -3.256  -2.874  -2.503  -1.880  -1.364  -0.938  -0.698  -0.014   0.102
   5000.  2.00  -7.692  -6.890  -5.078  -4.192  -3.121  -2.841  -2.490  -1.876  -1.366  -0.944  -0.706  -0.025   0.091
   5000.  2.50  -7.520  -6.635  -4.869  -4.068  -3.025  -2.823  -2.483  -1.875  -1.368  -0.949  -0.712  -0.032   0.084
   5000.  3.00  -7.381  -6.457  -4.740  -3.990  -2.963  -2.817  -2.481  -1.876  -1.370  -0.952  -0.715  -0.036   0.080
   5000.  3.50  -7.298  -6.367  -4.694  -3.961  -2.935  -2.821  -2.481  -1.876  -1.370  -0.952  -0.715  -0.037   0.080
   5000.  4.00  -7.272  -6.352  -4.720  -3.975  -2.936  -2.834  -2.481  -1.877  -1.369  -0.950  -0.711  -0.034   0.082
   5000.  4.50  -7.288  -6.391  -4.800  -4.022  -2.959  -2.852  -2.482  -1.880  -1.367  -0.947  -0.706  -0.028   0.088
   5000.  5.00  -7.333  -6.468  -4.929  -4.103  -3.010  -2.879  -2.486  -1.884  -1.365  -0.942  -0.697  -0.019   0.096
   5250.  0.00  -7.794  -7.480  -5.768  -4.552  -3.476  -2.699  -2.323  -1.749  -1.265  -0.858  -0.627   0.019   0.129
   5250.  0.50  -7.682  -7.215  -5.460  -4.351  -3.276  -2.650  -2.304  -1.746  -1.270  -0.869  -0.640   0.004   0.113
   5250.  1.00  -7.524  -6.901  -5.142  -4.153  -3.093  -2.611  -2.293  -1.745  -1.275  -0.879  -0.652  -0.010   0.099
   5250.  1.50  -7.312  -6.566  -4.841  -3.970  -2.935  -2.584  -2.289  -1.748  -1.282  -0.888  -0.663  -0.021   0.087
   5250.  2.00  -7.070  -6.250  -4.582  -3.813  -2.809  -2.568  -2.292  -1.753  -1.289  -0.897  -0.672  -0.031   0.077
   5250.  2.50  -6.841  -5.991  -4.382  -3.691  -2.714  -2.562  -2.298  -1.758  -1.295  -0.904  -0.680  -0.038   0.070
   5250.  3.00  -6.665  -5.808  -4.248  -3.607  -2.648  -2.565  -2.305  -1.764  -1.299  -0.908  -0.684  -0.043   0.066
   5250.  3.50  -6.565  -5.710  -4.186  -3.568  -2.612  -2.575  -2.313  -1.767  -1.300  -0.910  -0.685  -0.043   0.065
   5250.  4.00  -6.537  -5.687  -4.187  -3.568  -2.604  -2.592  -2.320  -1.770  -1.299  -0.907  -0.682  -0.041   0.067
   5250.  4.50  -6.561  -5.720  -4.239  -3.601  -2.618  -2.613  -2.326  -1.771  -1.296  -0.903  -0.676  -0.034   0.073
   5250.  5.00  -6.618  -5.791  -4.332  -3.661  -2.651  -2.639  -2.331  -1.772  -1.292  -0.897  -0.668  -0.026   0.081
   5500.  0.00  -7.383  -6.923  -5.262  -4.201  -3.208  -2.409  -2.093  -1.605  -1.178  -0.813  -0.601  -0.007   0.098
   5500.  0.50  -7.225  -6.642  -4.984  -4.020  -3.028  -2.382  -2.092  -1.613  -1.191  -0.827  -0.616  -0.020   0.084
   5500.  1.00  -7.005  -6.321  -4.695  -3.836  -2.856  -2.360  -2.096  -1.623  -1.203  -0.840  -0.629  -0.031   0.071
   5500.  1.50  -6.736  -5.992  -4.421  -3.663  -2.704  -2.347  -2.105  -1.635  -1.215  -0.853  -0.642  -0.041   0.060
   5500.  2.00  -6.456  -5.689  -4.181  -3.510  -2.577  -2.342  -2.119  -1.648  -1.227  -0.864  -0.653  -0.050   0.051
   5500.  2.50  -6.207  -5.436  -3.986  -3.385  -2.476  -2.345  -2.135  -1.660  -1.238  -0.874  -0.663  -0.058   0.043
   5500.  3.00  -6.021  -5.255  -3.849  -3.294  -2.401  -2.353  -2.152  -1.672  -1.246  -0.881  -0.669  -0.063   0.038
   5500.  3.50  -5.913  -5.151  -3.773  -3.241  -2.353  -2.366  -2.167  -1.680  -1.251  -0.885  -0.672  -0.065   0.036
   5500.  4.00  -5.878  -5.118  -3.753  -3.226  -2.331  -2.384  -2.180  -1.685  -1.252  -0.884  -0.671  -0.062   0.039
   5500.  4.50  -5.903  -5.144  -3.784  -3.244  -2.332  -2.406  -2.191  -1.688  -1.249  -0.880  -0.665  -0.056   0.045
   5500.  5.00  -5.964  -5.207  -3.851  -3.287  -2.351  -2.431  -2.199  -1.688  -1.244  -0.873  -0.656  -0.047   0.053
   5750.  0.00  -6.963  -6.416  -4.864  -3.934  -3.028  -2.176  -1.904  -1.486  -1.110  -0.782  -0.589  -0.045   0.058
   5750.  0.50  -6.768  -6.141  -4.616  -3.775  -2.867  -2.170  -1.918  -1.503  -1.126  -0.797  -0.602  -0.052   0.048
   5750.  1.00  -6.509  -5.831  -4.354  -3.604  -2.706  -2.163  -1.933  -1.520  -1.143  -0.811  -0.616  -0.060   0.037
   5750.  1.50  -6.217  -5.517  -4.101  -3.438  -2.557  -2.162  -1.951  -1.538  -1.159  -0.826  -0.629  -0.069   0.027
   5750.  2.00  -5.928  -5.228  -3.873  -3.285  -2.425  -2.165  -1.974  -1.558  -1.176  -0.840  -0.643  -0.077   0.018
   5750.  2.50  -5.677  -4.984  -3.680  -3.154  -2.315  -2.173  -1.998  -1.577  -1.192  -0.853  -0.655  -0.085   0.010
   5750.  3.00  -5.487  -4.802  -3.536  -3.052  -2.226  -2.185  -2.022  -1.595  -1.205  -0.864  -0.664  -0.091   0.003
   5750.  3.50  -5.369  -4.688  -3.441  -2.981  -2.160  -2.199  -2.044  -1.609  -1.215  -0.872  -0.671  -0.095  -0.000
   5750.  4.00  -5.323  -4.641  -3.401  -2.948  -2.119  -2.215  -2.062  -1.619  -1.219  -0.874  -0.672  -0.094   0.001
   5750.  4.50  -5.339  -4.655  -3.411  -2.948  -2.103  -2.235  -2.076  -1.624  -1.219  -0.871  -0.668  -0.089   0.006
   5750.  5.00  -5.395  -4.707  -3.455  -2.975  -2.106  -2.257  -2.087  -1.625  -1.215  -0.865  -0.660  -0.080   0.014
   6000.  0.00  -6.555  -5.981  -4.552  -3.727  -2.907  -1.979  -1.744  -1.387  -1.056  -0.764  -0.589  -0.091   0.011
   6000.  0.50  -6.346  -5.726  -4.336  -3.591  -2.767  -1.995  -1.771  -1.409  -1.073  -0.776  -0.598  -0.092   0.006
   6000.  1.00  -6.077  -5.436  -4.100  -3.437  -2.617  -2.004  -1.796  -1.431  -1.092  -0.790  -0.610  -0.095  -0.001
   6000.  1.50  -5.786  -5.143  -3.865  -3.279  -2.472  -2.013  -1.822  -1.455  -1.111  -0.805  -0.623  -0.101  -0.009
   6000.  2.00  -5.506  -4.870  -3.647  -3.128  -2.338  -2.026  -1.851  -1.480  -1.132  -0.821  -0.636  -0.108  -0.018
   6000.  2.50  -5.261  -4.635  -3.458  -2.993  -2.219  -2.040  -1.882  -1.504  -1.152  -0.837  -0.650  -0.116  -0.026
   6000.  3.00  -5.069  -4.450  -3.304  -2.879  -2.117  -2.055  -1.912  -1.528  -1.170  -0.852  -0.663  -0.123  -0.034
   6000.  3.50  -4.939  -4.321  -3.191  -2.791  -2.034  -2.071  -1.940  -1.549  -1.186  -0.864  -0.674  -0.129  -0.040
   6000.  4.00  -4.875  -4.256  -3.127  -2.736  -1.972  -2.087  -1.964  -1.564  -1.196  -0.871  -0.679  -0.131  -0.042
   6000.  4.50  -4.872  -4.247  -3.110  -2.714  -1.934  -2.103  -1.983  -1.574  -1.200  -0.872  -0.679  -0.128  -0.039
   6000.  5.00  -4.915  -4.284  -3.133  -2.721  -1.919  -2.120  -1.997  -1.578  -1.198  -0.868  -0.673  -0.121  -0.032
   6250.  0.50  -5.974  -5.387  -4.119  -3.449  -2.704  -1.841  -1.642  -1.328  -1.031  -0.765  -0.603  -0.139  -0.042
   6250.  1.00  -5.716  -5.121  -3.906  -3.311  -2.566  -1.868  -1.676  -1.354  -1.049  -0.776  -0.610  -0.137  -0.044
   6250.  1.50  -5.440  -4.850  -3.689  -3.164  -2.426  -1.889  -1.710  -1.381  -1.070  -0.790  -0.621  -0.138  -0.049
   6250.  2.00  -5.174  -4.594  -3.482  -3.018  -2.292  -1.911  -1.745  -1.410  -1.092  -0.807  -0.635  -0.142  -0.056
   6250.  2.50  -4.939  -4.367  -3.295  -2.880  -2.168  -1.932  -1.782  -1.440  -1.115  -0.824  -0.649  -0.149  -0.064
   6250.  3.00  -4.747  -4.179  -3.134  -2.758  -2.057  -1.953  -1.818  -1.469  -1.138  -0.842  -0.665  -0.156  -0.073
   6250.  3.50  -4.608  -4.039  -3.008  -2.657  -1.960  -1.973  -1.853  -1.496  -1.159  -0.858  -0.678  -0.164  -0.080
   6250.  4.00  -4.525  -3.952  -2.921  -2.582  -1.880  -1.989  -1.883  -1.518  -1.175  -0.870  -0.689  -0.169  -0.085
   6250.  4.50  -4.498  -3.919  -2.877  -2.537  -1.820  -2.004  -1.907  -1.534  -1.185  -0.877  -0.693  -0.169  -0.086
   6250.  5.00  -4.519  -3.933  -2.874  -2.522  -1.784  -2.018  -1.924  -1.543  -1.189  -0.877  -0.692  -0.165  -0.082
   6500.  0.50  -5.655  -5.109  -3.947  -3.331  -2.661  -1.700  -1.524  -1.259  -1.000  -0.764  -0.618  -0.194  -0.096
   6500.  1.00  -5.417  -4.869  -3.756  -3.213  -2.536  -1.745  -1.568  -1.286  -1.015  -0.769  -0.619  -0.185  -0.092
   6500.  1.50  -5.161  -4.618  -3.555  -3.077  -2.404  -1.781  -1.610  -1.316  -1.034  -0.780  -0.625  -0.181  -0.093
   6500.  2.00  -4.912  -4.378  -3.358  -2.937  -2.272  -1.812  -1.651  -1.348  -1.057  -0.796  -0.637  -0.181  -0.098
   6500.  2.50  -4.688  -4.159  -3.175  -2.801  -2.145  -1.841  -1.693  -1.381  -1.083  -0.815  -0.652  -0.185  -0.105
   6500.  3.00  -4.499  -3.971  -3.011  -2.674  -2.028  -1.868  -1.735  -1.415  -1.109  -0.834  -0.668  -0.192  -0.113
   6500.  3.50  -4.353  -3.823  -2.873  -2.563  -1.921  -1.893  -1.776  -1.447  -1.134  -0.853  -0.684  -0.199  -0.121
   6500.  4.00  -4.252  -3.716  -2.767  -2.472  -1.828  -1.914  -1.812  -1.476  -1.156  -0.870  -0.698  -0.207  -0.128
   6500.  4.50  -4.202  -3.658  -2.700  -2.407  -1.751  -1.930  -1.843  -1.498  -1.173  -0.883  -0.708  -0.211  -0.132
   6500.  5.00  -4.199  -3.647  -2.671  -2.371  -1.695  -1.942  -1.866  -1.514  -1.182  -0.888  -0.712  -0.210  -0.132
   6750.  0.50  -5.357  -4.851  -3.788  -3.223  -2.619  -1.592  -1.436  -1.204  -0.976  -0.765  -0.634  -0.249  -0.149
   6750.  1.00  -5.168  -4.661  -3.634  -3.129  -2.516  -1.629  -1.467  -1.227  -0.990  -0.772  -0.636  -0.239  -0.147
   6750.  1.50  -4.933  -4.431  -3.448  -3.007  -2.392  -1.681  -1.518  -1.258  -1.006  -0.778  -0.636  -0.229  -0.142
   6750.  2.00  -4.701  -4.204  -3.262  -2.875  -2.265  -1.724  -1.566  -1.292  -1.028  -0.790  -0.644  -0.224  -0.143
   6750.  2.50  -4.489  -3.995  -3.083  -2.743  -2.139  -1.761  -1.612  -1.328  -1.054  -0.808  -0.657  -0.225  -0.147
   6750.  3.00  -4.304  -3.809  -2.918  -2.615  -2.018  -1.795  -1.659  -1.365  -1.082  -0.828  -0.673  -0.229  -0.154
   6750.  3.50  -4.152  -3.654  -2.774  -2.497  -1.906  -1.826  -1.705  -1.402  -1.111  -0.850  -0.691  -0.236  -0.163
   6750.  4.00  -4.039  -3.533  -2.654  -2.395  -1.804  -1.852  -1.748  -1.436  -1.137  -0.870  -0.708  -0.244  -0.171
   6750.  4.50  -3.970  -3.455  -2.567  -2.315  -1.714  -1.872  -1.786  -1.466  -1.160  -0.887  -0.722  -0.251  -0.178
   6750.  5.00  -3.944  -3.419  -2.515  -2.259  -1.641  -1.886  -1.816  -1.488  -1.176  -0.899  -0.731  -0.254  -0.180
   7000.  0.50  -5.063  -4.594  -3.623  -3.112  -2.566  -1.511  -1.375  -1.166  -0.960  -0.770  -0.651  -0.301  -0.201
   7000.  1.00  -4.932  -4.461  -3.512  -3.045  -2.489  -1.541  -1.394  -1.183  -0.972  -0.777  -0.655  -0.293  -0.199
   7000.  1.50  -4.742  -4.274  -3.358  -2.944  -2.383  -1.584  -1.431  -1.208  -0.987  -0.784  -0.657  -0.283  -0.196
   7000.  2.00  -4.527  -4.062  -3.182  -2.823  -2.262  -1.642  -1.486  -1.243  -1.005  -0.791  -0.657  -0.272  -0.192
   7000.  2.50  -4.325  -3.861  -3.010  -2.696  -2.140  -1.689  -1.539  -1.280  -1.030  -0.805  -0.666  -0.268  -0.193
   7000.  3.00  -4.146  -3.679  -2.847  -2.570  -2.020  -1.731  -1.590  -1.320  -1.058  -0.825  -0.681  -0.270  -0.198
   7000.  3.50  -3.991  -3.519  -2.698  -2.450  -1.905  -1.768  -1.641  -1.360  -1.089  -0.848  -0.699  -0.275  -0.205
   7000.  4.00  -3.869  -3.390  -2.570  -2.341  -1.797  -1.800  -1.690  -1.399  -1.119  -0.871  -0.718  -0.283  -0.214
   7000.  4.50  -3.785  -3.295  -2.468  -2.249  -1.698  -1.825  -1.734  -1.435  -1.147  -0.892  -0.735  -0.290  -0.222
   7000.  5.00  -3.739  -3.238  -2.396  -2.177  -1.613  -1.843  -1.771  -1.464  -1.170  -0.909  -0.749  -0.296  -0.227
   7250.  0.50  -4.749  -4.313  -3.433  -2.984  -2.488  -1.460  -1.342  -1.145  -0.954  -0.778  -0.669  -0.349  -0.249
   7250.  1.00  -4.695  -4.255  -3.379  -2.953  -2.447  -1.475  -1.345  -1.153  -0.963  -0.786  -0.675  -0.345  -0.251
   7250.  1.50  -4.555  -4.115  -3.260  -2.876  -2.363  -1.512  -1.370  -1.172  -0.975  -0.792  -0.677  -0.336  -0.249
   7250.  2.00  -4.379  -3.940  -3.111  -2.774  -2.258  -1.562  -1.411  -1.201  -0.991  -0.800  -0.679  -0.326  -0.246
   7250.  2.50  -4.187  -3.749  -2.948  -2.656  -2.142  -1.622  -1.471  -1.238  -1.011  -0.809  -0.681  -0.316  -0.242
   7250.  3.00  -4.012  -3.570  -2.789  -2.534  -2.026  -1.672  -1.527  -1.279  -1.039  -0.826  -0.692  -0.313  -0.244
   7250.  3.50  -3.859  -3.411  -2.640  -2.414  -1.911  -1.716  -1.582  -1.321  -1.070  -0.848  -0.709  -0.316  -0.249
   7250.  4.00  -3.732  -3.275  -2.507  -2.302  -1.801  -1.754  -1.635  -1.364  -1.102  -0.872  -0.728  -0.322  -0.257
   7250.  4.50  -3.636  -3.168  -2.393  -2.202  -1.697  -1.785  -1.686  -1.405  -1.134  -0.896  -0.748  -0.330  -0.266
   7250.  5.00  -3.573  -3.093  -2.306  -2.119  -1.603  -1.808  -1.730  -1.440  -1.162  -0.917  -0.766  -0.338  -0.273
   7500.  0.50  -4.377  -3.969  -3.183  -2.816  -2.360  -1.459  -1.359  -1.155  -0.962  -0.790  -0.685  -0.385  -0.290
   7500.  1.00  -4.449  -4.035  -3.227  -2.846  -2.386  -1.430  -1.317  -1.139  -0.963  -0.800  -0.698  -0.395  -0.301
   7500.  1.50  -4.364  -3.947  -3.149  -2.797  -2.328  -1.459  -1.331  -1.151  -0.971  -0.805  -0.700  -0.388  -0.300
   7500.  2.00  -4.229  -3.811  -3.030  -2.716  -2.242  -1.502  -1.361  -1.173  -0.984  -0.812  -0.702  -0.379  -0.299
   7500.  2.50  -4.069  -3.651  -2.891  -2.616  -2.141  -1.556  -1.407  -1.204  -1.002  -0.821  -0.705  -0.369  -0.296
   7500.  3.00  -3.898  -3.477  -2.738  -2.501  -2.030  -1.617  -1.469  -1.244  -1.025  -0.832  -0.709  -0.361  -0.293
   7500.  3.50  -3.746  -3.319  -2.592  -2.385  -1.919  -1.669  -1.528  -1.287  -1.054  -0.851  -0.723  -0.359  -0.296
   7500.  4.00  -3.616  -3.180  -2.456  -2.272  -1.810  -1.713  -1.586  -1.332  -1.088  -0.875  -0.741  -0.363  -0.302
   7500.  4.50  -3.513  -3.065  -2.337  -2.167  -1.703  -1.750  -1.641  -1.377  -1.122  -0.900  -0.762  -0.370  -0.310
   7500.  5.00  -3.438  -2.978  -2.239  -2.076  -1.604  -1.779  -1.691  -1.418  -1.155  -0.925  -0.782  -0.378  -0.318
   7750.  1.00  -4.188  -3.794  -3.050  -2.721  -2.299  -1.412  -1.318  -1.145  -0.977  -0.822  -0.726  -0.443  -0.351
   7750.  1.50  -4.168  -3.769  -3.023  -2.706  -2.276  -1.423  -1.311  -1.144  -0.978  -0.825  -0.728  -0.440  -0.353
   7750.  2.00  -4.073  -3.672  -2.936  -2.648  -2.211  -1.460  -1.331  -1.159  -0.987  -0.829  -0.729  -0.431  -0.351
   7750.  2.50  -3.946  -3.545  -2.823  -2.567  -2.127  -1.508  -1.365  -1.183  -1.001  -0.837  -0.732  -0.423  -0.350
   7750.  3.00  -3.801  -3.397  -2.692  -2.469  -2.030  -1.565  -1.415  -1.217  -1.020  -0.847  -0.735  -0.414  -0.347
   7750.  3.50  -3.647  -3.240  -2.549  -2.358  -1.926  -1.626  -1.479  -1.259  -1.045  -0.860  -0.741  -0.406  -0.345
   7750.  4.00  -3.516  -3.100  -2.415  -2.247  -1.820  -1.677  -1.540  -1.305  -1.077  -0.881  -0.757  -0.406  -0.349
   7750.  4.50  -3.409  -2.980  -2.292  -2.141  -1.714  -1.720  -1.600  -1.351  -1.112  -0.907  -0.777  -0.411  -0.355
   7750.  5.00  -3.324  -2.884  -2.186  -2.045  -1.613  -1.755  -1.655  -1.396  -1.147  -0.933  -0.799  -0.419  -0.364
   8000.  1.00  -3.909  -3.530  -2.844  -2.574  -2.185  -1.428  -1.354  -1.177  -1.007  -0.852  -0.758  -0.487  -0.399
   8000.  1.50  -3.967  -3.584  -2.885  -2.606  -2.210  -1.406  -1.313  -1.154  -0.998  -0.853  -0.762  -0.493  -0.407
   8000.  2.00  -3.915  -3.529  -2.833  -2.573  -2.169  -1.433  -1.320  -1.160  -1.001  -0.855  -0.762  -0.486  -0.407
   8000.  2.50  -3.819  -3.432  -2.745  -2.510  -2.102  -1.476  -1.345  -1.177  -1.010  -0.859  -0.762  -0.477  -0.405
   8000.  3.00  -3.702  -3.312  -2.637  -2.430  -2.021  -1.527  -1.382  -1.203  -1.025  -0.867  -0.766  -0.469  -0.403
   8000.  3.50  -3.566  -3.174  -2.513  -2.334  -1.928  -1.586  -1.436  -1.238  -1.045  -0.877  -0.769  -0.460  -0.400
   8000.  4.00  -3.429  -3.030  -2.379  -2.226  -1.828  -1.644  -1.501  -1.282  -1.071  -0.892  -0.777  -0.453  -0.399
   8000.  4.50  -3.318  -2.908  -2.255  -2.120  -1.726  -1.693  -1.563  -1.329  -1.105  -0.916  -0.794  -0.454  -0.402
   8000.  5.00  -3.228  -2.805  -2.145  -2.022  -1.625  -1.734  -1.622  -1.377  -1.141  -0.943  -0.816  -0.461  -0.410
   8250.  1.00  -3.625  -3.252  -2.613  -2.403  -2.044  -1.472  -1.422  -1.237  -1.059  -0.898  -0.800  -0.529  -0.449
   8250.  1.50  -3.768  -3.397  -2.740  -2.500  -2.135  -1.411  -1.336  -1.181  -1.029  -0.888  -0.802  -0.545  -0.462
   8250.  2.00  -3.757  -3.383  -2.724  -2.492  -2.120  -1.423  -1.326  -1.175  -1.026  -0.888  -0.801  -0.542  -0.463
   8250.  2.50  -3.691  -3.315  -2.661  -2.448  -2.070  -1.459  -1.342  -1.185  -1.030  -0.889  -0.800  -0.533  -0.462
   8250.  3.00  -3.597  -3.219  -2.573  -2.384  -2.002  -1.506  -1.371  -1.205  -1.040  -0.894  -0.800  -0.524  -0.460
   8250.  3.50  -3.487  -3.107  -2.471  -2.304  -1.923  -1.559  -1.411  -1.232  -1.055  -0.903  -0.804  -0.516  -0.458
   8250.  4.00  -3.359  -2.975  -2.350  -2.208  -1.834  -1.616  -1.468  -1.269  -1.075  -0.913  -0.807  -0.507  -0.454
   8250.  4.50  -3.239  -2.845  -2.224  -2.102  -1.736  -1.670  -1.531  -1.313  -1.103  -0.929  -0.817  -0.502  -0.453
   8250.  5.00  -3.144  -2.738  -2.112  -2.003  -1.638  -1.716  -1.593  -1.361  -1.138  -0.954  -0.836  -0.504  -0.457
   8500.  1.50  -3.574  -3.211  -2.589  -2.387  -2.049  -1.433  -1.377  -1.222  -1.071  -0.931  -0.845  -0.596  -0.517
   8500.  2.00  -3.603  -3.239  -2.612  -2.408  -2.064  -1.428  -1.349  -1.204  -1.060  -0.927  -0.844  -0.598  -0.521
   8500.  2.50  -3.565  -3.199  -2.574  -2.384  -2.033  -1.456  -1.354  -1.206  -1.060  -0.927  -0.842  -0.591  -0.521
   8500.  3.00  -3.494  -3.126  -2.507  -2.335  -1.980  -1.498  -1.375  -1.219  -1.065  -0.929  -0.841  -0.583  -0.519
   8500.  3.50  -3.403  -3.034  -2.422  -2.269  -1.913  -1.547  -1.407  -1.241  -1.076  -0.935  -0.842  -0.574  -0.517
   8500.  4.00  -3.297  -2.926  -2.323  -2.189  -1.836  -1.599  -1.451  -1.269  -1.092  -0.944  -0.846  -0.565  -0.514
   8500.  4.50  -3.175  -2.797  -2.202  -2.090  -1.746  -1.654  -1.508  -1.306  -1.111  -0.952  -0.848  -0.555  -0.508
   8500.  5.00  -3.071  -2.681  -2.085  -1.989  -1.651  -1.702  -1.570  -1.350  -1.140  -0.970  -0.859  -0.551  -0.507
   8750.  1.50  -3.397  -3.038  -2.441  -2.273  -1.958  -1.465  -1.430  -1.273  -1.121  -0.980  -0.895  -0.648  -0.574
   8750.  2.00  -3.457  -3.100  -2.501  -2.324  -2.004  -1.444  -1.383  -1.241  -1.102  -0.972  -0.892  -0.653  -0.579
   8750.  2.50  -3.444  -3.086  -2.488  -2.318  -1.993  -1.462  -1.377  -1.237  -1.097  -0.970  -0.889  -0.650  -0.581
   8750.  3.00  -3.394  -3.034  -2.440  -2.284  -1.955  -1.499  -1.391  -1.244  -1.099  -0.970  -0.887  -0.642  -0.580
   8750.  3.50  -3.321  -2.960  -2.371  -2.232  -1.900  -1.545  -1.417  -1.260  -1.106  -0.973  -0.886  -0.634  -0.578
   8750.  4.00  -3.231  -2.869  -2.287  -2.165  -1.833  -1.595  -1.452  -1.283  -1.117  -0.979  -0.888  -0.625  -0.575
   8750.  4.50  -3.126  -2.762  -2.187  -2.082  -1.756  -1.648  -1.499  -1.313  -1.132  -0.987  -0.890  -0.615  -0.570
   8750.  5.00  -3.011  -2.637  -2.067  -1.980  -1.664  -1.695  -1.554  -1.348  -1.151  -0.995  -0.891  -0.604  -0.563
   9000.  1.50  -3.244  -2.887  -2.307  -2.168  -1.869  -1.503  -1.486  -1.329  -1.176  -1.034  -0.948  -0.703  -0.633
   9000.  2.00  -3.322  -2.970  -2.393  -2.241  -1.943  -1.470  -1.426  -1.286  -1.149  -1.020  -0.941  -0.709  -0.638
   9000.  2.50  -3.328  -2.977  -2.401  -2.252  -1.949  -1.479  -1.411  -1.275  -1.140  -1.016  -0.939  -0.708  -0.641
   9000.  3.00  -3.297  -2.945  -2.371  -2.233  -1.926  -1.510  -1.418  -1.278  -1.139  -1.016  -0.936  -0.702  -0.642
   9000.  3.50  -3.240  -2.887  -2.319  -2.194  -1.884  -1.552  -1.436  -1.288  -1.142  -1.016  -0.934  -0.695  -0.640
   9000.  4.00  -3.165  -2.811  -2.249  -2.139  -1.828  -1.601  -1.466  -1.306  -1.150  -1.020  -0.934  -0.686  -0.637
   9000.  4.50  -3.076  -2.721  -2.165  -2.069  -1.761  -1.651  -1.505  -1.331  -1.161  -1.026  -0.935  -0.676  -0.633
   9000.  5.00  -2.971  -2.611  -2.060  -1.979  -1.679  -1.697  -1.553  -1.360  -1.175  -1.031  -0.934  -0.664  -0.625
   9250.  2.00  -3.202  -2.855  -2.295  -2.165  -1.883  -1.501  -1.473  -1.335  -1.199  -1.071  -0.993  -0.765  -0.698
   9250.  2.50  -3.223  -2.877  -2.320  -2.190  -1.906  -1.503  -1.451  -1.318  -1.187  -1.066  -0.990  -0.766  -0.701
   9250.  3.00  -3.205  -2.859  -2.304  -2.182  -1.895  -1.528  -1.451  -1.316  -1.183  -1.063  -0.987  -0.762  -0.703
   9250.  3.50  -3.162  -2.815  -2.265  -2.154  -1.865  -1.566  -1.465  -1.323  -1.184  -1.063  -0.985  -0.755  -0.702
   9250.  4.00  -3.101  -2.754  -2.209  -2.110  -1.820  -1.612  -1.489  -1.337  -1.188  -1.065  -0.983  -0.747  -0.700
   9250.  4.50  -3.025  -2.678  -2.139  -2.053  -1.763  -1.660  -1.521  -1.357  -1.197  -1.069  -0.983  -0.738  -0.696
   9250.  5.00  -2.936  -2.587  -2.053  -1.979  -1.694  -1.708  -1.562  -1.382  -1.208  -1.075  -0.984  -0.728  -0.690
   9500.  2.00  -3.099  -2.755  -2.208  -2.096  -1.828  -1.535  -1.523  -1.385  -1.251  -1.124  -1.047  -0.822  -0.757
   9500.  2.50  -3.129  -2.787  -2.245  -2.132  -1.865  -1.531  -1.495  -1.365  -1.236  -1.117  -1.043  -0.824  -0.762
   9500.  3.00  -3.122  -2.781  -2.242  -2.134  -1.865  -1.551  -1.490  -1.360  -1.231  -1.114  -1.041  -0.822  -0.764
   9500.  3.50  -3.091  -2.749  -2.215  -2.116  -1.845  -1.585  -1.499  -1.363  -1.230  -1.113  -1.038  -0.816  -0.764
   9500.  4.00  -3.041  -2.700  -2.170  -2.082  -1.810  -1.627  -1.518  -1.373  -1.232  -1.113  -1.035  -0.808  -0.762
   9500.  4.50  -2.975  -2.634  -2.111  -2.034  -1.763  -1.675  -1.545  -1.389  -1.236  -1.115  -1.033  -0.799  -0.759
   9500.  5.00  -2.896  -2.555  -2.038  -1.971  -1.703  -1.723  -1.582  -1.411  -1.245  -1.119  -1.033  -0.790  -0.754
   9750.  2.00  -3.011  -2.670  -2.134  -2.037  -1.780  -1.570  -1.572  -1.436  -1.303  -1.177  -1.101  -0.879  -0.818
   9750.  2.50  -3.045  -2.708  -2.179  -2.080  -1.827  -1.564  -1.541  -1.413  -1.287  -1.169  -1.097  -0.882  -0.822
   9750.  3.00  -3.046  -2.710  -2.186  -2.091  -1.837  -1.579  -1.533  -1.406  -1.281  -1.166  -1.094  -0.881  -0.825
   9750.  3.50  -3.024  -2.688  -2.168  -2.080  -1.826  -1.609  -1.538  -1.407  -1.278  -1.165  -1.092  -0.877  -0.826
   9750.  4.00  -2.984  -2.648  -2.133  -2.054  -1.799  -1.648  -1.552  -1.414  -1.278  -1.164  -1.089  -0.870  -0.825
   9750.  4.50  -2.928  -2.593  -2.083  -2.015  -1.760  -1.694  -1.575  -1.426  -1.280  -1.164  -1.086  -0.861  -0.822
   9750.  5.00  -2.859  -2.524  -2.020  -1.962  -1.710  -1.741  -1.607  -1.444  -1.286  -1.166  -1.084  -0.852  -0.817
  10000.  2.00  -2.936  -2.597  -2.070  -1.986  -1.740  -1.607  -1.621  -1.487  -1.355  -1.230  -1.154  -0.936  -0.878
  10000.  2.50  -2.973  -2.639  -2.121  -2.035  -1.794  -1.598  -1.589  -1.463  -1.339  -1.222  -1.150  -0.940  -0.882
  10000.  3.00  -2.980  -2.647  -2.135  -2.052  -1.812  -1.611  -1.578  -1.454  -1.332  -1.219  -1.149  -0.940  -0.886
  10000.  3.50  -2.964  -2.632  -2.125  -2.048  -1.808  -1.637  -1.580  -1.453  -1.328  -1.217  -1.146  -0.937  -0.888
  10000.  4.00  -2.932  -2.600  -2.098  -2.029  -1.789  -1.673  -1.591  -1.458  -1.327  -1.216  -1.143  -0.931  -0.888
  10000.  4.50  -2.884  -2.554  -2.057  -1.996  -1.757  -1.716  -1.610  -1.467  -1.327  -1.215  -1.140  -0.923  -0.885
  10000.  5.00  -2.823  -2.494  -2.003  -1.951  -1.714  -1.762  -1.638  -1.481  -1.330  -1.215  -1.137  -0.914  -0.880
  10250.  2.00  -2.870  -2.534  -2.015  -1.942  -1.706  -1.643  -1.670  -1.537  -1.407  -1.283  -1.208  -0.992  -0.937
  10250.  2.50  -2.910  -2.580  -2.071  -1.996  -1.766  -1.634  -1.637  -1.512  -1.390  -1.275  -1.204  -0.997  -0.942
  10250.  3.00  -2.921  -2.593  -2.091  -2.018  -1.791  -1.645  -1.625  -1.503  -1.383  -1.272  -1.203  -0.999  -0.946
  10250.  3.50  -2.911  -2.584  -2.087  -2.020  -1.793  -1.668  -1.625  -1.501  -1.380  -1.270  -1.201  -0.997  -0.949
  10250.  4.00  -2.885  -2.558  -2.067  -2.006  -1.780  -1.701  -1.633  -1.504  -1.377  -1.269  -1.199  -0.992  -0.949
  10250.  4.50  -2.845  -2.518  -2.033  -1.979  -1.754  -1.740  -1.649  -1.511  -1.376  -1.267  -1.195  -0.985  -0.947
  10250.  5.00  -2.791  -2.465  -1.986  -1.941  -1.718  -1.784  -1.672  -1.522  -1.377  -1.266  -1.191  -0.976  -0.943
  10500.  2.00  -2.813  -2.479  -1.968  -1.905  -1.678  -1.680  -1.719  -1.587  -1.458  -1.336  -1.262  -1.049  -0.996
  10500.  2.50  -2.855  -2.528  -2.028  -1.963  -1.743  -1.670  -1.684  -1.562  -1.441  -1.327  -1.258  -1.054  -1.001
  10500.  3.00  -2.870  -2.545  -2.053  -1.990  -1.773  -1.680  -1.672  -1.552  -1.435  -1.325  -1.257  -1.057  -1.006
  10500.  3.50  -2.864  -2.541  -2.055  -1.996  -1.781  -1.701  -1.671  -1.550  -1.431  -1.324  -1.256  -1.057  -1.010
  10500.  4.00  -2.843  -2.521  -2.040  -1.987  -1.773  -1.731  -1.677  -1.552  -1.429  -1.322  -1.254  -1.053  -1.011
  10500.  4.50  -2.809  -2.486  -2.011  -1.965  -1.753  -1.768  -1.690  -1.557  -1.427  -1.321  -1.250  -1.046  -1.009
  10500.  5.00  -2.760  -2.439  -1.970  -1.931  -1.722  -1.810  -1.710  -1.565  -1.426  -1.319  -1.245  -1.037  -1.005
  10750.  2.00  -2.762  -2.431  -1.927  -1.874  -1.657  -1.717  -1.767  -1.637  -1.510  -1.388  -1.315  -1.105  -1.055
  10750.  2.50  -2.807  -2.483  -1.991  -1.935  -1.724  -1.707  -1.732  -1.611  -1.493  -1.380  -1.311  -1.110  -1.060
  10750.  3.00  -2.825  -2.504  -2.020  -1.965  -1.759  -1.716  -1.719  -1.601  -1.486  -1.378  -1.311  -1.114  -1.065
  10750.  3.50  -2.823  -2.503  -2.026  -1.975  -1.772  -1.736  -1.717  -1.599  -1.483  -1.377  -1.311  -1.115  -1.070
  10750.  4.00  -2.806  -2.488  -2.016  -1.971  -1.769  -1.764  -1.723  -1.600  -1.480  -1.376  -1.309  -1.113  -1.072
  10750.  4.50  -2.776  -2.458  -1.992  -1.953  -1.753  -1.799  -1.733  -1.604  -1.478  -1.374  -1.306  -1.107  -1.071
  10750.  5.00  -2.733  -2.416  -1.956  -1.924  -1.726  -1.838  -1.750  -1.611  -1.476  -1.372  -1.301  -1.098  -1.067
  11000.  2.00  -2.717  -2.388  -1.892  -1.847  -1.640  -1.754  -1.814  -1.686  -1.560  -1.440  -1.368  -1.160  -1.113
  11000.  2.50  -2.765  -2.444  -1.958  -1.911  -1.709  -1.744  -1.779  -1.660  -1.543  -1.432  -1.364  -1.166  -1.118
  11000.  3.00  -2.785  -2.467  -1.991  -1.944  -1.747  -1.753  -1.766  -1.651  -1.537  -1.430  -1.364  -1.171  -1.124
  11000.  3.50  -2.786  -2.471  -2.002  -1.958  -1.765  -1.773  -1.764  -1.648  -1.534  -1.430  -1.365  -1.173  -1.129
  11000.  4.00  -2.773  -2.459  -1.996  -1.957  -1.767  -1.799  -1.769  -1.649  -1.532  -1.429  -1.364  -1.171  -1.132
  11000.  4.50  -2.748  -2.434  -1.977  -1.944  -1.755  -1.831  -1.778  -1.652  -1.530  -1.428  -1.361  -1.167  -1.132
  11000.  5.00  -2.709  -2.396  -1.945  -1.918  -1.732  -1.868  -1.793  -1.658  -1.527  -1.425  -1.356  -1.159  -1.129
  11250.  2.00  -2.677  -2.350  -1.861  -1.825  -1.628  -1.791  -1.862  -1.735  -1.611  -1.492  -1.420  -1.216  -1.170
  11250.  2.50  -2.727  -2.409  -1.931  -1.891  -1.698  -1.781  -1.826  -1.709  -1.593  -1.483  -1.416  -1.222  -1.175
  11250.  3.00  -2.750  -2.436  -1.967  -1.927  -1.739  -1.790  -1.813  -1.699  -1.587  -1.482  -1.417  -1.227  -1.182
  11250.  3.50  -2.754  -2.442  -1.981  -1.944  -1.760  -1.809  -1.811  -1.697  -1.585  -1.482  -1.419  -1.230  -1.187
  11250.  4.00  -2.744  -2.433  -1.979  -1.946  -1.766  -1.834  -1.815  -1.698  -1.583  -1.482  -1.418  -1.229  -1.191
  11250.  4.50  -2.722  -2.412  -1.964  -1.936  -1.759  -1.865  -1.823  -1.701  -1.581  -1.481  -1.416  -1.226  -1.192
  11250.  5.00  -2.688  -2.379  -1.937  -1.915  -1.740  -1.900  -1.836  -1.705  -1.578  -1.479  -1.412  -1.219  -1.189
  11500.  2.00  -2.642  -2.316  -1.835  -1.806  -1.620  -1.828  -1.909  -1.783  -1.661  -1.543  -1.473  -1.271  -1.227
  11500.  2.50  -2.694  -2.378  -1.907  -1.874  -1.692  -1.818  -1.873  -1.757  -1.643  -1.534  -1.469  -1.277  -1.232
  11500.  3.00  -2.719  -2.408  -1.946  -1.913  -1.734  -1.827  -1.860  -1.748  -1.637  -1.533  -1.470  -1.282  -1.239
  11500.  3.50  -2.726  -2.417  -1.963  -1.932  -1.757  -1.846  -1.858  -1.745  -1.635  -1.534  -1.471  -1.286  -1.245
  11500.  4.00  -2.719  -2.411  -1.964  -1.938  -1.767  -1.871  -1.861  -1.746  -1.634  -1.535  -1.472  -1.286  -1.249
  11500.  4.50  -2.700  -2.393  -1.953  -1.931  -1.763  -1.900  -1.869  -1.749  -1.632  -1.534  -1.470  -1.284  -1.250
  11500.  5.00  -2.670  -2.364  -1.930  -1.913  -1.748  -1.933  -1.881  -1.753  -1.630  -1.532  -1.466  -1.278  -1.249
  11750.  2.00  -2.610  -2.286  -1.813  -1.791  -1.616  -1.865  -1.955  -1.831  -1.710  -1.594  -1.524  -1.325  -1.283
  11750.  2.50  -2.665  -2.351  -1.888  -1.861  -1.688  -1.855  -1.919  -1.805  -1.693  -1.585  -1.520  -1.331  -1.288
  11750.  3.00  -2.692  -2.383  -1.928  -1.901  -1.731  -1.865  -1.906  -1.795  -1.687  -1.584  -1.522  -1.337  -1.295
  11750.  3.50  -2.701  -2.395  -1.948  -1.923  -1.757  -1.883  -1.904  -1.793  -1.685  -1.585  -1.524  -1.341  -1.302
  11750.  4.00  -2.696  -2.392  -1.952  -1.931  -1.769  -1.907  -1.907  -1.795  -1.684  -1.586  -1.525  -1.343  -1.306
  11750.  4.50  -2.680  -2.377  -1.944  -1.927  -1.769  -1.935  -1.915  -1.797  -1.683  -1.586  -1.524  -1.341  -1.308
  11750.  5.00  -2.653  -2.351  -1.924  -1.912  -1.757  -1.967  -1.925  -1.801  -1.681  -1.584  -1.521  -1.336  -1.307
  12000.  2.50  -2.638  -2.327  -1.871  -1.851  -1.687  -1.892  -1.965  -1.852  -1.742  -1.635  -1.571  -1.385  -1.344
  12000.  3.00  -2.668  -2.362  -1.914  -1.893  -1.731  -1.902  -1.952  -1.843  -1.736  -1.635  -1.573  -1.391  -1.351
  12000.  3.50  -2.679  -2.376  -1.935  -1.916  -1.758  -1.920  -1.950  -1.841  -1.735  -1.636  -1.575  -1.396  -1.358
  12000.  4.00  -2.676  -2.375  -1.942  -1.925  -1.772  -1.944  -1.953  -1.842  -1.734  -1.637  -1.577  -1.398  -1.363
  12000.  4.50  -2.662  -2.363  -1.936  -1.924  -1.775  -1.971  -1.960  -1.845  -1.733  -1.638  -1.576  -1.397  -1.365
  12000.  5.00  -2.638  -2.340  -1.920  -1.912  -1.767  -2.002  -1.970  -1.849  -1.731  -1.636  -1.574  -1.393  -1.365
  12250.  2.50  -2.615  -2.306  -1.857  -1.843  -1.689  -1.929  -2.010  -1.899  -1.790  -1.685  -1.622  -1.438  -1.398
  12250.  3.00  -2.647  -2.344  -1.902  -1.886  -1.734  -1.939  -1.997  -1.890  -1.785  -1.685  -1.624  -1.445  -1.406
  12250.  3.50  -2.660  -2.360  -1.925  -1.911  -1.762  -1.957  -1.995  -1.888  -1.784  -1.686  -1.626  -1.450  -1.413
  12250.  4.00  -2.659  -2.361  -1.934  -1.922  -1.777  -1.980  -1.999  -1.890  -1.783  -1.688  -1.628  -1.452  -1.418
  12250.  4.50  -2.647  -2.351  -1.931  -1.923  -1.782  -2.007  -2.006  -1.892  -1.783  -1.689  -1.628  -1.452  -1.421
  12250.  5.00  -2.625  -2.330  -1.917  -1.913  -1.777  -2.036  -2.015  -1.896  -1.781  -1.688  -1.626  -1.449  -1.422
  12500.  2.50  -2.595  -2.288  -1.846  -1.837  -1.694  -1.966  -2.055  -1.945  -1.838  -1.734  -1.672  -1.491  -1.453
  12500.  3.00  -2.629  -2.328  -1.893  -1.882  -1.739  -1.976  -2.042  -1.936  -1.833  -1.734  -1.674  -1.498  -1.460
  12500.  3.50  -2.643  -2.346  -1.917  -1.908  -1.767  -1.994  -2.040  -1.935  -1.832  -1.736  -1.677  -1.503  -1.467
  12500.  4.00  -2.644  -2.349  -1.927  -1.921  -1.784  -2.017  -2.044  -1.936  -1.832  -1.738  -1.679  -1.506  -1.473
  12500.  4.50  -2.634  -2.340  -1.926  -1.923  -1.790  -2.043  -2.050  -1.939  -1.831  -1.739  -1.680  -1.506  -1.477
  12500.  5.00  -2.614  -2.322  -1.915  -1.915  -1.787  -2.071  -2.060  -1.943  -1.830  -1.738  -1.678  -1.503  -1.477
  12750.  2.50  -2.576  -2.271  -1.838  -1.834  -1.700  -2.003  -2.099  -1.990  -1.885  -1.783  -1.722  -1.543  -1.506
  12750.  3.00  -2.612  -2.314  -1.885  -1.880  -1.745  -2.012  -2.087  -1.982  -1.880  -1.783  -1.724  -1.550  -1.514
  12750.  3.50  -2.629  -2.334  -1.912  -1.907  -1.774  -2.030  -2.085  -1.981  -1.880  -1.785  -1.727  -1.555  -1.521
  12750.  4.00  -2.631  -2.338  -1.923  -1.920  -1.791  -2.053  -2.088  -1.983  -1.880  -1.787  -1.729  -1.559  -1.527
  12750.  4.50  -2.622  -2.332  -1.923  -1.924  -1.799  -2.079  -2.095  -1.986  -1.880  -1.788  -1.730  -1.559  -1.531
  12750.  5.00  -2.604  -2.316  -1.914  -1.918  -1.798  -2.106  -2.104  -1.989  -1.878  -1.788  -1.729  -1.557  -1.532
  13000.  2.50  -2.560  -2.257  -1.831  -1.832  -1.707  -2.039  -2.142  -2.035  -1.932  -1.830  -1.770  -1.595  -1.559
  13000.  3.00  -2.598  -2.302  -1.880  -1.879  -1.754  -2.049  -2.131  -2.028  -1.927  -1.831  -1.773  -1.602  -1.567
  13000.  3.50  -2.616  -2.324  -1.908  -1.907  -1.783  -2.067  -2.129  -2.027  -1.927  -1.833  -1.776  -1.607  -1.574
  13000.  4.00  -2.620  -2.330  -1.920  -1.922  -1.800  -2.089  -2.133  -2.029  -1.927  -1.836  -1.779  -1.611  -1.580
  13000.  4.50  -2.612  -2.325  -1.922  -1.926  -1.809  -2.114  -2.139  -2.031  -1.927  -1.837  -1.780  -1.612  -1.584
  13000.  5.00  -2.596  -2.310  -1.915  -1.922  -1.809  -2.141  -2.148  -2.035  -1.926  -1.837  -1.779  -1.610  -1.586
  14000.  2.00  -2.441  -2.131  -1.724  -1.746  -1.660  -2.187  -2.350  -2.238  -2.129  -2.022  -1.960  -1.783  -1.754
  14000.  2.50  -2.513  -2.218  -1.819  -1.836  -1.748  -2.179  -2.310  -2.209  -2.111  -2.015  -1.958  -1.793  -1.762
  14000.  3.00  -2.559  -2.270  -1.875  -1.890  -1.799  -2.192  -2.300  -2.203  -2.109  -2.018  -1.963  -1.802  -1.771
  14000.  3.50  -2.583  -2.299  -1.908  -1.922  -1.830  -2.210  -2.300  -2.204  -2.110  -2.021  -1.968  -1.809  -1.780
  14000.  4.00  -2.592  -2.311  -1.924  -1.940  -1.848  -2.232  -2.304  -2.206  -2.111  -2.024  -1.971  -1.812  -1.786
  14000.  4.50  -2.589  -2.310  -1.929  -1.947  -1.858  -2.255  -2.311  -2.209  -2.112  -2.026  -1.972  -1.814  -1.790
  14000.  5.00  -2.577  -2.301  -1.926  -1.946  -1.862  -2.280  -2.319  -2.213  -2.111  -2.026  -1.972  -1.814  -1.792
  15000.  2.50  -2.487  -2.198  -1.823  -1.853  -1.797  -2.312  -2.468  -2.372  -2.279  -2.187  -2.134  -1.978  -1.951
  15000.  3.00  -2.539  -2.258  -1.887  -1.915  -1.855  -2.327  -2.460  -2.369  -2.280  -2.193  -2.142  -1.990  -1.964
  15000.  3.50  -2.569  -2.293  -1.925  -1.952  -1.890  -2.348  -2.462  -2.371  -2.283  -2.199  -2.149  -1.999  -1.973
  15000.  4.00  -2.582  -2.310  -1.945  -1.972  -1.909  -2.370  -2.467  -2.375  -2.286  -2.203  -2.153  -2.003  -1.980
  15000.  4.50  -2.583  -2.313  -1.952  -1.981  -1.920  -2.392  -2.474  -2.378  -2.287  -2.205  -2.155  -2.005  -1.984
  15000.  5.00  -2.574  -2.307  -1.951  -1.982  -1.923  -2.416  -2.482  -2.382  -2.286  -2.206  -2.155  -2.005  -1.987
  16000.  2.50  -2.474  -2.191  -1.835  -1.877  -1.847  -2.436  -2.616  -2.524  -2.436  -2.348  -2.298  -2.150  -2.126
  16000.  3.00  -2.533  -2.259  -1.908  -1.947  -1.915  -2.456  -2.610  -2.524  -2.440  -2.358  -2.310  -2.167  -2.143
  16000.  3.50  -2.569  -2.300  -1.952  -1.990  -1.955  -2.479  -2.615  -2.529  -2.446  -2.366  -2.319  -2.178  -2.155
  16000.  4.00  -2.587  -2.321  -1.976  -2.014  -1.977  -2.502  -2.622  -2.534  -2.450  -2.372  -2.325  -2.184  -2.163
  16000.  4.50  -2.591  -2.328  -1.986  -2.025  -1.989  -2.524  -2.629  -2.539  -2.452  -2.375  -2.327  -2.186  -2.168
  16000.  5.00  -2.585  -2.325  -1.987  -2.027  -1.992  -2.546  -2.637  -2.542  -2.452  -2.376  -2.328  -2.186  -2.170
  17000.  2.50  -2.471  -2.191  -1.853  -1.903  -1.897  -2.552  -2.754  -2.667  -2.583  -2.498  -2.450  -2.310  -2.290
  17000.  3.00  -2.536  -2.267  -1.935  -1.982  -1.974  -2.575  -2.751  -2.669  -2.590  -2.511  -2.466  -2.331  -2.310
  17000.  3.50  -2.578  -2.315  -1.985  -2.032  -2.021  -2.602  -2.758  -2.677  -2.599  -2.523  -2.479  -2.345  -2.325
  17000.  4.00  -2.599  -2.341  -2.014  -2.060  -2.047  -2.626  -2.767  -2.684  -2.605  -2.531  -2.486  -2.353  -2.335
  17000.  4.50  -2.607  -2.351  -2.027  -2.073  -2.060  -2.649  -2.775  -2.690  -2.609  -2.535  -2.490  -2.357  -2.341
  17000.  5.00  -2.603  -2.350  -2.029  -2.077  -2.065  -2.671  -2.784  -2.694  -2.609  -2.536  -2.491  -2.358  -2.343
  18000.  2.50  -2.474  -2.198  -1.874  -1.931  -1.945  -2.660  -2.885  -2.800  -2.720  -2.638  -2.592  -2.459  -2.441
  18000.  3.00  -2.545  -2.281  -1.964  -2.019  -2.032  -2.687  -2.883  -2.805  -2.730  -2.655  -2.612  -2.484  -2.466
  18000.  3.50  -2.592  -2.334  -2.021  -2.074  -2.085  -2.717  -2.893  -2.816  -2.742  -2.670  -2.628  -2.502  -2.485
  18000.  4.00  -2.618  -2.365  -2.054  -2.107  -2.116  -2.744  -2.904  -2.826  -2.751  -2.680  -2.639  -2.513  -2.497
  18000.  4.50  -2.629  -2.379  -2.071  -2.124  -2.133  -2.768  -2.914  -2.833  -2.756  -2.686  -2.644  -2.518  -2.504
  18000.  5.00  -2.628  -2.381  -2.076  -2.130  -2.139  -2.790  -2.923  -2.838  -2.758  -2.688  -2.646  -2.519  -2.507
  19000.  2.50  -2.482  -2.210  -1.898  -1.961  -1.991  -2.762  -3.007  -2.925  -2.847  -2.768  -2.724  -2.596  -2.581
  19000.  3.00  -2.557  -2.298  -1.995  -2.056  -2.088  -2.792  -3.006  -2.932  -2.861  -2.789  -2.749  -2.628  -2.612
  19000.  3.50  -2.610  -2.357  -2.058  -2.118  -2.147  -2.825  -3.019  -2.946  -2.877  -2.807  -2.768  -2.649  -2.634
  19000.  4.00  -2.641  -2.393  -2.096  -2.155  -2.183  -2.855  -3.033  -2.958  -2.888  -2.820  -2.781  -2.662  -2.648
  19000.  4.50  -2.655  -2.410  -2.116  -2.176  -2.203  -2.880  -3.044  -2.967  -2.895  -2.828  -2.789  -2.669  -2.657
  19000.  5.00  -2.656  -2.415  -2.123  -2.184  -2.212  -2.902  -3.054  -2.974  -2.898  -2.832  -2.792  -2.672  -2.661
  20000.  3.00  -2.573  -2.318  -2.027  -2.094  -2.142  -2.891  -3.122  -3.051  -2.984  -2.914  -2.877  -2.762  -2.748
  20000.  3.50  -2.631  -2.383  -2.096  -2.161  -2.208  -2.927  -3.138  -3.069  -3.003  -2.937  -2.900  -2.787  -2.774
  20000.  4.00  -2.666  -2.422  -2.138  -2.203  -2.248  -2.959  -3.154  -3.083  -3.017  -2.952  -2.916  -2.803  -2.790
  20000.  4.50  -2.683  -2.443  -2.162  -2.227  -2.271  -2.986  -3.167  -3.094  -3.026  -2.962  -2.925  -2.812  -2.801
  20000.  5.00  -2.687  -2.450  -2.172  -2.237  -2.283  -3.009  -3.178  -3.102  -3.030  -2.967  -2.929  -2.816  -2.806
  21000.  3.00  -2.590  -2.339  -2.060  -2.131  -2.194  -2.983  -3.231  -3.163  -3.099  -3.032  -2.996  -2.887  -2.875
  21000.  3.50  -2.653  -2.409  -2.134  -2.204  -2.267  -3.024  -3.250  -3.184  -3.122  -3.058  -3.024  -2.916  -2.905
  21000.  4.00  -2.692  -2.453  -2.181  -2.250  -2.311  -3.058  -3.268  -3.201  -3.139  -3.077  -3.042  -2.935  -2.925
  21000.  4.50  -2.713  -2.478  -2.208  -2.277  -2.337  -3.086  -3.283  -3.214  -3.149  -3.088  -3.053  -2.946  -2.937
  21000.  5.00  -2.719  -2.487  -2.220  -2.290  -2.351  -3.110  -3.295  -3.223  -3.155  -3.094  -3.059  -2.951  -2.943
  22000.  3.00  -2.609  -2.362  -2.093  -2.168  -2.244  -3.069  -3.333  -3.268  -3.206  -3.141  -3.107  -3.003  -2.993
  22000.  3.50  -2.676  -2.437  -2.173  -2.247  -2.323  -3.114  -3.355  -3.292  -3.233  -3.172  -3.140  -3.038  -3.029
  22000.  4.00  -2.720  -2.485  -2.224  -2.297  -2.372  -3.151  -3.376  -3.313  -3.253  -3.194  -3.162  -3.060  -3.051
  22000.  4.50  -2.743  -2.513  -2.254  -2.327  -2.401  -3.181  -3.393  -3.327  -3.266  -3.207  -3.175  -3.073  -3.065
  22000.  5.00  -2.752  -2.525  -2.268  -2.342  -2.417  -3.205  -3.406  -3.337  -3.273  -3.215  -3.182  -3.080  -3.073
  23000.  3.00  -2.626  -2.384  -2.125  -2.203  -2.292  -3.150  -3.429  -3.366  -3.307  -3.244  -3.212  -3.112  -3.104
  23000.  3.50  -2.699  -2.465  -2.211  -2.288  -2.378  -3.199  -3.455  -3.394  -3.339  -3.280  -3.249  -3.153  -3.144
  23000.  4.00  -2.747  -2.517  -2.265  -2.342  -2.431  -3.239  -3.478  -3.417  -3.362  -3.304  -3.274  -3.178  -3.171
  23000.  4.50  -2.774  -2.547  -2.298  -2.375  -2.463  -3.271  -3.497  -3.434  -3.376  -3.320  -3.290  -3.193  -3.187
  23000.  5.00  -2.785  -2.562  -2.315  -2.393  -2.481  -3.296  -3.511  -3.445  -3.385  -3.329  -3.298  -3.201  -3.196
  24000.  3.00  -2.642  -2.405  -2.155  -2.236  -2.336  -3.223  -3.517  -3.456  -3.400  -3.340  -3.309  -3.213  -3.206
  24000.  3.50  -2.722  -2.492  -2.248  -2.328  -2.430  -3.279  -3.548  -3.490  -3.437  -3.381  -3.352  -3.260  -3.253
  24000.  4.00  -2.774  -2.548  -2.306  -2.387  -2.488  -3.322  -3.574  -3.516  -3.463  -3.409  -3.380  -3.289  -3.283
  24000.  4.50  -2.804  -2.582  -2.342  -2.422  -2.523  -3.356  -3.594  -3.535  -3.481  -3.427  -3.398  -3.307  -3.302
  24000.  5.00  -2.817  -2.598  -2.361  -2.442  -2.542  -3.382  -3.610  -3.548  -3.491  -3.438  -3.408  -3.316  -3.312
  25000.  3.00  -2.654  -2.421  -2.178  -2.262  -2.371  -3.288  -3.595  -3.537  -3.483  -3.425  -3.396  -3.304  -3.299
  25000.  3.50  -2.743  -2.518  -2.283  -2.367  -2.480  -3.354  -3.635  -3.581  -3.530  -3.476  -3.449  -3.362  -3.356
  25000.  4.00  -2.800  -2.579  -2.346  -2.429  -2.542  -3.401  -3.665  -3.610  -3.560  -3.507  -3.481  -3.394  -3.389
  25000.  4.50  -2.833  -2.615  -2.384  -2.468  -2.580  -3.436  -3.687  -3.630  -3.579  -3.528  -3.501  -3.414  -3.410
  25000.  5.00  -2.849  -2.634  -2.406  -2.489  -2.601  -3.463  -3.704  -3.644  -3.591  -3.540  -3.513  -3.425  -3.422
  26000.  3.00  -2.666  -2.436  -2.196  -2.282  -2.395  -3.343  -3.665  -3.607  -3.555  -3.497  -3.469  -3.380  -3.376
  26000.  3.50  -2.762  -2.542  -2.315  -2.402  -2.526  -3.423  -3.716  -3.664  -3.617  -3.565  -3.539  -3.457  -3.453
  26000.  4.00  -2.824  -2.608  -2.384  -2.470  -2.593  -3.474  -3.750  -3.698  -3.650  -3.600  -3.575  -3.493  -3.489
  26000.  4.50  -2.861  -2.647  -2.425  -2.511  -2.634  -3.511  -3.774  -3.720  -3.672  -3.622  -3.597  -3.515  -3.512
  26000.  5.00  -2.879  -2.668  -2.448  -2.534  -2.657  -3.539  -3.792  -3.736  -3.685  -3.636  -3.611  -3.528  -3.526
  27000.  3.50  -2.777  -2.561  -2.342  -2.431  -2.565  -3.485  -3.789  -3.739  -3.695  -3.645  -3.622  -3.544  -3.541
  27000.  4.00  -2.846  -2.634  -2.418  -2.507  -2.641  -3.543  -3.829  -3.780  -3.735  -3.687  -3.664  -3.586  -3.584
  27000.  4.50  -2.886  -2.677  -2.463  -2.551  -2.684  -3.582  -3.856  -3.805  -3.759  -3.712  -3.689  -3.611  -3.609
  27000.  5.00  -2.907  -2.700  -2.488  -2.576  -2.710  -3.611  -3.875  -3.821  -3.774  -3.727  -3.703  -3.625  -3.624
  28000.  3.50  -2.790  -2.578  -2.363  -2.455  -2.596  -3.538  -3.853  -3.806  -3.764  -3.716  -3.694  -3.620  -3.618
  28000.  4.00  -2.865  -2.657  -2.449  -2.540  -2.684  -3.605  -3.902  -3.855  -3.813  -3.768  -3.746  -3.673  -3.672
  28000.  4.50  -2.909  -2.704  -2.498  -2.589  -2.732  -3.648  -3.932  -3.884  -3.841  -3.796  -3.774  -3.701  -3.700
  28000.  5.00  -2.932  -2.730  -2.525  -2.616  -2.759  -3.678  -3.953  -3.902  -3.857  -3.812  -3.790  -3.717  -3.717
  29000.  3.50  -2.808  -2.597  -2.385  -2.478  -2.624  -3.587  -3.914  -3.868  -3.828  -3.781  -3.760  -3.688  -3.687
  29000.  4.00  -2.881  -2.677  -2.475  -2.568  -2.721  -3.661  -3.967  -3.923  -3.885  -3.841  -3.821  -3.752  -3.751
  29000.  4.50  -2.930  -2.729  -2.529  -2.622  -2.775  -3.708  -4.002  -3.957  -3.917  -3.874  -3.854  -3.784  -3.785
  29000.  5.00  -2.956  -2.757  -2.559  -2.652  -2.804  -3.740  -4.025  -3.977  -3.935  -3.892  -3.872  -3.802  -3.803
  30000.  3.50  -2.838  -2.626  -2.415  -2.508  -2.656  -3.639  -3.975  -3.930  -3.891  -3.844  -3.824  -3.753  -3.752
  30000.  4.00  -2.897  -2.696  -2.498  -2.593  -2.753  -3.710  -4.027  -3.986  -3.949  -3.907  -3.889  -3.823  -3.824
  30000.  4.50  -2.948  -2.750  -2.557  -2.652  -2.813  -3.763  -4.067  -4.024  -3.986  -3.945  -3.927  -3.862  -3.863
  30000.  5.00  -2.977  -2.781  -2.590  -2.685  -2.845  -3.797  -4.092  -4.047  -4.007  -3.967  -3.948  -3.882  -3.883
  31000.  3.50  -2.882  -2.669  -2.456  -2.550  -2.697  -3.696  -4.042  -3.997  -3.958  -3.911  -3.891  -3.819  -3.819
  31000.  4.00  -2.919  -2.718  -2.523  -2.619  -2.784  -3.758  -4.085  -4.045  -4.011  -3.970  -3.953  -3.889  -3.890
  31000.  4.50  -2.966  -2.771  -2.582  -2.679  -2.847  -3.812  -4.126  -4.086  -4.051  -4.011  -3.994  -3.932  -3.934
  31000.  5.00  -2.997  -2.804  -2.617  -2.714  -2.883  -3.849  -4.154  -4.111  -4.074  -4.035  -4.018  -3.956  -3.958
  32000.  4.00  -2.949  -2.747  -2.552  -2.650  -2.817  -3.807  -4.142  -4.104  -4.071  -4.031  -4.015  -3.952  -3.954
  32000.  4.50  -2.988  -2.794  -2.608  -2.706  -2.880  -3.860  -4.183  -4.144  -4.112  -4.074  -4.058  -3.998  -4.001
  32000.  5.00  -3.018  -2.826  -2.644  -2.742  -2.918  -3.898  -4.212  -4.172  -4.137  -4.100  -4.084  -4.025  -4.028
  33000.  4.00  -2.989  -2.787  -2.591  -2.689  -2.858  -3.861  -4.204  -4.166  -4.135  -4.094  -4.079  -4.017  -4.019
  33000.  4.50  -3.015  -2.820  -2.635  -2.735  -2.912  -3.907  -4.238  -4.201  -4.170  -4.133  -4.119  -4.061  -4.064
  33000.  5.00  -3.042  -2.851  -2.671  -2.771  -2.952  -3.945  -4.268  -4.229  -4.197  -4.161  -4.146  -4.090  -4.093
  34000.  4.00  -3.040  -2.836  -2.640  -2.739  -2.907  -3.922  -4.271  -4.233  -4.203  -4.162  -4.147  -4.085  -4.087
  34000.  4.50  -3.052  -2.856  -2.671  -2.771  -2.951  -3.958  -4.296  -4.260  -4.231  -4.195  -4.181  -4.124  -4.128
  34000.  5.00  -3.071  -2.880  -2.701  -2.802  -2.986  -3.991  -4.322  -4.286  -4.256  -4.221  -4.207  -4.152  -4.156
  35000.  4.00  -3.098  -2.894  -2.697  -2.796  -2.965  -3.988  -4.342  -4.304  -4.275  -4.234  -4.219  -4.155  -4.158
  35000.  4.50  -3.097  -2.900  -2.714  -2.815  -2.996  -4.013  -4.357  -4.322  -4.295  -4.259  -4.246  -4.189  -4.193
  35000.  5.00  -3.108  -2.916  -2.738  -2.840  -3.027  -4.042  -4.380  -4.344  -4.316  -4.282  -4.269  -4.215  -4.219
  36000.  4.00  -3.163  -2.958  -2.762  -2.860  -3.029  -4.060  -4.417  -4.380  -4.351  -4.309  -4.295  -4.229  -4.232
  36000.  4.50  -3.150  -2.951  -2.765  -2.866  -3.048  -4.073  -4.423  -4.388  -4.362  -4.325  -4.313  -4.256  -4.260
  36000.  5.00  -3.153  -2.960  -2.781  -2.883  -3.072  -4.096  -4.440  -4.406  -4.379  -4.345  -4.333  -4.279  -4.284
  37000.  4.00  -3.231  -3.026  -2.831  -2.930  -3.099  -4.135  -4.496  -4.459  -4.430  -4.389  -4.375  -4.308  -4.310
  37000.  4.50  -3.208  -3.009  -2.822  -2.924  -3.106  -4.139  -4.492  -4.458  -4.433  -4.396  -4.384  -4.325  -4.329
  37000.  5.00  -3.205  -3.010  -2.830  -2.933  -3.122  -4.155  -4.503  -4.469  -4.444  -4.410  -4.399  -4.344  -4.349
  38000.  4.00  -3.301  -3.097  -2.902  -3.002  -3.172  -4.212  -4.576  -4.539  -4.511  -4.470  -4.456  -4.389  -4.391
  38000.  4.50  -3.272  -3.071  -2.885  -2.987  -3.169  -4.208  -4.565  -4.531  -4.507  -4.470  -4.458  -4.398  -4.402
  38000.  5.00  -3.262  -3.066  -2.886  -2.989  -3.178  -4.217  -4.569  -4.537  -4.513  -4.478  -4.468  -4.412  -4.417
  39000.  4.00  -3.372  -3.168  -2.975  -3.074  -3.246  -4.290  -4.656  -4.619  -4.592  -4.551  -4.537  -4.471  -4.473
  39000.  4.50  -3.338  -3.137  -2.952  -3.054  -3.237  -4.280  -4.640  -4.607  -4.583  -4.546  -4.535  -4.474  -4.478
  39000.  5.00  -3.324  -3.126  -2.946  -3.049  -3.239  -4.284  -4.639  -4.607  -4.584  -4.549  -4.539  -4.482  -4.487
  40000.  4.50  -3.405  -3.205  -3.021  -3.123  -3.307  -4.354  -4.716  -4.684  -4.661  -4.624  -4.613  -4.552  -4.556
  40000.  5.00  -3.388  -3.190  -3.010  -3.113  -3.305  -4.354  -4.712  -4.680  -4.658  -4.623  -4.614  -4.555  -4.560
  41000.  4.50  -3.473  -3.273  -3.090  -3.192  -3.378  -4.429  -4.793  -4.760  -4.739  -4.702  -4.692  -4.630  -4.634
  41000.  5.00  -3.454  -3.256  -3.077  -3.180  -3.372  -4.425  -4.785  -4.754  -4.733  -4.698  -4.689  -4.631  -4.636
  42000.  4.50  -3.540  -3.341  -3.159  -3.261  -3.449  -4.502  -4.868  -4.837  -4.815  -4.779  -4.769  -4.708  -4.712
  42000.  5.00  -3.520  -3.323  -3.144  -3.248  -3.441  -4.497  -4.860  -4.829  -4.809  -4.774  -4.766  -4.707  -4.712
  43000.  4.50  -3.606  -3.408  -3.227  -3.330  -3.519  -4.575  -4.942  -4.911  -4.891  -4.855  -4.845  -4.785  -4.789
  43000.  5.00  -3.587  -3.390  -3.212  -3.316  -3.511  -4.570  -4.934  -4.903  -4.884  -4.850  -4.842  -4.783  -4.788
  44000.  4.50  -3.670  -3.473  -3.294  -3.397  -3.588  -4.646  -5.015  -4.985  -4.965  -4.929  -4.920  -4.860  -4.864
  44000.  5.00  -3.652  -3.456  -3.279  -3.384  -3.580  -4.641  -5.007  -4.977  -4.958  -4.924  -4.917  -4.858  -4.864
  45000.  4.50  -3.734  -3.538  -3.360  -3.463  -3.655  -4.716  -5.086  -5.056  -5.037  -5.001  -4.993  -4.933  -4.938
  45000.  5.00  -3.717  -3.521  -3.346  -3.450  -3.648  -4.712  -5.079  -5.049  -5.032  -4.998  -4.991  -4.933  -4.938
  46000.  4.50  -3.796  -3.601  -3.424  -3.528  -3.721  -4.784  -5.156  -5.127  -5.108  -5.072  -5.064  -5.005  -5.010
  46000.  5.00  -3.780  -3.585  -3.411  -3.516  -3.715  -4.781  -5.149  -5.121  -5.103  -5.070  -5.063  -5.006  -5.011
  47000.  4.50  -3.857  -3.664  -3.487  -3.592  -3.786  -4.851  -5.225  -5.195  -5.177  -5.142  -5.134  -5.076  -5.081
  47000.  5.00  -3.842  -3.648  -3.475  -3.580  -3.781  -4.849  -5.219  -5.190  -5.174  -5.141  -5.134  -5.077  -5.083
  48000.  4.50  -3.917  -3.725  -3.550  -3.654  -3.850  -4.916  -5.291  -5.263  -5.244  -5.210  -5.202  -5.145  -5.150
  48000.  5.00  -3.903  -3.710  -3.538  -3.644  -3.846  -4.915  -5.286  -5.259  -5.242  -5.210  -5.204  -5.147  -5.153
  49000.  4.50  -3.976  -3.785  -3.611  -3.715  -3.912  -4.980  -5.357  -5.329  -5.311  -5.276  -5.268  -5.212  -5.217
  49000.  5.00  -3.963  -3.771  -3.600  -3.706  -3.909  -4.980  -5.353  -5.325  -5.310  -5.277  -5.271  -5.216  -5.222
  50000.  5.00  -4.021  -3.830  -3.660  -3.766  -3.971  -5.044  -5.418  -5.391  -5.375  -5.344  -5.338  -5.283  -5.289
