   3500.  0.00  -9.413  -9.060  -9.976  -7.681  -6.712  -4.880  -3.906  -2.782  -1.894  -1.206  -0.857   0.169   0.346
   3500.  0.50  -9.217  -9.005  -9.823  -7.276  -6.199  -4.507  -3.605  -2.609  -1.783  -1.137  -0.800   0.206   0.380
   3500.  1.00  -9.027  -8.944  -9.648  -6.867  -5.686  -4.171  -3.345  -2.462  -1.687  -1.074  -0.745   0.248   0.421
   3500.  1.50  -8.851  -8.877  -9.443  -6.484  -5.216  -3.882  -3.126  -2.334  -1.600  -1.011  -0.690   0.295   0.467
   3500.  2.00  -8.695  -8.805  -9.205  -6.145  -4.813  -3.643  -2.940  -2.220  -1.518  -0.948  -0.632   0.346   0.516
   3500.  2.50  -8.575  -8.731  -8.944  -5.884  -4.512  -3.470  -2.807  -2.131  -1.447  -0.885  -0.570   0.402   0.569
   3500.  3.00  -8.500  -8.654  -8.632  -5.706  -4.316  -3.371  -2.745  -2.074  -1.385  -0.815  -0.498   0.462   0.626
   3500.  3.50  -8.464  -8.586  -8.322  -5.594  -4.202  -3.332  -2.718  -2.036  -1.332  -0.749  -0.428   0.509   0.666
   3500.  4.00  -8.476  -8.544  -8.126  -5.561  -4.172  -3.360  -2.730  -2.035  -1.313  -0.716  -0.389   0.531   0.684
   3500.  4.50  -8.530  -8.525  -8.064  -5.597  -4.210  -3.448  -2.776  -2.064  -1.319  -0.705  -0.370   0.543   0.694
   3500.  5.00  -8.625  -8.536  -8.157  -5.707  -4.324  -3.606  -2.861  -2.124  -1.349  -0.712  -0.369   0.548   0.698
   3750.  0.00  -8.983  -8.879  -9.601  -6.972  -5.830  -4.255  -3.326  -2.255  -1.456  -0.841  -0.518   0.329   0.469
   3750.  0.50  -8.835  -8.852  -9.422  -6.630  -5.415  -3.981  -3.111  -2.146  -1.391  -0.806  -0.493   0.331   0.469
   3750.  1.00  -8.700  -8.817  -9.229  -6.300  -5.017  -3.742  -2.934  -2.061  -1.340  -0.778  -0.470   0.340   0.476
   3750.  1.50  -8.576  -8.772  -9.018  -5.991  -4.651  -3.532  -2.783  -1.989  -1.295  -0.749  -0.444   0.358   0.494
   3750.  2.00  -8.460  -8.717  -8.781  -5.707  -4.324  -3.348  -2.649  -1.920  -1.249  -0.716  -0.414   0.385   0.521
   3750.  2.50  -8.361  -8.655  -8.536  -5.481  -4.070  -3.202  -2.538  -1.860  -1.205  -0.681  -0.379   0.419   0.554
   3750.  3.00  -8.290  -8.587  -8.270  -5.325  -3.902  -3.105  -2.469  -1.818  -1.168  -0.644  -0.342   0.461   0.596
   3750.  3.50  -8.243  -8.502  -7.919  -5.208  -3.790  -3.043  -2.444  -1.793  -1.138  -0.603  -0.298   0.511   0.645
   3750.  4.00  -8.209  -8.407  -7.578  -5.111  -3.704  -3.005  -2.426  -1.770  -1.109  -0.564  -0.256   0.551   0.682
   3750.  4.50  -8.214  -8.334  -7.377  -5.080  -3.683  -3.020  -2.433  -1.772  -1.099  -0.544  -0.232   0.573   0.702
   3750.  5.00  -8.259  -8.298  -7.324  -5.113  -3.723  -3.092  -2.469  -1.799  -1.106  -0.538  -0.219   0.587   0.715
   4000.  0.00  -8.516  -8.663  -8.710  -6.086  -4.818  -3.594  -2.774  -1.803  -1.099  -0.558  -0.267   0.471   0.588
   4000.  0.50  -8.370  -8.619  -8.362  -5.734  -4.422  -3.349  -2.590  -1.707  -1.046  -0.536  -0.256   0.460   0.576
   4000.  1.00  -8.253  -8.564  -8.001  -5.415  -4.068  -3.152  -2.452  -1.645  -1.015  -0.525  -0.251   0.453   0.567
   4000.  1.50  -8.166  -8.501  -7.670  -5.152  -3.782  -3.003  -2.353  -1.607  -0.998  -0.520  -0.249   0.448   0.562
   4000.  2.00  -8.103  -8.438  -7.428  -4.958  -3.571  -2.896  -2.282  -1.585  -0.988  -0.516  -0.244   0.449   0.563
   4000.  2.50  -8.056  -8.388  -7.310  -4.834  -3.430  -2.821  -2.226  -1.569  -0.978  -0.508  -0.234   0.457   0.570
   4000.  3.00  -8.018  -8.351  -7.285  -4.765  -3.345  -2.766  -2.178  -1.553  -0.962  -0.492  -0.214   0.476   0.589
   4000.  3.50  -7.989  -8.292  -7.199  -4.725  -3.302  -2.731  -2.152  -1.543  -0.948  -0.470  -0.187   0.511   0.623
   4000.  4.00  -7.961  -8.177  -6.946  -4.673  -3.267  -2.702  -2.148  -1.537  -0.934  -0.445  -0.158   0.553   0.665
   4000.  4.50  -7.931  -8.032  -6.664  -4.609  -3.224  -2.672  -2.138  -1.527  -0.917  -0.418  -0.128   0.590   0.701
   4000.  5.00  -7.927  -7.914  -6.495  -4.592  -3.222  -2.682  -2.144  -1.532  -0.912  -0.403  -0.108   0.613   0.724
   4250.  0.00  -8.100  -8.318  -7.291  -5.255  -3.978  -3.030  -2.327  -1.467  -0.836  -0.352  -0.084   0.576   0.676
   4250.  0.50  -7.955  -8.179  -6.851  -4.910  -3.617  -2.813  -2.166  -1.378  -0.787  -0.333  -0.078   0.560   0.658
   4250.  1.00  -7.837  -7.990  -6.393  -4.589  -3.292  -2.637  -2.047  -1.319  -0.759  -0.326  -0.079   0.546   0.644
   4250.  1.50  -7.745  -7.758  -5.972  -4.317  -3.030  -2.505  -1.962  -1.283  -0.745  -0.325  -0.083   0.537   0.634
   4250.  2.00  -7.675  -7.523  -5.648  -4.114  -2.837  -2.412  -1.905  -1.264  -0.739  -0.327  -0.086   0.530   0.628
   4250.  2.50  -7.624  -7.334  -5.452  -3.983  -2.709  -2.352  -1.865  -1.256  -0.739  -0.330  -0.088   0.527   0.625
   4250.  3.00  -7.593  -7.238  -5.407  -3.934  -2.648  -2.322  -1.840  -1.256  -0.741  -0.331  -0.086   0.529   0.626
   4250.  3.50  -7.581  -7.238  -5.496  -3.955  -2.643  -2.315  -1.826  -1.262  -0.743  -0.330  -0.079   0.536   0.633
   4250.  4.00  -7.579  -7.257  -5.600  -4.007  -2.682  -2.330  -1.832  -1.275  -0.746  -0.322  -0.065   0.557   0.654
   4250.  4.50  -7.557  -7.193  -5.585  -4.050  -2.735  -2.343  -1.850  -1.289  -0.746  -0.309  -0.044   0.590   0.687
   4250.  5.00  -7.524  -7.106  -5.524  -4.067  -2.767  -2.345  -1.860  -1.296  -0.743  -0.292  -0.022   0.622   0.719
   4500.  0.00  -7.669  -7.683  -6.108  -4.540  -3.309  -2.536  -1.949  -1.200  -0.635  -0.198   0.048   0.649   0.735
   4500.  0.50  -7.527  -7.443  -5.695  -4.226  -2.995  -2.361  -1.823  -1.128  -0.596  -0.185   0.050   0.630   0.715
   4500.  1.00  -7.398  -7.145  -5.266  -3.930  -2.715  -2.219  -1.728  -1.079  -0.573  -0.180   0.047   0.614   0.699
   4500.  1.50  -7.282  -6.817  -4.871  -3.676  -2.487  -2.111  -1.662  -1.048  -0.560  -0.180   0.041   0.601   0.686
   4500.  2.00  -7.170  -6.500  -4.550  -3.475  -2.316  -2.036  -1.616  -1.030  -0.555  -0.183   0.036   0.592   0.677
   4500.  2.50  -7.065  -6.242  -4.332  -3.338  -2.198  -1.986  -1.585  -1.022  -0.555  -0.187   0.032   0.587   0.672
   4500.  3.00  -6.979  -6.079  -4.233  -3.270  -2.133  -1.959  -1.564  -1.019  -0.556  -0.190   0.030   0.585   0.670
   4500.  3.50  -6.923  -6.013  -4.246  -3.268  -2.116  -1.951  -1.552  -1.022  -0.558  -0.191   0.032   0.587   0.672
   4500.  4.00  -6.906  -6.036  -4.356  -3.319  -2.136  -1.958  -1.546  -1.030  -0.562  -0.191   0.038   0.593   0.678
   4500.  4.50  -6.906  -6.099  -4.511  -3.408  -2.195  -1.985  -1.554  -1.044  -0.567  -0.188   0.048   0.608   0.692
   4500.  5.00  -6.872  -6.104  -4.604  -3.500  -2.282  -2.017  -1.577  -1.062  -0.572  -0.181   0.062   0.633   0.717
   4750.  0.00  -7.109  -6.908  -5.235  -3.905  -2.724  -2.061  -1.592  -0.963  -0.468  -0.081   0.143   0.689   0.765
   4750.  0.50  -6.967  -6.631  -4.853  -3.629  -2.458  -1.935  -1.507  -0.915  -0.444  -0.075   0.140   0.670   0.745
   4750.  1.00  -6.819  -6.299  -4.452  -3.362  -2.218  -1.829  -1.442  -0.881  -0.429  -0.074   0.134   0.653   0.728
   4750.  1.50  -6.656  -5.942  -4.079  -3.126  -2.020  -1.751  -1.396  -0.859  -0.421  -0.077   0.128   0.640   0.714
   4750.  2.00  -6.469  -5.601  -3.770  -2.934  -1.870  -1.696  -1.366  -0.846  -0.418  -0.080   0.121   0.630   0.704
   4750.  2.50  -6.271  -5.322  -3.550  -2.797  -1.765  -1.661  -1.347  -0.840  -0.418  -0.084   0.116   0.623   0.697
   4750.  3.00  -6.104  -5.131  -3.426  -2.718  -1.701  -1.644  -1.335  -0.837  -0.418  -0.086   0.114   0.619   0.694
   4750.  3.50  -5.994  -5.033  -3.397  -2.697  -1.676  -1.640  -1.327  -0.837  -0.418  -0.087   0.114   0.620   0.694
   4750.  4.00  -5.953  -5.021  -3.452  -2.727  -1.684  -1.647  -1.322  -0.839  -0.419  -0.087   0.118   0.623   0.697
   4750.  4.50  -5.967  -5.072  -3.571  -2.795  -1.719  -1.665  -1.321  -0.845  -0.420  -0.085   0.124   0.630   0.704
   4750.  5.00  -6.019  -5.166  -3.739  -2.910  -1.797  -1.699  -1.330  -0.857  -0.424  -0.082   0.134   0.642   0.715
   5000.  0.00  -6.545  -6.169  -4.490  -3.334  -2.221  -1.617  -1.258  -0.748  -0.327   0.011   0.211   0.699   0.765
   5000.  0.50  -6.381  -5.865  -4.141  -3.093  -1.993  -1.534  -1.211  -0.724  -0.318   0.008   0.202   0.681   0.747
   5000.  1.00  -6.167  -5.504  -3.777  -2.856  -1.787  -1.466  -1.176  -0.707  -0.314   0.003   0.193   0.666   0.731
   5000.  1.50  -5.888  -5.117  -3.433  -2.639  -1.613  -1.414  -1.153  -0.698  -0.313  -0.002   0.184   0.653   0.718
   5000.  2.00  -5.563  -4.749  -3.140  -2.456  -1.477  -1.378  -1.139  -0.693  -0.314  -0.008   0.176   0.643   0.708
   5000.  2.50  -5.257  -4.450  -2.923  -2.319  -1.379  -1.359  -1.133  -0.692  -0.316  -0.013   0.170   0.635   0.701
   5000.  3.00  -5.027  -4.244  -2.788  -2.233  -1.317  -1.351  -1.130  -0.692  -0.317  -0.016   0.167   0.631   0.697
   5000.  3.50  -4.895  -4.136  -2.737  -2.200  -1.289  -1.356  -1.130  -0.693  -0.317  -0.016   0.167   0.631   0.696
   5000.  4.00  -4.852  -4.114  -2.759  -2.214  -1.289  -1.369  -1.131  -0.694  -0.315  -0.014   0.171   0.634   0.699
   5000.  4.50  -4.870  -4.151  -2.837  -2.264  -1.312  -1.388  -1.132  -0.696  -0.314  -0.011   0.176   0.640   0.704
   5000.  5.00  -4.930  -4.230  -2.962  -2.350  -1.364  -1.416  -1.137  -0.700  -0.313  -0.007   0.185   0.649   0.713
   5250.  0.00  -5.940  -5.432  -3.846  -2.858  -1.833  -1.247  -0.971  -0.564  -0.211   0.080   0.256   0.687   0.747
   5250.  0.50  -5.710  -5.110  -3.532  -2.643  -1.633  -1.194  -0.951  -0.558  -0.215   0.070   0.243   0.672   0.730
   5250.  1.00  -5.399  -4.737  -3.206  -2.429  -1.448  -1.152  -0.940  -0.557  -0.220   0.060   0.231   0.658   0.716
   5250.  1.50  -5.020  -4.348  -2.898  -2.229  -1.290  -1.122  -0.936  -0.559  -0.226   0.051   0.220   0.647   0.704
   5250.  2.00  -4.633  -3.987  -2.630  -2.057  -1.163  -1.103  -0.938  -0.564  -0.233   0.043   0.211   0.637   0.695
   5250.  2.50  -4.302  -3.693  -2.423  -1.921  -1.067  -1.096  -0.944  -0.570  -0.238   0.036   0.203   0.630   0.688
   5250.  3.00  -4.065  -3.487  -2.284  -1.829  -1.001  -1.097  -0.952  -0.575  -0.243   0.031   0.199   0.625   0.683
   5250.  3.50  -3.933  -3.376  -2.219  -1.784  -0.965  -1.106  -0.960  -0.579  -0.244   0.030   0.198   0.624   0.682
   5250.  4.00  -3.895  -3.348  -2.218  -1.784  -0.956  -1.123  -0.967  -0.582  -0.243   0.032   0.201   0.627   0.685
   5250.  4.50  -3.922  -3.382  -2.269  -1.818  -0.970  -1.145  -0.973  -0.583  -0.240   0.036   0.207   0.633   0.691
   5250.  5.00  -3.991  -3.455  -2.360  -1.882  -1.004  -1.172  -0.979  -0.585  -0.236   0.042   0.215   0.642   0.699
   5500.  0.00  -5.295  -4.747  -3.323  -2.488  -1.563  -0.955  -0.738  -0.412  -0.119   0.129   0.283   0.661   0.716
   5500.  0.50  -4.998  -4.421  -3.040  -2.292  -1.382  -0.925  -0.736  -0.420  -0.131   0.116   0.269   0.649   0.702
   5500.  1.00  -4.623  -4.052  -2.744  -2.092  -1.209  -0.901  -0.740  -0.429  -0.144   0.103   0.255   0.638   0.690
   5500.  1.50  -4.216  -3.679  -2.463  -1.902  -1.056  -0.885  -0.749  -0.440  -0.156   0.090   0.242   0.627   0.679
   5500.  2.00  -3.834  -3.340  -2.216  -1.734  -0.929  -0.877  -0.763  -0.453  -0.168   0.078   0.231   0.618   0.669
   5500.  2.50  -3.517  -3.061  -2.016  -1.596  -0.827  -0.877  -0.779  -0.467  -0.179   0.068   0.221   0.610   0.662
   5500.  3.00  -3.291  -2.862  -1.874  -1.495  -0.752  -0.884  -0.796  -0.478  -0.187   0.061   0.215   0.606   0.657
   5500.  3.50  -3.163  -2.749  -1.796  -1.437  -0.703  -0.896  -0.812  -0.487  -0.192   0.057   0.212   0.604   0.655
   5500.  4.00  -3.122  -2.712  -1.775  -1.421  -0.681  -0.913  -0.825  -0.493  -0.192   0.058   0.213   0.606   0.658
   5500.  4.50  -3.149  -2.739  -1.806  -1.441  -0.682  -0.934  -0.836  -0.496  -0.190   0.062   0.219   0.612   0.663
   5500.  5.00  -3.219  -2.806  -1.872  -1.487  -0.702  -0.960  -0.845  -0.497  -0.185   0.069   0.228   0.622   0.672
   5750.  0.00  -4.669  -4.152  -2.909  -2.203  -1.381  -0.721  -0.547  -0.287  -0.046   0.165   0.297   0.625   0.677
   5750.  0.50  -4.344  -3.839  -2.657  -2.028  -1.219  -0.712  -0.560  -0.304  -0.063   0.150   0.283   0.617   0.667
   5750.  1.00  -3.958  -3.489  -2.389  -1.841  -1.057  -0.704  -0.575  -0.320  -0.079   0.135   0.270   0.609   0.657
   5750.  1.50  -3.564  -3.140  -2.129  -1.658  -0.907  -0.700  -0.593  -0.339  -0.096   0.120   0.256   0.600   0.647
   5750.  2.00  -3.204  -2.823  -1.895  -1.490  -0.774  -0.700  -0.616  -0.359  -0.113   0.106   0.243   0.592   0.638
   5750.  2.50  -2.906  -2.557  -1.698  -1.346  -0.664  -0.706  -0.640  -0.379  -0.129   0.092   0.231   0.584   0.629
   5750.  3.00  -2.690  -2.362  -1.550  -1.235  -0.575  -0.715  -0.664  -0.397  -0.143   0.081   0.221   0.578   0.623
   5750.  3.50  -2.558  -2.240  -1.454  -1.159  -0.508  -0.728  -0.686  -0.412  -0.153   0.073   0.214   0.574   0.620
   5750.  4.00  -2.506  -2.191  -1.414  -1.124  -0.468  -0.743  -0.705  -0.422  -0.157   0.070   0.213   0.575   0.620
   5750.  4.50  -2.524  -2.206  -1.424  -1.126  -0.452  -0.762  -0.720  -0.428  -0.157   0.073   0.217   0.580   0.625
   5750.  5.00  -2.585  -2.262  -1.469  -1.156  -0.455  -0.784  -0.731  -0.430  -0.153   0.079   0.225   0.589   0.634
   6000.  0.00  -4.105  -3.652  -2.583  -1.979  -1.259  -0.523  -0.385  -0.182   0.012   0.187   0.299   0.579   0.631
   6000.  0.50  -3.789  -3.366  -2.362  -1.828  -1.117  -0.537  -0.412  -0.205  -0.006   0.174   0.289   0.578   0.626
   6000.  1.00  -3.424  -3.044  -2.121  -1.657  -0.967  -0.544  -0.436  -0.227  -0.025   0.160   0.277   0.574   0.619
   6000.  1.50  -3.058  -2.721  -1.881  -1.482  -0.820  -0.552  -0.463  -0.251  -0.045   0.144   0.264   0.569   0.611
   6000.  2.00  -2.726  -2.425  -1.659  -1.317  -0.685  -0.561  -0.492  -0.277  -0.066   0.127   0.250   0.562   0.603
   6000.  2.50  -2.448  -2.174  -1.465  -1.169  -0.566  -0.573  -0.522  -0.302  -0.086   0.111   0.236   0.554   0.594
   6000.  3.00  -2.236  -1.977  -1.308  -1.045  -0.464  -0.587  -0.553  -0.326  -0.105   0.096   0.223   0.546   0.586
   6000.  3.50  -2.095  -1.843  -1.195  -0.951  -0.381  -0.600  -0.581  -0.348  -0.121   0.083   0.212   0.541   0.581
   6000.  4.00  -2.026  -1.776  -1.131  -0.894  -0.319  -0.614  -0.606  -0.364  -0.131   0.076   0.207   0.538   0.579
   6000.  4.50  -2.022  -1.769  -1.115  -0.873  -0.281  -0.629  -0.625  -0.374  -0.136   0.074   0.207   0.541   0.581
   6000.  5.00  -2.068  -1.809  -1.139  -0.884  -0.266  -0.646  -0.639  -0.380  -0.134   0.078   0.212   0.549   0.589
   6250.  0.50  -3.332  -2.984  -2.134  -1.671  -1.053  -0.383  -0.281  -0.120   0.040   0.189   0.285   0.531   0.578
   6250.  1.00  -3.000  -2.691  -1.917  -1.517  -0.915  -0.409  -0.315  -0.146   0.022   0.177   0.278   0.534   0.576
   6250.  1.50  -2.667  -2.396  -1.695  -1.353  -0.774  -0.428  -0.349  -0.174   0.000   0.162   0.267   0.532   0.572
   6250.  2.00  -2.362  -2.121  -1.484  -1.192  -0.639  -0.447  -0.385  -0.204  -0.023   0.145   0.253   0.527   0.565
   6250.  2.50  -2.101  -1.881  -1.293  -1.042  -0.514  -0.467  -0.421  -0.234  -0.047   0.127   0.238   0.521   0.557
   6250.  3.00  -1.893  -1.684  -1.130  -0.910  -0.403  -0.485  -0.458  -0.264  -0.071   0.108   0.222   0.513   0.549
   6250.  3.50  -1.745  -1.540  -1.003  -0.802  -0.306  -0.503  -0.493  -0.292  -0.092   0.092   0.208   0.506   0.541
   6250.  4.00  -1.657  -1.451  -0.916  -0.724  -0.226  -0.517  -0.523  -0.314  -0.109   0.079   0.198   0.501   0.536
   6250.  4.50  -1.629  -1.419  -0.873  -0.679  -0.166  -0.530  -0.547  -0.331  -0.119   0.072   0.193   0.500   0.535
   6250.  5.00  -1.651  -1.436  -0.872  -0.668  -0.130  -0.542  -0.565  -0.341  -0.123   0.071   0.194   0.504   0.540
   6500.  0.50  -2.957  -2.672  -1.952  -1.542  -1.010  -0.242  -0.161  -0.045   0.075   0.193   0.271   0.477   0.524
   6500.  1.00  -2.661  -2.410  -1.757  -1.406  -0.884  -0.286  -0.206  -0.075   0.059   0.187   0.271   0.486   0.529
   6500.  1.50  -2.360  -2.140  -1.552  -1.254  -0.751  -0.321  -0.248  -0.106   0.039   0.175   0.264   0.490   0.528
   6500.  2.00  -2.080  -1.884  -1.352  -1.099  -0.618  -0.350  -0.289  -0.138   0.014   0.158   0.252   0.489   0.524
   6500.  2.50  -1.835  -1.654  -1.165  -0.950  -0.491  -0.377  -0.331  -0.173  -0.012   0.139   0.237   0.485   0.517
   6500.  3.00  -1.632  -1.460  -0.999  -0.813  -0.373  -0.402  -0.374  -0.207  -0.039   0.119   0.220   0.478   0.509
   6500.  3.50  -1.478  -1.308  -0.861  -0.695  -0.266  -0.424  -0.415  -0.240  -0.065   0.099   0.204   0.471   0.501
   6500.  4.00  -1.373  -1.200  -0.755  -0.600  -0.173  -0.442  -0.451  -0.270  -0.087   0.081   0.189   0.463   0.494
   6500.  4.50  -1.321  -1.143  -0.688  -0.534  -0.096  -0.456  -0.482  -0.293  -0.105   0.068   0.179   0.459   0.490
   6500.  5.00  -1.319  -1.135  -0.661  -0.500  -0.039  -0.467  -0.506  -0.309  -0.115   0.062   0.175   0.460   0.490
   6750.  0.50  -2.612  -2.386  -1.784  -1.422  -0.967  -0.133  -0.072   0.012   0.102   0.195   0.256   0.423   0.471
   6750.  1.00  -2.386  -2.181  -1.628  -1.312  -0.864  -0.170  -0.104  -0.012   0.087   0.187   0.254   0.432   0.474
   6750.  1.50  -2.114  -1.934  -1.438  -1.174  -0.739  -0.221  -0.154  -0.045   0.069   0.180   0.253   0.442   0.480
   6750.  2.00  -1.856  -1.695  -1.248  -1.027  -0.610  -0.263  -0.203  -0.080   0.047   0.167   0.246   0.447   0.479
   6750.  2.50  -1.625  -1.476  -1.067  -0.881  -0.484  -0.298  -0.250  -0.117   0.020   0.148   0.232   0.446   0.475
   6750.  3.00  -1.429  -1.285  -0.900  -0.743  -0.363  -0.330  -0.297  -0.155  -0.009   0.127   0.216   0.441   0.468
   6750.  3.50  -1.270  -1.126  -0.754  -0.617  -0.250  -0.358  -0.344  -0.193  -0.039   0.105   0.198   0.434   0.460
   6750.  4.00  -1.152  -1.005  -0.635  -0.511  -0.148  -0.382  -0.387  -0.228  -0.067   0.083   0.180   0.426   0.452
   6750.  4.50  -1.082  -0.928  -0.549  -0.428  -0.058  -0.399  -0.425  -0.258  -0.090   0.066   0.166   0.419   0.445
   6750.  5.00  -1.055  -0.895  -0.498  -0.374   0.015  -0.411  -0.455  -0.281  -0.107   0.053   0.156   0.416   0.442
   7000.  0.50  -2.276  -2.101  -1.612  -1.296  -0.913  -0.052  -0.010   0.053   0.120   0.193   0.240   0.371   0.420
   7000.  1.00  -2.125  -1.961  -1.499  -1.218  -0.836  -0.082  -0.029   0.036   0.107   0.185   0.236   0.379   0.422
   7000.  1.50  -1.911  -1.763  -1.342  -1.103  -0.729  -0.125  -0.067   0.009   0.091   0.177   0.234   0.389   0.426
   7000.  2.00  -1.672  -1.540  -1.163  -0.966  -0.608  -0.181  -0.123  -0.028   0.072   0.169   0.233   0.399   0.431
   7000.  2.50  -1.455  -1.331  -0.988  -0.826  -0.485  -0.227  -0.176  -0.067   0.046   0.153   0.224   0.403   0.430
   7000.  3.00  -1.264  -1.144  -0.823  -0.689  -0.364  -0.266  -0.228  -0.107   0.017   0.132   0.209   0.402   0.426
   7000.  3.50  -1.103  -0.982  -0.674  -0.560  -0.249  -0.301  -0.279  -0.149  -0.015   0.109   0.191   0.396   0.418
   7000.  4.00  -0.978  -0.852  -0.545  -0.446  -0.140  -0.330  -0.328  -0.189  -0.046   0.085   0.171   0.388   0.410
   7000.  4.50  -0.892  -0.759  -0.443  -0.351  -0.042  -0.353  -0.373  -0.225  -0.075   0.063   0.153   0.380   0.402
   7000.  5.00  -0.845  -0.704  -0.373  -0.280   0.044  -0.368  -0.410  -0.255  -0.098   0.046   0.139   0.374   0.396
   7250.  0.50  -1.925  -1.796  -1.414  -1.151  -0.834  -0.000   0.023   0.075   0.128   0.187   0.223   0.324   0.372
   7250.  1.00  -1.865  -1.737  -1.360  -1.114  -0.793  -0.016   0.021   0.068   0.119   0.179   0.217   0.327   0.371
   7250.  1.50  -1.710  -1.590  -1.238  -1.025  -0.708  -0.053  -0.005   0.048   0.106   0.172   0.215   0.336   0.373
   7250.  2.00  -1.518  -1.407  -1.088  -0.910  -0.603  -0.102  -0.047   0.018   0.089   0.163   0.212   0.346   0.377
   7250.  2.50  -1.311  -1.209  -0.921  -0.777  -0.487  -0.160  -0.107  -0.022   0.067   0.152   0.210   0.356   0.381
   7250.  3.00  -1.126  -1.026  -0.760  -0.644  -0.370  -0.209  -0.164  -0.064   0.039   0.134   0.198   0.359   0.380
   7250.  3.50  -0.967  -0.865  -0.611  -0.516  -0.254  -0.251  -0.219  -0.108   0.006   0.111   0.181   0.356   0.375
   7250.  4.00  -0.836  -0.729  -0.476  -0.397  -0.144  -0.286  -0.273  -0.152  -0.027   0.086   0.161   0.350   0.367
   7250.  4.50  -0.738  -0.623  -0.364  -0.293  -0.039  -0.314  -0.324  -0.194  -0.060   0.061   0.141   0.341   0.358
   7250.  5.00  -0.675  -0.551  -0.278  -0.209   0.055  -0.335  -0.368  -0.230  -0.089   0.039   0.123   0.333   0.351
   7500.  0.50  -1.515  -1.428  -1.155  -0.958  -0.706   0.003   0.006   0.065   0.120   0.176   0.208   0.287   0.332
   7500.  1.00  -1.598  -1.500  -1.202  -0.993  -0.731   0.031   0.049   0.083   0.120   0.166   0.194   0.278   0.320
   7500.  1.50  -1.505  -1.409  -1.122  -0.936  -0.673   0.001   0.035   0.071   0.112   0.161   0.193   0.285   0.322
   7500.  2.00  -1.360  -1.269  -1.002  -0.844  -0.586  -0.042   0.004   0.048   0.098   0.153   0.190   0.294   0.324
   7500.  2.50  -1.189  -1.103  -0.860  -0.731  -0.485  -0.095  -0.042   0.015   0.079   0.143   0.187   0.303   0.328
   7500.  3.00  -1.008  -0.925  -0.706  -0.605  -0.374  -0.155  -0.105  -0.027   0.055   0.131   0.182   0.311   0.331
   7500.  3.50  -0.850  -0.765  -0.558  -0.479  -0.262  -0.205  -0.165  -0.072   0.024   0.110   0.169   0.313   0.329
   7500.  4.00  -0.717  -0.627  -0.422  -0.359  -0.152  -0.246  -0.223  -0.118  -0.011   0.085   0.150   0.309   0.323
   7500.  4.50  -0.611  -0.513  -0.303  -0.250  -0.046  -0.281  -0.279  -0.164  -0.046   0.058   0.129   0.302   0.315
   7500.  5.00  -0.536  -0.428  -0.205  -0.157   0.054  -0.307  -0.329  -0.206  -0.080   0.033   0.108   0.293   0.306
   7750.  1.00  -1.317  -1.244  -1.018  -0.851  -0.643   0.050   0.048   0.078   0.108   0.146   0.167   0.230   0.271
   7750.  1.50  -1.296  -1.221  -0.992  -0.833  -0.621   0.038   0.055   0.079   0.106   0.143   0.165   0.233   0.269
   7750.  2.00  -1.195  -1.121  -0.904  -0.767  -0.555   0.000   0.035   0.064   0.097   0.138   0.164   0.241   0.272
   7750.  2.50  -1.061  -0.990  -0.789  -0.676  -0.470  -0.048  -0.000   0.039   0.082   0.129   0.161   0.250   0.274
   7750.  3.00  -0.908  -0.839  -0.656  -0.567  -0.373  -0.103  -0.051   0.003   0.062   0.118   0.157   0.259   0.277
   7750.  3.50  -0.748  -0.679  -0.512  -0.445  -0.269  -0.162  -0.116  -0.042   0.035   0.104   0.151   0.266   0.280
   7750.  4.00  -0.613  -0.539  -0.377  -0.327  -0.162  -0.211  -0.178  -0.089   0.002   0.081   0.135   0.266   0.277
   7750.  4.50  -0.504  -0.421  -0.254  -0.216  -0.056  -0.252  -0.237  -0.137  -0.034   0.054   0.114   0.261   0.270
   7750.  5.00  -0.419  -0.327  -0.149  -0.117   0.045  -0.284  -0.293  -0.183  -0.071   0.026   0.092   0.253   0.262
   8000.  1.00  -1.020  -0.968  -0.807  -0.684  -0.529   0.036   0.012   0.046   0.077   0.116   0.135   0.186   0.223
   8000.  1.50  -1.084  -1.025  -0.849  -0.720  -0.554   0.055   0.054   0.070   0.088   0.116   0.131   0.180   0.216
   8000.  2.00  -1.029  -0.970  -0.797  -0.681  -0.513   0.028   0.047   0.064   0.085   0.114   0.132   0.187   0.217
   8000.  2.50  -0.929  -0.870  -0.708  -0.611  -0.446  -0.015   0.021   0.046   0.075   0.109   0.131   0.196   0.219
   8000.  3.00  -0.805  -0.749  -0.599  -0.522  -0.364  -0.066  -0.017   0.019   0.059   0.099   0.127   0.204   0.222
   8000.  3.50  -0.664  -0.608  -0.473  -0.416  -0.271  -0.123  -0.072  -0.019   0.038   0.088   0.123   0.213   0.225
   8000.  4.00  -0.523  -0.463  -0.338  -0.299  -0.170  -0.180  -0.137  -0.065   0.010   0.072   0.115   0.219   0.227
   8000.  4.50  -0.410  -0.342  -0.214  -0.188  -0.067  -0.226  -0.200  -0.114  -0.026   0.047   0.098   0.218   0.224
   8000.  5.00  -0.320  -0.242  -0.104  -0.086   0.033  -0.264  -0.260  -0.163  -0.063   0.019   0.076   0.211   0.217
   8250.  1.00  -0.722  -0.681  -0.571  -0.493  -0.387  -0.006  -0.056  -0.015   0.024   0.069   0.093   0.144   0.174
   8250.  1.50  -0.873  -0.830  -0.700  -0.600  -0.478   0.053   0.031   0.044   0.057   0.081   0.092   0.128   0.161
   8250.  2.00  -0.863  -0.817  -0.685  -0.590  -0.463   0.040   0.040   0.050   0.060   0.082   0.093   0.132   0.160
   8250.  2.50  -0.795  -0.748  -0.620  -0.540  -0.413   0.002   0.024   0.039   0.056   0.079   0.094   0.140   0.162
   8250.  3.00  -0.697  -0.650  -0.532  -0.468  -0.345  -0.045  -0.006   0.018   0.045   0.074   0.093   0.149   0.165
   8250.  3.50  -0.582  -0.536  -0.429  -0.381  -0.266  -0.097  -0.047  -0.011   0.029   0.064   0.090   0.157   0.168
   8250.  4.00  -0.450  -0.403  -0.307  -0.276  -0.176  -0.153  -0.104  -0.049   0.007   0.053   0.086   0.166   0.172
   8250.  4.50  -0.328  -0.274  -0.180  -0.164  -0.078  -0.204  -0.168  -0.096  -0.022   0.035   0.076   0.171   0.174
   8250.  5.00  -0.233  -0.169  -0.068  -0.061   0.020  -0.247  -0.231  -0.145  -0.059   0.009   0.057   0.168   0.170
   8500.  1.50  -0.670  -0.637  -0.546  -0.474  -0.392   0.032  -0.010   0.003   0.015   0.039   0.049   0.077   0.107
   8500.  2.00  -0.702  -0.666  -0.569  -0.496  -0.406   0.036   0.018   0.022   0.027   0.043   0.050   0.076   0.103
   8500.  2.50  -0.663  -0.626  -0.531  -0.467  -0.375   0.007   0.013   0.019   0.027   0.043   0.052   0.082   0.103
   8500.  3.00  -0.590  -0.552  -0.463  -0.412  -0.322  -0.036  -0.009   0.005   0.021   0.040   0.053   0.091   0.106
   8500.  3.50  -0.496  -0.459  -0.378  -0.340  -0.255  -0.084  -0.042  -0.018   0.009   0.034   0.052   0.099   0.109
   8500.  4.00  -0.386  -0.350  -0.277  -0.254  -0.178  -0.136  -0.086  -0.048  -0.008   0.024   0.048   0.108   0.112
   8500.  4.50  -0.262  -0.220  -0.156  -0.147  -0.087  -0.188  -0.145  -0.087  -0.028   0.014   0.046   0.118   0.119
   8500.  5.00  -0.157  -0.106  -0.038  -0.041   0.008  -0.235  -0.207  -0.133  -0.059  -0.006   0.034   0.122   0.120
   8750.  1.50  -0.486  -0.459  -0.395  -0.348  -0.300   0.002  -0.063  -0.048  -0.036  -0.011  -0.001   0.025   0.051
   8750.  2.00  -0.550  -0.522  -0.455  -0.402  -0.346   0.021  -0.016  -0.015  -0.015  -0.001   0.003   0.020   0.045
   8750.  2.50  -0.537  -0.508  -0.442  -0.394  -0.335   0.001  -0.011  -0.011  -0.010   0.001   0.005   0.024   0.044
   8750.  3.00  -0.485  -0.456  -0.394  -0.355  -0.297  -0.036  -0.025  -0.019  -0.012   0.000   0.007   0.031   0.045
   8750.  3.50  -0.410  -0.381  -0.324  -0.297  -0.242  -0.082  -0.051  -0.036  -0.019  -0.004   0.008   0.040   0.048
   8750.  4.00  -0.317  -0.289  -0.240  -0.224  -0.175  -0.132  -0.088  -0.060  -0.031  -0.011   0.006   0.048   0.052
   8750.  4.50  -0.210  -0.181  -0.139  -0.135  -0.097  -0.183  -0.135  -0.092  -0.048  -0.019   0.004   0.058   0.057
   8750.  5.00  -0.094  -0.057  -0.018  -0.027  -0.005  -0.228  -0.192  -0.130  -0.068  -0.028   0.003   0.069   0.065
   9000.  1.50  -0.328  -0.305  -0.259  -0.233  -0.210  -0.034  -0.118  -0.104  -0.091  -0.065  -0.054  -0.029  -0.009
   9000.  2.00  -0.409  -0.388  -0.345  -0.310  -0.284  -0.003  -0.059  -0.060  -0.061  -0.049  -0.047  -0.036  -0.013
   9000.  2.50  -0.417  -0.395  -0.353  -0.320  -0.291  -0.014  -0.044  -0.048  -0.053  -0.045  -0.044  -0.034  -0.016
   9000.  3.00  -0.385  -0.363  -0.323  -0.297  -0.267  -0.046  -0.051  -0.052  -0.052  -0.045  -0.042  -0.029  -0.016
   9000.  3.50  -0.326  -0.304  -0.270  -0.253  -0.226  -0.089  -0.070  -0.063  -0.055  -0.046  -0.040  -0.021  -0.014
   9000.  4.00  -0.249  -0.228  -0.200  -0.193  -0.170  -0.137  -0.101  -0.083  -0.063  -0.050  -0.039  -0.012  -0.011
   9000.  4.50  -0.158  -0.137  -0.115  -0.118  -0.102  -0.186  -0.141  -0.109  -0.076  -0.058  -0.041  -0.003  -0.006
   9000.  5.00  -0.052  -0.026  -0.009  -0.023  -0.020  -0.231  -0.190  -0.141  -0.091  -0.064  -0.040   0.009   0.003
   9250.  2.00  -0.286  -0.270  -0.246  -0.226  -0.224  -0.033  -0.106  -0.108  -0.111  -0.100  -0.099  -0.092  -0.073
   9250.  2.50  -0.307  -0.291  -0.270  -0.250  -0.247  -0.037  -0.084  -0.091  -0.099  -0.094  -0.095  -0.093  -0.076
   9250.  3.00  -0.289  -0.273  -0.254  -0.240  -0.236  -0.063  -0.084  -0.090  -0.095  -0.092  -0.093  -0.088  -0.077
   9250.  3.50  -0.246  -0.229  -0.215  -0.208  -0.206  -0.102  -0.099  -0.098  -0.096  -0.092  -0.090  -0.081  -0.076
   9250.  4.00  -0.183  -0.167  -0.158  -0.159  -0.161  -0.147  -0.123  -0.113  -0.101  -0.094  -0.088  -0.073  -0.072
   9250.  4.50  -0.105  -0.090  -0.088  -0.097  -0.104  -0.195  -0.157  -0.134  -0.110  -0.100  -0.089  -0.064  -0.069
   9250.  5.00  -0.014   0.002  -0.001  -0.019  -0.034  -0.241  -0.199  -0.161  -0.123  -0.106  -0.089  -0.054  -0.062
   9500.  2.00  -0.179  -0.167  -0.157  -0.150  -0.169  -0.066  -0.155  -0.158  -0.163  -0.152  -0.152  -0.148  -0.132
   9500.  2.50  -0.210  -0.199  -0.194  -0.186  -0.206  -0.064  -0.127  -0.137  -0.148  -0.145  -0.148  -0.151  -0.136
   9500.  3.00  -0.203  -0.192  -0.191  -0.186  -0.206  -0.085  -0.123  -0.132  -0.143  -0.142  -0.146  -0.148  -0.138
   9500.  3.50  -0.172  -0.160  -0.163  -0.165  -0.186  -0.119  -0.132  -0.137  -0.142  -0.141  -0.143  -0.142  -0.137
   9500.  4.00  -0.121  -0.110  -0.118  -0.126  -0.151  -0.162  -0.152  -0.148  -0.144  -0.142  -0.140  -0.135  -0.135
   9500.  4.50  -0.054  -0.044  -0.058  -0.074  -0.103  -0.209  -0.181  -0.165  -0.149  -0.145  -0.138  -0.126  -0.131
   9500.  5.00   0.027   0.036   0.016  -0.007  -0.043  -0.256  -0.219  -0.189  -0.159  -0.150  -0.138  -0.116  -0.125
   9750.  2.00  -0.088  -0.080  -0.082  -0.085  -0.120  -0.100  -0.204  -0.209  -0.215  -0.205  -0.206  -0.205  -0.192
   9750.  2.50  -0.124  -0.117  -0.126  -0.128  -0.167  -0.095  -0.174  -0.186  -0.199  -0.197  -0.202  -0.208  -0.196
   9750.  3.00  -0.125  -0.119  -0.133  -0.137  -0.178  -0.112  -0.166  -0.178  -0.192  -0.194  -0.199  -0.208  -0.199
   9750.  3.50  -0.103  -0.096  -0.115  -0.124  -0.166  -0.142  -0.171  -0.180  -0.190  -0.192  -0.197  -0.203  -0.199
   9750.  4.00  -0.062  -0.056  -0.079  -0.094  -0.140  -0.182  -0.186  -0.188  -0.190  -0.192  -0.193  -0.196  -0.198
   9750.  4.50  -0.005   0.000  -0.029  -0.051  -0.100  -0.227  -0.210  -0.201  -0.192  -0.193  -0.191  -0.188  -0.194
   9750.  5.00   0.066   0.070   0.034   0.006  -0.050  -0.274  -0.244  -0.221  -0.199  -0.196  -0.189  -0.178  -0.189
  10000.  2.00  -0.010  -0.005  -0.017  -0.029  -0.080  -0.135  -0.253  -0.260  -0.267  -0.258  -0.260  -0.262  -0.251
  10000.  2.50  -0.049  -0.046  -0.067  -0.078  -0.134  -0.128  -0.221  -0.235  -0.250  -0.250  -0.256  -0.266  -0.256
  10000.  3.00  -0.056  -0.054  -0.081  -0.094  -0.152  -0.142  -0.211  -0.226  -0.243  -0.246  -0.254  -0.267  -0.259
  10000.  3.50  -0.041  -0.039  -0.071  -0.087  -0.148  -0.169  -0.213  -0.226  -0.239  -0.245  -0.251  -0.264  -0.261
  10000.  4.00  -0.008  -0.006  -0.043  -0.065  -0.129  -0.206  -0.225  -0.231  -0.238  -0.244  -0.248  -0.257  -0.260
  10000.  4.50   0.041   0.042  -0.001  -0.029  -0.097  -0.249  -0.245  -0.242  -0.239  -0.243  -0.244  -0.249  -0.257
  10000.  5.00   0.103   0.103   0.053   0.020  -0.054  -0.294  -0.274  -0.258  -0.243  -0.245  -0.241  -0.240  -0.252
  10250.  2.00   0.058   0.059   0.039   0.019  -0.045  -0.170  -0.302  -0.310  -0.319  -0.311  -0.313  -0.318  -0.311
  10250.  2.50   0.016   0.015  -0.016  -0.035  -0.106  -0.163  -0.269  -0.284  -0.301  -0.302  -0.309  -0.323  -0.315
  10250.  3.00   0.005   0.003  -0.036  -0.056  -0.131  -0.175  -0.257  -0.275  -0.294  -0.299  -0.308  -0.325  -0.320
  10250.  3.50   0.014   0.012  -0.032  -0.055  -0.133  -0.199  -0.258  -0.273  -0.290  -0.298  -0.306  -0.323  -0.322
  10250.  4.00   0.040   0.038  -0.011  -0.038  -0.120  -0.233  -0.267  -0.277  -0.288  -0.296  -0.303  -0.318  -0.322
  10250.  4.50   0.082   0.079   0.024  -0.009  -0.094  -0.272  -0.283  -0.285  -0.288  -0.295  -0.299  -0.311  -0.319
  10250.  5.00   0.137   0.133   0.072   0.034  -0.058  -0.316  -0.307  -0.298  -0.289  -0.295  -0.295  -0.302  -0.314
  10500.  2.00   0.117   0.116   0.087   0.060  -0.018  -0.205  -0.351  -0.360  -0.370  -0.364  -0.367  -0.375  -0.369
  10500.  2.50   0.073   0.068   0.028   0.002  -0.082  -0.198  -0.316  -0.333  -0.352  -0.354  -0.363  -0.380  -0.374
  10500.  3.00   0.058   0.052   0.003  -0.023  -0.113  -0.209  -0.304  -0.324  -0.345  -0.352  -0.362  -0.383  -0.379
  10500.  3.50   0.063   0.057   0.002  -0.027  -0.121  -0.232  -0.303  -0.322  -0.341  -0.351  -0.361  -0.383  -0.382
  10500.  4.00   0.084   0.078   0.017  -0.016  -0.113  -0.262  -0.310  -0.324  -0.339  -0.349  -0.359  -0.379  -0.383
  10500.  4.50   0.119   0.113   0.047   0.009  -0.092  -0.299  -0.324  -0.330  -0.338  -0.348  -0.355  -0.372  -0.381
  10500.  5.00   0.168   0.161   0.088   0.046  -0.061  -0.341  -0.345  -0.340  -0.337  -0.347  -0.350  -0.363  -0.376
  10750.  2.00   0.169   0.165   0.129   0.095   0.004  -0.241  -0.399  -0.409  -0.421  -0.416  -0.420  -0.431  -0.427
  10750.  2.50   0.123   0.115   0.066   0.034  -0.063  -0.234  -0.364  -0.383  -0.403  -0.407  -0.416  -0.436  -0.433
  10750.  3.00   0.105   0.096   0.037   0.005  -0.098  -0.245  -0.351  -0.373  -0.396  -0.404  -0.416  -0.440  -0.438
  10750.  3.50   0.106   0.096   0.031  -0.003  -0.111  -0.266  -0.350  -0.370  -0.393  -0.404  -0.415  -0.441  -0.442
  10750.  4.00   0.122   0.113   0.042   0.004  -0.108  -0.294  -0.356  -0.372  -0.391  -0.403  -0.414  -0.438  -0.444
  10750.  4.50   0.153   0.143   0.066   0.024  -0.092  -0.329  -0.367  -0.377  -0.389  -0.401  -0.410  -0.433  -0.442
  10750.  5.00   0.196   0.185   0.103   0.057  -0.065  -0.369  -0.385  -0.385  -0.387  -0.399  -0.405  -0.424  -0.438
  11000.  2.00   0.215   0.209   0.165   0.125   0.021  -0.277  -0.446  -0.458  -0.472  -0.468  -0.473  -0.486  -0.485
  11000.  2.50   0.167   0.156   0.098   0.061  -0.048  -0.270  -0.411  -0.431  -0.454  -0.458  -0.469  -0.492  -0.490
  11000.  3.00   0.146   0.134   0.067   0.029  -0.086  -0.280  -0.398  -0.422  -0.447  -0.456  -0.469  -0.497  -0.496
  11000.  3.50   0.144   0.131   0.056   0.017  -0.104  -0.301  -0.397  -0.419  -0.444  -0.456  -0.469  -0.499  -0.501
  11000.  4.00   0.157   0.143   0.063   0.020  -0.106  -0.328  -0.402  -0.421  -0.442  -0.456  -0.468  -0.497  -0.503
  11000.  4.50   0.183   0.169   0.082   0.036  -0.094  -0.361  -0.412  -0.425  -0.440  -0.455  -0.465  -0.493  -0.503
  11000.  5.00   0.222   0.207   0.115   0.065  -0.071  -0.398  -0.427  -0.431  -0.438  -0.452  -0.460  -0.485  -0.499
  11250.  2.00   0.255   0.249   0.196   0.151   0.033  -0.313  -0.494  -0.507  -0.522  -0.519  -0.526  -0.542  -0.542
  11250.  2.50   0.205   0.192   0.127   0.084  -0.037  -0.306  -0.458  -0.480  -0.504  -0.510  -0.521  -0.548  -0.547
  11250.  3.00   0.182   0.167   0.092   0.049  -0.078  -0.316  -0.445  -0.470  -0.497  -0.508  -0.522  -0.553  -0.554
  11250.  3.50   0.178   0.161   0.078   0.034  -0.099  -0.336  -0.443  -0.468  -0.495  -0.508  -0.523  -0.556  -0.559
  11250.  4.00   0.187   0.170   0.081   0.034  -0.105  -0.363  -0.448  -0.469  -0.493  -0.509  -0.523  -0.555  -0.562
  11250.  4.50   0.209   0.192   0.096   0.046  -0.097  -0.394  -0.457  -0.473  -0.491  -0.508  -0.520  -0.552  -0.563
  11250.  5.00   0.244   0.226   0.124   0.071  -0.078  -0.429  -0.471  -0.479  -0.489  -0.505  -0.516  -0.545  -0.560
  11500.  2.00   0.292   0.284   0.222   0.172   0.041  -0.349  -0.541  -0.555  -0.572  -0.570  -0.578  -0.597  -0.599
  11500.  2.50   0.240   0.224   0.151   0.104  -0.030  -0.342  -0.505  -0.528  -0.554  -0.561  -0.573  -0.602  -0.604
  11500.  3.00   0.214   0.196   0.113   0.066  -0.072  -0.353  -0.492  -0.518  -0.547  -0.559  -0.574  -0.608  -0.611
  11500.  3.50   0.207   0.188   0.097   0.049  -0.096  -0.372  -0.490  -0.516  -0.545  -0.560  -0.576  -0.612  -0.617
  11500.  4.00   0.214   0.194   0.096   0.045  -0.105  -0.398  -0.494  -0.517  -0.544  -0.561  -0.576  -0.612  -0.620
  11500.  4.50   0.233   0.213   0.108   0.054  -0.102  -0.428  -0.502  -0.521  -0.542  -0.560  -0.574  -0.610  -0.621
  11500.  5.00   0.263   0.242   0.132   0.075  -0.087  -0.461  -0.515  -0.526  -0.540  -0.558  -0.570  -0.604  -0.619
  11750.  2.00   0.324   0.315   0.245   0.190   0.045  -0.386  -0.587  -0.603  -0.622  -0.621  -0.629  -0.651  -0.655
  11750.  2.50   0.270   0.252   0.171   0.120  -0.026  -0.378  -0.551  -0.575  -0.603  -0.611  -0.625  -0.657  -0.660
  11750.  3.00   0.242   0.222   0.131   0.080  -0.070  -0.389  -0.538  -0.566  -0.597  -0.610  -0.626  -0.663  -0.667
  11750.  3.50   0.233   0.211   0.113   0.060  -0.095  -0.409  -0.536  -0.564  -0.595  -0.611  -0.628  -0.667  -0.673
  11750.  4.00   0.238   0.215   0.109   0.055  -0.107  -0.433  -0.540  -0.565  -0.594  -0.612  -0.629  -0.668  -0.678
  11750.  4.50   0.254   0.230   0.118   0.061  -0.107  -0.462  -0.548  -0.569  -0.593  -0.612  -0.628  -0.667  -0.679
  11750.  5.00   0.281   0.257   0.138   0.078  -0.096  -0.494  -0.559  -0.573  -0.590  -0.611  -0.624  -0.662  -0.678
  12000.  2.50   0.297   0.277   0.189   0.133  -0.025  -0.414  -0.596  -0.622  -0.652  -0.661  -0.676  -0.711  -0.715
  12000.  3.00   0.267   0.244   0.147   0.092  -0.070  -0.425  -0.584  -0.613  -0.646  -0.660  -0.677  -0.717  -0.723
  12000.  3.50   0.256   0.231   0.126   0.070  -0.097  -0.445  -0.582  -0.611  -0.644  -0.662  -0.680  -0.721  -0.729
  12000.  4.00   0.259   0.233   0.120   0.062  -0.111  -0.469  -0.586  -0.613  -0.643  -0.663  -0.681  -0.723  -0.734
  12000.  4.50   0.273   0.246   0.126   0.066  -0.113  -0.497  -0.593  -0.616  -0.642  -0.663  -0.680  -0.722  -0.736
  12000.  5.00   0.297   0.270   0.143   0.080  -0.105  -0.528  -0.604  -0.621  -0.640  -0.662  -0.678  -0.718  -0.735
  12250.  2.50   0.321   0.300   0.203   0.143  -0.027  -0.451  -0.641  -0.669  -0.700  -0.711  -0.727  -0.764  -0.770
  12250.  3.00   0.289   0.264   0.159   0.100  -0.072  -0.461  -0.629  -0.660  -0.694  -0.710  -0.728  -0.771  -0.777
  12250.  3.50   0.276   0.249   0.136   0.077  -0.100  -0.481  -0.627  -0.658  -0.693  -0.711  -0.731  -0.775  -0.784
  12250.  4.00   0.277   0.249   0.128   0.068  -0.115  -0.505  -0.631  -0.660  -0.692  -0.713  -0.732  -0.778  -0.789
  12250.  4.50   0.289   0.260   0.132   0.069  -0.120  -0.532  -0.638  -0.663  -0.692  -0.714  -0.732  -0.778  -0.792
  12250.  5.00   0.310   0.280   0.146   0.081  -0.115  -0.562  -0.649  -0.668  -0.690  -0.713  -0.730  -0.774  -0.792
  12500.  2.50   0.342   0.319   0.215   0.152  -0.031  -0.486  -0.686  -0.715  -0.747  -0.760  -0.777  -0.817  -0.824
  12500.  3.00   0.308   0.281   0.169   0.107  -0.077  -0.498  -0.674  -0.706  -0.742  -0.759  -0.778  -0.823  -0.832
  12500.  3.50   0.294   0.264   0.145   0.082  -0.105  -0.517  -0.672  -0.705  -0.741  -0.761  -0.781  -0.828  -0.838
  12500.  4.00   0.293   0.262   0.135   0.071  -0.121  -0.541  -0.676  -0.707  -0.741  -0.763  -0.783  -0.831  -0.844
  12500.  4.50   0.303   0.271   0.137   0.071  -0.128  -0.567  -0.683  -0.710  -0.740  -0.764  -0.783  -0.832  -0.847
  12500.  5.00   0.323   0.290   0.149   0.081  -0.125  -0.596  -0.693  -0.714  -0.739  -0.764  -0.782  -0.829  -0.847
  12750.  2.50   0.360   0.336   0.224   0.158  -0.037  -0.522  -0.730  -0.761  -0.795  -0.808  -0.826  -0.869  -0.877
  12750.  3.00   0.325   0.296   0.177   0.112  -0.083  -0.534  -0.718  -0.752  -0.789  -0.808  -0.828  -0.876  -0.885
  12750.  3.50   0.309   0.277   0.151   0.086  -0.112  -0.553  -0.717  -0.751  -0.789  -0.810  -0.831  -0.881  -0.892
  12750.  4.00   0.307   0.273   0.140   0.073  -0.129  -0.576  -0.721  -0.753  -0.789  -0.812  -0.833  -0.884  -0.898
  12750.  4.50   0.315   0.281   0.140   0.072  -0.137  -0.602  -0.728  -0.756  -0.788  -0.813  -0.834  -0.885  -0.901
  12750.  5.00   0.333   0.298   0.150   0.080  -0.136  -0.631  -0.737  -0.760  -0.787  -0.813  -0.833  -0.883  -0.902
  13000.  2.50   0.377   0.352   0.232   0.162  -0.045  -0.558  -0.773  -0.805  -0.841  -0.856  -0.875  -0.920  -0.930
  13000.  3.00   0.340   0.309   0.182   0.114  -0.092  -0.569  -0.762  -0.797  -0.836  -0.856  -0.877  -0.928  -0.938
  13000.  3.50   0.322   0.288   0.155   0.087  -0.121  -0.589  -0.761  -0.796  -0.836  -0.858  -0.880  -0.933  -0.945
  13000.  4.00   0.318   0.283   0.143   0.074  -0.138  -0.612  -0.765  -0.798  -0.836  -0.860  -0.883  -0.936  -0.951
  13000.  4.50   0.326   0.289   0.142   0.071  -0.147  -0.638  -0.772  -0.802  -0.836  -0.862  -0.883  -0.937  -0.954
  13000.  5.00   0.342   0.304   0.150   0.077  -0.147  -0.665  -0.781  -0.806  -0.835  -0.862  -0.883  -0.936  -0.955
  14000.  2.00   0.495   0.477   0.341   0.258   0.003  -0.701  -0.981  -1.008  -1.039  -1.048  -1.065  -1.109  -1.124
  14000.  2.50   0.425   0.395   0.247   0.166  -0.085  -0.696  -0.941  -0.978  -1.020  -1.039  -1.062  -1.118  -1.132
  14000.  3.00   0.381   0.344   0.190   0.111  -0.136  -0.710  -0.931  -0.972  -1.017  -1.042  -1.067  -1.128  -1.142
  14000.  3.50   0.357   0.317   0.158   0.080  -0.167  -0.730  -0.932  -0.973  -1.018  -1.045  -1.072  -1.134  -1.150
  14000.  4.00   0.349   0.306   0.142   0.063  -0.186  -0.752  -0.936  -0.975  -1.019  -1.048  -1.074  -1.138  -1.156
  14000.  4.50   0.352   0.307   0.137   0.057  -0.195  -0.776  -0.943  -0.979  -1.020  -1.050  -1.076  -1.139  -1.160
  14000.  5.00   0.364   0.318   0.141   0.060  -0.199  -0.801  -0.951  -0.983  -1.019  -1.051  -1.076  -1.139  -1.162
  15000.  2.50   0.453   0.418   0.245   0.157  -0.133  -0.826  -1.099  -1.140  -1.187  -1.211  -1.238  -1.303  -1.321
  15000.  3.00   0.401   0.359   0.180   0.094  -0.192  -0.843  -1.091  -1.137  -1.188  -1.217  -1.246  -1.316  -1.333
  15000.  3.50   0.372   0.326   0.143   0.057  -0.227  -0.865  -1.093  -1.139  -1.191  -1.222  -1.252  -1.324  -1.343
  15000.  4.00   0.359   0.310   0.123   0.037  -0.246  -0.888  -1.099  -1.143  -1.193  -1.226  -1.256  -1.329  -1.349
  15000.  4.50   0.359   0.308   0.116   0.029  -0.256  -0.911  -1.106  -1.147  -1.194  -1.229  -1.258  -1.331  -1.353
  15000.  5.00   0.368   0.315   0.117   0.030  -0.260  -0.934  -1.114  -1.151  -1.194  -1.229  -1.258  -1.330  -1.355
  16000.  2.50   0.466   0.427   0.234   0.140  -0.183  -0.948  -1.246  -1.292  -1.344  -1.372  -1.402  -1.475  -1.496
  16000.  3.00   0.408   0.362   0.161   0.068  -0.251  -0.970  -1.241  -1.291  -1.347  -1.380  -1.413  -1.492  -1.512
  16000.  3.50   0.373   0.322   0.117   0.025  -0.291  -0.994  -1.246  -1.296  -1.353  -1.389  -1.422  -1.503  -1.524
  16000.  4.00   0.356   0.302   0.093   0.001  -0.314  -1.018  -1.253  -1.302  -1.357  -1.394  -1.428  -1.509  -1.532
  16000.  4.50   0.353   0.296   0.083  -0.009  -0.325  -1.040  -1.260  -1.307  -1.359  -1.398  -1.431  -1.511  -1.537
  16000.  5.00   0.359   0.300   0.083  -0.010  -0.329  -1.063  -1.269  -1.311  -1.359  -1.399  -1.431  -1.512  -1.539
  17000.  2.50   0.470   0.428   0.218   0.118  -0.232  -1.062  -1.385  -1.434  -1.490  -1.521  -1.554  -1.635  -1.659
  17000.  3.00   0.406   0.356   0.136   0.038  -0.310  -1.088  -1.381  -1.436  -1.497  -1.533  -1.569  -1.656  -1.679
  17000.  3.50   0.366   0.310   0.086  -0.011  -0.357  -1.115  -1.389  -1.444  -1.506  -1.545  -1.582  -1.670  -1.694
  17000.  4.00   0.344   0.285   0.058  -0.039  -0.383  -1.141  -1.398  -1.452  -1.512  -1.553  -1.590  -1.678  -1.704
  17000.  4.50   0.338   0.276   0.045  -0.053  -0.396  -1.164  -1.407  -1.458  -1.515  -1.557  -1.593  -1.682  -1.709
  17000.  5.00   0.342   0.277   0.042  -0.056  -0.401  -1.186  -1.416  -1.462  -1.516  -1.559  -1.594  -1.683  -1.712
  18000.  2.50   0.467   0.423   0.198   0.095  -0.280  -1.168  -1.515  -1.567  -1.627  -1.660  -1.696  -1.784  -1.810
  18000.  3.00   0.398   0.344   0.109   0.007  -0.367  -1.198  -1.513  -1.571  -1.636  -1.676  -1.715  -1.809  -1.835
  18000.  3.50   0.352   0.292   0.052  -0.049  -0.421  -1.229  -1.523  -1.582  -1.649  -1.691  -1.731  -1.827  -1.853
  18000.  4.00   0.326   0.263   0.019  -0.082  -0.452  -1.257  -1.535  -1.592  -1.657  -1.702  -1.741  -1.837  -1.865
  18000.  4.50   0.317   0.250   0.002  -0.099  -0.468  -1.281  -1.545  -1.600  -1.662  -1.708  -1.747  -1.843  -1.872
  18000.  5.00   0.318   0.249  -0.003  -0.104  -0.475  -1.303  -1.554  -1.605  -1.664  -1.710  -1.749  -1.844  -1.875
  19000.  2.50   0.459   0.413   0.176   0.069  -0.326  -1.268  -1.637  -1.692  -1.754  -1.790  -1.828  -1.921  -1.949
  19000.  3.00   0.386   0.329   0.079  -0.027  -0.423  -1.301  -1.636  -1.698  -1.767  -1.810  -1.852  -1.953  -1.980
  19000.  3.50   0.334   0.271   0.016  -0.089  -0.483  -1.336  -1.650  -1.712  -1.783  -1.829  -1.871  -1.974  -2.002
  19000.  4.00   0.304   0.237  -0.022  -0.126  -0.519  -1.366  -1.663  -1.725  -1.794  -1.841  -1.884  -1.987  -2.016
  19000.  4.50   0.291   0.221  -0.042  -0.146  -0.539  -1.392  -1.675  -1.734  -1.801  -1.849  -1.891  -1.994  -2.025
  19000.  5.00   0.290   0.218  -0.049  -0.154  -0.547  -1.414  -1.686  -1.741  -1.804  -1.853  -1.894  -1.997  -2.029
  20000.  3.00   0.371   0.311   0.048  -0.061  -0.477  -1.398  -1.752  -1.817  -1.889  -1.935  -1.979  -2.086  -2.116
  20000.  3.50   0.314   0.248  -0.021  -0.129  -0.543  -1.436  -1.768  -1.834  -1.908  -1.957  -2.003  -2.111  -2.142
  20000.  4.00   0.280   0.209  -0.063  -0.171  -0.583  -1.469  -1.784  -1.849  -1.922  -1.973  -2.018  -2.127  -2.158
  20000.  4.50   0.263   0.190  -0.087  -0.194  -0.607  -1.496  -1.798  -1.860  -1.931  -1.983  -2.028  -2.136  -2.169
  20000.  5.00   0.260   0.184  -0.096  -0.204  -0.618  -1.519  -1.809  -1.868  -1.935  -1.988  -2.032  -2.140  -2.174
  21000.  3.00   0.354   0.291   0.016  -0.095  -0.529  -1.489  -1.861  -1.928  -2.004  -2.052  -2.099  -2.211  -2.243
  21000.  3.50   0.293   0.223  -0.058  -0.168  -0.602  -1.531  -1.880  -1.949  -2.027  -2.079  -2.126  -2.241  -2.273
  21000.  4.00   0.254   0.180  -0.105  -0.215  -0.646  -1.566  -1.898  -1.967  -2.044  -2.097  -2.145  -2.260  -2.292
  21000.  4.50   0.234   0.157  -0.132  -0.241  -0.672  -1.595  -1.914  -1.980  -2.054  -2.109  -2.156  -2.271  -2.304
  21000.  5.00   0.228   0.149  -0.144  -0.254  -0.686  -1.619  -1.926  -1.989  -2.060  -2.115  -2.162  -2.276  -2.311
  22000.  3.00   0.336   0.270  -0.016  -0.129  -0.579  -1.574  -1.963  -2.033  -2.111  -2.162  -2.210  -2.328  -2.361
  22000.  3.50   0.270   0.197  -0.095  -0.208  -0.658  -1.621  -1.985  -2.057  -2.138  -2.192  -2.243  -2.363  -2.396
  22000.  4.00   0.227   0.150  -0.146  -0.259  -0.707  -1.658  -2.006  -2.077  -2.158  -2.214  -2.264  -2.385  -2.419
  22000.  4.50   0.204   0.124  -0.176  -0.288  -0.736  -1.689  -2.023  -2.092  -2.171  -2.228  -2.277  -2.398  -2.432
  22000.  5.00   0.196   0.113  -0.191  -0.303  -0.752  -1.713  -2.037  -2.103  -2.178  -2.235  -2.284  -2.404  -2.440
  23000.  3.00   0.319   0.249  -0.047  -0.162  -0.626  -1.653  -2.058  -2.130  -2.212  -2.264  -2.315  -2.436  -2.471
  23000.  3.50   0.247   0.171  -0.132  -0.247  -0.712  -1.705  -2.084  -2.159  -2.243  -2.300  -2.352  -2.477  -2.512
  23000.  4.00   0.201   0.120  -0.187  -0.301  -0.766  -1.745  -2.108  -2.182  -2.266  -2.324  -2.377  -2.502  -2.538
  23000.  4.50   0.174   0.091  -0.220  -0.334  -0.798  -1.777  -2.127  -2.199  -2.281  -2.340  -2.392  -2.518  -2.554
  23000.  5.00   0.164   0.077  -0.237  -0.351  -0.815  -1.803  -2.142  -2.210  -2.289  -2.349  -2.401  -2.526  -2.563
  24000.  3.00   0.305   0.231  -0.076  -0.193  -0.670  -1.726  -2.146  -2.221  -2.305  -2.359  -2.411  -2.538  -2.574
  24000.  3.50   0.225   0.145  -0.169  -0.285  -0.764  -1.784  -2.177  -2.254  -2.342  -2.400  -2.454  -2.585  -2.621
  24000.  4.00   0.174   0.091  -0.227  -0.343  -0.822  -1.828  -2.204  -2.280  -2.367  -2.428  -2.483  -2.613  -2.650
  24000.  4.50   0.145   0.058  -0.263  -0.379  -0.857  -1.861  -2.224  -2.299  -2.385  -2.446  -2.500  -2.631  -2.669
  24000.  5.00   0.132   0.042  -0.282  -0.398  -0.877  -1.888  -2.241  -2.312  -2.395  -2.457  -2.511  -2.641  -2.679
  25000.  3.00   0.293   0.216  -0.099  -0.217  -0.705  -1.789  -2.225  -2.301  -2.388  -2.444  -2.498  -2.629  -2.666
  25000.  3.50   0.205   0.121  -0.203  -0.321  -0.814  -1.858  -2.265  -2.344  -2.434  -2.495  -2.551  -2.686  -2.723
  25000.  4.00   0.149   0.062  -0.266  -0.384  -0.876  -1.905  -2.294  -2.374  -2.463  -2.526  -2.583  -2.718  -2.756
  25000.  4.50   0.117   0.026  -0.305  -0.422  -0.914  -1.941  -2.317  -2.394  -2.483  -2.547  -2.603  -2.738  -2.777
  25000.  5.00   0.101   0.008  -0.326  -0.443  -0.935  -1.968  -2.334  -2.409  -2.494  -2.559  -2.615  -2.750  -2.789
  26000.  3.00   0.282   0.202  -0.116  -0.236  -0.729  -1.843  -2.294  -2.371  -2.459  -2.517  -2.571  -2.705  -2.743
  26000.  3.50   0.187   0.099  -0.235  -0.354  -0.860  -1.926  -2.345  -2.427  -2.520  -2.583  -2.642  -2.781  -2.819
  26000.  4.00   0.125   0.034  -0.303  -0.422  -0.927  -1.978  -2.379  -2.461  -2.554  -2.619  -2.677  -2.817  -2.856
  26000.  4.50   0.089  -0.004  -0.344  -0.463  -0.968  -2.015  -2.404  -2.484  -2.575  -2.641  -2.699  -2.840  -2.879
  26000.  5.00   0.072  -0.024  -0.367  -0.486  -0.991  -2.043  -2.422  -2.500  -2.588  -2.655  -2.713  -2.853  -2.893
  27000.  3.50   0.173   0.082  -0.261  -0.382  -0.899  -1.986  -2.418  -2.502  -2.598  -2.663  -2.724  -2.868  -2.907
  27000.  4.00   0.104   0.010  -0.337  -0.458  -0.975  -2.045  -2.458  -2.543  -2.638  -2.706  -2.766  -2.910  -2.950
  27000.  4.50   0.064  -0.032  -0.382  -0.502  -1.018  -2.085  -2.485  -2.568  -2.662  -2.730  -2.790  -2.935  -2.975
  27000.  5.00   0.044  -0.055  -0.407  -0.526  -1.044  -2.114  -2.505  -2.585  -2.677  -2.746  -2.805  -2.950  -2.991
  28000.  3.50   0.160   0.066  -0.282  -0.404  -0.930  -2.039  -2.482  -2.569  -2.667  -2.734  -2.796  -2.944  -2.985
  28000.  4.00   0.086  -0.012  -0.367  -0.489  -1.018  -2.107  -2.531  -2.618  -2.716  -2.786  -2.848  -2.997  -3.038
  28000.  4.50   0.042  -0.058  -0.416  -0.537  -1.066  -2.150  -2.561  -2.647  -2.744  -2.814  -2.876  -3.025  -3.066
  28000.  5.00   0.019  -0.083  -0.443  -0.564  -1.093  -2.180  -2.583  -2.665  -2.760  -2.831  -2.892  -3.041  -3.083
  29000.  3.50   0.142   0.047  -0.303  -0.426  -0.958  -2.087  -2.543  -2.631  -2.731  -2.799  -2.862  -3.012  -3.053
  29000.  4.00   0.070  -0.030  -0.393  -0.515  -1.055  -2.162  -2.597  -2.686  -2.787  -2.858  -2.923  -3.076  -3.118
  29000.  4.50   0.022  -0.081  -0.447  -0.569  -1.109  -2.210  -2.632  -2.720  -2.819  -2.892  -2.955  -3.109  -3.151
  29000.  5.00  -0.004  -0.109  -0.477  -0.599  -1.138  -2.242  -2.655  -2.740  -2.837  -2.910  -2.973  -3.126  -3.169
  30000.  3.50   0.112   0.018  -0.333  -0.456  -0.989  -2.138  -2.604  -2.693  -2.794  -2.862  -2.926  -3.077  -3.118
  30000.  4.00   0.054  -0.048  -0.415  -0.539  -1.086  -2.211  -2.656  -2.748  -2.852  -2.925  -2.990  -3.147  -3.190
  30000.  4.50   0.004  -0.102  -0.474  -0.597  -1.146  -2.264  -2.696  -2.786  -2.889  -2.963  -3.028  -3.186  -3.228
  30000.  5.00  -0.024  -0.132  -0.507  -0.630  -1.179  -2.298  -2.722  -2.809  -2.910  -2.984  -3.049  -3.206  -3.249
  31000.  3.50   0.069  -0.025  -0.375  -0.498  -1.031  -2.195  -2.671  -2.759  -2.861  -2.929  -2.993  -3.143  -3.185
  31000.  4.00   0.033  -0.070  -0.440  -0.564  -1.117  -2.258  -2.714  -2.807  -2.913  -2.987  -3.054  -3.213  -3.256
  31000.  4.50  -0.014  -0.121  -0.499  -0.623  -1.180  -2.313  -2.755  -2.848  -2.953  -3.028  -3.096  -3.256  -3.300
  31000.  5.00  -0.044  -0.154  -0.534  -0.658  -1.216  -2.350  -2.783  -2.874  -2.976  -3.053  -3.119  -3.280  -3.324
  32000.  4.00   0.003  -0.099  -0.469  -0.594  -1.150  -2.306  -2.771  -2.865  -2.973  -3.048  -3.116  -3.276  -3.320
  32000.  4.50  -0.036  -0.144  -0.524  -0.649  -1.213  -2.360  -2.812  -2.906  -3.014  -3.091  -3.159  -3.322  -3.367
  32000.  5.00  -0.064  -0.176  -0.560  -0.685  -1.251  -2.398  -2.841  -2.934  -3.039  -3.117  -3.185  -3.349  -3.393
  33000.  4.00  -0.038  -0.139  -0.508  -0.634  -1.191  -2.360  -2.833  -2.928  -3.037  -3.112  -3.181  -3.341  -3.385
  33000.  4.50  -0.063  -0.171  -0.552  -0.678  -1.246  -2.406  -2.867  -2.963  -3.072  -3.150  -3.220  -3.385  -3.430
  33000.  5.00  -0.089  -0.200  -0.587  -0.713  -1.285  -2.444  -2.897  -2.991  -3.099  -3.178  -3.248  -3.413  -3.459
  34000.  4.00  -0.088  -0.189  -0.557  -0.683  -1.241  -2.420  -2.899  -2.994  -3.104  -3.179  -3.249  -3.408  -3.453
  34000.  4.50  -0.100  -0.206  -0.587  -0.713  -1.284  -2.456  -2.925  -3.022  -3.133  -3.211  -3.283  -3.448  -3.493
  34000.  5.00  -0.118  -0.229  -0.617  -0.744  -1.320  -2.490  -2.951  -3.047  -3.157  -3.237  -3.308  -3.476  -3.521
  35000.  4.00  -0.147  -0.247  -0.614  -0.740  -1.298  -2.486  -2.970  -3.066  -3.177  -3.251  -3.321  -3.479  -3.523
  35000.  4.50  -0.145  -0.250  -0.630  -0.757  -1.329  -2.511  -2.986  -3.084  -3.197  -3.275  -3.348  -3.513  -3.558
  35000.  5.00  -0.156  -0.266  -0.654  -0.781  -1.360  -2.540  -3.009  -3.106  -3.218  -3.298  -3.371  -3.539  -3.585
  36000.  4.00  -0.212  -0.311  -0.679  -0.804  -1.362  -2.557  -3.046  -3.141  -3.253  -3.327  -3.397  -3.553  -3.598
  36000.  4.50  -0.198  -0.302  -0.681  -0.808  -1.381  -2.571  -3.051  -3.150  -3.264  -3.342  -3.415  -3.579  -3.625
  36000.  5.00  -0.201  -0.310  -0.697  -0.824  -1.405  -2.594  -3.068  -3.167  -3.280  -3.361  -3.434  -3.603  -3.649
  37000.  4.00  -0.280  -0.380  -0.748  -0.874  -1.432  -2.632  -3.124  -3.220  -3.332  -3.406  -3.477  -3.632  -3.676
  37000.  4.50  -0.257  -0.360  -0.739  -0.866  -1.439  -2.636  -3.121  -3.219  -3.334  -3.412  -3.486  -3.649  -3.694
  37000.  5.00  -0.253  -0.360  -0.746  -0.874  -1.455  -2.652  -3.132  -3.231  -3.345  -3.426  -3.501  -3.668  -3.714
  38000.  4.00  -0.350  -0.450  -0.819  -0.945  -1.505  -2.709  -3.204  -3.301  -3.413  -3.487  -3.558  -3.713  -3.757
  38000.  4.50  -0.320  -0.423  -0.801  -0.929  -1.502  -2.705  -3.193  -3.292  -3.408  -3.486  -3.560  -3.721  -3.767
  38000.  5.00  -0.310  -0.416  -0.801  -0.929  -1.511  -2.715  -3.198  -3.298  -3.414  -3.495  -3.569  -3.736  -3.782
  39000.  4.00  -0.421  -0.521  -0.892  -1.018  -1.579  -2.787  -3.284  -3.381  -3.494  -3.568  -3.639  -3.794  -3.839
  39000.  4.50  -0.386  -0.489  -0.868  -0.995  -1.570  -2.778  -3.269  -3.368  -3.484  -3.563  -3.637  -3.797  -3.843
  39000.  5.00  -0.372  -0.477  -0.862  -0.990  -1.572  -2.781  -3.268  -3.368  -3.485  -3.566  -3.641  -3.806  -3.853
  40000.  4.50  -0.454  -0.557  -0.937  -1.064  -1.640  -2.851  -3.345  -3.445  -3.562  -3.640  -3.715  -3.875  -3.921
  40000.  5.00  -0.436  -0.541  -0.926  -1.054  -1.638  -2.851  -3.340  -3.441  -3.559  -3.639  -3.715  -3.879  -3.926
  41000.  4.50  -0.521  -0.625  -1.006  -1.133  -1.711  -2.926  -3.421  -3.521  -3.640  -3.718  -3.794  -3.953  -3.999
  41000.  5.00  -0.502  -0.607  -0.992  -1.120  -1.705  -2.922  -3.414  -3.515  -3.634  -3.715  -3.791  -3.954  -4.001
  42000.  4.50  -0.588  -0.692  -1.074  -1.202  -1.782  -2.999  -3.497  -3.597  -3.716  -3.795  -3.871  -4.031  -4.077
  42000.  5.00  -0.569  -0.674  -1.060  -1.188  -1.774  -2.994  -3.488  -3.590  -3.709  -3.790  -3.868  -4.030  -4.077
  43000.  4.50  -0.654  -0.758  -1.142  -1.270  -1.852  -3.072  -3.571  -3.672  -3.792  -3.871  -3.947  -4.108  -4.154
  43000.  5.00  -0.635  -0.740  -1.127  -1.256  -1.844  -3.066  -3.562  -3.664  -3.785  -3.866  -3.944  -4.106  -4.153
  44000.  4.50  -0.718  -0.824  -1.209  -1.337  -1.921  -3.143  -3.644  -3.745  -3.866  -3.945  -4.022  -4.183  -4.230
  44000.  5.00  -0.701  -0.806  -1.194  -1.323  -1.913  -3.138  -3.635  -3.738  -3.859  -3.941  -4.019  -4.182  -4.229
  45000.  4.50  -0.782  -0.888  -1.275  -1.403  -1.988  -3.212  -3.715  -3.817  -3.938  -4.018  -4.095  -4.257  -4.303
  45000.  5.00  -0.765  -0.871  -1.261  -1.389  -1.981  -3.208  -3.707  -3.810  -3.932  -4.014  -4.093  -4.256  -4.303
  46000.  4.50  -0.844  -0.951  -1.340  -1.468  -2.054  -3.280  -3.785  -3.887  -4.008  -4.089  -4.166  -4.329  -4.375
  46000.  5.00  -0.828  -0.935  -1.326  -1.455  -2.048  -3.277  -3.778  -3.881  -4.004  -4.086  -4.165  -4.329  -4.376
  47000.  4.50  -0.905  -1.013  -1.403  -1.531  -2.119  -3.347  -3.853  -3.956  -4.077  -4.158  -4.236  -4.399  -4.446
  47000.  5.00  -0.890  -0.998  -1.390  -1.519  -2.114  -3.345  -3.847  -3.951  -4.074  -4.157  -4.236  -4.400  -4.448
  48000.  4.50  -0.965  -1.074  -1.465  -1.593  -2.183  -3.412  -3.920  -4.023  -4.145  -4.226  -4.304  -4.468  -4.515
  48000.  5.00  -0.951  -1.059  -1.453  -1.582  -2.178  -3.411  -3.915  -4.019  -4.143  -4.226  -4.305  -4.470  -4.518
  49000.  4.50  -1.024  -1.134  -1.526  -1.655  -2.245  -3.476  -3.985  -4.089  -4.211  -4.293  -4.370  -4.536  -4.582
  49000.  5.00  -1.011  -1.119  -1.515  -1.644  -2.242  -3.476  -3.981  -4.086  -4.210  -4.293  -4.373  -4.539  -4.587
  50000.  5.00  -1.069  -1.179  -1.575  -1.704  -2.304  -3.540  -4.046  -4.151  -4.276  -4.360  -4.440  -4.606  -4.654
