   3500.  0.00 -10.35304  -9.68152 -10.79779  -9.01674  -8.29908  -6.28018  -5.21086  -3.89816  -2.87895  -2.08248  -1.70464  -0.46879  -0.23417
   3500.  0.50 -10.20485  -9.63694 -10.70776  -8.66615  -7.78966  -5.91162  -4.91190  -3.73140  -2.77349  -2.01670  -1.64876  -0.43217  -0.19996
   3500.  1.00 -10.05600  -9.58661 -10.60308  -8.30127  -7.27916  -5.58025  -4.65533  -3.58934  -2.68166  -1.95577  -1.59571  -0.38994  -0.15942
   3500.  1.50  -9.91376  -9.53097 -10.47890  -7.95165  -6.81228  -5.29534  -4.43803  -3.46624  -2.59769  -1.89529  -1.54103  -0.34240  -0.11336
   3500.  2.00  -9.78362  -9.47187 -10.33175  -7.63797  -6.41190  -5.05928  -4.25485  -3.35677  -2.51848  -1.83374  -1.48367  -0.29123  -0.06390
   3500.  2.50  -9.67919  -9.41105 -10.16480  -7.39449  -6.11347  -4.88873  -4.12274  -3.27072  -2.44786  -1.77083  -1.42212  -0.23614  -0.01118
   3500.  3.00  -9.60994  -9.34915  -9.95890  -7.22902  -5.91955  -4.79127  -4.06148  -3.21352  -2.38556  -1.70061  -1.34968  -0.17615   0.04454
   3500.  3.50  -9.57377  -9.30105  -9.74789  -7.12760  -5.80711  -4.75282  -4.03517  -3.17472  -2.33153  -1.63353  -1.27888  -0.13032   0.08419
   3500.  4.00  -9.58059  -9.27725  -9.61147  -7.10152  -5.77881  -4.78095  -4.04606  -3.17316  -2.31097  -1.59887  -1.23963  -0.10868   0.10135
   3500.  4.50  -9.62069  -9.26763  -9.56943  -7.13961  -5.81880  -4.86924  -4.08916  -3.20147  -2.31482  -1.58548  -1.22029  -0.09724   0.11012
   3500.  5.00  -9.69299  -9.27185  -9.63897  -7.24859  -5.93556  -5.02597  -4.17096  -3.25927  -2.34327  -1.59023  -1.21796  -0.09233   0.11405
   3750.  0.00 -10.00805  -9.53376 -10.54883  -8.38870  -7.42615  -5.65761  -4.63198  -3.37632  -2.44931  -1.72398  -1.36901  -0.31331  -0.11745
   3750.  0.50  -9.89603  -9.51995 -10.45871  -8.08318  -7.01291  -5.38842  -4.41925  -3.27213  -2.38824  -1.69231  -1.34475  -0.31103  -0.11753
   3750.  1.00  -9.79129  -9.49947 -10.35321  -7.78218  -6.61653  -5.15361  -4.24443  -3.19236  -2.34078  -1.66573  -1.32282  -0.30211  -0.10981
   3750.  1.50  -9.69078  -9.46943 -10.22741  -7.49586  -6.25251  -4.94764  -4.09530  -3.12413  -2.29750  -1.63762  -1.29756  -0.28358  -0.09187
   3750.  2.00  -9.59335  -9.43067 -10.07576  -7.23083  -5.92753  -4.76650  -3.96254  -3.05936  -2.25360  -1.60575  -1.26776  -0.25666  -0.06529
   3750.  2.50  -9.50803  -9.38622  -9.90889  -7.01772  -5.67557  -4.62337  -3.85303  -3.00197  -2.21046  -1.57052  -1.23331  -0.22304  -0.03207
   3750.  3.00  -9.44409  -9.33615  -9.71880  -6.86998  -5.50931  -4.52721  -3.78491  -2.96139  -2.17431  -1.53366  -1.19548  -0.18076   0.00961
   3750.  3.50  -9.39878  -9.27776  -9.45816  -6.76163  -5.39877  -4.46646  -3.76117  -2.93605  -2.14285  -1.49174  -1.15121  -0.13047   0.05832
   3750.  4.00  -9.36712  -9.22322  -9.19338  -6.67335  -5.31403  -4.42910  -3.74367  -2.91322  -2.11243  -1.45190  -1.10910  -0.09105   0.09510
   3750.  4.50  -9.36951  -9.18770  -9.03451  -6.64789  -5.29339  -4.44423  -3.74977  -2.91454  -2.10133  -1.43087  -1.08443  -0.06891   0.11528
   3750.  5.00  -9.40512  -9.17073  -8.99489  -6.68441  -5.33432  -4.51579  -3.78389  -2.94003  -2.10707  -1.42312  -1.07117  -0.05510   0.12784
   4000.  0.00  -9.62018  -9.37092 -10.00737  -7.58487  -6.42394  -5.00257  -4.08500  -2.93110  -2.10157  -1.44965  -1.12065  -0.17311  -0.00147
   4000.  0.50  -9.50523  -9.35757  -9.78363  -7.25961  -6.03011  -4.76183  -3.90232  -2.83957  -2.05273  -1.43000  -1.11024  -0.18350  -0.01380
   4000.  1.00  -9.41275  -9.33951  -9.52679  -6.96197  -5.67810  -4.56916  -3.76670  -2.78131  -2.02430  -1.42066  -1.10629  -0.19131  -0.02261
   4000.  1.50  -9.34288  -9.31689  -9.27266  -6.71495  -5.39331  -4.42379  -3.66920  -2.74745  -2.00923  -1.41665  -1.10433  -0.19569  -0.02749
   4000.  2.00  -9.29161  -9.29184  -9.07697  -6.53170  -5.18374  -4.31956  -3.59848  -2.72833  -2.00019  -1.41284  -1.10004  -0.19495  -0.02709
   4000.  2.50  -9.25258  -9.26796  -8.97932  -6.41266  -5.04355  -4.24642  -3.54315  -2.71468  -1.99032  -1.40451  -1.08960  -0.18688  -0.01941
   4000.  3.00  -9.21825  -9.24290  -8.95721  -6.34408  -4.95787  -4.19243  -3.49536  -2.69993  -1.97504  -1.38802  -1.07004  -0.16769  -0.00067
   4000.  3.50  -9.19036  -9.20250  -8.88511  -6.30470  -4.91550  -4.15759  -3.47019  -2.69065  -1.95951  -1.36499  -1.04306  -0.13329   0.03352
   4000.  4.00  -9.16429  -9.13791  -8.67000  -6.25752  -4.88052  -4.12795  -3.46630  -2.68446  -1.94455  -1.33804  -1.01266  -0.09081   0.07573
   4000.  4.50  -9.13832  -9.06363  -8.42592  -6.20056  -4.83780  -4.09908  -3.45731  -2.67381  -1.92662  -1.31092  -0.98278  -0.05423   0.11158
   4000.  5.00  -9.13781  -9.00730  -8.27928  -6.18791  -4.83606  -4.10919  -3.46288  -2.67847  -1.91990  -1.29502  -0.96289  -0.03095   0.13409
   4250.  0.00  -9.26957  -9.18438  -8.95583  -6.81554  -5.58940  -4.44622  -3.64172  -2.60086  -1.84491  -1.24896  -0.94026  -0.06889   0.08414
   4250.  0.50  -9.15295  -9.13582  -8.58101  -6.49041  -5.22978  -4.23272  -3.48324  -2.51628  -1.80076  -1.23347  -0.93518  -0.08537   0.06635
   4250.  1.00  -9.05864  -9.06178  -8.17170  -6.18835  -4.90800  -4.06085  -3.36566  -2.46098  -1.77537  -1.22781  -0.93653  -0.09874   0.05237
   4250.  1.50  -8.98676  -8.96034  -7.78539  -5.93344  -4.64748  -3.93165  -3.28250  -2.42822  -1.76304  -1.22786  -0.94044  -0.10862   0.04228
   4250.  2.00  -8.93501  -8.84633  -7.48481  -5.74202  -4.45608  -3.84156  -3.22559  -2.41161  -1.75880  -1.23036  -0.94411  -0.11499   0.03587
   4250.  2.50  -8.89990  -8.74733  -7.30422  -5.61912  -4.32949  -3.78347  -3.18701  -2.40604  -1.75911  -1.23317  -0.94586  -0.11774   0.03308
   4250.  3.00  -8.88017  -8.69517  -7.26834  -5.57149  -4.26811  -3.75323  -3.16159  -2.40747  -1.76083  -1.23413  -0.94394  -0.11630   0.03436
   4250.  3.50  -8.87446  -8.69716  -7.35936  -5.58814  -4.26322  -3.74675  -3.14728  -2.41408  -1.76237  -1.23162  -0.93693  -0.10910   0.04121
   4250.  4.00  -8.87769  -8.70646  -7.46312  -5.63641  -4.30110  -3.76027  -3.15292  -2.42748  -1.76419  -1.22311  -0.92249  -0.08819   0.06192
   4250.  4.50  -8.87352  -8.66727  -7.45245  -5.67887  -4.35345  -3.77264  -3.17144  -2.44057  -1.76305  -1.20772  -0.90149  -0.05501   0.09510
   4250.  5.00  -8.86197  -8.61376  -7.39635  -5.69710  -4.38361  -3.77454  -3.18151  -2.44793  -1.75776  -1.18998  -0.87872  -0.02288   0.12694
   4500.  0.00  -8.93366  -8.89363  -7.91374  -6.14298  -4.92219  -3.95853  -3.26793  -2.34116  -1.64975  -1.10064  -0.80959   0.00357   0.14175
   4500.  0.50  -8.82633  -8.78129  -7.52680  -5.84596  -4.61095  -3.78717  -3.14372  -2.27303  -1.61470  -1.09000  -0.80839  -0.01581   0.12138
   4500.  1.00  -8.73549  -8.62239  -7.11793  -5.56672  -4.33271  -3.64796  -3.05045  -2.22662  -1.59380  -1.08681  -0.81210  -0.03205   0.10482
   4500.  1.50  -8.66135  -8.42443  -6.73985  -5.32803  -4.10716  -3.54385  -2.98500  -2.19806  -1.58334  -1.08814  -0.81781  -0.04458   0.09229
   4500.  2.00  -8.59890  -8.21368  -6.43362  -5.14139  -3.93767  -3.47007  -2.94002  -2.18217  -1.57950  -1.09161  -0.82355  -0.05357   0.08340
   4500.  2.50  -8.54698  -8.03177  -6.22681  -5.01340  -3.82108  -3.42156  -2.90943  -2.17514  -1.57951  -1.09541  -0.82774  -0.05896   0.07809
   4500.  3.00  -8.50863  -7.91474  -6.13667  -4.95088  -3.75693  -3.39557  -2.88931  -2.17414  -1.58107  -1.09804  -0.82908  -0.06073   0.07629
   4500.  3.50  -8.48614  -7.87136  -6.15619  -4.94860  -3.73896  -3.38722  -2.87649  -2.17781  -1.58338  -1.09898  -0.82713  -0.05877   0.07807
   4500.  4.00  -8.48191  -7.89650  -6.27071  -4.99438  -3.75868  -3.39392  -2.86990  -2.18621  -1.58651  -1.09795  -0.82152  -0.05263   0.08385
   4500.  4.50  -8.49128  -7.95257  -6.42920  -5.07697  -3.81752  -3.41916  -2.87736  -2.20068  -1.59046  -1.09362  -0.81120  -0.03833   0.09782
   4500.  5.00  -8.49081  -7.96616  -6.52517  -5.16636  -3.90298  -3.45031  -2.90033  -2.21870  -1.59436  -1.08498  -0.79641  -0.01342   0.12278
   4750.  0.00  -8.55775  -8.49148  -7.09200  -5.53654  -4.33985  -3.48811  -2.91557  -2.11204  -1.48957  -0.98804  -0.71602   0.04291   0.16949
   4750.  0.50  -8.46446  -8.31856  -6.72121  -5.27504  -4.07511  -3.36520  -2.83178  -2.06670  -1.46805  -0.98454  -0.71984   0.02353   0.14927
   4750.  1.00  -8.37643  -8.08943  -6.33246  -5.02415  -3.83684  -3.26356  -2.76782  -2.03474  -1.45492  -0.98507  -0.72597   0.00680   0.13223
   4750.  1.50  -8.29040  -7.82141  -5.97090  -4.80406  -3.64146  -3.18749  -2.72316  -2.01460  -1.44845  -0.98820  -0.73299  -0.00673   0.11870
   4750.  2.00  -8.20035  -7.55235  -5.67262  -4.62692  -3.49257  -3.13460  -2.69355  -2.00320  -1.44638  -0.99244  -0.73964  -0.01694   0.10862
   4750.  2.50  -8.10866  -7.32583  -5.46195  -4.50117  -3.38868  -3.10181  -2.67471  -1.99763  -1.44647  -0.99627  -0.74456  -0.02365   0.10202
   4750.  3.00  -8.02980  -7.17048  -5.34564  -4.42902  -3.32561  -3.08479  -2.66232  -1.99553  -1.44719  -0.99897  -0.74723  -0.02724   0.09845
   4750.  3.50  -7.97803  -7.09402  -5.32198  -4.41071  -3.30108  -3.08110  -2.65442  -1.99593  -1.44764  -0.99964  -0.74666  -0.02712   0.09843
   4750.  4.00  -7.95994  -7.09185  -5.38173  -4.43862  -3.30890  -3.08798  -2.64936  -1.99891  -1.44820  -0.99867  -0.74312  -0.02365   0.10163
   4750.  4.50  -7.97065  -7.14367  -5.50534  -4.50266  -3.34419  -3.10468  -2.64789  -2.00537  -1.44947  -0.99631  -0.73674  -0.01671   0.10816
   4750.  5.00  -8.00461  -7.23148  -5.67779  -4.61042  -3.42089  -3.13689  -2.65623  -2.01748  -1.45198  -0.99228  -0.72708  -0.00450   0.11993
   5000.  0.00  -8.17062  -8.01246  -6.37245  -4.98695  -3.83923  -3.04729  -2.58551  -1.90536  -1.35456  -0.90175  -0.65029   0.05181   0.16896
   5000.  0.50  -8.08266  -7.78533  -6.03095  -4.76048  -3.61329  -2.96829  -2.53997  -1.88357  -1.34783  -0.90626  -0.65961   0.03418   0.15060
   5000.  1.00  -7.97652  -7.49942  -5.67571  -4.53949  -3.40840  -2.90300  -2.50591  -1.86843  -1.34446  -0.91170  -0.66885   0.01870   0.13479
   5000.  1.50  -7.84021  -7.18037  -5.34133  -4.33917  -3.23624  -2.85393  -2.48314  -1.85969  -1.34424  -0.91790  -0.67778   0.00557   0.12160
   5000.  2.00  -7.67232  -6.86993  -5.05778  -4.17162  -3.10133  -2.82088  -2.46984  -1.85594  -1.34607  -0.92399  -0.68563  -0.00471   0.11140
   5000.  2.50  -7.50041  -6.61457  -4.84915  -4.04754  -3.00461  -2.80288  -2.46332  -1.85505  -1.34826  -0.92890  -0.69151  -0.01201   0.10419
   5000.  3.00  -7.36088  -6.43749  -4.72046  -3.96975  -2.94275  -2.79672  -2.46082  -1.85555  -1.34982  -0.93191  -0.69473  -0.01608   0.10015
   5000.  3.50  -7.27810  -6.34682  -4.67405  -3.94114  -2.91497  -2.80141  -2.46075  -1.85642  -1.34985  -0.93230  -0.69457  -0.01654   0.09958
   5000.  4.00  -7.25241  -6.33199  -4.69952  -3.95541  -2.91602  -2.81409  -2.46141  -1.85737  -1.34851  -0.93037  -0.69131  -0.01368   0.10219
   5000.  4.50  -7.26769  -6.37056  -4.78017  -4.00161  -2.93871  -2.83199  -2.46215  -1.85950  -1.34702  -0.92697  -0.68557  -0.00780   0.10770
   5000.  5.00  -7.31255  -6.44776  -4.90872  -4.08318  -2.98993  -2.85885  -2.46589  -1.86374  -1.34542  -0.92212  -0.67727   0.00121   0.11623
   5250.  0.00  -7.77416  -7.45988  -5.74834  -4.53184  -3.45552  -2.67917  -2.30254  -1.72949  -1.24508  -0.83815  -0.60699   0.03922   0.14914
   5250.  0.50  -7.66201  -7.19511  -5.43966  -4.33092  -3.25597  -2.63008  -2.28375  -1.72554  -1.24987  -0.84859  -0.61997   0.02399   0.13284
   5250.  1.00  -7.50390  -6.88065  -5.12178  -4.13268  -3.07259  -2.59120  -2.27278  -1.72489  -1.25547  -0.85859  -0.63196   0.01043   0.11871
   5250.  1.50  -7.29226  -6.54566  -4.82120  -3.94975  -2.91544  -2.56381  -2.26927  -1.72754  -1.26199  -0.86815  -0.64291  -0.00135   0.10672
   5250.  2.00  -7.04982  -6.23048  -4.56192  -3.79295  -2.78905  -2.54802  -2.27181  -1.73260  -1.26876  -0.87674  -0.65229  -0.01096   0.09709
   5250.  2.50  -6.82099  -5.97146  -4.36165  -3.67055  -2.69370  -2.54229  -2.27776  -1.73836  -1.27468  -0.88372  -0.65965  -0.01831   0.08979
   5250.  3.00  -6.64536  -5.78802  -4.22789  -3.58728  -2.62798  -2.54480  -2.28534  -1.74372  -1.27888  -0.88823  -0.66409  -0.02259   0.08553
   5250.  3.50  -6.54519  -5.69006  -4.16554  -3.54757  -2.59240  -2.55505  -2.29287  -1.74746  -1.28032  -0.88951  -0.66491  -0.02344   0.08459
   5250.  4.00  -6.51672  -5.66690  -4.16659  -3.54810  -2.58424  -2.57187  -2.29987  -1.74956  -1.27902  -0.88743  -0.66188  -0.02055   0.08727
   5250.  4.50  -6.54099  -5.70025  -4.21922  -3.58064  -2.59766  -2.59316  -2.30552  -1.75075  -1.27611  -0.88303  -0.65593  -0.01445   0.09305
   5250.  5.00  -6.59831  -5.77121  -4.31205  -3.64085  -2.63141  -2.61929  -2.31074  -1.75180  -1.27214  -0.87694  -0.64766  -0.00578   0.10128
   5500.  0.00  -7.36277  -6.90264  -5.24234  -4.18115  -3.18768  -2.38908  -2.07264  -1.58509  -1.15833  -0.79308  -0.58130   0.01252   0.11759
   5500.  0.50  -7.20543  -6.62250  -4.96405  -4.00041  -3.00785  -2.36205  -2.07175  -1.59327  -1.17070  -0.80682  -0.59565   0.00050   0.10368
   5500.  1.00  -6.98463  -6.30120  -4.67529  -3.81614  -2.83617  -2.34049  -2.07555  -1.60294  -1.18300  -0.81996  -0.60921  -0.01085   0.09116
   5500.  1.50  -6.71572  -5.97183  -4.40120  -3.64257  -2.68426  -2.32708  -2.08498  -1.61463  -1.19544  -0.83256  -0.62191  -0.02126   0.08011
   5500.  2.00  -6.43642  -5.66875  -4.16105  -3.48997  -2.55732  -2.32239  -2.09903  -1.62759  -1.20744  -0.84413  -0.63329  -0.03037   0.07072
   5500.  2.50  -6.18699  -5.41636  -3.96632  -3.36459  -2.45609  -2.32465  -2.11543  -1.64048  -1.21819  -0.85410  -0.64288  -0.03794   0.06310
   5500.  3.00  -6.00075  -5.23461  -3.82878  -3.27367  -2.38108  -2.33306  -2.13234  -1.65186  -1.22643  -0.86128  -0.64949  -0.04280   0.05823
   5500.  3.50  -5.89273  -5.13141  -3.75259  -3.22092  -2.33258  -2.34617  -2.14733  -1.66011  -1.23094  -0.86478  -0.65232  -0.04456   0.05643
   5500.  4.00  -5.85784  -5.09818  -3.73348  -3.20602  -2.31050  -2.36404  -2.16037  -1.66533  -1.23158  -0.86405  -0.65061  -0.04207   0.05875
   5500.  4.50  -5.88254  -5.12385  -3.76441  -3.22437  -2.31171  -2.38585  -2.17059  -1.66759  -1.22882  -0.85964  -0.64490  -0.03585   0.06470
   5500.  5.00  -5.94389  -5.18688  -3.83058  -3.26709  -2.33086  -2.41084  -2.17877  -1.66829  -1.22410  -0.85289  -0.63644  -0.02679   0.07340
   5750.  0.00  -6.94350  -6.39639  -4.84397  -3.91426  -3.00769  -2.15622  -1.88449  -1.46610  -1.08956  -0.76233  -0.56909  -0.02455   0.07795
   5750.  0.50  -6.74808  -6.12135  -4.59640  -3.75478  -2.84726  -2.14955  -1.89774  -1.48274  -1.10615  -0.77678  -0.58242  -0.03193   0.06753
   5750.  1.00  -6.48899  -5.81059  -4.33422  -3.58422  -2.68608  -2.14342  -1.91273  -1.49977  -1.12265  -0.79124  -0.59586  -0.04008   0.05721
   5750.  1.50  -6.19670  -5.49724  -4.08126  -3.41780  -2.53673  -2.14173  -1.93145  -1.51820  -1.13947  -0.80582  -0.60936  -0.04860   0.04731
   5750.  2.00  -5.90827  -5.20811  -3.85276  -3.26512  -2.40518  -2.14506  -1.95362  -1.53772  -1.15628  -0.82015  -0.62254  -0.05711   0.03802
   5750.  2.50  -5.65651  -4.96381  -3.66047  -3.13407  -2.29476  -2.15298  -1.97765  -1.55704  -1.17204  -0.83344  -0.63466  -0.06507   0.02972
   5750.  3.00  -5.46745  -4.78237  -3.51570  -3.03172  -2.20597  -2.16476  -2.00170  -1.57467  -1.18539  -0.84439  -0.64445  -0.07124   0.02345
   5750.  3.50  -5.34897  -4.66780  -3.42132  -2.96145  -2.13982  -2.17875  -2.02351  -1.58883  -1.19485  -0.85173  -0.65070  -0.07483   0.01986
   5750.  4.00  -5.30258  -4.62113  -3.38115  -2.92764  -2.09878  -2.19549  -2.04210  -1.59860  -1.19935  -0.85411  -0.65189  -0.07408   0.02053
   5750.  4.50  -5.31883  -4.63453  -3.39071  -2.92847  -2.08258  -2.21503  -2.05648  -1.60360  -1.19869  -0.85143  -0.64791  -0.06879   0.02563
   5750.  5.00  -5.37496  -4.68670  -3.43549  -2.95485  -2.08626  -2.23701  -2.06749  -1.60545  -1.19466  -0.84513  -0.64005  -0.05976   0.03437
   6000.  0.00  -6.53529  -5.96112  -4.53189  -3.70672  -2.88748  -1.95882  -1.72445  -1.36671  -1.03597  -0.74400  -0.56866  -0.07080   0.03109
   6000.  0.50  -6.32554  -5.70607  -4.31590  -3.57143  -2.74703  -1.97474  -1.75113  -1.38895  -1.05314  -0.75602  -0.57796  -0.07168   0.02588
   6000.  1.00  -6.05749  -5.41637  -4.07952  -3.41667  -2.59746  -1.98368  -1.77552  -1.41116  -1.07162  -0.77000  -0.58960  -0.07542   0.01873
   6000.  1.50  -5.76627  -5.12297  -3.84496  -3.25855  -2.45172  -1.99347  -1.80220  -1.43476  -1.09124  -0.78521  -0.60259  -0.08094   0.01077
   6000.  2.00  -5.48560  -4.84998  -3.62747  -3.10794  -2.31755  -2.00554  -1.83134  -1.45953  -1.11155  -0.80123  -0.61648  -0.08788   0.00227
   6000.  2.50  -5.24097  -4.61493  -3.43785  -2.97280  -2.19902  -2.01978  -1.86183  -1.48441  -1.13161  -0.81721  -0.63048  -0.09556  -0.00628
   6000.  3.00  -5.04901  -4.42953  -3.28365  -2.85871  -2.09731  -2.03520  -1.89214  -1.50814  -1.15023  -0.83204  -0.64346  -0.10295  -0.01403
   6000.  3.50  -4.91917  -4.30140  -3.17126  -2.77109  -2.01402  -2.05098  -1.92035  -1.52877  -1.16550  -0.84389  -0.65362  -0.10857  -0.01972
   6000.  4.00  -4.85513  -4.23563  -3.10736  -2.71580  -1.95211  -2.06656  -1.94419  -1.54430  -1.17556  -0.85101  -0.65923  -0.11070  -0.02184
   6000.  4.50  -4.85165  -4.22731  -3.09011  -2.69358  -1.91367  -2.08257  -1.96289  -1.55398  -1.17952  -0.85239  -0.65917  -0.10820  -0.01937
   6000.  5.00  -4.89470  -4.26417  -3.11312  -2.70145  -1.89864  -2.10030  -1.97691  -1.55849  -1.17795  -0.84819  -0.65341  -0.10058  -0.01191
   6250.  0.50  -5.95422  -5.36730  -4.09926  -3.42887  -2.68385  -1.82127  -1.62183  -1.30830  -1.01112  -0.74476  -0.58280  -0.11895  -0.02168
   6250.  1.00  -5.69604  -5.10145  -3.88607  -3.29126  -2.54624  -1.84800  -1.65643  -1.33404  -1.02886  -0.75567  -0.59009  -0.11666  -0.02412
   6250.  1.50  -5.41991  -4.83013  -3.66916  -3.14374  -2.40632  -1.86948  -1.69003  -1.36129  -1.04954  -0.77010  -0.60119  -0.11821  -0.02938
   6250.  2.00  -5.15418  -4.57371  -3.46231  -2.99752  -2.27192  -1.89070  -1.72519  -1.39001  -1.07192  -0.78655  -0.61455  -0.12248  -0.03630
   6250.  2.50  -4.91927  -4.34684  -3.27513  -2.86039  -2.14778  -1.91208  -1.76175  -1.41969  -1.09532  -0.80434  -0.62948  -0.12891  -0.04436
   6250.  3.00  -4.72717  -4.15889  -3.11443  -2.73822  -2.03657  -1.93298  -1.79824  -1.44890  -1.11834  -0.82214  -0.64466  -0.13649  -0.05278
   6250.  3.50  -4.58809  -4.01929  -2.98786  -2.63699  -1.93992  -1.95251  -1.83275  -1.47571  -1.13902  -0.83809  -0.65826  -0.14357  -0.06018
   6250.  4.00  -4.50465  -3.93204  -2.90082  -2.56168  -1.86013  -1.96923  -1.86255  -1.49774  -1.15531  -0.85044  -0.66863  -0.14866  -0.06524
   6250.  4.50  -4.47762  -3.89854  -2.85679  -2.51650  -1.80049  -1.98386  -1.88682  -1.51370  -1.16547  -0.85711  -0.67348  -0.14949  -0.06598
   6250.  5.00  -4.49891  -3.91280  -2.85412  -2.50214  -1.76388  -1.99758  -1.90438  -1.52264  -1.16861  -0.85728  -0.67202  -0.14514  -0.06161
   6500.  0.50  -5.63465  -5.08877  -3.92680  -3.31118  -2.64116  -1.67952  -1.50389  -1.23874  -0.98037  -0.74407  -0.59824  -0.17408  -0.07603
   6500.  1.00  -5.39712  -4.84876  -3.73589  -3.19250  -2.51642  -1.72521  -1.54820  -1.26643  -0.99482  -0.74934  -0.59854  -0.16459  -0.07236
   6500.  1.50  -5.14053  -4.59790  -3.53467  -3.05701  -2.38358  -1.76143  -1.59006  -1.29608  -1.01410  -0.76044  -0.60523  -0.16052  -0.07332
   6500.  2.00  -4.89243  -4.35763  -3.33825  -2.91722  -2.25156  -1.79191  -1.63081  -1.32777  -1.03729  -0.77615  -0.61689  -0.16116  -0.07782
   6500.  2.50  -4.66807  -4.13891  -3.15455  -2.78093  -2.12514  -1.82091  -1.67267  -1.36106  -1.06267  -0.79452  -0.63152  -0.16530  -0.08463
   6500.  3.00  -4.47861  -3.95114  -2.99073  -2.65445  -2.00772  -1.84836  -1.71482  -1.39477  -1.08887  -0.81417  -0.64776  -0.17188  -0.09280
   6500.  3.50  -4.33278  -3.80251  -2.85337  -2.54324  -1.90119  -1.87313  -1.75552  -1.42710  -1.11407  -0.83340  -0.66391  -0.17945  -0.10108
   6500.  4.00  -4.23197  -3.69589  -2.74736  -2.45227  -1.80832  -1.89365  -1.79201  -1.45568  -1.13622  -0.85041  -0.67832  -0.18661  -0.10838
   6500.  4.50  -4.18213  -3.63818  -2.67952  -2.38715  -1.73138  -1.90982  -1.82274  -1.47846  -1.15289  -0.86259  -0.68823  -0.19068  -0.11232
   6500.  5.00  -4.17939  -3.62720  -2.65102  -2.35081  -1.67458  -1.92212  -1.84570  -1.49361  -1.16234  -0.86838  -0.69209  -0.19022  -0.11166
   6750.  0.50  -5.33733  -4.83144  -3.76779  -3.20336  -2.59918  -1.57159  -1.41605  -1.18428  -0.95598  -0.74537  -0.61429  -0.22870  -0.12947
   6750.  1.00  -5.14774  -4.64137  -3.61392  -3.10865  -2.49637  -1.60899  -1.44748  -1.20747  -0.97042  -0.75233  -0.61649  -0.21942  -0.12664
   6750.  1.50  -4.91277  -4.41072  -3.42826  -2.98692  -2.37228  -1.66082  -1.49759  -1.23850  -0.98629  -0.75795  -0.61646  -0.20876  -0.12209
   6750.  2.00  -4.68118  -4.18447  -3.24153  -2.85529  -2.24463  -1.70407  -1.54570  -1.27223  -1.00796  -0.77042  -0.62388  -0.20422  -0.12268
   6750.  2.50  -4.46861  -3.97498  -3.06306  -2.72264  -2.11900  -1.74127  -1.59227  -1.30794  -1.03382  -0.78795  -0.63680  -0.20496  -0.12728
   6750.  3.00  -4.28368  -3.78936  -2.89849  -2.59478  -1.99837  -1.77539  -1.63927  -1.34502  -1.06195  -0.80828  -0.65292  -0.20939  -0.13424
   6750.  3.50  -4.13237  -3.63358  -2.75356  -2.47728  -1.88586  -1.80606  -1.68546  -1.38190  -1.09057  -0.82976  -0.67060  -0.21640  -0.14261
   6750.  4.00  -4.01878  -3.51282  -2.63417  -2.37544  -1.78386  -1.83204  -1.72842  -1.41626  -1.11750  -0.85035  -0.68787  -0.22438  -0.15108
   6750.  4.50  -3.94989  -3.43481  -2.54710  -2.29470  -1.69407  -1.85209  -1.76602  -1.44571  -1.14017  -0.86747  -0.70213  -0.23088  -0.15752
   6750.  5.00  -3.92372  -3.39881  -2.49478  -2.23892  -1.62095  -1.86596  -1.79588  -1.46801  -1.15648  -0.87919  -0.71149  -0.23410  -0.16039
   7000.  0.50  -5.04256  -4.57367  -3.60328  -3.09212  -2.54583  -1.49099  -1.35477  -1.14570  -0.93993  -0.74989  -0.63144  -0.28080  -0.18084
   7000.  1.00  -4.91161  -4.44138  -3.49228  -3.02479  -2.46922  -1.52065  -1.37436  -1.16290  -0.95229  -0.75718  -0.63479  -0.27296  -0.17930
   7000.  1.50  -4.72236  -4.25402  -3.33769  -2.92424  -2.36332  -1.56446  -1.41084  -1.18847  -0.96733  -0.76411  -0.63652  -0.26304  -0.17617
   7000.  2.00  -4.50702  -4.04211  -3.16223  -2.80328  -2.24245  -1.62154  -1.46598  -1.22281  -0.98516  -0.77096  -0.63724  -0.25239  -0.17175
   7000.  2.50  -4.30540  -3.84129  -2.98972  -2.67616  -2.11994  -1.66949  -1.51912  -1.26031  -1.00953  -0.78542  -0.64614  -0.24816  -0.17258
   7000.  3.00  -4.12552  -3.65913  -2.82706  -2.55015  -1.99995  -1.71074  -1.57026  -1.29967  -1.03819  -0.80516  -0.66085  -0.24960  -0.17763
   7000.  3.50  -3.97119  -3.49948  -2.67847  -2.43006  -1.88498  -1.74769  -1.62090  -1.33981  -1.06884  -0.82758  -0.67875  -0.25495  -0.18521
   7000.  4.00  -3.84941  -3.36954  -2.55022  -2.32123  -1.77695  -1.77954  -1.66965  -1.37891  -1.09933  -0.85056  -0.69769  -0.26252  -0.19382
   7000.  4.50  -3.76519  -3.27500  -2.44806  -2.22879  -1.67831  -1.80489  -1.71411  -1.41454  -1.12721  -0.87175  -0.71533  -0.27037  -0.20181
   7000.  5.00  -3.71886  -3.21751  -2.37604  -2.15744  -1.59305  -1.82272  -1.75130  -1.44382  -1.14984  -0.88879  -0.72946  -0.27641  -0.20750
   7250.  0.50  -4.72906  -4.29287  -3.41324  -2.96431  -2.46771  -1.44018  -1.32230  -1.12511  -0.93360  -0.75816  -0.64947  -0.32851  -0.22923
   7250.  1.00  -4.67479  -4.23516  -3.35932  -2.93276  -2.42750  -1.45512  -1.32476  -1.13316  -0.94256  -0.76574  -0.65475  -0.32466  -0.23056
   7250.  1.50  -4.53477  -4.09467  -3.23962  -2.85575  -2.34301  -1.49245  -1.34993  -1.15236  -0.95468  -0.77215  -0.65685  -0.31578  -0.22861
   7250.  2.00  -4.35913  -3.92006  -3.09149  -2.75420  -2.23844  -1.54177  -1.39145  -1.18087  -0.97120  -0.78005  -0.65918  -0.30602  -0.22570
   7250.  2.50  -4.16734  -3.72851  -2.92758  -2.63570  -2.12236  -1.60158  -1.45053  -1.21841  -0.99147  -0.78887  -0.66150  -0.29613  -0.22191
   7250.  3.00  -3.99210  -3.55024  -2.76867  -2.51392  -2.00574  -1.65219  -1.50719  -1.25906  -1.01853  -0.80566  -0.67242  -0.29308  -0.22363
   7250.  3.50  -3.83875  -3.39079  -2.62007  -2.39444  -1.89105  -1.69588  -1.56189  -1.30140  -1.04969  -0.82755  -0.68900  -0.29551  -0.22932
   7250.  4.00  -3.71166  -3.25490  -2.48653  -2.28202  -1.78062  -1.73383  -1.61533  -1.34402  -1.08246  -0.85179  -0.70848  -0.30172  -0.23722
   7250.  4.50  -3.61569  -3.14783  -2.37347  -2.18163  -1.67667  -1.76502  -1.66574  -1.38469  -1.11432  -0.87587  -0.72834  -0.30977  -0.24582
   7250.  5.00  -3.55334  -3.07346  -2.28638  -2.09866  -1.58286  -1.78809  -1.71002  -1.42036  -1.14240  -0.89727  -0.74618  -0.31750  -0.25331
   7500.  0.50  -4.35663  -3.94883  -3.16292  -2.79596  -2.34044  -1.43893  -1.33899  -1.13482  -0.94215  -0.77010  -0.66502  -0.36520  -0.26967
   7500.  1.00  -4.42944  -4.01496  -3.20739  -2.82634  -2.36552  -1.40992  -1.29742  -1.11914  -0.94316  -0.78018  -0.67841  -0.37493  -0.28122
   7500.  1.50  -4.34377  -3.92692  -3.12877  -2.77695  -2.30775  -1.43892  -1.31066  -1.13081  -0.95110  -0.78494  -0.67999  -0.36762  -0.28027
   7500.  2.00  -4.20897  -3.79111  -3.01022  -2.69640  -2.22174  -1.48220  -1.34091  -1.15267  -0.96427  -0.79192  -0.68233  -0.35873  -0.27851
   7500.  2.50  -4.04891  -3.63064  -2.87052  -2.59614  -2.12070  -1.53603  -1.38684  -1.18385  -0.98221  -0.80085  -0.68536  -0.34940  -0.27596
   7500.  3.00  -3.87764  -3.45716  -2.71803  -2.48133  -2.01041  -1.59740  -1.44881  -1.22398  -1.00468  -0.81170  -0.68948  -0.34071  -0.27314
   7500.  3.50  -3.72571  -3.29898  -2.57163  -2.36489  -1.89922  -1.64886  -1.50817  -1.26745  -1.03441  -0.83091  -0.70259  -0.33895  -0.27562
   7500.  4.00  -3.59626  -3.16031  -2.43629  -2.25209  -1.78951  -1.69306  -1.56559  -1.31234  -1.06789  -0.85489  -0.72108  -0.34267  -0.28191
   7500.  4.50  -3.49289  -3.04539  -2.31675  -2.14741  -1.68321  -1.73043  -1.62083  -1.35665  -1.10219  -0.88049  -0.74179  -0.34962  -0.29002
   7500.  5.00  -3.41780  -2.95796  -2.21850  -2.05627  -1.58431  -1.75930  -1.67123  -1.39762  -1.13457  -0.90519  -0.76229  -0.35804  -0.29845
   7750.  1.00  -4.16808  -3.77361  -3.02981  -2.70110  -2.27863  -1.39201  -1.29834  -1.12511  -0.95660  -0.80170  -0.70596  -0.42287  -0.33108
   7750.  1.50  -4.14759  -3.74941  -3.00328  -2.68642  -2.25612  -1.40260  -1.29109  -1.12429  -0.95844  -0.80492  -0.70840  -0.41999  -0.33309
   7750.  2.00  -4.05259  -3.65225  -2.91610  -2.62825  -2.19102  -1.44023  -1.31119  -1.13886  -0.96663  -0.80901  -0.70880  -0.41138  -0.33144
   7750.  2.50  -3.92641  -3.52483  -2.80266  -2.54739  -2.10665  -1.48822  -1.34542  -1.16285  -0.98066  -0.81663  -0.71154  -0.40266  -0.32987
   7750.  3.00  -3.78081  -3.37750  -2.67165  -2.44932  -2.01014  -1.54478  -1.39540  -1.19657  -1.00004  -0.82658  -0.71531  -0.39372  -0.32734
   7750.  3.50  -3.62727  -3.21962  -2.52938  -2.33825  -1.90574  -1.60553  -1.45925  -1.23883  -1.02467  -0.83953  -0.72142  -0.38641  -0.32536
   7750.  4.00  -3.49617  -3.07957  -2.39462  -2.22739  -1.79958  -1.65686  -1.52048  -1.28455  -1.05670  -0.86100  -0.73666  -0.38615  -0.32872
   7750.  4.50  -3.38858  -2.96019  -2.27195  -2.12135  -1.69395  -1.70010  -1.57963  -1.33123  -1.09195  -0.88663  -0.75669  -0.39089  -0.33532
   7750.  5.00  -3.30449  -2.86356  -2.16631  -2.02528  -1.59298  -1.73486  -1.63523  -1.37629  -1.12726  -0.91338  -0.77860  -0.39884  -0.34362
   8000.  1.00  -3.88934  -3.50979  -2.82429  -2.55407  -2.16533  -1.40754  -1.33409  -1.15674  -0.98692  -0.83249  -0.73809  -0.46668  -0.37920
   8000.  1.50  -3.94721  -3.56393  -2.86495  -2.58580  -2.18993  -1.38650  -1.29318  -1.13443  -0.97784  -0.83285  -0.74242  -0.47251  -0.38704
   8000.  2.00  -3.89484  -3.50891  -2.81321  -2.55255  -2.14920  -1.41324  -1.29960  -1.13982  -0.98061  -0.83450  -0.74198  -0.46597  -0.38661
   8000.  2.50  -3.79933  -3.41154  -2.72507  -2.49045  -2.08220  -1.45597  -1.32461  -1.15687  -0.98959  -0.83892  -0.74238  -0.45705  -0.38475
   8000.  3.00  -3.68163  -3.29236  -2.61729  -2.41022  -2.00054  -1.50694  -1.36232  -1.18290  -1.00460  -0.84726  -0.74561  -0.44855  -0.38310
   8000.  3.50  -3.54610  -3.15416  -2.49273  -2.31366  -1.90810  -1.56561  -1.41596  -1.21846  -1.02456  -0.85742  -0.74934  -0.43964  -0.38024
   8000.  4.00  -3.40885  -3.01012  -2.35894  -2.20561  -1.80798  -1.62430  -1.48051  -1.26212  -1.05089  -0.87213  -0.75716  -0.43337  -0.37869
   8000.  4.50  -3.29803  -2.88755  -2.23512  -2.10012  -1.70552  -1.67334  -1.54271  -1.30945  -1.08487  -0.89555  -0.77431  -0.43440  -0.38236
   8000.  5.00  -3.20794  -2.78484  -2.12522  -2.00186  -1.60519  -1.71379  -1.60232  -1.35710  -1.12145  -0.92270  -0.79597  -0.44058  -0.38951
   8250.  1.00  -3.60514  -3.23209  -2.59270  -2.38256  -2.02449  -1.45221  -1.40244  -1.21654  -1.03930  -0.87823  -0.78039  -0.50882  -0.42938
   8250.  1.50  -3.74775  -3.37680  -2.72011  -2.47958  -2.11462  -1.39058  -1.31622  -1.16080  -1.00891  -0.86840  -0.78160  -0.52477  -0.44168
   8250.  2.00  -3.73709  -3.36323  -2.70433  -2.47190  -2.09964  -1.40261  -1.30642  -1.15545  -1.00568  -0.86773  -0.78096  -0.52168  -0.44347
   8250.  2.50  -3.67135  -3.29489  -2.64079  -2.42805  -2.04981  -1.43906  -1.32175  -1.16547  -1.00991  -0.86940  -0.77966  -0.51344  -0.44201
   8250.  3.00  -3.57744  -3.19923  -2.55338  -2.36354  -1.98227  -1.48618  -1.35097  -1.18474  -1.01966  -0.87423  -0.78017  -0.50431  -0.43991
   8250.  3.50  -3.46672  -3.08715  -2.45096  -2.28421  -1.90332  -1.53893  -1.39141  -1.21221  -1.03519  -0.88301  -0.78371  -0.49602  -0.43799
   8250.  4.00  -3.33867  -2.95518  -2.33043  -2.18757  -1.81366  -1.59648  -1.44767  -1.24884  -1.05519  -0.89281  -0.78694  -0.48673  -0.43398
   8250.  4.50  -3.21860  -2.82518  -2.20445  -2.08228  -1.71618  -1.65035  -1.51110  -1.29304  -1.08303  -0.90926  -0.79658  -0.48151  -0.43252
   8250.  5.00  -3.12385  -2.71785  -2.09204  -1.98343  -1.61837  -1.69615  -1.57320  -1.34113  -1.11837  -0.93438  -0.81559  -0.48420  -0.43696
   8500.  1.50  -3.55397  -3.19102  -2.56914  -2.36700  -2.02898  -1.41283  -1.35730  -1.20175  -1.05074  -0.91104  -0.82542  -0.57616  -0.49685
   8500.  2.00  -3.58273  -3.21852  -2.59203  -2.38824  -2.04390  -1.40776  -1.32903  -1.18362  -1.04006  -0.90729  -0.82444  -0.57757  -0.50131
   8500.  2.50  -3.54507  -3.17870  -2.55415  -2.36356  -2.01290  -1.43584  -1.33369  -1.18620  -1.03973  -0.90686  -0.82243  -0.57135  -0.50122
   8500.  3.00  -3.47443  -3.10612  -2.48705  -2.31462  -1.95990  -1.47777  -1.35485  -1.19942  -1.04522  -0.90913  -0.82129  -0.56265  -0.49928
   8500.  3.50  -3.38327  -3.01365  -2.40202  -2.24911  -1.89322  -1.52660  -1.38717  -1.22050  -1.05584  -0.91467  -0.82235  -0.55379  -0.49693
   8500.  4.00  -3.27726  -2.90597  -2.30271  -2.16933  -1.81582  -1.57947  -1.43052  -1.24945  -1.07182  -0.92356  -0.82580  -0.54534  -0.49411
   8500.  4.50  -3.15494  -2.77703  -2.18223  -2.06972  -1.72588  -1.63361  -1.48786  -1.28599  -1.09096  -0.93208  -0.82765  -0.53475  -0.48817
   8500.  5.00  -3.05073  -2.66117  -2.06545  -1.96890  -1.63113  -1.68237  -1.54959  -1.33038  -1.12021  -0.95048  -0.83945  -0.53111  -0.48726
   8750.  1.50  -3.37675  -3.01765  -2.42120  -2.25335  -1.93759  -1.44538  -1.40960  -1.25299  -1.10130  -0.96048  -0.87463  -0.62811  -0.55354
   8750.  2.00  -3.43692  -3.08007  -2.48087  -2.30412  -1.98428  -1.42405  -1.36349  -1.22144  -1.08182  -0.95204  -0.87169  -0.63340  -0.55941
   8750.  2.50  -3.42386  -3.06601  -2.46769  -2.29836  -1.97304  -1.44237  -1.35750  -1.21668  -1.07721  -0.94976  -0.86938  -0.62989  -0.56107
   8750.  3.00  -3.37389  -3.01434  -2.41967  -2.26442  -1.93462  -1.47912  -1.37097  -1.22436  -1.07906  -0.95008  -0.86723  -0.62239  -0.56012
   8750.  3.50  -3.30066  -2.93987  -2.35103  -2.21218  -1.88015  -1.52507  -1.39651  -1.24006  -1.08556  -0.95301  -0.86641  -0.61364  -0.55804
   8750.  4.00  -3.21074  -2.84897  -2.26708  -2.14503  -1.81346  -1.57545  -1.43198  -1.26286  -1.09682  -0.95900  -0.86770  -0.60475  -0.55512
   8750.  4.50  -3.10618  -2.74182  -2.16737  -2.06239  -1.73552  -1.62769  -1.47850  -1.29282  -1.11231  -0.96682  -0.86983  -0.59517  -0.55040
   8750.  5.00  -2.99084  -2.61692  -2.04708  -1.95992  -1.64428  -1.67483  -1.53442  -1.32833  -1.13074  -0.97457  -0.87102  -0.58371  -0.54255
   9000.  1.50  -3.22408  -2.86675  -2.28734  -2.14762  -1.84868  -1.48270  -1.46557  -1.30853  -1.15637  -1.01439  -0.92809  -0.68269  -0.61334
   9000.  2.00  -3.30172  -2.95025  -2.37321  -2.22149  -1.92261  -1.44968  -1.40619  -1.26595  -1.12855  -1.00027  -0.92135  -0.68907  -0.61802
   9000.  2.50  -3.30847  -2.95687  -2.38075  -2.23212  -1.92927  -1.45918  -1.39131  -1.25496  -1.12026  -0.99632  -0.91871  -0.68793  -0.62091
   9000.  3.00  -3.27717  -2.92457  -2.35122  -2.21288  -1.90569  -1.49025  -1.39754  -1.25772  -1.11930  -0.99554  -0.91648  -0.68240  -0.62153
   9000.  3.50  -3.22001  -2.86715  -2.29913  -2.17417  -1.86433  -1.53241  -1.41625  -1.26823  -1.12213  -0.99637  -0.91443  -0.67457  -0.62032
   9000.  4.00  -3.14488  -2.79137  -2.22933  -2.11886  -1.80849  -1.58092  -1.44571  -1.28613  -1.12951  -0.99988  -0.91390  -0.66561  -0.61745
   9000.  4.50  -3.05602  -2.70132  -2.14539  -2.04924  -1.74094  -1.63074  -1.48451  -1.31075  -1.14148  -1.00615  -0.91526  -0.65636  -0.61314
   9000.  5.00  -2.95117  -2.59055  -2.03996  -1.95925  -1.65899  -1.67731  -1.53254  -1.34024  -1.15514  -1.01111  -0.91424  -0.64388  -0.60461
   9250.  2.00  -3.18249  -2.83510  -2.27513  -2.14502  -1.86318  -1.48088  -1.45339  -1.31453  -1.17869  -1.05129  -0.97330  -0.74530  -0.67755
   9250.  2.50  -3.20282  -2.85686  -2.29967  -2.16983  -1.88631  -1.48292  -1.43098  -1.29802  -1.16698  -1.04564  -0.97014  -0.74626  -0.68134
   9250.  3.00  -3.18487  -2.83850  -2.28429  -2.16196  -1.87519  -1.50826  -1.43113  -1.29644  -1.16333  -1.04349  -0.96743  -0.74214  -0.68276
   9250.  3.50  -3.14246  -2.79550  -2.24536  -2.13391  -1.84458  -1.54646  -1.44486  -1.30348  -1.16403  -1.04320  -0.96486  -0.73507  -0.68200
   9250.  4.00  -3.08128  -2.73395  -2.18909  -2.08993  -1.79971  -1.59166  -1.46853  -1.31702  -1.16832  -1.04483  -0.96312  -0.72658  -0.67960
   9250.  4.50  -3.00523  -2.65805  -2.11934  -2.03256  -1.74328  -1.63987  -1.50084  -1.33667  -1.17662  -1.04910  -0.96322  -0.71792  -0.67619
   9250.  5.00  -2.91562  -2.56668  -2.03349  -1.95922  -1.67376  -1.68775  -1.54236  -1.36233  -1.18844  -1.05471  -0.96372  -0.70776  -0.67013
   9500.  2.00  -3.07940  -2.73522  -2.18828  -2.07628  -1.80814  -1.51483  -1.50253  -1.36500  -1.23056  -1.10391  -1.02665  -0.80189  -0.73750
   9500.  2.50  -3.10851  -2.76712  -2.22536  -2.11210  -1.84491  -1.51139  -1.47491  -1.34463  -1.21643  -1.09693  -1.02303  -0.80429  -0.74157
   9500.  3.00  -3.10172  -2.76055  -2.22240  -2.11442  -1.84547  -1.53119  -1.47009  -1.33973  -1.21108  -1.09419  -1.02053  -0.80196  -0.74395
   9500.  3.50  -3.07078  -2.72938  -2.19523  -2.09604  -1.82509  -1.56487  -1.47885  -1.34339  -1.20984  -1.09302  -1.01777  -0.79620  -0.74416
   9500.  4.00  -3.02091  -2.67951  -2.15041  -2.06180  -1.79002  -1.60733  -1.49760  -1.35324  -1.21153  -1.09312  -1.01508  -0.78832  -0.74243
   9500.  4.50  -2.95527  -2.61419  -2.09095  -2.01353  -1.74253  -1.65452  -1.52516  -1.36884  -1.21645  -1.09507  -1.01334  -0.77942  -0.73906
   9500.  5.00  -2.87640  -2.53518  -2.01775  -1.95134  -1.68282  -1.70288  -1.56185  -1.39067  -1.22528  -1.09921  -1.01295  -0.76979  -0.73381
   9750.  2.00  -2.99124  -2.65002  -2.11358  -2.01678  -1.76016  -1.55035  -1.55200  -1.41586  -1.28283  -1.15702  -1.08050  -0.85876  -0.79767
   9750.  2.50  -3.02539  -2.68796  -2.15889  -2.06023  -1.80691  -1.54358  -1.52135  -1.39322  -1.26730  -1.14928  -1.07663  -0.86214  -0.80182
   9750.  3.00  -3.02640  -2.68984  -2.16558  -2.07069  -1.81730  -1.55904  -1.51294  -1.38596  -1.26080  -1.14619  -1.07441  -0.86142  -0.80500
   9750.  3.50  -3.00439  -2.66793  -2.14799  -2.06029  -1.80585  -1.58875  -1.51778  -1.38704  -1.25823  -1.14452  -1.07174  -0.85698  -0.80616
   9750.  4.00  -2.96415  -2.62793  -2.11290  -2.03431  -1.77933  -1.62811  -1.53233  -1.39391  -1.25805  -1.14365  -1.06864  -0.84997  -0.80521
   9750.  4.50  -2.90811  -2.57253  -2.06324  -1.99460  -1.74034  -1.67352  -1.55532  -1.40595  -1.26029  -1.14394  -1.06573  -0.84134  -0.80224
   9750.  5.00  -2.83861  -2.50370  -2.00050  -1.94178  -1.68967  -1.72112  -1.58724  -1.42389  -1.26605  -1.14622  -1.06403  -0.83191  -0.79735
  10000.  2.00  -2.91555  -2.57716  -2.04968  -1.96585  -1.71952  -1.58661  -1.60126  -1.46655  -1.33498  -1.21014  -1.13439  -0.91562  -0.85763
  10000.  2.50  -2.95300  -2.61931  -2.10102  -2.01511  -1.77382  -1.57813  -1.56883  -1.44262  -1.31869  -1.20202  -1.13047  -0.91983  -0.86200
  10000.  3.00  -2.95953  -2.62726  -2.11499  -2.03189  -1.79211  -1.59063  -1.55817  -1.43394  -1.31163  -1.19892  -1.12868  -0.92048  -0.86586
  10000.  3.50  -2.94434  -2.61247  -2.10513  -2.02799  -1.78821  -1.61695  -1.56010  -1.43319  -1.30828  -1.19712  -1.12639  -0.91742  -0.86790
  10000.  4.00  -2.91186  -2.58041  -2.07806  -2.00877  -1.76894  -1.65312  -1.57123  -1.43777  -1.30685  -1.19570  -1.12322  -0.91137  -0.86765
  10000.  4.50  -2.86426  -2.53356  -2.03677  -1.97626  -1.73731  -1.69576  -1.59020  -1.44691  -1.30717  -1.19485  -1.11966  -0.90318  -0.86502
  10000.  5.00  -2.80325  -2.47354  -1.98278  -1.93129  -1.69449  -1.74168  -1.61759  -1.46136  -1.31028  -1.19549  -1.11676  -0.89384  -0.86037
  10250.  2.00  -2.84998  -2.51423  -1.99487  -1.92236  -1.68580  -1.62319  -1.65012  -1.51692  -1.38684  -1.26308  -1.18814  -0.97227  -0.91717
  10250.  2.50  -2.89011  -2.55994  -2.05102  -1.97627  -1.74577  -1.61391  -1.61671  -1.49230  -1.37022  -1.25484  -1.18431  -0.97716  -0.92179
  10250.  3.00  -2.90101  -2.57274  -2.07093  -1.99834  -1.77068  -1.62458  -1.60483  -1.48296  -1.36311  -1.25203  -1.18314  -0.97907  -0.92631
  10250.  3.50  -2.89126  -2.56364  -2.06742  -1.99981  -1.77318  -1.64799  -1.60481  -1.48113  -1.35952  -1.25044  -1.18144  -0.97734  -0.92908
  10250.  4.00  -2.86530  -2.53811  -2.04698  -1.98608  -1.75995  -1.68060  -1.61312  -1.48401  -1.35741  -1.24889  -1.17857  -0.97234  -0.92946
  10250.  4.50  -2.82478  -2.49830  -2.01255  -1.95945  -1.73440  -1.72011  -1.62860  -1.49081  -1.35640  -1.24732  -1.17471  -0.96478  -0.92734
  10250.  5.00  -2.77067  -2.44531  -1.96556  -1.92076  -1.69803  -1.76419  -1.65176  -1.50208  -1.35717  -1.24647  -1.17074  -0.95555  -0.92302
  10500.  2.00  -2.79262  -2.45933  -1.94759  -1.88522  -1.65832  -1.65992  -1.69853  -1.56686  -1.43832  -1.31570  -1.24159  -1.02861  -0.97617
  10500.  2.50  -2.83521  -2.50838  -2.00785  -1.94302  -1.72253  -1.65034  -1.66447  -1.54177  -1.42147  -1.30739  -1.23785  -1.03402  -0.98102
  10500.  3.00  -2.84962  -2.52522  -2.03272  -1.96960  -1.75296  -1.66003  -1.65195  -1.53220  -1.41454  -1.30499  -1.23730  -1.03706  -0.98621
  10500.  3.50  -2.84434  -2.52087  -2.03468  -1.97580  -1.76120  -1.68143  -1.65075  -1.52985  -1.41107  -1.30384  -1.23636  -1.03662  -0.98972
  10500.  4.00  -2.82347  -2.50052  -2.01978  -1.96677  -1.75333  -1.71143  -1.65721  -1.53172  -1.40875  -1.30247  -1.23401  -1.03279  -0.99087
  10500.  4.50  -2.78851  -2.46622  -1.99088  -1.94483  -1.73278  -1.74812  -1.66996  -1.53678  -1.40687  -1.30053  -1.23014  -1.02597  -0.98936
  10500.  5.00  -2.74022  -2.41907  -1.94966  -1.91122  -1.70158  -1.79021  -1.68964  -1.54549  -1.40588  -1.29858  -1.22543  -1.01698  -0.98537
  10750.  2.00  -2.74203  -2.41095  -1.90672  -1.85357  -1.63650  -1.69685  -1.74668  -1.61654  -1.48953  -1.36808  -1.29484  -1.08464  -1.03464
  10750.  2.50  -2.78708  -2.46329  -1.97055  -1.91465  -1.70369  -1.68716  -1.71211  -1.59111  -1.47251  -1.35970  -1.29112  -1.09041  -1.03967
  10750.  3.00  -2.80452  -2.48370  -1.99959  -1.94501  -1.73851  -1.69637  -1.69929  -1.58150  -1.46584  -1.35771  -1.29114  -1.09439  -1.04545
  10750.  3.50  -2.80297  -2.48343  -2.00628  -1.95539  -1.75184  -1.71648  -1.69745  -1.57897  -1.46268  -1.35711  -1.29096  -1.09517  -1.04972
  10750.  4.00  -2.78643  -2.46756  -1.99635  -1.95065  -1.74902  -1.74437  -1.70259  -1.58025  -1.46046  -1.35613  -1.28930  -1.09254  -1.05167
  10750.  4.50  -2.75639  -2.43814  -1.97243  -1.93295  -1.73305  -1.77854  -1.71333  -1.58416  -1.45822  -1.35421  -1.28576  -1.08665  -1.05085
  10750.  5.00  -2.71336  -2.39616  -1.93623  -1.90367  -1.70619  -1.81813  -1.73008  -1.59093  -1.45611  -1.35165  -1.28078  -1.07812  -1.04724
  11000.  2.00  -2.69719  -2.36822  -1.87155  -1.82693  -1.62001  -1.73383  -1.79434  -1.66576  -1.54033  -1.42012  -1.34777  -1.14037  -1.09262
  11000.  2.50  -2.74472  -2.42383  -1.93850  -1.89075  -1.68918  -1.72411  -1.75933  -1.64001  -1.52312  -1.41160  -1.34399  -1.14632  -1.09770
  11000.  3.00  -2.76481  -2.44741  -1.97104  -1.92424  -1.72731  -1.73319  -1.74644  -1.63050  -1.51675  -1.41000  -1.34448  -1.15105  -1.10399
  11000.  3.50  -2.76638  -2.45061  -1.98175  -1.93821  -1.74493  -1.75253  -1.74429  -1.62801  -1.51397  -1.40994  -1.34502  -1.15290  -1.10897
  11000.  4.00  -2.75347  -2.43861  -1.97621  -1.93732  -1.74670  -1.77898  -1.74863  -1.62904  -1.51203  -1.40948  -1.34409  -1.15144  -1.11170
  11000.  4.50  -2.72770  -2.41352  -1.95689  -1.92361  -1.73518  -1.81117  -1.75801  -1.63229  -1.50977  -1.40784  -1.34111  -1.14661  -1.11163
  11000.  5.00  -2.68937  -2.37613  -1.92525  -1.89824  -1.71230  -1.84842  -1.77256  -1.63774  -1.50712  -1.40512  -1.33626  -1.13877  -1.10852
  11250.  2.00  -2.65726  -2.33020  -1.84126  -1.80458  -1.60814  -1.77097  -1.84171  -1.71468  -1.59081  -1.47184  -1.40038  -1.19572  -1.15005
  11250.  2.50  -2.70726  -2.38903  -1.91091  -1.87069  -1.67847  -1.76119  -1.80630  -1.68861  -1.57338  -1.46314  -1.39646  -1.20171  -1.15508
  11250.  3.00  -2.72990  -2.41565  -1.94653  -1.90686  -1.71907  -1.77024  -1.79340  -1.67924  -1.56728  -1.46187  -1.39736  -1.20705  -1.16178
  11250.  3.50  -2.73411  -2.42186  -1.96062  -1.92382  -1.74009  -1.78912  -1.79111  -1.67686  -1.56489  -1.46230  -1.39851  -1.20980  -1.16737
  11250.  4.00  -2.72438  -2.41331  -1.95897  -1.92638  -1.74595  -1.81448  -1.79497  -1.67784  -1.56332  -1.46238  -1.39832  -1.20942  -1.17083
  11250.  4.50  -2.70240  -2.39213  -1.94391  -1.91640  -1.73869  -1.84504  -1.80336  -1.68072  -1.56129  -1.46120  -1.39603  -1.20568  -1.17155
  11250.  5.00  -2.66835  -2.35899  -1.91657  -1.89478  -1.71975  -1.88018  -1.81623  -1.68530  -1.55848  -1.45864  -1.39160  -1.19873  -1.16910
  11500.  2.00  -2.62160  -2.29636  -1.81536  -1.78611  -1.60042  -1.80815  -1.88866  -1.76317  -1.64086  -1.52315  -1.45259  -1.25068  -1.20694
  11500.  2.50  -2.67405  -2.35832  -1.88743  -1.85423  -1.67152  -1.79829  -1.85284  -1.73677  -1.62320  -1.51426  -1.44853  -1.25664  -1.21186
  11500.  3.00  -2.69908  -2.38782  -1.92569  -1.89263  -1.71381  -1.80735  -1.83997  -1.72754  -1.61734  -1.51324  -1.44971  -1.26241  -1.21886
  11500.  3.50  -2.70566  -2.39675  -1.94261  -1.91206  -1.73741  -1.82597  -1.83768  -1.72532  -1.61529  -1.51408  -1.45136  -1.26587  -1.22495
  11500.  4.00  -2.69857  -2.39109  -1.94422  -1.91750  -1.74664  -1.85060  -1.84128  -1.72636  -1.61411  -1.51468  -1.45181  -1.26642  -1.22904
  11500.  4.50  -2.67984  -2.37333  -1.93294  -1.91087  -1.74323  -1.87986  -1.84904  -1.72912  -1.61242  -1.51402  -1.45024  -1.26373  -1.23048
  11500.  5.00  -2.64962  -2.34403  -1.90959  -1.89275  -1.72810  -1.91328  -1.86069  -1.73318  -1.60973  -1.51180  -1.44638  -1.25774  -1.22876
  11750.  2.00  -2.58969  -2.26624  -1.79335  -1.77103  -1.59626  -1.84531  -1.93516  -1.81120  -1.69044  -1.57400  -1.50435  -1.30517  -1.26321
  11750.  2.50  -2.64462  -2.33123  -1.86762  -1.84100  -1.66790  -1.83539  -1.89897  -1.78454  -1.67262  -1.56498  -1.50018  -1.31108  -1.26804
  11750.  3.00  -2.67199  -2.36350  -1.90820  -1.88130  -1.71135  -1.84452  -1.88622  -1.77547  -1.66698  -1.56419  -1.50162  -1.31718  -1.27525
  11750.  3.50  -2.68073  -2.37492  -1.92754  -1.90277  -1.73682  -1.86294  -1.88401  -1.77345  -1.66526  -1.56538  -1.50367  -1.32120  -1.28171
  11750.  4.00  -2.67592  -2.37180  -1.93188  -1.91061  -1.74873  -1.88698  -1.88744  -1.77458  -1.66442  -1.56640  -1.50466  -1.32253  -1.28634
  11750.  4.50  -2.65995  -2.35699  -1.92385  -1.90686  -1.74866  -1.91513  -1.89473  -1.77729  -1.66309  -1.56624  -1.50375  -1.32077  -1.28841
  11750.  5.00  -2.63309  -2.33115  -1.90420  -1.89202  -1.73718  -1.94701  -1.90544  -1.78102  -1.66063  -1.56444  -1.50051  -1.31575  -1.28742
  12000.  2.50  -2.61848  -2.30733  -1.85106  -1.83063  -1.66726  -1.87244  -1.94466  -1.83181  -1.72152  -1.61518  -1.55132  -1.36499  -1.32357
  12000.  3.00  -2.64811  -2.34223  -1.89363  -1.87254  -1.71145  -1.88163  -1.93204  -1.82292  -1.71611  -1.61458  -1.55296  -1.37132  -1.33093
  12000.  3.50  -2.65885  -2.35596  -1.91504  -1.89571  -1.73826  -1.89993  -1.92993  -1.82109  -1.71466  -1.61606  -1.55534  -1.37577  -1.33767
  12000.  4.00  -2.65599  -2.35504  -1.92166  -1.90550  -1.75221  -1.92353  -1.93328  -1.82234  -1.71413  -1.61744  -1.55677  -1.37772  -1.34273
  12000.  4.50  -2.64230  -2.34273  -1.91638  -1.90417  -1.75492  -1.95087  -1.94026  -1.82506  -1.71312  -1.61772  -1.55642  -1.37679  -1.34538
  12000.  5.00  -2.61833  -2.31989  -1.89997  -1.89225  -1.74672  -1.98153  -1.95030  -1.82864  -1.71097  -1.61639  -1.55382  -1.37269  -1.34508
  12250.  2.50  -2.59519  -2.28621  -1.83743  -1.82282  -1.66931  -1.90934  -1.98981  -1.87856  -1.76990  -1.66488  -1.60197  -1.41838  -1.37849
  12250.  3.00  -2.62711  -2.32372  -1.88188  -1.86624  -1.71403  -1.91866  -1.97741  -1.86992  -1.76476  -1.66452  -1.60384  -1.42492  -1.38597
  12250.  3.50  -2.63974  -2.33962  -1.90507  -1.89083  -1.74174  -1.93687  -1.97543  -1.86829  -1.76357  -1.66623  -1.60647  -1.42968  -1.39292
  12250.  4.00  -2.63865  -2.34070  -1.91358  -1.90220  -1.75716  -1.96006  -1.97877  -1.86966  -1.76331  -1.66791  -1.60824  -1.43212  -1.39828
  12250.  4.50  -2.62691  -2.33053  -1.91057  -1.90286  -1.76206  -1.98672  -1.98554  -1.87243  -1.76260  -1.66856  -1.60836  -1.43185  -1.40141
  12250.  5.00  -2.60543  -2.31031  -1.89699  -1.89344  -1.75668  -2.01624  -1.99505  -1.87592  -1.76077  -1.66766  -1.60633  -1.42858  -1.40169
  12500.  2.50  -2.57459  -2.26771  -1.82638  -1.81726  -1.67357  -1.94608  -2.03450  -1.92482  -1.81775  -1.71404  -1.65206  -1.47116  -1.43270
  12500.  3.00  -2.60868  -2.30765  -1.87254  -1.86206  -1.71877  -1.95553  -2.02230  -1.91640  -1.81287  -1.71389  -1.65414  -1.47789  -1.44032
  12500.  3.50  -2.62313  -2.32563  -1.89731  -1.88789  -1.74709  -1.97369  -2.02048  -1.91497  -1.81192  -1.71583  -1.65700  -1.48291  -1.44742
  12500.  4.00  -2.62361  -2.32850  -1.90740  -1.90053  -1.76351  -1.99654  -2.02382  -1.91644  -1.81186  -1.71772  -1.65902  -1.48570  -1.45301
  12500.  4.50  -2.61353  -2.32018  -1.90627  -1.90281  -1.77010  -2.02268  -2.03045  -1.91927  -1.81140  -1.71867  -1.65952  -1.48599  -1.45652
  12500.  5.00  -2.59411  -2.30216  -1.89507  -1.89550  -1.76708  -2.05126  -2.03957  -1.92271  -1.80985  -1.71814  -1.65798  -1.48342  -1.45729
  12750.  2.50  -2.55632  -2.25146  -1.81756  -1.81361  -1.67968  -1.98260  -2.07865  -1.97048  -1.86498  -1.76255  -1.70150  -1.52328  -1.48617
  12750.  3.00  -2.59246  -2.29370  -1.86536  -1.85977  -1.72540  -1.99224  -2.06670  -1.96235  -1.86041  -1.76270  -1.70388  -1.53024  -1.49396
  12750.  3.50  -2.60871  -2.31367  -1.89155  -1.88671  -1.75414  -2.01037  -2.06508  -1.96115  -1.85973  -1.76487  -1.70695  -1.53548  -1.50120
  12750.  4.00  -2.61072  -2.31828  -1.90303  -1.90043  -1.77125  -2.03292  -2.06846  -1.96276  -1.85988  -1.76695  -1.70918  -1.53854  -1.50694
  12750.  4.50  -2.60210  -2.31158  -1.90346  -1.90400  -1.77907  -2.05856  -2.07499  -1.96563  -1.85962  -1.76814  -1.70997  -1.53926  -1.51073
  12750.  5.00  -2.58447  -2.29552  -1.89429  -1.89847  -1.77798  -2.08632  -2.08380  -1.96906  -1.85833  -1.76793  -1.70886  -1.53729  -1.51194
  13000.  2.50  -2.54012  -2.23727  -1.81075  -1.81165  -1.68737  -2.01873  -2.12213  -2.01548  -1.91154  -1.81041  -1.75029  -1.57472  -1.53890
  13000.  3.00  -2.57833  -2.28181  -1.86028  -1.85932  -1.73387  -2.02874  -2.11054  -2.00775  -1.90740  -1.81096  -1.75306  -1.58202  -1.54697
  13000.  3.50  -2.59628  -2.30365  -1.88775  -1.88725  -1.76289  -2.04688  -2.10918  -2.00681  -1.90699  -1.81335  -1.75634  -1.58743  -1.55431
  13000.  4.00  -2.59973  -2.30984  -1.90039  -1.90184  -1.78041  -2.06917  -2.11261  -2.00854  -1.90732  -1.81558  -1.75874  -1.59069  -1.56015
  13000.  4.50  -2.59240  -2.30461  -1.90208  -1.90643  -1.78907  -2.09433  -2.11906  -2.01145  -1.90721  -1.81693  -1.75972  -1.59171  -1.56412
  13000.  5.00  -2.57625  -2.29016  -1.89457  -1.90231  -1.78945  -2.12140  -2.12760  -2.01485  -1.90611  -1.81696  -1.75893  -1.59023  -1.56566
  14000.  2.00  -2.42081  -2.11105  -1.70400  -1.72636  -1.63995  -2.16737  -2.32999  -2.21754  -2.10880  -2.00245  -1.94007  -1.76311  -1.73351
  14000.  2.50  -2.49298  -2.19762  -1.79864  -1.81623  -1.72809  -2.15933  -2.29003  -2.18904  -2.09100  -1.99476  -1.93819  -1.77280  -1.74158
  14000.  3.00  -2.53871  -2.25047  -1.85529  -1.87049  -1.77938  -2.17153  -2.28027  -2.18333  -2.08905  -1.99750  -1.94318  -1.78216  -1.75149
  14000.  3.50  -2.56299  -2.27911  -1.88762  -1.90244  -1.81020  -2.19030  -2.28026  -2.18385  -2.09014  -2.00122  -1.94773  -1.78860  -1.75958
  14000.  4.00  -2.57151  -2.29082  -1.90395  -1.91980  -1.82850  -2.21195  -2.28426  -2.18626  -2.09126  -2.00410  -1.95073  -1.79242  -1.76569
  14000.  4.50  -2.56853  -2.29040  -1.90914  -1.92695  -1.83835  -2.23548  -2.29057  -2.18936  -2.09162  -2.00584  -1.95218  -1.79406  -1.76992
  14000.  5.00  -2.55678  -2.28082  -1.90582  -1.92623  -1.84153  -2.26043  -2.29854  -2.19273  -2.09100  -2.00641  -1.95207  -1.79365  -1.77215
  15000.  2.50  -2.46658  -2.17775  -1.80256  -1.83329  -1.77690  -2.29210  -2.44781  -2.35184  -2.25911  -2.16732  -2.11402  -1.95797  -1.93072
  15000.  3.00  -2.51923  -2.23844  -1.86713  -1.89534  -1.83545  -2.30746  -2.44022  -2.34867  -2.26003  -2.17306  -2.12212  -1.97047  -1.94352
  15000.  3.50  -2.54944  -2.27342  -1.90485  -1.93219  -1.86983  -2.32796  -2.44225  -2.35131  -2.26329  -2.17885  -2.12869  -1.97872  -1.95317
  15000.  4.00  -2.56250  -2.28991  -1.92465  -1.95239  -1.88948  -2.34980  -2.44732  -2.35489  -2.26563  -2.18281  -2.13273  -1.98338  -1.95989
  15000.  4.50  -2.56313  -2.29335  -1.93229  -1.96133  -1.89965  -2.37236  -2.45389  -2.35843  -2.26657  -2.18499  -2.13459  -1.98538  -1.96424
  15000.  5.00  -2.55447  -2.28711  -1.93115  -1.96215  -1.90323  -2.39565  -2.46164  -2.36182  -2.26620  -2.18572  -2.13468  -1.98527  -1.96653
  16000.  2.50  -2.45402  -2.17051  -1.81536  -1.85658  -1.82727  -2.41626  -2.59567  -2.50415  -2.41613  -2.32827  -2.27787  -2.13023  -2.10646
  16000.  3.00  -2.51317  -2.23889  -1.88849  -1.92728  -1.89513  -2.43553  -2.59036  -2.50373  -2.42023  -2.33750  -2.28968  -2.14669  -2.12301
  16000.  3.50  -2.54907  -2.28008  -1.93232  -1.97003  -1.93499  -2.45870  -2.59486  -2.50899  -2.42625  -2.34603  -2.29902  -2.15759  -2.13509
  16000.  4.00  -2.56655  -2.30123  -1.95613  -1.99385  -1.95730  -2.48156  -2.60155  -2.51426  -2.43035  -2.35164  -2.30468  -2.16372  -2.14301
  16000.  4.50  -2.57051  -2.30817  -1.96633  -2.00489  -1.96853  -2.50386  -2.60883  -2.51864  -2.43223  -2.35463  -2.30732  -2.16636  -2.14777
  16000.  5.00  -2.56457  -2.30481  -1.96698  -2.00698  -1.97228  -2.52594  -2.61667  -2.52228  -2.43225  -2.35563  -2.30767  -2.16647  -2.15007
  17000.  2.50  -2.45069  -2.17148  -1.83320  -1.88292  -1.87667  -2.53210  -2.73430  -2.64661  -2.56266  -2.47821  -2.43039  -2.29025  -2.26960
  17000.  3.00  -2.51596  -2.24721  -1.91480  -1.96230  -1.95434  -2.55528  -2.73091  -2.64876  -2.56997  -2.49107  -2.44611  -2.31105  -2.29030
  17000.  3.50  -2.55757  -2.29466  -1.96517  -2.01151  -2.00080  -2.58177  -2.73820  -2.65699  -2.57911  -2.50277  -2.45866  -2.32516  -2.30537
  17000.  4.00  -2.57941  -2.32051  -1.99355  -2.03971  -2.02727  -2.60650  -2.74694  -2.66439  -2.58541  -2.51054  -2.46649  -2.33335  -2.31514
  17000.  4.50  -2.58662  -2.33088  -2.00676  -2.05344  -2.04048  -2.62923  -2.75538  -2.67002  -2.58865  -2.51480  -2.47039  -2.33714  -2.32081
  17000.  5.00  -2.58322  -2.33022  -2.00942  -2.05720  -2.04516  -2.65080  -2.76371  -2.67428  -2.58940  -2.51643  -2.47136  -2.33779  -2.32345
  18000.  2.50  -2.45385  -2.17836  -1.85448  -1.91114  -1.92455  -2.64041  -2.86455  -2.78006  -2.69956  -2.61800  -2.57239  -2.43889  -2.42104
  18000.  3.00  -2.52478  -2.26083  -1.94404  -1.99878  -2.01191  -2.66723  -2.86269  -2.78456  -2.71001  -2.63457  -2.59223  -2.46440  -2.44627
  18000.  3.50  -2.57198  -2.31440  -2.00085  -2.05442  -2.06512  -2.69721  -2.87280  -2.79585  -2.72243  -2.64963  -2.60821  -2.48195  -2.46460
  18000.  4.00  -2.59824  -2.34499  -2.03404  -2.08731  -2.09634  -2.72427  -2.88379  -2.80561  -2.73120  -2.65985  -2.61850  -2.49258  -2.47662
  18000.  4.50  -2.60867  -2.35880  -2.05058  -2.10423  -2.11269  -2.74808  -2.89366  -2.81277  -2.73605  -2.66570  -2.62399  -2.49793  -2.48365
  18000.  5.00  -2.60770  -2.36073  -2.05556  -2.11008  -2.11900  -2.76970  -2.90277  -2.81792  -2.73781  -2.66828  -2.62593  -2.49950  -2.48701
  19000.  2.50  -2.46180  -2.18984  -1.87829  -1.94065  -1.97057  -2.74179  -2.98707  -2.90514  -2.82745  -2.74820  -2.70439  -2.57649  -2.56115
  19000.  3.00  -2.53750  -2.27798  -1.97510  -2.03597  -2.06787  -2.77209  -2.98624  -2.91173  -2.84104  -2.76876  -2.72883  -2.60772  -2.59196
  19000.  3.50  -2.59014  -2.33738  -2.03796  -2.09766  -2.12735  -2.80549  -2.99919  -2.92616  -2.85685  -2.78730  -2.74837  -2.62880  -2.61366
  19000.  4.00  -2.62090  -2.37270  -2.07592  -2.13525  -2.16332  -2.83502  -3.01257  -2.93843  -2.86824  -2.80013  -2.76129  -2.64201  -2.62807
  19000.  4.50  -2.63468  -2.39006  -2.09602  -2.15563  -2.18317  -2.86031  -3.02410  -2.94735  -2.87496  -2.80782  -2.76863  -2.64922  -2.63680
  19000.  5.00  -2.63608  -2.39452  -2.10348  -2.16381  -2.19182  -2.88243  -3.03421  -2.95360  -2.87791  -2.81156  -2.77176  -2.65196  -2.64117
  20000.  3.00  -2.55302  -2.29779  -2.00742  -2.07356  -2.12223  -2.87054  -3.10222  -3.03095  -2.96371  -2.89429  -2.85656  -2.74168  -2.72806
  20000.  3.50  -2.61074  -2.36256  -2.07600  -2.14102  -2.18792  -2.90743  -3.11806  -3.04864  -2.98313  -2.91661  -2.88002  -2.76678  -2.75364
  20000.  4.00  -2.64597  -2.40248  -2.11847  -2.18304  -2.22824  -2.93935  -3.13385  -3.06349  -2.99724  -2.93214  -2.89564  -2.78256  -2.77046
  20000.  4.50  -2.66310  -2.42329  -2.14193  -2.20668  -2.25137  -2.96612  -3.14709  -3.07422  -3.00587  -2.94171  -2.90488  -2.79160  -2.78087
  20000.  5.00  -2.66695  -2.43033  -2.15195  -2.21733  -2.26250  -2.98894  -3.15823  -3.08165  -3.01015  -2.94677  -2.90934  -2.79570  -2.78647
  21000.  3.00  -2.57038  -2.31937  -2.04021  -2.11090  -2.17440  -2.96276  -3.21108  -3.14269  -3.07853  -3.01162  -2.97586  -2.86656  -2.85489
  21000.  3.50  -2.63291  -2.38918  -2.11440  -2.18409  -2.24669  -3.00351  -3.22993  -3.16382  -3.10183  -3.03812  -3.00370  -2.89642  -2.88511
  21000.  4.00  -2.67242  -2.43344  -2.16115  -2.23032  -2.29119  -3.03786  -3.24817  -3.18135  -3.11878  -3.05651  -3.02222  -2.91503  -2.90461
  21000.  4.50  -2.69296  -2.45769  -2.18789  -2.25713  -2.31732  -3.06609  -3.26316  -3.19395  -3.12939  -3.06803  -3.03341  -2.92590  -2.91671
  21000.  5.00  -2.69926  -2.46724  -2.20029  -2.27008  -2.33074  -3.08963  -3.27542  -3.20262  -3.13503  -3.07441  -3.03922  -2.93132  -2.92349
  22000.  3.00  -2.58852  -2.34195  -2.07305  -2.14769  -2.22428  -3.04908  -3.31327  -3.24751  -3.18614  -3.12147  -3.08744  -2.98296  -2.97305
  22000.  3.50  -2.65604  -2.41672  -2.15279  -2.22660  -2.30350  -3.09409  -3.33531  -3.27226  -3.21349  -3.15238  -3.11998  -3.01824  -3.00863
  22000.  4.00  -2.69955  -2.46502  -2.20367  -2.27695  -2.35237  -3.13112  -3.35607  -3.29254  -3.23343  -3.17384  -3.14164  -3.04008  -3.03124
  22000.  4.50  -2.72342  -2.49259  -2.23354  -2.30680  -2.38138  -3.16083  -3.37284  -3.30709  -3.24613  -3.18741  -3.15490  -3.05297  -3.04520
  22000.  5.00  -2.73226  -2.50465  -2.24827  -2.32197  -2.39689  -3.18510  -3.38628  -3.31707  -3.25319  -3.19518  -3.16210  -3.05965  -3.05313
  23000.  3.00  -2.60625  -2.36446  -2.10519  -2.18336  -2.27192  -3.12964  -3.40885  -3.34563  -3.28694  -3.22435  -3.19196  -3.09187  -3.08353
  23000.  3.50  -2.67933  -2.44450  -2.19062  -2.26807  -2.35791  -3.17926  -3.43454  -3.37431  -3.31853  -3.25978  -3.22924  -3.13253  -3.12445
  23000.  4.00  -2.72682  -2.49666  -2.24547  -2.32244  -2.41127  -3.21920  -3.45785  -3.39741  -3.34152  -3.28445  -3.25422  -3.15798  -3.15061
  23000.  4.50  -2.75388  -2.52741  -2.27847  -2.35537  -2.44339  -3.25067  -3.47650  -3.41404  -3.35646  -3.30028  -3.26978  -3.17318  -3.16677
  23000.  5.00  -2.76512  -2.54183  -2.29536  -2.37260  -2.46080  -3.27562  -3.49106  -3.42529  -3.36494  -3.30944  -3.27839  -3.18123  -3.17593
  24000.  3.00  -2.62172  -2.38494  -2.13456  -2.21600  -2.31575  -3.20347  -3.49681  -3.43613  -3.38012  -3.31964  -3.28891  -3.19331  -3.18645
  24000.  3.50  -2.70214  -2.47201  -2.22765  -2.30838  -2.41017  -3.25941  -3.52792  -3.47042  -3.41748  -3.36097  -3.33218  -3.24013  -3.23346
  24000.  4.00  -2.75375  -2.52797  -2.28629  -2.36656  -2.46770  -3.30230  -3.55392  -3.49636  -3.44349  -3.38876  -3.36039  -3.26911  -3.26310
  24000.  4.50  -2.78385  -2.56165  -2.32219  -2.40237  -2.50289  -3.33562  -3.57441  -3.51505  -3.46066  -3.40690  -3.37830  -3.28679  -3.28167
  24000.  5.00  -2.79743  -2.57839  -2.34129  -2.42175  -2.52241  -3.36152  -3.59018  -3.52768  -3.47069  -3.41761  -3.38849  -3.29645  -3.29233
  25000.  3.00  -2.63374  -2.40139  -2.15795  -2.24221  -2.35128  -3.26818  -3.57545  -3.51693  -3.46328  -3.40472  -3.37552  -3.28449  -3.27906
  25000.  3.50  -2.72346  -2.49829  -2.26311  -2.34690  -2.46008  -3.33448  -3.61535  -3.56056  -3.51047  -3.45618  -3.42913  -3.34165  -3.33627
  25000.  4.00  -2.77982  -2.55855  -2.32591  -2.40917  -2.52177  -3.38069  -3.64456  -3.58978  -3.53978  -3.48726  -3.46063  -3.37398  -3.36922
  25000.  4.50  -2.81290  -2.59497  -2.36441  -2.44758  -2.55972  -3.41580  -3.66685  -3.61040  -3.55905  -3.50756  -3.48077  -3.39408  -3.39016
  25000.  5.00  -2.82877  -2.61388  -2.38557  -2.46899  -2.58131  -3.44276  -3.68380  -3.62443  -3.57063  -3.51986  -3.49260  -3.40547  -3.40248
  26000.  3.00  -2.64555  -2.41594  -2.17562  -2.26166  -2.37520  -3.32281  -3.64490  -3.58737  -3.53505  -3.47720  -3.44887  -3.36027  -3.35613
  26000.  3.50  -2.74191  -2.52172  -2.29517  -2.38184  -2.50598  -3.40348  -3.69595  -3.64392  -3.59671  -3.54473  -3.51946  -3.43670  -3.43256
  26000.  4.00  -2.80421  -2.58759  -2.36363  -2.44967  -2.57315  -3.45430  -3.72970  -3.67762  -3.63044  -3.58009  -3.55518  -3.47301  -3.46941
  26000.  4.50  -2.84056  -2.62689  -2.40475  -2.49065  -2.61362  -3.49123  -3.75393  -3.70028  -3.65181  -3.60249  -3.57743  -3.49529  -3.49248
  26000.  5.00  -2.85868  -2.64787  -2.42788  -2.51398  -2.63720  -3.51924  -3.77207  -3.71568  -3.66491  -3.61633  -3.59085  -3.50839  -3.50645
  27000.  3.50  -2.75685  -2.54104  -2.32183  -2.41113  -2.54519  -3.46486  -3.76861  -3.71922  -3.67481  -3.62505  -3.60154  -3.52353  -3.52062
  27000.  4.00  -2.82605  -2.61411  -2.39845  -2.48713  -2.62112  -3.52271  -3.80897  -3.75960  -3.71525  -3.66711  -3.64392  -3.56625  -3.56374
  27000.  4.50  -2.86623  -2.65685  -2.44281  -2.53123  -2.66449  -3.56194  -3.83571  -3.78478  -3.73912  -3.69189  -3.66852  -3.59076  -3.58898
  27000.  5.00  -2.88671  -2.67991  -2.46774  -2.55632  -2.68975  -3.59090  -3.85503  -3.80149  -3.75365  -3.70715  -3.68336  -3.60535  -3.60440
  28000.  3.50  -2.77028  -2.55753  -2.34331  -2.43475  -2.57633  -3.51817  -3.83337  -3.78615  -3.74422  -3.69622  -3.67424  -3.60004  -3.59826
  28000.  4.00  -2.84472  -2.63714  -2.42907  -2.52024  -2.66418  -3.58501  -3.88166  -3.83500  -3.79349  -3.74755  -3.72610  -3.65295  -3.65152
  28000.  4.50  -2.88941  -2.68431  -2.47796  -2.56878  -2.71189  -3.62776  -3.91201  -3.86379  -3.82092  -3.77578  -3.75407  -3.68063  -3.67981
  28000.  5.00  -2.91248  -2.70963  -2.50489  -2.59578  -2.73886  -3.65781  -3.93274  -3.88197  -3.83696  -3.79248  -3.77034  -3.69658  -3.69654
  29000.  3.50  -2.78827  -2.57695  -2.36504  -2.45793  -2.60388  -3.56725  -3.89378  -3.84803  -3.80789  -3.76084  -3.73992  -3.66789  -3.66702
  29000.  4.00  -2.86089  -2.65681  -2.45493  -2.54832  -2.70108  -3.64055  -3.94744  -3.90334  -3.86451  -3.82060  -3.80079  -3.73192  -3.73149
  29000.  4.50  -2.90982  -2.70865  -2.50935  -2.60242  -2.75489  -3.68810  -3.98243  -3.93689  -3.89677  -3.85369  -3.83364  -3.76441  -3.76453
  29000.  5.00  -2.93579  -2.73672  -2.53893  -2.63198  -2.78421  -3.71981  -4.00511  -3.95707  -3.91482  -3.87230  -3.85176  -3.78209  -3.78291
  30000.  3.50  -2.81781  -2.60639  -2.39459  -2.48826  -2.63574  -3.61854  -3.95534  -3.91031  -3.87131  -3.82443  -3.80412  -3.73258  -3.73233
  30000.  4.00  -2.87732  -2.67551  -2.47791  -2.57315  -2.73285  -3.69043  -4.00746  -3.96560  -3.92927  -3.88703  -3.86872  -3.80312  -3.80359
  30000.  4.50  -2.92803  -2.73010  -2.53674  -2.63187  -2.79283  -3.74263  -4.04681  -4.00384  -3.96638  -3.92524  -3.90675  -3.84153  -3.84252
  30000.  5.00  -2.95673  -2.76105  -2.56955  -2.66461  -2.82544  -3.77674  -4.07203  -4.02666  -3.98712  -3.94651  -3.92754  -3.86179  -3.86341
  31000.  3.50  -2.86156  -2.64920  -2.43621  -2.53016  -2.67715  -3.67638  -4.02184  -3.97685  -3.93842  -3.89108  -3.87103  -3.79877  -3.79893
  31000.  4.00  -2.89891  -2.69793  -2.50265  -2.59929  -2.76387  -3.73844  -4.06506  -4.02497  -3.99073  -3.94963  -3.93252  -3.86915  -3.87033
  31000.  4.50  -2.94637  -2.75064  -2.56176  -2.65867  -2.82680  -3.79245  -4.10622  -4.06561  -4.03065  -3.99119  -3.97416  -3.91232  -3.91409
  31000.  5.00  -2.97662  -2.78364  -2.59736  -2.69426  -2.86281  -3.82898  -4.13396  -4.09113  -4.05419  -4.01533  -3.99783  -3.93573  -3.93808
  32000.  4.00  -2.92857  -2.72705  -2.53219  -2.62977  -2.79707  -3.78716  -4.12243  -4.08356  -4.05105  -4.01061  -3.99451  -3.93235  -3.93410
  32000.  4.50  -2.96832  -2.77356  -2.58750  -2.68588  -2.85958  -3.84007  -4.16293  -4.12435  -4.09173  -4.05357  -4.03788  -3.97845  -3.98086
  32000.  5.00  -2.99751  -2.80631  -2.62398  -2.72248  -2.89762  -3.87773  -4.19202  -4.15155  -4.11702  -4.07968  -4.06352  -4.00456  -4.00753
  33000.  4.00  -2.96909  -2.76653  -2.57129  -2.66945  -2.83802  -3.84145  -4.18397  -4.14584  -4.11469  -4.07445  -4.05914  -3.99716  -3.99934
  33000.  4.50  -2.99540  -2.80032  -2.61537  -2.71487  -2.89247  -3.88674  -4.21792  -4.18102  -4.15047  -4.11329  -4.09879  -4.04110  -4.04404
  33000.  5.00  -3.02180  -2.83124  -2.65140  -2.75124  -2.93167  -3.92472  -4.24769  -4.20934  -4.17720  -4.14111  -4.12627  -4.06953  -4.07302
  34000.  4.00  -3.01966  -2.81603  -2.62019  -2.71864  -2.88747  -3.90201  -4.25053  -4.21275  -4.18257  -4.14209  -4.12728  -4.06456  -4.06700
  34000.  4.50  -3.03175  -2.83564  -2.65081  -2.75108  -2.93110  -3.93750  -4.27579  -4.24009  -4.21130  -4.17469  -4.16120  -4.10437  -4.10773
  34000.  5.00  -3.05085  -2.85986  -2.68117  -2.78207  -2.96649  -3.97145  -4.30228  -4.26574  -4.23574  -4.20063  -4.18697  -4.13196  -4.13588
  35000.  4.00  -3.07816  -2.87371  -2.67743  -2.77603  -2.94478  -3.96826  -4.32177  -4.28412  -4.25464  -4.21368  -4.19912  -4.13497  -4.13750
  35000.  4.50  -3.07698  -2.87955  -2.69426  -2.79503  -2.97623  -3.99310  -4.33739  -4.30247  -4.27512  -4.23869  -4.22602  -4.16912  -4.17279
  35000.  5.00  -3.08845  -2.89637  -2.71784  -2.81954  -3.00656  -4.02203  -4.35960  -4.32444  -4.29630  -4.26181  -4.24920  -4.19509  -4.19938
  36000.  4.00  -3.14268  -2.93785  -2.74160  -2.84033  -3.00920  -4.03967  -4.39725  -4.35978  -4.33089  -4.28948  -4.27508  -4.20943  -4.21195
  36000.  4.50  -3.12954  -2.93086  -2.74500  -2.84605  -3.02772  -4.05341  -4.40274  -4.36829  -4.34208  -4.30549  -4.29343  -4.23562  -4.23951
  36000.  5.00  -3.13344  -2.93993  -2.76096  -2.86317  -3.05170  -4.07636  -4.41966  -4.38551  -4.35896  -4.32477  -4.31304  -4.25905  -4.26362
  37000.  4.00  -3.21110  -3.00638  -2.81068  -2.90961  -3.07922  -4.11499  -4.47581  -4.43865  -4.41034  -4.36872  -4.35450  -4.28788  -4.29038
  37000.  4.50  -3.18827  -2.98865  -2.80245  -2.90371  -3.08569  -4.11858  -4.47203  -4.43793  -4.41271  -4.37578  -4.36417  -4.30502  -4.30898
  37000.  5.00  -3.18500  -2.99002  -2.81040  -2.91295  -3.10219  -4.13474  -4.48286  -4.44941  -4.42422  -4.39000  -4.37901  -4.32438  -4.32917
  38000.  4.00  -3.28137  -3.07713  -2.88236  -2.98154  -3.15228  -4.19230  -4.55580  -4.51904  -4.49131  -4.44975  -4.43579  -4.36885  -4.37140
  38000.  4.50  -3.25156  -3.05142  -2.86534  -2.96680  -3.14937  -4.18799  -4.54485  -4.51108  -4.48674  -4.44955  -4.43832  -4.37786  -4.38185
  38000.  5.00  -3.24215  -3.04591  -2.86575  -2.96854  -3.15824  -4.19737  -4.54948  -4.51653  -4.49254  -4.45812  -4.44773  -4.39195  -4.39686
  39000.  4.00  -3.35196  -3.14849  -2.95481  -3.05427  -3.22631  -4.26991  -4.63572  -4.59945  -4.57229  -4.53094  -4.51727  -4.45055  -4.45319
  39000.  4.50  -3.31770  -3.11748  -2.93197  -3.03367  -3.21711  -4.26044  -4.62007  -4.58675  -4.56325  -4.52598  -4.51514  -4.45380  -4.45782
  39000.  5.00  -3.30364  -3.10649  -2.92613  -3.02913  -3.21937  -4.26389  -4.61929  -4.58678  -4.56388  -4.52924  -4.51940  -4.46233  -4.46730
  40000.  4.50  -3.38511  -3.18518  -3.00059  -3.10258  -3.28738  -4.33450  -4.69642  -4.66361  -4.64090  -4.60374  -4.59328  -4.53162  -4.53572
  40000.  5.00  -3.36800  -3.17040  -2.99026  -3.09349  -3.28455  -4.33354  -4.69163  -4.65957  -4.63766  -4.60292  -4.59357  -4.53545  -4.54050
  41000.  4.50  -3.45264  -3.25327  -3.06980  -3.17211  -3.35841  -4.40879  -4.77273  -4.74047  -4.71853  -4.68162  -4.67156  -4.60998  -4.61418
  41000.  5.00  -3.43395  -3.23625  -3.05671  -3.16018  -3.35223  -4.40502  -4.76542  -4.73386  -4.71288  -4.67817  -4.66929  -4.61054  -4.61567
  42000.  4.50  -3.51960  -3.32096  -3.13868  -3.24131  -3.42918  -4.48246  -4.84822  -4.81653  -4.79530  -4.75872  -4.74904  -4.68782  -4.69215
  42000.  5.00  -3.50042  -3.30293  -3.12423  -3.22800  -3.42144  -4.47738  -4.83971  -4.80869  -4.78857  -4.75403  -4.74560  -4.68658  -4.69181
  43000.  4.50  -3.58554  -3.38775  -3.20673  -3.30968  -3.49910  -4.55497  -4.92245  -4.89132  -4.87073  -4.83451  -4.82520  -4.76454  -4.76899
  43000.  5.00  -3.56667  -3.36963  -3.19195  -3.29602  -3.49093  -4.54965  -4.91370  -4.88325  -4.86392  -4.82964  -4.82162  -4.76267  -4.76801
  44000.  4.50  -3.65031  -3.45348  -3.27372  -3.37696  -3.56785  -4.62609  -4.99524  -4.96465  -4.94461  -4.90878  -4.89977  -4.83977  -4.84435
  44000.  5.00  -3.63221  -3.43575  -3.25917  -3.36355  -3.55998  -4.62121  -4.98686  -4.95697  -4.93837  -4.90441  -4.89680  -4.83814  -4.84360
  45000.  4.50  -3.71386  -3.51802  -3.33951  -3.44303  -3.63530  -4.69572  -5.06649  -5.03640  -5.01686  -4.98140  -4.97267  -4.91337  -4.91808
  45000.  5.00  -3.69671  -3.50098  -3.32556  -3.43024  -3.62817  -4.69168  -5.05882  -5.02950  -5.01156  -4.97795  -4.97071  -4.91250  -4.91810
  46000.  4.50  -3.77621  -3.58140  -3.40411  -3.50787  -3.70145  -4.76387  -5.13623  -5.10662  -5.08751  -5.05241  -5.04392  -4.98535  -4.99018
  46000.  5.00  -3.76009  -3.56514  -3.39088  -3.49586  -3.69525  -4.76088  -5.12944  -5.10066  -5.08334  -5.05009  -5.04321  -4.98553  -4.99128
  47000.  4.50  -3.83739  -3.64362  -3.46750  -3.57151  -3.76633  -4.83060  -5.20451  -5.17535  -5.15662  -5.12185  -5.11358  -5.05576  -5.06070
  47000.  5.00  -3.82222  -3.62813  -3.45506  -3.56031  -3.76109  -4.82867  -5.19864  -5.17037  -5.15359  -5.12072  -5.11415  -5.05708  -5.06295
  48000.  4.50  -3.89742  -3.70468  -3.52972  -3.63396  -3.82997  -4.89595  -5.27138  -5.24265  -5.22426  -5.18982  -5.18172  -5.12466  -5.12970
  48000.  5.00  -3.88313  -3.68993  -3.51803  -3.62353  -3.82564  -4.89505  -5.26638  -5.23861  -5.22233  -5.18981  -5.18352  -5.12710  -5.13309
  49000.  4.50  -3.95636  -3.76466  -3.59084  -3.69530  -3.89243  -4.96000  -5.33689  -5.30859  -5.29050  -5.25637  -5.24844  -5.19215  -5.19727
  49000.  5.00  -3.94284  -3.75055  -3.57981  -3.68556  -3.88895  -4.96004  -5.33273  -5.30543  -5.28960  -5.25742  -5.25137  -5.19563  -5.20174
  50000.  5.00  -4.00139  -3.81005  -3.64046  -3.74643  -3.95105  -5.02371  -5.39772  -5.37089  -5.35544  -5.32359  -5.31776  -5.26273  -5.26893
