   3500.  0.00 -10.432  -9.669 -10.756  -9.089  -8.356  -6.518  -5.521  -4.066  -2.963  -2.089  -1.698  -0.439  -0.207
   3500.  0.50 -10.235  -9.592 -10.600  -8.678  -7.797  -6.058  -5.094  -3.770  -2.746  -1.934  -1.556  -0.368  -0.148
   3500.  1.00 -10.031  -9.514 -10.411  -8.234  -7.212  -5.625  -4.713  -3.518  -2.562  -1.801  -1.435  -0.301  -0.089
   3500.  1.50  -9.845  -9.439 -10.180  -7.802  -6.657  -5.262  -4.407  -3.322  -2.418  -1.694  -1.336  -0.240  -0.033
   3500.  2.00  -9.721  -9.377  -9.896  -7.464  -6.236  -5.026  -4.235  -3.216  -2.339  -1.627  -1.274  -0.190   0.014
   3500.  2.50  -9.653  -9.323  -9.569  -7.242  -5.978  -4.899  -4.161  -3.172  -2.301  -1.588  -1.235  -0.153   0.048
   3500.  3.00  -9.620  -9.282  -9.336  -7.116  -5.835  -4.843  -4.120  -3.149  -2.280  -1.565  -1.211  -0.133   0.067
   3500.  3.50  -9.626  -9.258  -9.241  -7.080  -5.791  -4.865  -4.118  -3.154  -2.274  -1.554  -1.197  -0.121   0.078
   3500.  4.00  -9.670  -9.249  -9.271  -7.126  -5.831  -4.962  -4.155  -3.183  -2.282  -1.551  -1.188  -0.111   0.087
   3500.  4.50  -9.736  -9.251  -9.414  -7.236  -5.939  -5.123  -4.220  -3.226  -2.296  -1.548  -1.178  -0.098   0.099
   3500.  5.00  -9.809  -9.254  -9.658  -7.401  -6.111  -5.342  -4.301  -3.272  -2.311  -1.540  -1.163  -0.074   0.122
   3750.  0.00 -10.140  -9.546 -10.391  -8.473  -7.539  -5.890  -4.967  -3.619  -2.626  -1.832  -1.462  -0.316  -0.111
   3750.  0.50  -9.987  -9.516 -10.217  -8.128  -7.104  -5.542  -4.650  -3.414  -2.488  -1.747  -1.391  -0.303  -0.105
   3750.  1.00  -9.824  -9.476 -10.019  -7.749  -6.627  -5.207  -4.362  -3.239  -2.369  -1.670  -1.326  -0.282  -0.089
   3750.  1.50  -9.664  -9.421  -9.747  -7.357  -6.144  -4.906  -4.115  -3.091  -2.265  -1.598  -1.261  -0.250  -0.062
   3750.  2.00  -9.527  -9.352  -9.398  -7.005  -5.728  -4.666  -3.926  -2.977  -2.180  -1.534  -1.202  -0.211  -0.026
   3750.  2.50  -9.438  -9.267  -9.009  -6.763  -5.461  -4.521  -3.829  -2.917  -2.132  -1.488  -1.157  -0.166   0.017
   3750.  3.00  -9.377  -9.171  -8.651  -6.595  -5.292  -4.430  -3.778  -2.886  -2.102  -1.454  -1.122  -0.127   0.055
   3750.  3.50  -9.348  -9.090  -8.435  -6.512  -5.213  -4.395  -3.757  -2.876  -2.090  -1.437  -1.102  -0.106   0.076
   3750.  4.00  -9.346  -9.039  -8.360  -6.495  -5.195  -4.410  -3.754  -2.878  -2.082  -1.423  -1.085  -0.088   0.093
   3750.  4.50  -9.380  -9.026  -8.415  -6.547  -5.242  -4.486  -3.779  -2.898  -2.082  -1.414  -1.070  -0.073   0.107
   3750.  5.00  -9.444  -9.040  -8.581  -6.653  -5.343  -4.621  -3.829  -2.930  -2.087  -1.405  -1.054  -0.056   0.123
   4000.  0.00  -9.745  -9.355  -9.623  -7.670  -6.598  -5.180  -4.356  -3.151  -2.264  -1.551  -1.205  -0.164   0.019
   4000.  0.50  -9.590  -9.319  -9.305  -7.312  -6.181  -4.874  -4.094  -2.984  -2.158  -1.492  -1.162  -0.170   0.006
   4000.  1.00  -9.445  -9.268  -8.934  -6.944  -5.754  -4.600  -3.875  -2.855  -2.081  -1.453  -1.134  -0.179  -0.006
   4000.  1.50  -9.324  -9.195  -8.538  -6.604  -5.367  -4.380  -3.705  -2.763  -2.027  -1.426  -1.116  -0.184  -0.014
   4000.  2.00  -9.231  -9.100  -8.181  -6.329  -5.063  -4.220  -3.583  -2.701  -1.988  -1.405  -1.098  -0.183  -0.014
   4000.  2.50  -9.164  -8.994  -7.928  -6.146  -4.861  -4.116  -3.501  -2.659  -1.956  -1.379  -1.073  -0.166   0.001
   4000.  3.00  -9.113  -8.865  -7.714  -6.040  -4.758  -4.058  -3.463  -2.639  -1.934  -1.352  -1.044  -0.133   0.034
   4000.  3.50  -9.067  -8.749  -7.569  -5.972  -4.695  -4.016  -3.439  -2.623  -1.913  -1.323  -1.012  -0.094   0.072
   4000.  4.00  -9.028  -8.645  -7.463  -5.931  -4.660  -3.994  -3.424  -2.614  -1.899  -1.303  -0.988  -0.066   0.099
   4000.  4.50  -9.013  -8.583  -7.443  -5.941  -4.671  -4.010  -3.425  -2.620  -1.894  -1.291  -0.972  -0.048   0.116
   4000.  5.00  -9.035  -8.577  -7.519  -6.001  -4.727  -4.070  -3.444  -2.637  -1.895  -1.283  -0.958  -0.033   0.131
   4250.  0.00  -9.329  -9.116  -8.631  -6.828  -5.683  -4.496  -3.799  -2.754  -1.967  -1.326  -1.005  -0.056   0.107
   4250.  0.50  -9.185  -9.035  -8.241  -6.492  -5.312  -4.255  -3.601  -2.628  -1.889  -1.287  -0.979  -0.069   0.089
   4250.  1.00  -9.050  -8.908  -7.794  -6.144  -4.937  -4.037  -3.434  -2.528  -1.831  -1.261  -0.964  -0.084   0.071
   4250.  1.50  -8.932  -8.722  -7.332  -5.823  -4.606  -3.863  -3.305  -2.456  -1.791  -1.245  -0.957  -0.097   0.057
   4250.  2.00  -8.831  -8.488  -6.928  -5.562  -4.350  -3.736  -3.213  -2.408  -1.765  -1.236  -0.953  -0.106   0.047
   4250.  2.50  -8.743  -8.251  -6.642  -5.386  -4.182  -3.657  -3.154  -2.379  -1.749  -1.228  -0.947  -0.108   0.044
   4250.  3.00  -8.664  -8.067  -6.494  -5.299  -4.097  -3.617  -3.121  -2.365  -1.738  -1.218  -0.937  -0.101   0.051
   4250.  3.50  -8.596  -7.946  -6.446  -5.286  -4.088  -3.609  -3.115  -2.366  -1.732  -1.206  -0.920  -0.079   0.073
   4250.  4.00  -8.537  -7.873  -6.452  -5.309  -4.113  -3.615  -3.120  -2.369  -1.727  -1.191  -0.902  -0.053   0.098
   4250.  4.50  -8.494  -7.830  -6.481  -5.341  -4.144  -3.625  -3.123  -2.374  -1.723  -1.179  -0.886  -0.031   0.120
   4250.  5.00  -8.479  -7.824  -6.540  -5.387  -4.185  -3.645  -3.128  -2.382  -1.722  -1.170  -0.872  -0.015   0.136
   4500.  0.00  -8.871  -8.746  -7.621  -5.995  -4.821  -3.840  -3.285  -2.407  -1.718  -1.150  -0.854   0.006   0.153
   4500.  0.50  -8.758  -8.599  -7.243  -5.712  -4.521  -3.679  -3.162  -2.330  -1.673  -1.131  -0.845  -0.010   0.134
   4500.  1.00  -8.643  -8.378  -6.806  -5.420  -4.229  -3.535  -3.056  -2.266  -1.638  -1.118  -0.841  -0.026   0.115
   4500.  1.50  -8.524  -8.087  -6.375  -5.148  -3.973  -3.418  -2.973  -2.218  -1.613  -1.111  -0.840  -0.041   0.100
   4500.  2.00  -8.395  -7.765  -6.008  -4.924  -3.774  -3.333  -2.913  -2.185  -1.596  -1.106  -0.841  -0.052   0.088
   4500.  2.50  -8.253  -7.476  -5.747  -4.769  -3.644  -3.281  -2.875  -2.165  -1.585  -1.103  -0.840  -0.057   0.082
   4500.  3.00  -8.113  -7.260  -5.600  -4.687  -3.576  -3.257  -2.853  -2.154  -1.577  -1.098  -0.836  -0.056   0.083
   4500.  3.50  -8.002  -7.138  -5.561  -4.670  -3.559  -3.252  -2.844  -2.151  -1.573  -1.092  -0.828  -0.048   0.091
   4500.  4.00  -7.936  -7.095  -5.596  -4.702  -3.584  -3.263  -2.847  -2.155  -1.570  -1.084  -0.816  -0.031   0.107
   4500.  4.50  -7.906  -7.097  -5.668  -4.762  -3.634  -3.284  -2.858  -2.161  -1.569  -1.074  -0.802  -0.012   0.126
   4500.  5.00  -7.903  -7.124  -5.757  -4.830  -3.690  -3.306  -2.867  -2.168  -1.567  -1.066  -0.790   0.005   0.143
   4750.  0.00  -8.412  -8.219  -6.676  -5.255  -4.105  -3.271  -2.840  -2.116  -1.520  -1.019  -0.749   0.030   0.162
   4750.  0.50  -8.304  -7.975  -6.295  -4.998  -3.843  -3.162  -2.767  -2.075  -1.501  -1.016  -0.753   0.012   0.143
   4750.  1.00  -8.177  -7.658  -5.896  -4.747  -3.605  -3.073  -2.712  -2.044  -1.488  -1.016  -0.759  -0.005   0.125
   4750.  1.50  -8.012  -7.294  -5.518  -4.516  -3.402  -3.004  -2.671  -2.021  -1.478  -1.018  -0.765  -0.019   0.110
   4750.  2.00  -7.813  -6.944  -5.207  -4.329  -3.249  -2.958  -2.644  -2.006  -1.471  -1.019  -0.769  -0.030   0.099
   4750.  2.50  -7.602  -6.658  -4.987  -4.201  -3.151  -2.934  -2.628  -1.996  -1.466  -1.018  -0.771  -0.036   0.092
   4750.  3.00  -7.419  -6.459  -4.862  -4.133  -3.104  -2.929  -2.622  -1.990  -1.461  -1.016  -0.768  -0.036   0.092
   4750.  3.50  -7.288  -6.349  -4.823  -4.119  -3.096  -2.937  -2.622  -1.988  -1.456  -1.011  -0.762  -0.030   0.097
   4750.  4.00  -7.214  -6.311  -4.847  -4.143  -3.113  -2.952  -2.625  -1.989  -1.453  -1.004  -0.754  -0.020   0.107
   4750.  4.50  -7.200  -6.333  -4.919  -4.199  -3.155  -2.973  -2.634  -1.994  -1.451  -0.997  -0.744  -0.006   0.122
   4750.  5.00  -7.226  -6.389  -5.016  -4.274  -3.211  -2.998  -2.643  -1.998  -1.449  -0.989  -0.733   0.010   0.137
   5000.  0.00  -7.964  -7.578  -5.888  -4.683  -3.598  -2.839  -2.496  -1.892  -1.373  -0.927  -0.680   0.030   0.151
   5000.  0.50  -7.818  -7.250  -5.517  -4.439  -3.359  -2.763  -2.455  -1.874  -1.370  -0.935  -0.692   0.011   0.131
   5000.  1.00  -7.615  -6.866  -5.143  -4.203  -3.142  -2.703  -2.426  -1.863  -1.371  -0.943  -0.704  -0.006   0.113
   5000.  1.50  -7.357  -6.473  -4.802  -3.989  -2.961  -2.660  -2.411  -1.858  -1.373  -0.952  -0.716  -0.021   0.099
   5000.  2.00  -7.074  -6.126  -4.526  -3.816  -2.821  -2.635  -2.406  -1.857  -1.376  -0.959  -0.725  -0.032   0.087
   5000.  2.50  -6.823  -5.863  -4.333  -3.697  -2.730  -2.626  -2.407  -1.858  -1.378  -0.963  -0.730  -0.039   0.080
   5000.  3.00  -6.640  -5.697  -4.229  -3.636  -2.687  -2.632  -2.414  -1.859  -1.377  -0.963  -0.729  -0.040   0.079
   5000.  3.50  -6.529  -5.615  -4.198  -3.625  -2.683  -2.650  -2.423  -1.860  -1.373  -0.958  -0.724  -0.035   0.084
   5000.  4.00  -6.480  -5.598  -4.221  -3.650  -2.702  -2.673  -2.433  -1.861  -1.369  -0.951  -0.716  -0.025   0.094
   5000.  4.50  -6.479  -5.625  -4.279  -3.696  -2.735  -2.697  -2.443  -1.864  -1.366  -0.944  -0.706  -0.012   0.106
   5000.  5.00  -6.516  -5.684  -4.360  -3.759  -2.779  -2.722  -2.453  -1.866  -1.362  -0.936  -0.696   0.001   0.119
   5250.  0.00  -7.515  -6.945  -5.283  -4.261  -3.257  -2.515  -2.232  -1.718  -1.262  -0.863  -0.638   0.014   0.127
   5250.  0.50  -7.307  -6.580  -4.936  -4.035  -3.041  -2.468  -2.215  -1.717  -1.271  -0.877  -0.654  -0.004   0.108
   5250.  1.00  -7.025  -6.183  -4.592  -3.813  -2.842  -2.432  -2.207  -1.721  -1.281  -0.891  -0.669  -0.020   0.091
   5250.  1.50  -6.694  -5.795  -4.281  -3.610  -2.672  -2.407  -2.208  -1.728  -1.292  -0.905  -0.684  -0.035   0.076
   5250.  2.00  -6.367  -5.459  -4.021  -3.439  -2.535  -2.394  -2.216  -1.738  -1.303  -0.917  -0.697  -0.048   0.063
   5250.  2.50  -6.099  -5.207  -3.834  -3.312  -2.435  -2.392  -2.228  -1.748  -1.313  -0.927  -0.707  -0.057   0.054
   5250.  3.00  -5.918  -5.049  -3.724  -3.238  -2.374  -2.398  -2.242  -1.756  -1.318  -0.932  -0.712  -0.061   0.050
   5250.  3.50  -5.825  -4.981  -3.688  -3.216  -2.353  -2.415  -2.257  -1.761  -1.318  -0.930  -0.709  -0.057   0.054
   5250.  4.00  -5.801  -4.978  -3.707  -3.234  -2.363  -2.438  -2.271  -1.764  -1.315  -0.924  -0.702  -0.049   0.062
   5250.  4.50  -5.822  -5.016  -3.758  -3.275  -2.390  -2.464  -2.285  -1.766  -1.310  -0.915  -0.691  -0.036   0.075
   5250.  5.00  -5.870  -5.077  -3.827  -3.328  -2.425  -2.489  -2.296  -1.768  -1.304  -0.906  -0.680  -0.022   0.088
   5500.  0.00  -7.063  -6.382  -4.822  -3.948  -3.034  -2.263  -2.022  -1.580  -1.177  -0.819  -0.612  -0.014   0.094
   5500.  0.50  -6.803  -6.020  -4.507  -3.744  -2.840  -2.242  -2.025  -1.591  -1.192  -0.835  -0.629  -0.028   0.078
   5500.  1.00  -6.476  -5.638  -4.196  -3.538  -2.657  -2.225  -2.033  -1.605  -1.208  -0.852  -0.646  -0.042   0.062
   5500.  1.50  -6.122  -5.274  -3.912  -3.346  -2.495  -2.217  -2.047  -1.621  -1.226  -0.869  -0.663  -0.056   0.048
   5500.  2.00  -5.792  -4.960  -3.670  -3.179  -2.359  -2.215  -2.065  -1.640  -1.243  -0.885  -0.679  -0.069   0.035
   5500.  2.50  -5.524  -4.714  -3.482  -3.045  -2.250  -2.219  -2.086  -1.658  -1.259  -0.900  -0.693  -0.080   0.024
   5500.  3.00  -5.337  -4.549  -3.356  -2.952  -2.170  -2.227  -2.106  -1.673  -1.272  -0.911  -0.703  -0.088   0.016
   5500.  3.50  -5.239  -4.469  -3.296  -2.905  -2.122  -2.239  -2.125  -1.684  -1.278  -0.915  -0.706  -0.089   0.015
   5500.  4.00  -5.219  -4.460  -3.295  -2.901  -2.107  -2.255  -2.141  -1.690  -1.279  -0.913  -0.702  -0.084   0.020
   5500.  4.50  -5.249  -4.497  -3.333  -2.929  -2.118  -2.277  -2.155  -1.693  -1.274  -0.905  -0.693  -0.072   0.031
   5500.  5.00  -5.305  -4.558  -3.392  -2.972  -2.142  -2.300  -2.167  -1.694  -1.268  -0.895  -0.681  -0.058   0.045
   5750.  0.00  -6.628  -5.911  -4.474  -3.715  -2.890  -2.059  -1.849  -1.466  -1.110  -0.788  -0.600  -0.050   0.054
   5750.  0.50  -6.346  -5.573  -4.194  -3.534  -2.718  -2.059  -1.867  -1.486  -1.128  -0.805  -0.615  -0.060   0.042
   5750.  1.00  -6.010  -5.219  -3.913  -3.345  -2.548  -2.060  -1.887  -1.507  -1.148  -0.822  -0.631  -0.070   0.029
   5750.  1.50  -5.665  -4.884  -3.652  -3.165  -2.393  -2.066  -1.911  -1.530  -1.170  -0.841  -0.648  -0.082   0.016
   5750.  2.00  -5.349  -4.591  -3.425  -3.003  -2.257  -2.075  -1.939  -1.555  -1.192  -0.860  -0.666  -0.094   0.003
   5750.  2.50  -5.088  -4.353  -3.239  -2.865  -2.142  -2.086  -1.968  -1.580  -1.213  -0.878  -0.683  -0.106  -0.009
   5750.  3.00  -4.898  -4.182  -3.100  -2.758  -2.048  -2.099  -1.996  -1.603  -1.232  -0.894  -0.697  -0.116  -0.019
   5750.  3.50  -4.789  -4.083  -3.016  -2.688  -1.978  -2.111  -2.021  -1.621  -1.245  -0.905  -0.706  -0.122  -0.024
   5750.  4.00  -4.752  -4.050  -2.985  -2.656  -1.936  -2.124  -2.040  -1.633  -1.252  -0.908  -0.709  -0.122  -0.024
   5750.  4.50  -4.774  -4.072  -3.000  -2.661  -1.922  -2.138  -2.055  -1.638  -1.251  -0.904  -0.703  -0.114  -0.017
   5750.  5.00  -4.829  -4.125  -3.044  -2.690  -1.929  -2.155  -2.067  -1.640  -1.246  -0.896  -0.693  -0.101  -0.004
   6000.  0.00  -6.231  -5.527  -4.210  -3.537  -2.800  -1.885  -1.701  -1.370  -1.056  -0.769  -0.598  -0.095   0.009
   6000.  0.50  -5.955  -5.224  -3.967  -3.382  -2.648  -1.906  -1.730  -1.395  -1.075  -0.783  -0.609  -0.098   0.002
   6000.  1.00  -5.634  -4.904  -3.714  -3.212  -2.491  -1.922  -1.760  -1.421  -1.097  -0.800  -0.623  -0.104  -0.008
   6000.  1.50  -5.310  -4.596  -3.474  -3.043  -2.342  -1.940  -1.793  -1.449  -1.120  -0.818  -0.639  -0.112  -0.018
   6000.  2.00  -5.014  -4.323  -3.259  -2.885  -2.205  -1.959  -1.829  -1.480  -1.145  -0.839  -0.657  -0.122  -0.030
   6000.  2.50  -4.764  -4.094  -3.075  -2.746  -2.085  -1.979  -1.865  -1.511  -1.171  -0.859  -0.676  -0.134  -0.042
   6000.  3.00  -4.575  -3.918  -2.928  -2.630  -1.981  -1.998  -1.901  -1.540  -1.195  -0.879  -0.693  -0.145  -0.054
   6000.  3.50  -4.450  -3.798  -2.821  -2.541  -1.896  -2.014  -1.933  -1.565  -1.215  -0.895  -0.707  -0.155  -0.063
   6000.  4.00  -4.392  -3.739  -2.762  -2.485  -1.831  -2.027  -1.958  -1.584  -1.229  -0.905  -0.716  -0.159  -0.067
   6000.  4.50  -4.394  -3.737  -2.749  -2.464  -1.792  -2.038  -1.977  -1.595  -1.234  -0.907  -0.716  -0.157  -0.065
   6000.  5.00  -4.437  -3.773  -2.770  -2.472  -1.778  -2.050  -1.990  -1.599  -1.233  -0.903  -0.710  -0.147  -0.056
   6250.  0.50  -5.626  -4.950  -3.799  -3.268  -2.610  -1.770  -1.609  -1.316  -1.032  -0.770  -0.611  -0.142  -0.044
   6250.  1.00  -5.332  -4.663  -3.573  -3.117  -2.466  -1.802  -1.648  -1.345  -1.053  -0.783  -0.621  -0.142  -0.048
   6250.  1.50  -5.034  -4.382  -3.351  -2.960  -2.323  -1.831  -1.687  -1.377  -1.077  -0.801  -0.635  -0.146  -0.056
   6250.  2.00  -4.759  -4.126  -3.146  -2.808  -2.186  -1.859  -1.729  -1.411  -1.104  -0.821  -0.652  -0.154  -0.066
   6250.  2.50  -4.522  -3.905  -2.964  -2.668  -2.061  -1.887  -1.772  -1.447  -1.132  -0.844  -0.671  -0.164  -0.078
   6250.  3.00  -4.333  -3.726  -2.810  -2.545  -1.950  -1.913  -1.815  -1.481  -1.161  -0.866  -0.691  -0.175  -0.090
   6250.  3.50  -4.197  -3.592  -2.688  -2.444  -1.853  -1.936  -1.854  -1.513  -1.186  -0.886  -0.709  -0.186  -0.101
   6250.  4.00  -4.119  -3.510  -2.606  -2.369  -1.772  -1.953  -1.888  -1.539  -1.206  -0.902  -0.722  -0.194  -0.108
   6250.  4.50  -4.095  -3.477  -2.563  -2.323  -1.712  -1.964  -1.913  -1.557  -1.219  -0.911  -0.729  -0.197  -0.111
   6250.  5.00  -4.117  -3.490  -2.558  -2.308  -1.676  -1.973  -1.930  -1.567  -1.223  -0.912  -0.728  -0.193  -0.107
   6500.  0.50  -5.350  -4.731  -3.670  -3.175  -2.588  -1.642  -1.496  -1.247  -1.000  -0.767  -0.624  -0.195  -0.096
   6500.  1.00  -5.087  -4.475  -3.469  -3.045  -2.457  -1.693  -1.545  -1.278  -1.017  -0.774  -0.626  -0.187  -0.094
   6500.  1.50  -4.816  -4.219  -3.264  -2.902  -2.321  -1.734  -1.591  -1.312  -1.040  -0.789  -0.636  -0.186  -0.097
   6500.  2.00  -4.561  -3.979  -3.068  -2.757  -2.187  -1.771  -1.638  -1.348  -1.067  -0.808  -0.651  -0.189  -0.105
   6500.  2.50  -4.335  -3.765  -2.888  -2.618  -2.060  -1.806  -1.686  -1.387  -1.097  -0.830  -0.670  -0.197  -0.115
   6500.  3.00  -4.149  -3.584  -2.730  -2.491  -1.942  -1.839  -1.735  -1.426  -1.128  -0.854  -0.690  -0.207  -0.126
   6500.  3.50  -4.006  -3.440  -2.597  -2.380  -1.837  -1.868  -1.781  -1.464  -1.158  -0.878  -0.710  -0.219  -0.138
   6500.  4.00  -3.910  -3.338  -2.496  -2.290  -1.744  -1.891  -1.822  -1.497  -1.184  -0.899  -0.728  -0.229  -0.148
   6500.  4.50  -3.863  -3.281  -2.428  -2.224  -1.667  -1.906  -1.855  -1.523  -1.204  -0.914  -0.741  -0.236  -0.155
   6500.  5.00  -3.861  -3.267  -2.399  -2.188  -1.611  -1.916  -1.879  -1.539  -1.215  -0.921  -0.746  -0.236  -0.155
   6750.  0.50  -5.093  -4.527  -3.550  -3.089  -2.563  -1.543  -1.410  -1.193  -0.974  -0.767  -0.638  -0.248  -0.148
   6750.  1.00  -4.884  -4.324  -3.387  -2.985  -2.454  -1.586  -1.447  -1.219  -0.990  -0.775  -0.641  -0.239  -0.146
   6750.  1.50  -4.639  -4.090  -3.199  -2.856  -2.327  -1.643  -1.502  -1.254  -1.009  -0.783  -0.644  -0.231  -0.143
   6750.  2.00  -4.403  -3.865  -3.013  -2.720  -2.198  -1.690  -1.554  -1.292  -1.035  -0.799  -0.655  -0.229  -0.146
   6750.  2.50  -4.190  -3.659  -2.837  -2.585  -2.071  -1.733  -1.607  -1.332  -1.065  -0.820  -0.671  -0.233  -0.154
   6750.  3.00  -4.006  -3.478  -2.676  -2.456  -1.950  -1.773  -1.660  -1.375  -1.098  -0.845  -0.691  -0.241  -0.164
   6750.  3.50  -3.857  -3.326  -2.535  -2.338  -1.838  -1.808  -1.712  -1.417  -1.131  -0.871  -0.713  -0.252  -0.176
   6750.  4.00  -3.748  -3.210  -2.419  -2.237  -1.736  -1.837  -1.760  -1.456  -1.162  -0.895  -0.734  -0.263  -0.188
   6750.  4.50  -3.683  -3.133  -2.334  -2.157  -1.647  -1.858  -1.801  -1.489  -1.188  -0.915  -0.751  -0.272  -0.197
   6750.  5.00  -3.658  -3.094  -2.281  -2.101  -1.575  -1.871  -1.833  -1.513  -1.207  -0.929  -0.762  -0.278  -0.201
   7000.  0.50  -4.834  -4.317  -3.420  -2.997  -2.522  -1.471  -1.352  -1.154  -0.957  -0.769  -0.653  -0.299  -0.198
   7000.  1.00  -4.690  -4.175  -3.303  -2.922  -2.441  -1.504  -1.375  -1.174  -0.971  -0.778  -0.658  -0.291  -0.197
   7000.  1.50  -4.492  -3.984  -3.145  -2.816  -2.331  -1.553  -1.416  -1.203  -0.988  -0.786  -0.661  -0.282  -0.194
   7000.  2.00  -4.273  -3.772  -2.970  -2.691  -2.209  -1.615  -1.476  -1.241  -1.009  -0.796  -0.664  -0.274  -0.192
   7000.  2.50  -4.071  -3.574  -2.799  -2.561  -2.086  -1.667  -1.534  -1.283  -1.038  -0.815  -0.677  -0.273  -0.196
   7000.  3.00  -3.892  -3.395  -2.639  -2.433  -1.965  -1.713  -1.590  -1.327  -1.071  -0.838  -0.695  -0.277  -0.204
   7000.  3.50  -3.740  -3.239  -2.493  -2.312  -1.850  -1.754  -1.647  -1.372  -1.106  -0.865  -0.717  -0.286  -0.215
   7000.  4.00  -3.621  -3.112  -2.367  -2.203  -1.742  -1.789  -1.701  -1.416  -1.141  -0.892  -0.740  -0.297  -0.227
   7000.  4.50  -3.540  -3.019  -2.266  -2.112  -1.643  -1.816  -1.750  -1.456  -1.172  -0.916  -0.760  -0.308  -0.238
   7000.  5.00  -3.495  -2.960  -2.194  -2.041  -1.560  -1.834  -1.790  -1.488  -1.197  -0.935  -0.777  -0.317  -0.245
   7250.  0.50  -4.558  -4.084  -3.265  -2.888  -2.458  -1.428  -1.322  -1.134  -0.950  -0.776  -0.670  -0.346  -0.245
   7250.  1.00  -4.490  -4.015  -3.203  -2.849  -2.411  -1.444  -1.327  -1.144  -0.960  -0.785  -0.676  -0.342  -0.247
   7250.  1.50  -4.345  -3.871  -3.081  -2.768  -2.324  -1.484  -1.355  -1.166  -0.974  -0.793  -0.680  -0.334  -0.246
   7250.  2.00  -4.164  -3.694  -2.932  -2.662  -2.217  -1.539  -1.402  -1.198  -0.993  -0.802  -0.683  -0.325  -0.244
   7250.  2.50  -3.970  -3.504  -2.769  -2.541  -2.100  -1.603  -1.465  -1.239  -1.017  -0.814  -0.688  -0.317  -0.242
   7250.  3.00  -3.795  -3.328  -2.611  -2.417  -1.983  -1.657  -1.526  -1.284  -1.048  -0.835  -0.703  -0.317  -0.247
   7250.  3.50  -3.643  -3.170  -2.463  -2.296  -1.867  -1.705  -1.586  -1.331  -1.083  -0.861  -0.723  -0.323  -0.256
   7250.  4.00  -3.518  -3.036  -2.331  -2.182  -1.756  -1.746  -1.645  -1.379  -1.120  -0.889  -0.746  -0.333  -0.267
   7250.  4.50  -3.425  -2.930  -2.219  -2.082  -1.652  -1.780  -1.700  -1.423  -1.156  -0.916  -0.769  -0.344  -0.278
   7250.  5.00  -3.364  -2.855  -2.132  -1.999  -1.559  -1.804  -1.747  -1.462  -1.187  -0.941  -0.790  -0.354  -0.288
   7500.  0.50  -4.232  -3.795  -3.056  -2.742  -2.348  -1.430  -1.337  -1.143  -0.957  -0.788  -0.685  -0.383  -0.286
   7500.  1.00  -4.280  -3.836  -3.082  -2.761  -2.361  -1.406  -1.302  -1.131  -0.960  -0.798  -0.698  -0.391  -0.297
   7500.  1.50  -4.188  -3.744  -3.001  -2.707  -2.300  -1.437  -1.317  -1.144  -0.969  -0.804  -0.701  -0.385  -0.296
   7500.  2.00  -4.050  -3.607  -2.882  -2.624  -2.212  -1.483  -1.351  -1.169  -0.985  -0.813  -0.705  -0.377  -0.296
   7500.  2.50  -3.887  -3.445  -2.741  -2.520  -2.109  -1.541  -1.402  -1.203  -1.005  -0.824  -0.709  -0.368  -0.294
   7500.  3.00  -3.713  -3.271  -2.588  -2.402  -1.998  -1.605  -1.467  -1.247  -1.031  -0.838  -0.716  -0.362  -0.293
   7500.  3.50  -3.561  -3.113  -2.441  -2.283  -1.885  -1.660  -1.531  -1.294  -1.064  -0.861  -0.733  -0.363  -0.299
   7500.  4.00  -3.432  -2.975  -2.306  -2.169  -1.774  -1.707  -1.593  -1.344  -1.102  -0.888  -0.755  -0.370  -0.308
   7500.  4.50  -3.331  -2.860  -2.186  -2.063  -1.667  -1.747  -1.653  -1.392  -1.140  -0.917  -0.779  -0.380  -0.319
   7500.  5.00  -3.257  -2.772  -2.087  -1.971  -1.568  -1.777  -1.707  -1.436  -1.176  -0.945  -0.802  -0.392  -0.330
   7750.  1.00  -4.052  -3.635  -2.935  -2.653  -2.286  -1.394  -1.304  -1.137  -0.973  -0.819  -0.725  -0.439  -0.346
   7750.  1.50  -4.023  -3.602  -2.903  -2.634  -2.259  -1.407  -1.300  -1.139  -0.976  -0.824  -0.728  -0.436  -0.348
   7750.  2.00  -3.925  -3.503  -2.814  -2.573  -2.191  -1.446  -1.323  -1.155  -0.987  -0.830  -0.730  -0.429  -0.348
   7750.  2.50  -3.797  -3.375  -2.701  -2.489  -2.105  -1.496  -1.360  -1.182  -1.003  -0.839  -0.735  -0.421  -0.347
   7750.  3.00  -3.646  -3.224  -2.567  -2.388  -2.007  -1.556  -1.414  -1.218  -1.024  -0.850  -0.739  -0.413  -0.346
   7750.  3.50  -3.490  -3.064  -2.422  -2.272  -1.900  -1.618  -1.481  -1.263  -1.051  -0.866  -0.748  -0.407  -0.345
   7750.  4.00  -3.359  -2.924  -2.286  -2.159  -1.792  -1.671  -1.545  -1.313  -1.087  -0.890  -0.766  -0.410  -0.351
   7750.  4.50  -3.251  -2.803  -2.162  -2.051  -1.685  -1.717  -1.609  -1.363  -1.126  -0.919  -0.790  -0.418  -0.361
   7750.  5.00  -3.168  -2.706  -2.055  -1.953  -1.583  -1.753  -1.668  -1.412  -1.165  -0.949  -0.815  -0.429  -0.372
   8000.  1.00  -3.802  -3.403  -2.753  -2.519  -2.180  -1.413  -1.341  -1.169  -1.003  -0.850  -0.756  -0.482  -0.394
   8000.  1.50  -3.849  -3.448  -2.788  -2.548  -2.202  -1.395  -1.304  -1.149  -0.995  -0.851  -0.761  -0.488  -0.402
   8000.  2.00  -3.793  -3.390  -2.735  -2.512  -2.159  -1.424  -1.313  -1.157  -1.000  -0.854  -0.762  -0.482  -0.402
   8000.  2.50  -3.696  -3.292  -2.646  -2.448  -2.090  -1.469  -1.341  -1.176  -1.011  -0.861  -0.764  -0.475  -0.402
   8000.  3.00  -3.576  -3.171  -2.537  -2.365  -2.006  -1.521  -1.381  -1.205  -1.028  -0.871  -0.769  -0.467  -0.401
   8000.  3.50  -3.434  -3.027  -2.408  -2.263  -1.911  -1.581  -1.438  -1.242  -1.049  -0.881  -0.773  -0.459  -0.398
   8000.  4.00  -3.294  -2.880  -2.270  -2.151  -1.807  -1.640  -1.504  -1.288  -1.078  -0.898  -0.783  -0.454  -0.398
   8000.  4.50  -3.182  -2.755  -2.144  -2.042  -1.703  -1.690  -1.569  -1.338  -1.115  -0.925  -0.803  -0.458  -0.404
   8000.  5.00  -3.092  -2.651  -2.032  -1.942  -1.601  -1.732  -1.632  -1.389  -1.155  -0.955  -0.828  -0.467  -0.414
   8250.  1.00  -3.535  -3.145  -2.537  -2.354  -2.039  -1.462  -1.412  -1.230  -1.055  -0.895  -0.798  -0.525  -0.444
   8250.  1.50  -3.670  -3.282  -2.658  -2.449  -2.128  -1.402  -1.329  -1.176  -1.026  -0.886  -0.799  -0.539  -0.455
   8250.  2.00  -3.656  -3.267  -2.642  -2.441  -2.114  -1.417  -1.322  -1.173  -1.024  -0.886  -0.799  -0.537  -0.458
   8250.  2.50  -3.589  -3.199  -2.580  -2.398  -2.064  -1.455  -1.339  -1.185  -1.031  -0.890  -0.800  -0.530  -0.458
   8250.  3.00  -3.494  -3.102  -2.492  -2.332  -1.995  -1.504  -1.371  -1.207  -1.042  -0.897  -0.802  -0.522  -0.457
   8250.  3.50  -3.380  -2.988  -2.388  -2.249  -1.914  -1.557  -1.414  -1.236  -1.060  -0.907  -0.807  -0.515  -0.456
   8250.  4.00  -3.244  -2.848  -2.261  -2.146  -1.820  -1.614  -1.471  -1.273  -1.080  -0.916  -0.810  -0.506  -0.452
   8250.  4.50  -3.122  -2.715  -2.131  -2.036  -1.720  -1.668  -1.535  -1.319  -1.110  -0.935  -0.822  -0.502  -0.452
   8250.  5.00  -3.027  -2.605  -2.015  -1.934  -1.619  -1.714  -1.600  -1.370  -1.148  -0.963  -0.844  -0.507  -0.458
   8500.  1.50  -3.490  -3.111  -2.517  -2.341  -2.041  -1.428  -1.372  -1.219  -1.069  -0.929  -0.843  -0.590  -0.510
   8500.  2.00  -3.518  -3.138  -2.541  -2.363  -2.058  -1.424  -1.345  -1.201  -1.058  -0.925  -0.842  -0.591  -0.514
   8500.  2.50  -3.480  -3.100  -2.505  -2.340  -2.029  -1.454  -1.352  -1.205  -1.059  -0.926  -0.841  -0.586  -0.515
   8500.  3.00  -3.408  -3.027  -2.439  -2.292  -1.977  -1.498  -1.375  -1.220  -1.066  -0.930  -0.841  -0.579  -0.515
   8500.  3.50  -3.315  -2.934  -2.354  -2.225  -1.909  -1.547  -1.409  -1.243  -1.079  -0.937  -0.844  -0.571  -0.514
   8500.  4.00  -3.204  -2.822  -2.251  -2.141  -1.829  -1.600  -1.454  -1.274  -1.096  -0.947  -0.848  -0.563  -0.511
   8500.  4.50  -3.076  -2.686  -2.123  -2.034  -1.735  -1.652  -1.512  -1.310  -1.115  -0.955  -0.850  -0.553  -0.505
   8500.  5.00  -2.970  -2.567  -2.003  -1.929  -1.637  -1.700  -1.574  -1.356  -1.147  -0.976  -0.864  -0.551  -0.506
   8750.  1.50  -3.325  -2.952  -2.382  -2.235  -1.953  -1.463  -1.427  -1.272  -1.121  -0.980  -0.894  -0.644  -0.569
   8750.  2.00  -3.385  -3.014  -2.440  -2.284  -1.998  -1.443  -1.381  -1.240  -1.101  -0.970  -0.889  -0.648  -0.573
   8750.  2.50  -3.373  -3.001  -2.428  -2.280  -1.989  -1.462  -1.377  -1.236  -1.096  -0.968  -0.887  -0.644  -0.574
   8750.  3.00  -3.322  -2.950  -2.382  -2.247  -1.952  -1.500  -1.391  -1.245  -1.099  -0.969  -0.886  -0.637  -0.574
   8750.  3.50  -3.247  -2.875  -2.314  -2.195  -1.899  -1.547  -1.418  -1.262  -1.107  -0.974  -0.886  -0.630  -0.573
   8750.  4.00  -3.154  -2.782  -2.228  -2.126  -1.831  -1.597  -1.455  -1.286  -1.120  -0.981  -0.889  -0.622  -0.571
   8750.  4.50  -3.044  -2.669  -2.123  -2.037  -1.749  -1.648  -1.503  -1.317  -1.135  -0.988  -0.891  -0.612  -0.566
   8750.  5.00  -2.924  -2.538  -1.996  -1.929  -1.654  -1.693  -1.558  -1.352  -1.154  -0.997  -0.893  -0.601  -0.559
   9000.  1.50  -3.184  -2.814  -2.262  -2.139  -1.873  -1.504  -1.485  -1.329  -1.178  -1.035  -0.949  -0.701  -0.630
   9000.  2.00  -3.263  -2.898  -2.344  -2.209  -1.940  -1.471  -1.426  -1.287  -1.149  -1.020  -0.941  -0.705  -0.633
   9000.  2.50  -3.270  -2.906  -2.352  -2.220  -1.947  -1.480  -1.411  -1.275  -1.140  -1.015  -0.937  -0.703  -0.635
   9000.  3.00  -3.238  -2.873  -2.323  -2.201  -1.924  -1.511  -1.418  -1.278  -1.139  -1.014  -0.935  -0.697  -0.635
   9000.  3.50  -3.179  -2.815  -2.271  -2.162  -1.884  -1.554  -1.438  -1.289  -1.143  -1.016  -0.933  -0.690  -0.635
   9000.  4.00  -3.101  -2.738  -2.200  -2.106  -1.828  -1.603  -1.468  -1.308  -1.151  -1.020  -0.933  -0.681  -0.632
   9000.  4.50  -3.009  -2.645  -2.114  -2.034  -1.759  -1.653  -1.508  -1.334  -1.164  -1.027  -0.936  -0.673  -0.629
   9000.  5.00  -2.896  -2.525  -2.000  -1.936  -1.672  -1.697  -1.555  -1.362  -1.177  -1.031  -0.934  -0.660  -0.619
   9250.  2.00  -3.154  -2.795  -2.258  -2.142  -1.888  -1.505  -1.476  -1.337  -1.201  -1.073  -0.995  -0.763  -0.695
   9250.  2.50  -3.176  -2.818  -2.282  -2.166  -1.908  -1.507  -1.453  -1.320  -1.189  -1.066  -0.990  -0.763  -0.697
   9250.  3.00  -3.158  -2.800  -2.266  -2.158  -1.897  -1.532  -1.453  -1.318  -1.184  -1.063  -0.987  -0.758  -0.698
   9250.  3.50  -3.114  -2.756  -2.227  -2.129  -1.866  -1.569  -1.466  -1.324  -1.184  -1.063  -0.984  -0.750  -0.697
   9250.  4.00  -3.049  -2.692  -2.169  -2.083  -1.821  -1.614  -1.490  -1.338  -1.189  -1.064  -0.982  -0.742  -0.694
   9250.  4.50  -2.969  -2.613  -2.096  -2.023  -1.763  -1.662  -1.523  -1.358  -1.197  -1.069  -0.982  -0.733  -0.691
   9250.  5.00  -2.874  -2.516  -2.005  -1.945  -1.691  -1.708  -1.565  -1.384  -1.209  -1.074  -0.983  -0.723  -0.685
   9500.  2.00  -3.059  -2.705  -2.182  -2.083  -1.843  -1.542  -1.527  -1.389  -1.255  -1.128  -1.050  -0.822  -0.757
   9500.  2.50  -3.092  -2.740  -2.219  -2.117  -1.875  -1.538  -1.499  -1.369  -1.240  -1.120  -1.045  -0.823  -0.759
   9500.  3.00  -3.086  -2.734  -2.215  -2.118  -1.873  -1.557  -1.494  -1.363  -1.233  -1.115  -1.041  -0.819  -0.760
   9500.  3.50  -3.053  -2.701  -2.186  -2.098  -1.851  -1.590  -1.502  -1.365  -1.231  -1.113  -1.037  -0.812  -0.760
   9500.  4.00  -2.999  -2.648  -2.138  -2.061  -1.814  -1.631  -1.519  -1.374  -1.232  -1.113  -1.034  -0.804  -0.757
   9500.  4.50  -2.929  -2.579  -2.076  -2.010  -1.765  -1.677  -1.547  -1.390  -1.236  -1.114  -1.032  -0.795  -0.754
   9500.  5.00  -2.845  -2.496  -1.998  -1.944  -1.703  -1.724  -1.583  -1.411  -1.245  -1.118  -1.031  -0.785  -0.748
   9750.  2.00  -2.977  -2.627  -2.116  -2.032  -1.804  -1.579  -1.577  -1.442  -1.308  -1.182  -1.106  -0.881  -0.819
   9750.  2.50  -3.017  -2.670  -2.162  -2.074  -1.846  -1.573  -1.547  -1.419  -1.292  -1.174  -1.100  -0.883  -0.821
   9750.  3.00  -3.020  -2.673  -2.168  -2.083  -1.852  -1.588  -1.538  -1.411  -1.285  -1.169  -1.097  -0.880  -0.823
   9750.  3.50  -2.996  -2.650  -2.148  -2.070  -1.837  -1.616  -1.542  -1.411  -1.281  -1.166  -1.093  -0.875  -0.823
   9750.  4.00  -2.952  -2.607  -2.109  -2.040  -1.807  -1.654  -1.555  -1.416  -1.279  -1.164  -1.088  -0.866  -0.821
   9750.  4.50  -2.891  -2.547  -2.055  -1.996  -1.765  -1.697  -1.577  -1.427  -1.280  -1.163  -1.084  -0.857  -0.817
   9750.  5.00  -2.816  -2.473  -1.987  -1.939  -1.711  -1.743  -1.608  -1.444  -1.285  -1.164  -1.082  -0.846  -0.811
  10000.  2.00  -2.905  -2.559  -2.059  -1.987  -1.770  -1.617  -1.628  -1.493  -1.362  -1.237  -1.161  -0.940  -0.880
  10000.  2.50  -2.950  -2.608  -2.112  -2.036  -1.820  -1.609  -1.596  -1.470  -1.345  -1.228  -1.156  -0.942  -0.883
  10000.  3.00  -2.960  -2.619  -2.126  -2.052  -1.834  -1.621  -1.585  -1.460  -1.337  -1.223  -1.153  -0.941  -0.886
  10000.  3.50  -2.944  -2.604  -2.114  -2.045  -1.827  -1.647  -1.586  -1.458  -1.332  -1.220  -1.149  -0.937  -0.886
  10000.  4.00  -2.908  -2.568  -2.083  -2.022  -1.803  -1.681  -1.596  -1.461  -1.329  -1.217  -1.144  -0.929  -0.884
  10000.  4.50  -2.855  -2.516  -2.036  -1.984  -1.766  -1.721  -1.613  -1.469  -1.328  -1.214  -1.138  -0.919  -0.880
  10000.  5.00  -2.788  -2.450  -1.976  -1.933  -1.719  -1.765  -1.639  -1.481  -1.329  -1.214  -1.134  -0.908  -0.874
  10250.  2.00  -2.842  -2.499  -2.009  -1.948  -1.742  -1.656  -1.678  -1.545  -1.415  -1.291  -1.216  -0.998  -0.941
  10250.  2.50  -2.891  -2.553  -2.068  -2.002  -1.798  -1.647  -1.645  -1.520  -1.398  -1.282  -1.211  -1.001  -0.945
  10250.  3.00  -2.906  -2.570  -2.089  -2.024  -1.819  -1.657  -1.633  -1.510  -1.390  -1.278  -1.208  -1.002  -0.948
  10250.  3.50  -2.897  -2.562  -2.084  -2.023  -1.818  -1.680  -1.632  -1.507  -1.384  -1.275  -1.205  -0.998  -0.949
  10250.  4.00  -2.868  -2.533  -2.059  -2.006  -1.800  -1.711  -1.639  -1.508  -1.380  -1.271  -1.200  -0.991  -0.948
  10250.  4.50  -2.823  -2.489  -2.020  -1.974  -1.768  -1.748  -1.653  -1.513  -1.378  -1.268  -1.194  -0.982  -0.944
  10250.  5.00  -2.763  -2.430  -1.966  -1.928  -1.726  -1.789  -1.674  -1.523  -1.376  -1.265  -1.188  -0.971  -0.938
  10500.  2.00  -2.787  -2.448  -1.966  -1.914  -1.719  -1.694  -1.727  -1.595  -1.467  -1.344  -1.270  -1.056  -1.002
  10500.  2.50  -2.838  -2.505  -2.029  -1.973  -1.779  -1.685  -1.694  -1.571  -1.450  -1.336  -1.266  -1.060  -1.005
  10500.  3.00  -2.858  -2.527  -2.055  -2.000  -1.806  -1.694  -1.681  -1.561  -1.442  -1.332  -1.264  -1.061  -1.009
  10500.  3.50  -2.855  -2.524  -2.056  -2.004  -1.810  -1.714  -1.679  -1.557  -1.437  -1.329  -1.261  -1.059  -1.011
  10500.  4.00  -2.832  -2.502  -2.038  -1.992  -1.798  -1.743  -1.683  -1.557  -1.433  -1.326  -1.256  -1.053  -1.010
  10500.  4.50  -2.793  -2.464  -2.004  -1.965  -1.772  -1.778  -1.695  -1.560  -1.429  -1.322  -1.251  -1.044  -1.007
  10500.  5.00  -2.739  -2.410  -1.956  -1.924  -1.733  -1.817  -1.712  -1.567  -1.426  -1.318  -1.244  -1.033  -1.001
  10750.  2.00  -2.738  -2.402  -1.929  -1.886  -1.701  -1.731  -1.775  -1.645  -1.519  -1.397  -1.324  -1.113  -1.061
  10750.  2.50  -2.792  -2.462  -1.996  -1.948  -1.764  -1.723  -1.742  -1.621  -1.502  -1.389  -1.320  -1.117  -1.065
  10750.  3.00  -2.816  -2.488  -2.026  -1.978  -1.795  -1.731  -1.729  -1.611  -1.494  -1.386  -1.319  -1.120  -1.070
  10750.  3.50  -2.816  -2.490  -2.032  -1.987  -1.804  -1.750  -1.726  -1.607  -1.489  -1.383  -1.317  -1.118  -1.072
  10750.  4.00  -2.799  -2.473  -2.019  -1.979  -1.797  -1.777  -1.729  -1.606  -1.485  -1.380  -1.313  -1.114  -1.072
  10750.  4.50  -2.766  -2.441  -1.991  -1.957  -1.776  -1.810  -1.739  -1.608  -1.481  -1.376  -1.307  -1.106  -1.069
  10750.  5.00  -2.717  -2.393  -1.948  -1.921  -1.742  -1.846  -1.753  -1.613  -1.476  -1.371  -1.300  -1.095  -1.064
  11000.  2.00  -2.694  -2.362  -1.897  -1.862  -1.686  -1.769  -1.823  -1.695  -1.570  -1.450  -1.378  -1.169  -1.120
  11000.  2.50  -2.751  -2.425  -1.967  -1.927  -1.753  -1.760  -1.790  -1.670  -1.553  -1.442  -1.374  -1.174  -1.124
  11000.  3.00  -2.777  -2.454  -2.000  -1.960  -1.787  -1.769  -1.777  -1.660  -1.546  -1.439  -1.373  -1.177  -1.129
  11000.  3.50  -2.782  -2.460  -2.010  -1.973  -1.800  -1.787  -1.773  -1.656  -1.542  -1.437  -1.372  -1.177  -1.132
  11000.  4.00  -2.768  -2.447  -2.002  -1.969  -1.797  -1.812  -1.776  -1.655  -1.537  -1.434  -1.368  -1.173  -1.133
  11000.  4.50  -2.740  -2.420  -1.979  -1.951  -1.780  -1.843  -1.784  -1.657  -1.533  -1.430  -1.363  -1.166  -1.131
  11000.  5.00  -2.697  -2.377  -1.941  -1.920  -1.751  -1.878  -1.796  -1.660  -1.528  -1.425  -1.356  -1.156  -1.126
  11250.  2.00  -2.656  -2.326  -1.870  -1.842  -1.676  -1.807  -1.870  -1.744  -1.620  -1.502  -1.430  -1.225  -1.178
  11250.  2.50  -2.715  -2.392  -1.942  -1.909  -1.745  -1.798  -1.837  -1.719  -1.604  -1.494  -1.427  -1.231  -1.183
  11250.  3.00  -2.744  -2.424  -1.978  -1.945  -1.782  -1.807  -1.824  -1.710  -1.597  -1.492  -1.427  -1.234  -1.188
  11250.  3.50  -2.751  -2.433  -1.992  -1.961  -1.798  -1.825  -1.821  -1.706  -1.593  -1.490  -1.426  -1.235  -1.192
  11250.  4.00  -2.741  -2.424  -1.987  -1.960  -1.798  -1.848  -1.823  -1.705  -1.589  -1.488  -1.423  -1.232  -1.193
  11250.  4.50  -2.717  -2.401  -1.968  -1.946  -1.786  -1.877  -1.829  -1.706  -1.585  -1.484  -1.418  -1.226  -1.191
  11250.  5.00  -2.679  -2.363  -1.936  -1.919  -1.761  -1.910  -1.840  -1.708  -1.580  -1.479  -1.411  -1.217  -1.187
  11500.  2.00  -2.621  -2.295  -1.846  -1.825  -1.669  -1.844  -1.917  -1.792  -1.670  -1.553  -1.483  -1.280  -1.235
  11500.  2.50  -2.682  -2.363  -1.921  -1.895  -1.739  -1.836  -1.884  -1.768  -1.654  -1.545  -1.480  -1.286  -1.240
  11500.  3.00  -2.714  -2.398  -1.960  -1.933  -1.778  -1.845  -1.871  -1.758  -1.648  -1.544  -1.480  -1.291  -1.246
  11500.  3.50  -2.724  -2.409  -1.976  -1.951  -1.797  -1.862  -1.868  -1.755  -1.644  -1.543  -1.480  -1.292  -1.250
  11500.  4.00  -2.717  -2.403  -1.974  -1.953  -1.801  -1.885  -1.869  -1.754  -1.641  -1.541  -1.477  -1.290  -1.252
  11500.  4.50  -2.696  -2.384  -1.959  -1.942  -1.792  -1.912  -1.875  -1.754  -1.637  -1.538  -1.473  -1.285  -1.251
  11500.  5.00  -2.663  -2.351  -1.931  -1.919  -1.771  -1.944  -1.885  -1.756  -1.631  -1.533  -1.467  -1.276  -1.247
  11750.  2.00  -2.591  -2.267  -1.826  -1.811  -1.665  -1.881  -1.963  -1.840  -1.720  -1.604  -1.534  -1.335  -1.291
  11750.  2.50  -2.654  -2.338  -1.903  -1.883  -1.737  -1.873  -1.930  -1.815  -1.704  -1.596  -1.531  -1.341  -1.297
  11750.  3.00  -2.687  -2.375  -1.944  -1.923  -1.778  -1.882  -1.917  -1.807  -1.698  -1.595  -1.532  -1.346  -1.303
  11750.  3.50  -2.700  -2.389  -1.963  -1.943  -1.798  -1.900  -1.914  -1.803  -1.695  -1.594  -1.533  -1.348  -1.308
  11750.  4.00  -2.695  -2.385  -1.964  -1.947  -1.804  -1.922  -1.916  -1.802  -1.691  -1.593  -1.531  -1.347  -1.310
  11750.  4.50  -2.678  -2.369  -1.952  -1.940  -1.798  -1.948  -1.921  -1.803  -1.688  -1.590  -1.527  -1.342  -1.309
  11750.  5.00  -2.648  -2.340  -1.928  -1.920  -1.781  -1.977  -1.930  -1.804  -1.682  -1.586  -1.521  -1.335  -1.306
  12000.  2.50  -2.628  -2.315  -1.888  -1.874  -1.737  -1.910  -1.975  -1.863  -1.753  -1.646  -1.583  -1.395  -1.352
  12000.  3.00  -2.664  -2.355  -1.931  -1.916  -1.779  -1.920  -1.963  -1.854  -1.747  -1.646  -1.584  -1.401  -1.359
  12000.  3.50  -2.678  -2.371  -1.952  -1.938  -1.802  -1.937  -1.960  -1.851  -1.745  -1.646  -1.585  -1.403  -1.364
  12000.  4.00  -2.676  -2.370  -1.955  -1.944  -1.809  -1.959  -1.962  -1.850  -1.742  -1.644  -1.583  -1.403  -1.367
  12000.  4.50  -2.661  -2.356  -1.946  -1.938  -1.806  -1.984  -1.967  -1.851  -1.738  -1.642  -1.580  -1.399  -1.367
  12000.  5.00  -2.634  -2.330  -1.925  -1.921  -1.791  -2.012  -1.975  -1.852  -1.733  -1.638  -1.575  -1.392  -1.364
  12250.  2.50  -2.606  -2.296  -1.876  -1.867  -1.739  -1.947  -2.020  -1.909  -1.801  -1.696  -1.633  -1.449  -1.408
  12250.  3.00  -2.643  -2.337  -1.921  -1.911  -1.783  -1.957  -2.009  -1.901  -1.796  -1.696  -1.635  -1.455  -1.415
  12250.  3.50  -2.660  -2.356  -1.943  -1.934  -1.806  -1.975  -2.006  -1.899  -1.794  -1.696  -1.636  -1.458  -1.420
  12250.  4.00  -2.659  -2.356  -1.948  -1.941  -1.816  -1.996  -2.008  -1.898  -1.791  -1.695  -1.635  -1.458  -1.423
  12250.  4.50  -2.646  -2.345  -1.941  -1.938  -1.814  -2.020  -2.013  -1.899  -1.788  -1.694  -1.633  -1.455  -1.423
  12250.  5.00  -2.623  -2.322  -1.923  -1.923  -1.802  -2.047  -2.019  -1.899  -1.783  -1.690  -1.628  -1.448  -1.421
  12500.  2.50  -2.586  -2.279  -1.866  -1.862  -1.743  -1.984  -2.064  -1.955  -1.848  -1.745  -1.683  -1.502  -1.462
  12500.  3.00  -2.625  -2.322  -1.913  -1.908  -1.788  -1.994  -2.053  -1.947  -1.844  -1.745  -1.686  -1.508  -1.469
  12500.  3.50  -2.644  -2.343  -1.937  -1.932  -1.813  -2.012  -2.051  -1.946  -1.842  -1.746  -1.687  -1.512  -1.475
  12500.  4.00  -2.645  -2.345  -1.944  -1.941  -1.823  -2.033  -2.053  -1.945  -1.840  -1.746  -1.687  -1.512  -1.478
  12500.  4.50  -2.634  -2.335  -1.938  -1.939  -1.823  -2.057  -2.058  -1.946  -1.837  -1.744  -1.684  -1.509  -1.479
  12500.  5.00  -2.612  -2.314  -1.922  -1.926  -1.813  -2.082  -2.064  -1.946  -1.832  -1.740  -1.680  -1.504  -1.477
  12750.  2.50  -2.568  -2.264  -1.858  -1.859  -1.749  -2.020  -2.108  -2.000  -1.895  -1.793  -1.732  -1.554  -1.515
  12750.  3.00  -2.610  -2.309  -1.907  -1.906  -1.795  -2.031  -2.097  -1.993  -1.891  -1.794  -1.735  -1.561  -1.523
  12750.  3.50  -2.629  -2.331  -1.932  -1.932  -1.820  -2.049  -2.096  -1.992  -1.890  -1.795  -1.737  -1.565  -1.529
  12750.  4.00  -2.632  -2.335  -1.940  -1.942  -1.832  -2.069  -2.098  -1.992  -1.888  -1.795  -1.737  -1.565  -1.533
  12750.  4.50  -2.623  -2.327  -1.937  -1.941  -1.833  -2.093  -2.103  -1.993  -1.886  -1.794  -1.735  -1.563  -1.534
  12750.  5.00  -2.603  -2.309  -1.922  -1.930  -1.825  -2.117  -2.109  -1.993  -1.881  -1.791  -1.731  -1.558  -1.532
  13000.  2.50  -2.552  -2.251  -1.852  -1.857  -1.756  -2.056  -2.151  -2.045  -1.941  -1.841  -1.781  -1.605  -1.568
  13000.  3.00  -2.596  -2.298  -1.903  -1.906  -1.803  -2.067  -2.141  -2.038  -1.938  -1.842  -1.784  -1.613  -1.576
  13000.  3.50  -2.617  -2.322  -1.929  -1.933  -1.829  -2.085  -2.140  -2.037  -1.937  -1.844  -1.787  -1.617  -1.583
  13000.  4.00  -2.621  -2.328  -1.938  -1.944  -1.842  -2.106  -2.142  -2.037  -1.936  -1.844  -1.787  -1.618  -1.586
  13000.  4.50  -2.613  -2.321  -1.936  -1.944  -1.844  -2.129  -2.147  -2.039  -1.934  -1.843  -1.785  -1.616  -1.588
  13000.  5.00  -2.595  -2.304  -1.923  -1.935  -1.837  -2.153  -2.153  -2.039  -1.929  -1.840  -1.781  -1.611  -1.586
  14000.  2.00  -2.431  -2.127  -1.744  -1.770  -1.702  -2.201  -2.355  -2.243  -2.135  -2.029  -1.967  -1.791  -1.760
  14000.  2.50  -2.506  -2.214  -1.840  -1.861  -1.793  -2.194  -2.317  -2.217  -2.119  -2.024  -1.967  -1.802  -1.770
  14000.  3.00  -2.556  -2.269  -1.898  -1.917  -1.846  -2.208  -2.309  -2.212  -2.119  -2.027  -1.973  -1.812  -1.780
  14000.  3.50  -2.583  -2.299  -1.930  -1.949  -1.875  -2.227  -2.309  -2.213  -2.120  -2.031  -1.978  -1.818  -1.788
  14000.  4.00  -2.593  -2.310  -1.944  -1.963  -1.890  -2.248  -2.312  -2.214  -2.120  -2.033  -1.979  -1.820  -1.793
  14000.  4.50  -2.589  -2.308  -1.945  -1.966  -1.895  -2.270  -2.318  -2.216  -2.118  -2.032  -1.979  -1.820  -1.795
  14000.  5.00  -2.576  -2.296  -1.937  -1.961  -1.891  -2.292  -2.324  -2.217  -2.115  -2.030  -1.976  -1.816  -1.794
  15000.  2.50  -2.481  -2.197  -1.844  -1.877  -1.838  -2.326  -2.474  -2.378  -2.286  -2.195  -2.142  -1.986  -1.958
  15000.  3.00  -2.536  -2.258  -1.909  -1.940  -1.897  -2.342  -2.467  -2.376  -2.288  -2.202  -2.151  -1.999  -1.971
  15000.  3.50  -2.569  -2.294  -1.947  -1.977  -1.932  -2.363  -2.469  -2.379  -2.291  -2.207  -2.158  -2.007  -1.981
  15000.  4.00  -2.582  -2.310  -1.964  -1.995  -1.949  -2.385  -2.474  -2.382  -2.293  -2.210  -2.161  -2.011  -1.987
  15000.  4.50  -2.583  -2.311  -1.969  -2.001  -1.955  -2.406  -2.480  -2.384  -2.292  -2.211  -2.161  -2.011  -1.989
  15000.  5.00  -2.573  -2.303  -1.963  -1.997  -1.953  -2.427  -2.486  -2.386  -2.290  -2.210  -2.159  -2.008  -1.989
  16000.  2.50  -2.470  -2.193  -1.857  -1.900  -1.885  -2.449  -2.621  -2.530  -2.442  -2.355  -2.305  -2.158  -2.133
  16000.  3.00  -2.530  -2.259  -1.929  -1.970  -1.953  -2.468  -2.616  -2.529  -2.447  -2.365  -2.317  -2.174  -2.150
  16000.  3.50  -2.567  -2.300  -1.972  -2.012  -1.992  -2.492  -2.620  -2.535  -2.452  -2.373  -2.326  -2.185  -2.162
  16000.  4.00  -2.585  -2.320  -1.994  -2.034  -2.013  -2.514  -2.626  -2.539  -2.456  -2.378  -2.331  -2.190  -2.169
  16000.  4.50  -2.589  -2.326  -2.002  -2.042  -2.021  -2.536  -2.633  -2.543  -2.457  -2.380  -2.332  -2.191  -2.172
  16000.  5.00  -2.582  -2.321  -1.999  -2.041  -2.021  -2.557  -2.640  -2.545  -2.455  -2.379  -2.331  -2.189  -2.173
  17000.  2.50  -2.470  -2.198  -1.877  -1.928  -1.933  -2.566  -2.760  -2.673  -2.589  -2.506  -2.458  -2.318  -2.297
  17000.  3.00  -2.533  -2.269  -1.954  -2.004  -2.009  -2.587  -2.755  -2.674  -2.595  -2.517  -2.473  -2.338  -2.317
  17000.  3.50  -2.574  -2.315  -2.003  -2.051  -2.054  -2.613  -2.762  -2.681  -2.604  -2.528  -2.485  -2.352  -2.331
  17000.  4.00  -2.596  -2.339  -2.029  -2.077  -2.078  -2.637  -2.770  -2.688  -2.609  -2.535  -2.491  -2.359  -2.340
  17000.  4.50  -2.603  -2.348  -2.040  -2.088  -2.089  -2.659  -2.778  -2.693  -2.612  -2.538  -2.494  -2.361  -2.344
  17000.  5.00  -2.599  -2.345  -2.039  -2.089  -2.090  -2.680  -2.785  -2.696  -2.611  -2.538  -2.494  -2.360  -2.345
  18000.  2.50  -2.477  -2.211  -1.901  -1.959  -1.981  -2.675  -2.892  -2.808  -2.728  -2.647  -2.602  -2.468  -2.450
  18000.  3.00  -2.543  -2.285  -1.984  -2.040  -2.064  -2.699  -2.887  -2.809  -2.735  -2.661  -2.619  -2.491  -2.472
  18000.  3.50  -2.588  -2.335  -2.037  -2.092  -2.115  -2.727  -2.895  -2.819  -2.746  -2.674  -2.633  -2.507  -2.490
  18000.  4.00  -2.613  -2.363  -2.067  -2.122  -2.144  -2.753  -2.905  -2.827  -2.754  -2.683  -2.642  -2.517  -2.500
  18000.  4.50  -2.623  -2.375  -2.081  -2.137  -2.157  -2.776  -2.914  -2.834  -2.757  -2.688  -2.646  -2.521  -2.506
  18000.  5.00  -2.621  -2.375  -2.083  -2.140  -2.160  -2.796  -2.922  -2.838  -2.758  -2.689  -2.647  -2.521  -2.508
  19000.  2.50  -2.490  -2.229  -1.930  -1.993  -2.031  -2.780  -3.017  -2.936  -2.859  -2.780  -2.737  -2.609  -2.593
  19000.  3.00  -2.558  -2.306  -2.017  -2.078  -2.119  -2.804  -3.011  -2.937  -2.867  -2.796  -2.756  -2.635  -2.619
  19000.  3.50  -2.607  -2.360  -2.074  -2.135  -2.174  -2.835  -3.021  -2.949  -2.880  -2.811  -2.773  -2.654  -2.638
  19000.  4.00  -2.635  -2.391  -2.108  -2.168  -2.207  -2.862  -3.033  -2.959  -2.890  -2.822  -2.784  -2.665  -2.651
  19000.  4.50  -2.647  -2.405  -2.125  -2.186  -2.224  -2.886  -3.043  -2.967  -2.895  -2.829  -2.790  -2.671  -2.658
  19000.  5.00  -2.648  -2.408  -2.129  -2.191  -2.230  -2.907  -3.052  -2.972  -2.896  -2.831  -2.791  -2.672  -2.661
  20000.  3.00  -2.577  -2.330  -2.052  -2.119  -2.174  -2.904  -3.129  -3.058  -2.992  -2.923  -2.885  -2.771  -2.756
  20000.  3.50  -2.629  -2.387  -2.112  -2.178  -2.233  -2.937  -3.141  -3.072  -3.007  -2.941  -2.905  -2.792  -2.778
  20000.  4.00  -2.660  -2.421  -2.149  -2.215  -2.270  -2.966  -3.153  -3.084  -3.018  -2.954  -2.918  -2.805  -2.793
  20000.  4.50  -2.675  -2.439  -2.169  -2.235  -2.289  -2.990  -3.165  -3.092  -3.025  -2.961  -2.925  -2.812  -2.801
  20000.  5.00  -2.677  -2.443  -2.176  -2.242  -2.297  -3.012  -3.175  -3.098  -3.027  -2.965  -2.928  -2.815  -2.805
  21000.  3.00  -2.598  -2.356  -2.088  -2.160  -2.229  -2.999  -3.240  -3.172  -3.109  -3.043  -3.007  -2.898  -2.886
  21000.  3.50  -2.653  -2.417  -2.153  -2.223  -2.292  -3.034  -3.253  -3.188  -3.127  -3.064  -3.029  -2.922  -2.911
  21000.  4.00  -2.687  -2.454  -2.192  -2.262  -2.331  -3.064  -3.268  -3.202  -3.140  -3.078  -3.044  -2.938  -2.927
  21000.  4.50  -2.705  -2.474  -2.214  -2.284  -2.353  -3.089  -3.280  -3.212  -3.148  -3.087  -3.053  -2.946  -2.937
  21000.  5.00  -2.709  -2.480  -2.223  -2.294  -2.363  -3.111  -3.291  -3.218  -3.151  -3.091  -3.057  -2.950  -2.942
  22000.  3.00  -2.619  -2.383  -2.125  -2.200  -2.282  -3.088  -3.344  -3.279  -3.219  -3.156  -3.122  -3.018  -3.008
  22000.  3.50  -2.679  -2.448  -2.194  -2.268  -2.351  -3.126  -3.360  -3.298  -3.240  -3.180  -3.147  -3.046  -3.036
  22000.  4.00  -2.716  -2.488  -2.236  -2.310  -2.392  -3.157  -3.376  -3.313  -3.255  -3.196  -3.164  -3.063  -3.054
  22000.  4.50  -2.735  -2.510  -2.260  -2.334  -2.415  -3.184  -3.390  -3.325  -3.264  -3.206  -3.174  -3.073  -3.065
  22000.  5.00  -2.741  -2.518  -2.270  -2.345  -2.427  -3.205  -3.401  -3.332  -3.269  -3.212  -3.179  -3.077  -3.071
  23000.  3.00  -2.640  -2.408  -2.158  -2.237  -2.332  -3.170  -3.440  -3.379  -3.322  -3.261  -3.229  -3.130  -3.121
  23000.  3.50  -2.704  -2.479  -2.234  -2.312  -2.407  -3.213  -3.461  -3.402  -3.347  -3.289  -3.259  -3.163  -3.154
  23000.  4.00  -2.745  -2.522  -2.279  -2.357  -2.451  -3.247  -3.479  -3.419  -3.364  -3.308  -3.278  -3.182  -3.175
  23000.  4.50  -2.767  -2.546  -2.305  -2.383  -2.477  -3.274  -3.494  -3.432  -3.375  -3.320  -3.289  -3.193  -3.187
  23000.  5.00  -2.775  -2.556  -2.317  -2.395  -2.489  -3.295  -3.506  -3.440  -3.380  -3.326  -3.295  -3.198  -3.193
  24000.  3.00  -2.656  -2.429  -2.187  -2.269  -2.375  -3.244  -3.528  -3.470  -3.415  -3.356  -3.326  -3.233  -3.225
  24000.  3.50  -2.729  -2.509  -2.273  -2.354  -2.461  -3.294  -3.555  -3.499  -3.448  -3.392  -3.364  -3.273  -3.266
  24000.  4.00  -2.774  -2.556  -2.322  -2.403  -2.509  -3.331  -3.576  -3.520  -3.468  -3.414  -3.386  -3.295  -3.289
  24000.  4.50  -2.798  -2.583  -2.350  -2.431  -2.537  -3.359  -3.592  -3.534  -3.480  -3.427  -3.399  -3.308  -3.303
  24000.  5.00  -2.808  -2.594  -2.363  -2.445  -2.550  -3.381  -3.605  -3.543  -3.486  -3.434  -3.405  -3.314  -3.310
  25000.  3.00  -2.668  -2.443  -2.207  -2.291  -2.406  -3.306  -3.605  -3.549  -3.497  -3.440  -3.412  -3.323  -3.317
  25000.  3.50  -2.752  -2.536  -2.308  -2.393  -2.511  -3.370  -3.643  -3.590  -3.541  -3.488  -3.462  -3.375  -3.370
  25000.  4.00  -2.801  -2.588  -2.363  -2.447  -2.564  -3.410  -3.668  -3.614  -3.565  -3.514  -3.487  -3.401  -3.397
  25000.  4.50  -2.829  -2.618  -2.394  -2.478  -2.594  -3.440  -3.686  -3.630  -3.580  -3.529  -3.502  -3.416  -3.412
  25000.  5.00  -2.840  -2.631  -2.409  -2.493  -2.609  -3.463  -3.699  -3.640  -3.587  -3.537  -3.510  -3.423  -3.420
  26000.  3.00  -2.675  -2.450  -2.216  -2.302  -2.421  -3.355  -3.670  -3.615  -3.564  -3.508  -3.480  -3.394  -3.390
  26000.  3.50  -2.771  -2.559  -2.339  -2.426  -2.555  -3.438  -3.723  -3.673  -3.627  -3.577  -3.552  -3.470  -3.466
  26000.  4.00  -2.827  -2.619  -2.401  -2.488  -2.615  -3.485  -3.753  -3.703  -3.657  -3.607  -3.583  -3.502  -3.498
  26000.  4.50  -2.858  -2.652  -2.436  -2.522  -2.649  -3.517  -3.774  -3.721  -3.673  -3.625  -3.600  -3.519  -3.516
  26000.  5.00  -2.871  -2.666  -2.452  -2.539  -2.666  -3.540  -3.788  -3.732  -3.682  -3.634  -3.609  -3.527  -3.525
  27000.  3.50  -2.786  -2.577  -2.363  -2.452  -2.590  -3.498  -3.795  -3.747  -3.704  -3.656  -3.633  -3.556  -3.553
  27000.  4.00  -2.850  -2.645  -2.435  -2.524  -2.662  -3.553  -3.832  -3.785  -3.741  -3.694  -3.672  -3.595  -3.592
  27000.  4.50  -2.885  -2.683  -2.474  -2.563  -2.700  -3.588  -3.856  -3.806  -3.761  -3.715  -3.692  -3.615  -3.613
  27000.  5.00  -2.900  -2.700  -2.493  -2.582  -2.719  -3.612  -3.871  -3.819  -3.772  -3.726  -3.703  -3.625  -3.624
  28000.  3.50  -2.798  -2.590  -2.380  -2.471  -2.616  -3.548  -3.857  -3.812  -3.771  -3.724  -3.702  -3.629  -3.627
  28000.  4.00  -2.869  -2.668  -2.464  -2.556  -2.703  -3.614  -3.904  -3.859  -3.819  -3.774  -3.753  -3.681  -3.679
  28000.  4.50  -2.909  -2.710  -2.509  -2.600  -2.746  -3.653  -3.932  -3.885  -3.843  -3.799  -3.778  -3.705  -3.704
  28000.  5.00  -2.927  -2.730  -2.530  -2.621  -2.768  -3.680  -3.949  -3.900  -3.855  -3.812  -3.790  -3.717  -3.717
  29000.  3.50  -2.812  -2.604  -2.395  -2.488  -2.636  -3.592  -3.914  -3.870  -3.831  -3.784  -3.764  -3.693  -3.692
  29000.  4.00  -2.885  -2.686  -2.487  -2.581  -2.736  -3.667  -3.969  -3.926  -3.889  -3.846  -3.826  -3.758  -3.757
  29000.  4.50  -2.929  -2.734  -2.539  -2.632  -2.787  -3.712  -4.001  -3.957  -3.918  -3.876  -3.856  -3.788  -3.788
  29000.  5.00  -2.951  -2.757  -2.564  -2.657  -2.812  -3.741  -4.021  -3.975  -3.933  -3.892  -3.871  -3.802  -3.803
  30000.  3.50  -2.837  -2.627  -2.417  -2.511  -2.660  -3.638  -3.972  -3.928  -3.889  -3.843  -3.823  -3.752  -3.752
  30000.  4.00  -2.900  -2.702  -2.507  -2.602  -2.764  -3.714  -4.027  -3.986  -3.951  -3.910  -3.891  -3.826  -3.827
  30000.  4.50  -2.947  -2.754  -2.564  -2.659  -2.822  -3.765  -4.065  -4.023  -3.987  -3.946  -3.928  -3.863  -3.864
  30000.  5.00  -2.972  -2.781  -2.593  -2.688  -2.852  -3.797  -4.088  -4.043  -4.005  -3.965  -3.946  -3.881  -3.883
  31000.  3.50  -2.877  -2.665  -2.453  -2.547  -2.695  -3.691  -4.034  -3.990  -3.952  -3.905  -3.885  -3.813  -3.813
  31000.  4.00  -2.919  -2.720  -2.527  -2.624  -2.790  -3.759  -4.082  -4.043  -4.009  -3.969  -3.952  -3.889  -3.890
  31000.  4.50  -2.965  -2.772  -2.586  -2.683  -2.853  -3.813  -4.123  -4.083  -4.049  -4.010  -3.993  -3.932  -3.934
  31000.  5.00  -2.991  -2.802  -2.619  -2.716  -2.886  -3.847  -4.148  -4.107  -4.071  -4.033  -4.015  -3.954  -3.956
  32000.  4.00  -2.945  -2.745  -2.551  -2.649  -2.817  -3.803  -4.136  -4.098  -4.066  -4.026  -4.010  -3.948  -3.950
  32000.  4.50  -2.985  -2.792  -2.608  -2.706  -2.882  -3.857  -4.177  -4.140  -4.108  -4.070  -4.055  -3.996  -3.998
  32000.  5.00  -3.012  -2.823  -2.643  -2.742  -2.918  -3.894  -4.205  -4.166  -4.132  -4.095  -4.079  -4.021  -4.024
  33000.  4.00  -2.983  -2.781  -2.587  -2.685  -2.854  -3.854  -4.195  -4.158  -4.127  -4.087  -4.071  -4.010  -4.012
  33000.  4.50  -3.010  -2.816  -2.632  -2.732  -2.910  -3.901  -4.230  -4.194  -4.164  -4.127  -4.113  -4.055  -4.058
  33000.  5.00  -3.034  -2.845  -2.667  -2.767  -2.949  -3.938  -4.259  -4.221  -4.190  -4.154  -4.140  -4.083  -4.087
  34000.  4.00  -3.033  -2.829  -2.633  -2.732  -2.900  -3.913  -4.260  -4.223  -4.192  -4.152  -4.137  -4.075  -4.077
  34000.  4.50  -3.044  -2.848  -2.664  -2.765  -2.945  -3.949  -4.285  -4.250  -4.222  -4.186  -4.172  -4.116  -4.119
  34000.  5.00  -3.062  -2.872  -2.695  -2.795  -2.981  -3.983  -4.312  -4.276  -4.247  -4.212  -4.198  -4.144  -4.147
  35000.  4.00  -3.091  -2.886  -2.690  -2.788  -2.956  -3.978  -4.330  -4.293  -4.263  -4.222  -4.207  -4.143  -4.145
  35000.  4.50  -3.088  -2.891  -2.706  -2.806  -2.988  -4.003  -4.345  -4.311  -4.284  -4.248  -4.235  -4.178  -4.182
  35000.  5.00  -3.098  -2.907  -2.729  -2.830  -3.018  -4.031  -4.367  -4.333  -4.305  -4.271  -4.258  -4.205  -4.209
  36000.  4.00  -3.157  -2.951  -2.754  -2.852  -3.020  -4.049  -4.406  -4.368  -4.339  -4.297  -4.282  -4.216  -4.218
  36000.  4.50  -3.141  -2.942  -2.756  -2.857  -3.038  -4.062  -4.410  -4.376  -4.350  -4.313  -4.301  -4.243  -4.247
  36000.  5.00  -3.143  -2.949  -2.771  -2.873  -3.061  -4.084  -4.426  -4.393  -4.366  -4.332  -4.321  -4.267  -4.271
  37000.  4.00  -3.226  -3.020  -2.824  -2.922  -3.090  -4.124  -4.485  -4.447  -4.418  -4.376  -4.361  -4.294  -4.296
  37000.  4.50  -3.200  -3.000  -2.813  -2.914  -3.095  -4.127  -4.479  -4.445  -4.420  -4.383  -4.371  -4.311  -4.315
  37000.  5.00  -3.194  -2.999  -2.820  -2.922  -3.111  -4.142  -4.489  -4.456  -4.431  -4.397  -4.386  -4.331  -4.336
  38000.  4.00  -3.298  -3.092  -2.897  -2.995  -3.164  -4.203  -4.566  -4.529  -4.500  -4.458  -4.443  -4.375  -4.378
  38000.  4.50  -3.265  -3.064  -2.877  -2.978  -3.159  -4.196  -4.553  -4.519  -4.494  -4.456  -4.445  -4.384  -4.387
  38000.  5.00  -3.252  -3.055  -2.875  -2.977  -3.167  -4.204  -4.556  -4.523  -4.499  -4.464  -4.454  -4.398  -4.402
  39000.  4.00  -3.370  -3.165  -2.971  -3.070  -3.240  -4.282  -4.647  -4.611  -4.582  -4.540  -4.526  -4.458  -4.460
  39000.  4.50  -3.333  -3.131  -2.945  -3.046  -3.228  -4.269  -4.629  -4.595  -4.571  -4.533  -4.522  -4.460  -4.463
  39000.  5.00  -3.315  -3.117  -2.936  -3.039  -3.228  -4.271  -4.626  -4.593  -4.570  -4.535  -4.525  -4.468  -4.472
  40000.  4.50  -3.402  -3.201  -3.015  -3.116  -3.299  -4.345  -4.706  -4.673  -4.650  -4.612  -4.601  -4.538  -4.542
  40000.  5.00  -3.381  -3.182  -3.001  -3.104  -3.294  -4.341  -4.699  -4.667  -4.645  -4.609  -4.600  -4.541  -4.546
  41000.  4.50  -3.471  -3.271  -3.086  -3.188  -3.372  -4.421  -4.784  -4.752  -4.729  -4.691  -4.680  -4.617  -4.621
  41000.  5.00  -3.448  -3.250  -3.069  -3.172  -3.363  -4.414  -4.774  -4.742  -4.721  -4.685  -4.676  -4.616  -4.621
  42000.  4.50  -3.540  -3.340  -3.157  -3.259  -3.445  -4.496  -4.861  -4.829  -4.807  -4.770  -4.759  -4.697  -4.701
  42000.  5.00  -3.516  -3.318  -3.138  -3.242  -3.433  -4.488  -4.850  -4.818  -4.797  -4.762  -4.753  -4.693  -4.698
  43000.  4.50  -3.608  -3.409  -3.227  -3.329  -3.517  -4.571  -4.938  -4.906  -4.884  -4.847  -4.837  -4.775  -4.779
  43000.  5.00  -3.584  -3.386  -3.208  -3.311  -3.504  -4.561  -4.925  -4.894  -4.874  -4.839  -4.830  -4.771  -4.776
  44000.  4.50  -3.675  -3.477  -3.296  -3.398  -3.587  -4.644  -5.012  -4.981  -4.960  -4.923  -4.914  -4.852  -4.857
  44000.  5.00  -3.652  -3.454  -3.277  -3.381  -3.575  -4.635  -5.000  -4.970  -4.950  -4.915  -4.907  -4.847  -4.853
  45000.  4.50  -3.740  -3.543  -3.363  -3.466  -3.657  -4.715  -5.085  -5.055  -5.034  -4.998  -4.989  -4.928  -4.932
  45000.  5.00  -3.718  -3.522  -3.345  -3.449  -3.645  -4.707  -5.074  -5.044  -5.025  -4.991  -4.983  -4.923  -4.929
  46000.  4.50  -3.804  -3.608  -3.430  -3.533  -3.725  -4.785  -5.157  -5.127  -5.107  -5.071  -5.062  -5.002  -5.006
  46000.  5.00  -3.784  -3.588  -3.412  -3.517  -3.714  -4.778  -5.146  -5.117  -5.098  -5.065  -5.057  -4.998  -5.004
  47000.  4.50  -3.867  -3.672  -3.494  -3.598  -3.791  -4.854  -5.227  -5.197  -5.177  -5.142  -5.133  -5.074  -5.079
  47000.  5.00  -3.848  -3.652  -3.478  -3.583  -3.782  -4.848  -5.217  -5.188  -5.170  -5.137  -5.130  -5.072  -5.077
  48000.  4.50  -3.928  -3.734  -3.558  -3.662  -3.857  -4.921  -5.295  -5.266  -5.247  -5.212  -5.203  -5.145  -5.149
  48000.  5.00  -3.910  -3.716  -3.543  -3.648  -3.848  -4.916  -5.286  -5.258  -5.241  -5.208  -5.201  -5.143  -5.149
  49000.  4.50  -3.988  -3.795  -3.620  -3.724  -3.920  -4.986  -5.362  -5.333  -5.314  -5.280  -5.271  -5.214  -5.219
  49000.  5.00  -3.972  -3.778  -3.606  -3.711  -3.913  -4.983  -5.354  -5.326  -5.310  -5.277  -5.270  -5.214  -5.219
  50000.  5.00  -4.032  -3.839  -3.668  -3.774  -3.977  -5.048  -5.421  -5.393  -5.377  -5.345  -5.338  -5.282  -5.288
