   3500.  0.00 -10.444  -9.763 -10.895  -9.150  -8.474  -6.325  -5.323  -4.117  -3.212  -2.453  -2.097  -0.573  -0.299
   3500.  0.50 -10.385  -9.767 -10.863  -8.936  -8.146  -6.096  -5.194  -4.107  -3.258  -2.516  -2.169  -0.584  -0.302
   3500.  1.00 -10.316  -9.761 -10.813  -8.704  -7.811  -5.875  -5.072  -4.094  -3.295  -2.566  -2.226  -0.586  -0.299
   3500.  1.50 -10.232  -9.744 -10.741  -8.453  -7.464  -5.654  -4.942  -4.064  -3.308  -2.591  -2.257  -0.577  -0.284
   3500.  2.00 -10.133  -9.714 -10.645  -8.187  -7.109  -5.434  -4.801  -4.011  -3.293  -2.588  -2.260  -0.553  -0.258
   3500.  2.50 -10.021  -9.668 -10.524  -7.919  -6.765  -5.222  -4.646  -3.930  -3.244  -2.552  -2.228  -0.514  -0.219
   3500.  3.00  -9.899  -9.607 -10.377  -7.661  -6.444  -5.024  -4.482  -3.825  -3.162  -2.483  -2.163  -0.458  -0.166
   3500.  3.50  -9.776  -9.528 -10.202  -7.430  -6.164  -4.855  -4.326  -3.698  -3.041  -2.373  -2.051  -0.381  -0.095
   3500.  4.00  -9.660  -9.434 -10.002  -7.227  -5.924  -4.719  -4.187  -3.556  -2.881  -2.214  -1.889  -0.286  -0.010
   3500.  4.50  -9.583  -9.357  -9.810  -7.081  -5.752  -4.646  -4.092  -3.436  -2.726  -2.054  -1.720  -0.209   0.055
   3500.  5.00  -9.570  -9.311  -9.676  -7.048  -5.714  -4.670  -4.071  -3.379  -2.625  -1.936  -1.591  -0.161   0.092
   3750.  0.00 -10.032  -9.530 -10.597  -8.652  -7.891  -5.773  -4.641  -3.378  -2.456  -1.749  -1.396  -0.316  -0.112
   3750.  0.50  -9.976  -9.532 -10.547  -8.446  -7.579  -5.587  -4.528  -3.360  -2.467  -1.773  -1.423  -0.323  -0.117
   3750.  1.00  -9.920  -9.532 -10.481  -8.240  -7.281  -5.414  -4.430  -3.353  -2.488  -1.803  -1.457  -0.329  -0.118
   3750.  1.50  -9.861  -9.527 -10.396  -8.031  -6.993  -5.249  -4.338  -3.347  -2.510  -1.835  -1.491  -0.331  -0.116
   3750.  2.00  -9.796  -9.517 -10.294  -7.816  -6.705  -5.086  -4.246  -3.336  -2.529  -1.864  -1.524  -0.329  -0.110
   3750.  2.50  -9.728  -9.500 -10.177  -7.605  -6.429  -4.933  -4.155  -3.319  -2.541  -1.884  -1.548  -0.321  -0.098
   3750.  3.00  -9.653  -9.473 -10.048  -7.398  -6.167  -4.787  -4.059  -3.289  -2.538  -1.890  -1.557  -0.304  -0.079
   3750.  3.50  -9.578  -9.433  -9.908  -7.213  -5.938  -4.662  -3.969  -3.249  -2.516  -1.875  -1.543  -0.275  -0.048
   3750.  4.00  -9.507  -9.374  -9.747  -7.058  -5.753  -4.565  -3.898  -3.197  -2.464  -1.821  -1.488  -0.222   0.003
   3750.  4.50  -9.434  -9.305  -9.557  -6.887  -5.550  -4.475  -3.831  -3.126  -2.383  -1.734  -1.397  -0.161   0.059
   3750.  5.00  -9.390  -9.248  -9.375  -6.770  -5.417  -4.430  -3.788  -3.071  -2.311  -1.653  -1.311  -0.112   0.102
   4000.  0.00  -9.663  -9.373 -10.364  -7.995  -6.966  -5.181  -4.101  -2.890  -2.048  -1.408  -1.079  -0.171   0.001
   4000.  0.50  -9.605  -9.374 -10.293  -7.787  -6.684  -5.026  -4.004  -2.867  -2.046  -1.416  -1.089  -0.178  -0.006
   4000.  1.00  -9.554  -9.372 -10.200  -7.589  -6.426  -4.889  -3.924  -2.857  -2.050  -1.426  -1.100  -0.182  -0.010
   4000.  1.50  -9.507  -9.368 -10.087  -7.405  -6.194  -4.767  -3.856  -2.854  -2.060  -1.439  -1.112  -0.185  -0.012
   4000.  2.00  -9.460  -9.360  -9.955  -7.229  -5.978  -4.650  -3.788  -2.852  -2.070  -1.453  -1.126  -0.187  -0.013
   4000.  2.50  -9.417  -9.350  -9.810  -7.072  -5.789  -4.550  -3.729  -2.853  -2.082  -1.468  -1.140  -0.188  -0.012
   4000.  3.00  -9.376  -9.335  -9.662  -6.937  -5.632  -4.463  -3.674  -2.854  -2.093  -1.482  -1.153  -0.186  -0.008
   4000.  3.50  -9.340  -9.313  -9.516  -6.826  -5.504  -4.392  -3.628  -2.855  -2.103  -1.493  -1.164  -0.178   0.002
   4000.  4.00  -9.305  -9.280  -9.371  -6.737  -5.405  -4.336  -3.590  -2.852  -2.104  -1.492  -1.160  -0.157   0.025
   4000.  4.50  -9.267  -9.227  -9.195  -6.636  -5.293  -4.285  -3.568  -2.837  -2.084  -1.463  -1.128  -0.116   0.065
   4000.  5.00  -9.224  -9.166  -8.992  -6.514  -5.158  -4.230  -3.544  -2.811  -2.050  -1.420  -1.082  -0.072   0.107
   4250.  0.00  -9.329  -9.245  -9.929  -7.213  -5.969  -4.638  -3.662  -2.548  -1.777  -1.193  -0.886  -0.074   0.077
   4250.  0.50  -9.268  -9.241  -9.774  -7.002  -5.722  -4.501  -3.576  -2.519  -1.770  -1.198  -0.894  -0.083   0.068
   4250.  1.00  -9.216  -9.232  -9.587  -6.808  -5.500  -4.382  -3.508  -2.505  -1.771  -1.205  -0.903  -0.088   0.063
   4250.  1.50  -9.171  -9.219  -9.380  -6.624  -5.293  -4.276  -3.451  -2.499  -1.776  -1.214  -0.912  -0.092   0.059
   4250.  2.00  -9.128  -9.203  -9.176  -6.461  -5.113  -4.181  -3.397  -2.495  -1.782  -1.223  -0.920  -0.095   0.056
   4250.  2.50  -9.092  -9.186  -9.008  -6.328  -4.966  -4.102  -3.350  -2.496  -1.790  -1.232  -0.928  -0.097   0.054
   4250.  3.00  -9.065  -9.169  -8.890  -6.242  -4.871  -4.046  -3.313  -2.503  -1.799  -1.240  -0.933  -0.098   0.054
   4250.  3.50  -9.048  -9.153  -8.810  -6.196  -4.819  -4.011  -3.286  -2.513  -1.810  -1.249  -0.937  -0.097   0.055
   4250.  4.00  -9.042  -9.134  -8.743  -6.186  -4.809  -3.997  -3.272  -2.530  -1.822  -1.256  -0.940  -0.091   0.061
   4250.  4.50  -9.037  -9.102  -8.643  -6.179  -4.807  -3.992  -3.268  -2.546  -1.830  -1.256  -0.935  -0.076   0.077
   4250.  5.00  -9.025  -9.043  -8.457  -6.139  -4.777  -3.981  -3.278  -2.557  -1.830  -1.242  -0.917  -0.045   0.108
   4500.  0.00  -9.035  -9.092  -8.871  -6.504  -5.208  -4.177  -3.307  -2.298  -1.584  -1.042  -0.751  -0.001   0.133
   4500.  0.50  -8.977  -9.067  -8.641  -6.309  -4.998  -4.061  -3.234  -2.269  -1.576  -1.046  -0.759  -0.013   0.121
   4500.  1.00  -8.929  -9.032  -8.390  -6.130  -4.813  -3.963  -3.179  -2.253  -1.574  -1.052  -0.768  -0.021   0.114
   4500.  1.50  -8.887  -8.986  -8.132  -5.964  -4.644  -3.876  -3.134  -2.245  -1.577  -1.060  -0.777  -0.027   0.109
   4500.  2.00  -8.849  -8.929  -7.890  -5.811  -4.491  -3.799  -3.094  -2.241  -1.583  -1.068  -0.786  -0.031   0.105
   4500.  2.50  -8.812  -8.873  -7.702  -5.683  -4.361  -3.730  -3.054  -2.239  -1.588  -1.076  -0.793  -0.034   0.102
   4500.  3.00  -8.783  -8.834  -7.609  -5.600  -4.270  -3.679  -3.022  -2.242  -1.595  -1.084  -0.798  -0.036   0.100
   4500.  3.50  -8.764  -8.812  -7.596  -5.564  -4.223  -3.649  -2.998  -2.250  -1.603  -1.090  -0.801  -0.036   0.099
   4500.  4.00  -8.757  -8.805  -7.645  -5.573  -4.221  -3.640  -2.986  -2.264  -1.614  -1.096  -0.802  -0.033   0.102
   4500.  4.50  -8.761  -8.803  -7.708  -5.612  -4.254  -3.649  -2.983  -2.284  -1.625  -1.101  -0.801  -0.028   0.107
   4500.  5.00  -8.771  -8.785  -7.732  -5.658  -4.301  -3.672  -2.992  -2.308  -1.637  -1.103  -0.796  -0.016   0.120
   4750.  0.00  -8.749  -8.827  -7.772  -5.905  -4.638  -3.762  -2.997  -2.096  -1.438  -0.934  -0.658   0.050   0.170
   4750.  0.50  -8.695  -8.763  -7.527  -5.715  -4.444  -3.665  -2.938  -2.071  -1.431  -0.937  -0.665   0.036   0.156
   4750.  1.00  -8.651  -8.683  -7.284  -5.545  -4.275  -3.585  -2.894  -2.056  -1.428  -0.943  -0.674   0.026   0.147
   4750.  1.50  -8.613  -8.588  -7.049  -5.392  -4.128  -3.517  -2.861  -2.048  -1.430  -0.949  -0.682   0.018   0.140
   4750.  2.00  -8.576  -8.480  -6.831  -5.253  -3.997  -3.458  -2.832  -2.044  -1.434  -0.956  -0.690   0.012   0.135
   4750.  2.50  -8.540  -8.375  -6.652  -5.133  -3.883  -3.405  -2.805  -2.041  -1.438  -0.964  -0.698   0.007   0.130
   4750.  3.00  -8.509  -8.296  -6.545  -5.047  -3.795  -3.363  -2.780  -2.040  -1.442  -0.970  -0.704   0.003   0.127
   4750.  3.50  -8.485  -8.257  -6.524  -5.005  -3.741  -3.336  -2.760  -2.043  -1.448  -0.976  -0.707   0.002   0.125
   4750.  4.00  -8.472  -8.257  -6.585  -5.006  -3.723  -3.324  -2.746  -2.051  -1.454  -0.981  -0.709   0.003   0.126
   4750.  4.50  -8.469  -8.286  -6.708  -5.046  -3.742  -3.329  -2.740  -2.064  -1.463  -0.985  -0.708   0.006   0.129
   4750.  5.00  -8.478  -8.327  -6.857  -5.113  -3.790  -3.349  -2.742  -2.083  -1.473  -0.988  -0.705   0.012   0.135
   5000.  0.00  -8.428  -8.455  -7.001  -5.409  -4.189  -3.374  -2.712  -1.918  -1.319  -0.854  -0.594   0.078   0.187
   5000.  0.50  -8.379  -8.344  -6.737  -5.220  -4.000  -3.297  -2.668  -1.902  -1.315  -0.859  -0.603   0.063   0.173
   5000.  1.00  -8.336  -8.213  -6.476  -5.046  -3.834  -3.231  -2.635  -1.891  -1.315  -0.865  -0.611   0.051   0.162
   5000.  1.50  -8.298  -8.068  -6.233  -4.890  -3.690  -3.177  -2.611  -1.885  -1.317  -0.871  -0.619   0.042   0.154
   5000.  2.00  -8.263  -7.919  -6.017  -4.755  -3.568  -3.132  -2.593  -1.883  -1.321  -0.878  -0.627   0.035   0.147
   5000.  2.50  -8.231  -7.780  -5.838  -4.640  -3.465  -3.096  -2.578  -1.882  -1.325  -0.884  -0.634   0.029   0.141
   5000.  3.00  -8.202  -7.670  -5.714  -4.553  -3.383  -3.068  -2.564  -1.881  -1.329  -0.890  -0.640   0.024   0.137
   5000.  3.50  -8.179  -7.601  -5.656  -4.501  -3.326  -3.050  -2.551  -1.882  -1.332  -0.895  -0.644   0.021   0.134
   5000.  4.00  -8.164  -7.578  -5.672  -4.489  -3.298  -3.042  -2.542  -1.885  -1.335  -0.898  -0.645   0.020   0.133
   5000.  4.50  -8.157  -7.596  -5.756  -4.513  -3.299  -3.046  -2.535  -1.891  -1.340  -0.901  -0.645   0.022   0.135
   5000.  5.00  -8.159  -7.643  -5.890  -4.568  -3.327  -3.059  -2.533  -1.902  -1.346  -0.903  -0.642   0.027   0.139
   5250.  0.00  -8.086  -8.047  -6.417  -4.983  -3.817  -3.011  -2.446  -1.756  -1.217  -0.792  -0.551   0.081   0.183
   5250.  0.50  -8.037  -7.898  -6.157  -4.808  -3.643  -2.958  -2.421  -1.749  -1.219  -0.800  -0.561   0.068   0.170
   5250.  1.00  -7.987  -7.725  -5.894  -4.638  -3.482  -2.909  -2.401  -1.746  -1.223  -0.808  -0.570   0.056   0.159
   5250.  1.50  -7.938  -7.542  -5.646  -4.482  -3.340  -2.869  -2.388  -1.746  -1.228  -0.816  -0.579   0.047   0.150
   5250.  2.00  -7.890  -7.360  -5.423  -4.344  -3.218  -2.836  -2.379  -1.747  -1.234  -0.823  -0.587   0.039   0.143
   5250.  2.50  -7.848  -7.195  -5.235  -4.227  -3.116  -2.812  -2.373  -1.750  -1.239  -0.830  -0.594   0.033   0.137
   5250.  3.00  -7.814  -7.063  -5.097  -4.137  -3.036  -2.795  -2.369  -1.752  -1.243  -0.835  -0.600   0.028   0.132
   5250.  3.50  -7.790  -6.973  -5.013  -4.076  -2.977  -2.787  -2.366  -1.754  -1.247  -0.839  -0.604   0.024   0.129
   5250.  4.00  -7.775  -6.930  -4.993  -4.052  -2.943  -2.787  -2.364  -1.757  -1.249  -0.842  -0.605   0.023   0.127
   5250.  4.50  -7.768  -6.926  -5.031  -4.060  -2.934  -2.795  -2.362  -1.760  -1.250  -0.843  -0.604   0.024   0.128
   5250.  5.00  -7.766  -6.954  -5.122  -4.100  -2.947  -2.810  -2.362  -1.766  -1.252  -0.843  -0.601   0.028   0.132
   5500.  0.00  -7.744  -7.612  -5.917  -4.609  -3.510  -2.680  -2.202  -1.609  -1.129  -0.746  -0.523   0.062   0.160
   5500.  0.50  -7.688  -7.443  -5.682  -4.457  -3.354  -2.651  -2.195  -1.613  -1.138  -0.756  -0.534   0.052   0.150
   5500.  1.00  -7.618  -7.247  -5.434  -4.300  -3.202  -2.622  -2.191  -1.618  -1.146  -0.766  -0.544   0.043   0.140
   5500.  1.50  -7.539  -7.040  -5.194  -4.150  -3.063  -2.597  -2.189  -1.624  -1.155  -0.775  -0.554   0.035   0.132
   5500.  2.00  -7.455  -6.836  -4.972  -4.012  -2.941  -2.576  -2.190  -1.631  -1.163  -0.784  -0.563   0.028   0.125
   5500.  2.50  -7.377  -6.652  -4.781  -3.892  -2.837  -2.561  -2.193  -1.638  -1.171  -0.791  -0.570   0.022   0.119
   5500.  3.00  -7.315  -6.502  -4.630  -3.795  -2.752  -2.553  -2.197  -1.644  -1.177  -0.798  -0.576   0.017   0.114
   5500.  3.50  -7.273  -6.394  -4.526  -3.724  -2.687  -2.551  -2.202  -1.650  -1.182  -0.803  -0.581   0.014   0.111
   5500.  4.00  -7.253  -6.335  -4.478  -3.686  -2.645  -2.557  -2.207  -1.654  -1.185  -0.805  -0.582   0.012   0.109
   5500.  4.50  -7.249  -6.318  -4.483  -3.679  -2.625  -2.569  -2.211  -1.658  -1.186  -0.806  -0.582   0.014   0.110
   5500.  5.00  -7.256  -6.336  -4.538  -3.703  -2.627  -2.587  -2.215  -1.661  -1.186  -0.804  -0.578   0.017   0.114
   5750.  0.00  -7.384  -7.145  -5.476  -4.292  -3.268  -2.395  -1.988  -1.481  -1.057  -0.714  -0.510   0.027   0.124
   5750.  0.50  -7.314  -6.976  -5.274  -4.163  -3.131  -2.386  -1.997  -1.494  -1.070  -0.725  -0.520   0.022   0.117
   5750.  1.00  -7.215  -6.774  -5.051  -4.021  -2.989  -2.373  -2.005  -1.506  -1.083  -0.735  -0.530   0.017   0.110
   5750.  1.50  -7.097  -6.558  -4.825  -3.878  -2.853  -2.361  -2.014  -1.518  -1.094  -0.746  -0.540   0.011   0.103
   5750.  2.00  -6.970  -6.344  -4.612  -3.742  -2.729  -2.352  -2.024  -1.530  -1.105  -0.756  -0.549   0.006   0.096
   5750.  2.50  -6.852  -6.151  -4.422  -3.621  -2.621  -2.347  -2.036  -1.542  -1.116  -0.765  -0.557   0.001   0.091
   5750.  3.00  -6.752  -5.988  -4.263  -3.518  -2.530  -2.346  -2.048  -1.553  -1.125  -0.773  -0.564  -0.004   0.086
   5750.  3.50  -6.681  -5.866  -4.146  -3.438  -2.456  -2.349  -2.059  -1.562  -1.133  -0.779  -0.570  -0.007   0.083
   5750.  4.00  -6.645  -5.793  -4.076  -3.386  -2.403  -2.358  -2.070  -1.570  -1.138  -0.783  -0.573  -0.009   0.082
   5750.  4.50  -6.637  -5.763  -4.054  -3.363  -2.370  -2.371  -2.079  -1.576  -1.140  -0.784  -0.573  -0.008   0.082
   5750.  5.00  -6.655  -5.774  -4.081  -3.370  -2.360  -2.391  -2.087  -1.580  -1.140  -0.783  -0.569  -0.004   0.086
   6000.  0.00  -6.999  -6.678  -5.098  -4.027  -3.084  -2.147  -1.800  -1.371  -1.001  -0.696  -0.511  -0.021   0.076
   6000.  0.50  -6.917  -6.521  -4.930  -3.924  -2.967  -2.164  -1.826  -1.391  -1.015  -0.704  -0.517  -0.019   0.075
   6000.  1.00  -6.792  -6.323  -4.730  -3.796  -2.834  -2.165  -1.844  -1.409  -1.030  -0.715  -0.525  -0.020   0.071
   6000.  1.50  -6.641  -6.108  -4.520  -3.661  -2.701  -2.164  -1.861  -1.426  -1.044  -0.725  -0.534  -0.022   0.066
   6000.  2.00  -6.483  -5.895  -4.317  -3.528  -2.575  -2.164  -1.880  -1.443  -1.058  -0.736  -0.543  -0.025   0.061
   6000.  2.50  -6.334  -5.698  -4.129  -3.404  -2.462  -2.167  -1.899  -1.460  -1.071  -0.747  -0.552  -0.029   0.056
   6000.  3.00  -6.206  -5.528  -3.966  -3.295  -2.362  -2.172  -1.918  -1.475  -1.084  -0.756  -0.560  -0.033   0.052
   6000.  3.50  -6.112  -5.397  -3.840  -3.206  -2.280  -2.181  -1.936  -1.489  -1.094  -0.764  -0.567  -0.036   0.049
   6000.  4.00  -6.056  -5.311  -3.754  -3.141  -2.214  -2.192  -1.953  -1.501  -1.102  -0.770  -0.571  -0.037   0.047
   6000.  4.50  -6.037  -5.270  -3.711  -3.103  -2.168  -2.206  -1.967  -1.510  -1.107  -0.773  -0.573  -0.037   0.047
   6000.  5.00  -6.055  -5.272  -3.714  -3.095  -2.144  -2.224  -1.979  -1.516  -1.108  -0.772  -0.571  -0.033   0.051
   6250.  0.50  -6.519  -6.105  -4.640  -3.727  -2.847  -1.965  -1.672  -1.303  -0.973  -0.696  -0.526  -0.070   0.024
   6250.  1.00  -6.379  -5.916  -4.462  -3.616  -2.725  -1.989  -1.704  -1.325  -0.987  -0.702  -0.528  -0.064   0.025
   6250.  1.50  -6.211  -5.708  -4.268  -3.489  -2.597  -2.000  -1.729  -1.346  -1.002  -0.712  -0.535  -0.062   0.023
   6250.  2.00  -6.036  -5.498  -4.073  -3.359  -2.469  -2.008  -1.754  -1.367  -1.018  -0.723  -0.544  -0.063   0.020
   6250.  2.50  -5.869  -5.300  -3.888  -3.232  -2.350  -2.018  -1.779  -1.388  -1.035  -0.735  -0.553  -0.064   0.017
   6250.  3.00  -5.723  -5.126  -3.723  -3.117  -2.243  -2.029  -1.805  -1.408  -1.050  -0.746  -0.562  -0.067   0.013
   6250.  3.50  -5.612  -4.988  -3.588  -3.019  -2.149  -2.041  -1.829  -1.427  -1.063  -0.756  -0.570  -0.069   0.010
   6250.  4.00  -5.538  -4.890  -3.487  -2.942  -2.072  -2.055  -1.852  -1.443  -1.075  -0.764  -0.577  -0.071   0.008
   6250.  4.50  -5.507  -4.839  -3.429  -2.891  -2.012  -2.070  -1.872  -1.456  -1.082  -0.769  -0.580  -0.071   0.008
   6250.  5.00  -5.515  -4.831  -3.412  -2.866  -1.973  -2.087  -1.888  -1.465  -1.086  -0.771  -0.580  -0.069   0.010
   6500.  0.50  -6.141  -5.733  -4.392  -3.559  -2.755  -1.795  -1.541  -1.229  -0.942  -0.696  -0.543  -0.128  -0.032
   6500.  1.00  -6.002  -5.564  -4.238  -3.467  -2.648  -1.829  -1.576  -1.252  -0.954  -0.700  -0.542  -0.117  -0.027
   6500.  1.50  -5.827  -5.362  -4.057  -3.351  -2.525  -1.859  -1.614  -1.277  -0.968  -0.706  -0.543  -0.109  -0.024
   6500.  2.00  -5.644  -5.157  -3.871  -3.225  -2.399  -1.878  -1.645  -1.301  -0.985  -0.716  -0.550  -0.105  -0.025
   6500.  2.50  -5.469  -4.960  -3.689  -3.098  -2.277  -1.895  -1.676  -1.326  -1.003  -0.728  -0.559  -0.104  -0.027
   6500.  3.00  -5.314  -4.784  -3.523  -2.979  -2.163  -1.911  -1.706  -1.350  -1.021  -0.740  -0.568  -0.105  -0.030
   6500.  3.50  -5.188  -4.637  -3.379  -2.871  -2.059  -1.928  -1.736  -1.373  -1.038  -0.753  -0.578  -0.107  -0.033
   6500.  4.00  -5.100  -4.529  -3.267  -2.782  -1.969  -1.944  -1.765  -1.394  -1.053  -0.763  -0.586  -0.109  -0.035
   6500.  4.50  -5.055  -4.467  -3.194  -2.717  -1.896  -1.961  -1.790  -1.412  -1.065  -0.771  -0.592  -0.110  -0.036
   6500.  5.00  -5.048  -4.446  -3.158  -2.678  -1.841  -1.977  -1.811  -1.425  -1.073  -0.776  -0.595  -0.108  -0.035
   6750.  0.50  -5.782  -5.392  -4.168  -3.410  -2.673  -1.661  -1.443  -1.172  -0.919  -0.700  -0.562  -0.185  -0.088
   6750.  1.00  -5.665  -5.258  -4.046  -3.339  -2.588  -1.689  -1.466  -1.191  -0.931  -0.705  -0.563  -0.175  -0.084
   6750.  1.50  -5.496  -5.071  -3.881  -3.236  -2.475  -1.729  -1.506  -1.216  -0.943  -0.708  -0.561  -0.162  -0.078
   6750.  2.00  -5.310  -4.868  -3.702  -3.116  -2.353  -1.766  -1.549  -1.243  -0.958  -0.714  -0.562  -0.153  -0.074
   6750.  2.50  -5.132  -4.673  -3.525  -2.992  -2.231  -1.792  -1.585  -1.271  -0.977  -0.725  -0.568  -0.148  -0.073
   6750.  3.00  -4.972  -4.496  -3.359  -2.871  -2.113  -1.815  -1.621  -1.299  -0.997  -0.738  -0.578  -0.147  -0.075
   6750.  3.50  -4.837  -4.343  -3.210  -2.757  -2.002  -1.836  -1.656  -1.326  -1.017  -0.752  -0.589  -0.148  -0.078
   6750.  4.00  -4.737  -4.226  -3.087  -2.658  -1.902  -1.856  -1.690  -1.352  -1.036  -0.766  -0.599  -0.150  -0.081
   6750.  4.50  -4.676  -4.149  -2.998  -2.579  -1.816  -1.874  -1.720  -1.374  -1.052  -0.777  -0.608  -0.151  -0.083
   6750.  5.00  -4.654  -4.114  -2.945  -2.524  -1.746  -1.890  -1.746  -1.392  -1.064  -0.785  -0.613  -0.151  -0.082
   7000.  0.50  -5.427  -5.061  -3.949  -3.265  -2.590  -1.556  -1.372  -1.132  -0.906  -0.709  -0.584  -0.241  -0.144
   7000.  1.00  -5.348  -4.970  -3.862  -3.217  -2.529  -1.581  -1.387  -1.146  -0.915  -0.713  -0.585  -0.232  -0.140
   7000.  1.50  -5.207  -4.816  -3.726  -3.133  -2.435  -1.615  -1.414  -1.165  -0.926  -0.718  -0.584  -0.220  -0.136
   7000.  2.00  -5.030  -4.625  -3.559  -3.025  -2.320  -1.661  -1.458  -1.193  -0.939  -0.720  -0.581  -0.207  -0.128
   7000.  2.50  -4.851  -4.432  -3.386  -2.905  -2.200  -1.703  -1.505  -1.223  -0.956  -0.728  -0.583  -0.197  -0.124
   7000.  3.00  -4.689  -4.254  -3.222  -2.784  -2.082  -1.734  -1.547  -1.254  -0.977  -0.740  -0.591  -0.192  -0.123
   7000.  3.50  -4.549  -4.099  -3.071  -2.667  -1.968  -1.762  -1.587  -1.285  -0.999  -0.755  -0.602  -0.191  -0.125
   7000.  4.00  -4.440  -3.973  -2.942  -2.562  -1.862  -1.786  -1.625  -1.315  -1.021  -0.770  -0.614  -0.193  -0.128
   7000.  4.50  -4.363  -3.883  -2.839  -2.472  -1.766  -1.807  -1.661  -1.342  -1.041  -0.785  -0.625  -0.195  -0.130
   7000.  5.00  -4.326  -3.833  -2.770  -2.404  -1.683  -1.825  -1.692  -1.365  -1.058  -0.796  -0.633  -0.196  -0.131
   7250.  0.50  -5.052  -4.708  -3.708  -3.110  -2.490  -1.485  -1.332  -1.110  -0.901  -0.719  -0.605  -0.291  -0.195
   7250.  1.00  -5.041  -4.688  -3.678  -3.096  -2.465  -1.495  -1.328  -1.114  -0.907  -0.725  -0.609  -0.287  -0.195
   7250.  1.50  -4.933  -4.569  -3.570  -3.031  -2.390  -1.528  -1.348  -1.129  -0.916  -0.729  -0.608  -0.276  -0.191
   7250.  2.00  -4.786  -4.411  -3.430  -2.940  -2.292  -1.567  -1.380  -1.151  -0.928  -0.733  -0.608  -0.265  -0.186
   7250.  2.50  -4.615  -4.227  -3.267  -2.829  -2.178  -1.618  -1.429  -1.182  -0.943  -0.737  -0.605  -0.251  -0.179
   7250.  3.00  -4.451  -4.050  -3.105  -2.711  -2.062  -1.664  -1.480  -1.215  -0.962  -0.746  -0.609  -0.241  -0.175
   7250.  3.50  -4.311  -3.894  -2.956  -2.595  -1.948  -1.699  -1.526  -1.249  -0.985  -0.760  -0.618  -0.238  -0.174
   7250.  4.00  -4.194  -3.763  -2.822  -2.486  -1.840  -1.729  -1.569  -1.282  -1.009  -0.777  -0.630  -0.237  -0.176
   7250.  4.50  -4.106  -3.661  -2.710  -2.389  -1.737  -1.754  -1.610  -1.314  -1.033  -0.794  -0.643  -0.239  -0.179
   7250.  5.00  -4.055  -3.598  -2.628  -2.310  -1.645  -1.775  -1.647  -1.342  -1.054  -0.808  -0.654  -0.241  -0.181
   7500.  0.50  -4.599  -4.269  -3.390  -2.906  -2.334  -1.472  -1.350  -1.123  -0.913  -0.732  -0.621  -0.325  -0.233
   7500.  1.00  -4.732  -4.395  -3.476  -2.962  -2.385  -1.432  -1.294  -1.099  -0.910  -0.743  -0.637  -0.340  -0.249
   7500.  1.50  -4.670  -4.326  -3.410  -2.924  -2.337  -1.458  -1.302  -1.106  -0.914  -0.745  -0.635  -0.332  -0.246
   7500.  2.00  -4.551  -4.198  -3.295  -2.852  -2.256  -1.497  -1.327  -1.123  -0.923  -0.748  -0.634  -0.320  -0.242
   7500.  2.50  -4.408  -4.046  -3.158  -2.758  -2.158  -1.542  -1.363  -1.148  -0.936  -0.753  -0.634  -0.309  -0.238
   7500.  3.00  -4.251  -3.876  -3.004  -2.647  -2.047  -1.597  -1.418  -1.182  -0.953  -0.758  -0.633  -0.295  -0.230
   7500.  3.50  -4.109  -3.719  -2.856  -2.533  -1.936  -1.644  -1.471  -1.218  -0.975  -0.770  -0.638  -0.287  -0.226
   7500.  4.00  -3.989  -3.585  -2.721  -2.424  -1.827  -1.681  -1.519  -1.254  -1.000  -0.786  -0.649  -0.284  -0.227
   7500.  4.50  -3.895  -3.477  -2.605  -2.323  -1.723  -1.712  -1.565  -1.289  -1.026  -0.804  -0.663  -0.285  -0.229
   7500.  5.00  -3.832  -3.402  -2.512  -2.236  -1.625  -1.736  -1.607  -1.322  -1.051  -0.822  -0.676  -0.287  -0.231
   7750.  1.00  -4.408  -4.081  -3.247  -2.809  -2.280  -1.400  -1.289  -1.103  -0.924  -0.765  -0.665  -0.389  -0.299
   7750.  1.50  -4.408  -4.074  -3.232  -2.804  -2.266  -1.409  -1.278  -1.099  -0.923  -0.767  -0.666  -0.385  -0.301
   7750.  2.00  -4.325  -3.984  -3.149  -2.752  -2.206  -1.444  -1.294  -1.110  -0.928  -0.768  -0.664  -0.375  -0.297
   7750.  2.50  -4.210  -3.862  -3.038  -2.677  -2.125  -1.487  -1.323  -1.129  -0.938  -0.772  -0.663  -0.364  -0.293
   7750.  3.00  -4.078  -3.722  -2.911  -2.586  -2.032  -1.536  -1.363  -1.156  -0.952  -0.778  -0.664  -0.353  -0.289
   7750.  3.50  -3.937  -3.570  -2.769  -2.479  -1.927  -1.593  -1.420  -1.192  -0.971  -0.785  -0.664  -0.341  -0.282
   7750.  4.00  -3.815  -3.434  -2.635  -2.370  -1.820  -1.639  -1.476  -1.230  -0.995  -0.799  -0.672  -0.334  -0.279
   7750.  4.50  -3.717  -3.322  -2.516  -2.269  -1.716  -1.677  -1.526  -1.268  -1.022  -0.817  -0.685  -0.332  -0.280
   7750.  5.00  -3.645  -3.237  -2.416  -2.177  -1.616  -1.706  -1.573  -1.305  -1.049  -0.836  -0.699  -0.333  -0.282
   8000.  1.00  -4.068  -3.742  -2.985  -2.630  -2.144  -1.402  -1.320  -1.132  -0.954  -0.796  -0.698  -0.431  -0.346
   8000.  1.50  -4.151  -3.823  -3.047  -2.676  -2.183  -1.378  -1.273  -1.106  -0.942  -0.795  -0.702  -0.438  -0.355
   8000.  2.00  -4.108  -3.774  -2.999  -2.648  -2.147  -1.405  -1.278  -1.109  -0.942  -0.794  -0.699  -0.430  -0.353
   8000.  2.50  -4.019  -3.680  -2.912  -2.590  -2.082  -1.446  -1.300  -1.123  -0.948  -0.796  -0.696  -0.419  -0.349
   8000.  3.00  -3.910  -3.566  -2.806  -2.514  -2.003  -1.494  -1.332  -1.145  -0.959  -0.800  -0.696  -0.408  -0.345
   8000.  3.50  -3.790  -3.438  -2.688  -2.425  -1.913  -1.547  -1.377  -1.174  -0.975  -0.808  -0.697  -0.398  -0.341
   8000.  4.00  -3.667  -3.304  -2.559  -2.323  -1.814  -1.602  -1.436  -1.212  -0.995  -0.816  -0.699  -0.387  -0.335
   8000.  4.50  -3.566  -3.189  -2.440  -2.222  -1.713  -1.647  -1.492  -1.252  -1.021  -0.832  -0.709  -0.382  -0.333
   8000.  5.00  -3.487  -3.097  -2.336  -2.129  -1.613  -1.682  -1.543  -1.291  -1.050  -0.852  -0.723  -0.381  -0.334
   8250.  1.00  -3.740  -3.408  -2.704  -2.428  -1.979  -1.434  -1.383  -1.190  -1.007  -0.842  -0.741  -0.471  -0.396
   8250.  1.50  -3.902  -3.577  -2.856  -2.541  -2.088  -1.371  -1.290  -1.129  -0.972  -0.830  -0.741  -0.490  -0.410
   8250.  2.00  -3.899  -3.570  -2.845  -2.539  -2.078  -1.382  -1.278  -1.121  -0.966  -0.827  -0.739  -0.486  -0.410
   8250.  2.50  -3.838  -3.505  -2.784  -2.499  -2.032  -1.418  -1.291  -1.129  -0.968  -0.826  -0.735  -0.476  -0.407
   8250.  3.00  -3.751  -3.413  -2.699  -2.439  -1.968  -1.464  -1.317  -1.145  -0.974  -0.828  -0.732  -0.465  -0.403
   8250.  3.50  -3.650  -3.308  -2.601  -2.366  -1.892  -1.514  -1.353  -1.168  -0.986  -0.834  -0.733  -0.455  -0.399
   8250.  4.00  -3.540  -3.192  -2.491  -2.279  -1.807  -1.569  -1.403  -1.201  -1.003  -0.842  -0.735  -0.445  -0.394
   8250.  4.50  -3.434  -3.074  -2.373  -2.181  -1.711  -1.621  -1.463  -1.240  -1.025  -0.853  -0.738  -0.435  -0.389
   8250.  5.00  -3.352  -2.978  -2.268  -2.087  -1.614  -1.663  -1.518  -1.281  -1.053  -0.870  -0.750  -0.431  -0.387
   8500.  1.50  -3.677  -3.352  -2.673  -2.410  -1.990  -1.384  -1.326  -1.167  -1.012  -0.872  -0.785  -0.541  -0.464
   8500.  2.00  -3.706  -3.379  -2.697  -2.432  -2.007  -1.376  -1.295  -1.146  -1.000  -0.867  -0.783  -0.543  -0.468
   8500.  2.50  -3.669  -3.338  -2.658  -2.408  -1.977  -1.403  -1.297  -1.146  -0.997  -0.864  -0.778  -0.534  -0.466
   8500.  3.00  -3.602  -3.268  -2.592  -2.362  -1.927  -1.444  -1.316  -1.157  -0.999  -0.863  -0.774  -0.523  -0.462
   8500.  3.50  -3.518  -3.182  -2.511  -2.302  -1.864  -1.493  -1.345  -1.175  -1.007  -0.866  -0.772  -0.513  -0.458
   8500.  4.00  -3.424  -3.085  -2.421  -2.230  -1.792  -1.545  -1.385  -1.201  -1.020  -0.873  -0.774  -0.503  -0.454
   8500.  4.50  -3.323  -2.977  -2.316  -2.145  -1.709  -1.600  -1.439  -1.235  -1.038  -0.880  -0.775  -0.492  -0.448
   8500.  5.00  -3.235  -2.876  -2.209  -2.052  -1.617  -1.648  -1.498  -1.275  -1.061  -0.893  -0.781  -0.484  -0.443
   8750.  1.50  -3.483  -3.158  -2.508  -2.287  -1.894  -1.409  -1.373  -1.214  -1.061  -0.920  -0.833  -0.592  -0.520
   8750.  2.00  -3.535  -3.211  -2.563  -2.334  -1.940  -1.386  -1.325  -1.182  -1.040  -0.911  -0.830  -0.599  -0.527
   8750.  2.50  -3.517  -3.190  -2.543  -2.324  -1.926  -1.402  -1.318  -1.175  -1.034  -0.907  -0.827  -0.594  -0.527
   8750.  3.00  -3.466  -3.136  -2.492  -2.289  -1.886  -1.437  -1.328  -1.180  -1.033  -0.905  -0.822  -0.584  -0.524
   8750.  3.50  -3.396  -3.064  -2.425  -2.239  -1.834  -1.482  -1.351  -1.193  -1.036  -0.905  -0.817  -0.573  -0.519
   8750.  4.00  -3.315  -2.981  -2.348  -2.179  -1.773  -1.533  -1.384  -1.213  -1.044  -0.908  -0.816  -0.562  -0.515
   8750.  4.50  -3.227  -2.891  -2.262  -2.109  -1.703  -1.586  -1.427  -1.241  -1.058  -0.915  -0.817  -0.552  -0.510
   8750.  5.00  -3.136  -2.790  -2.161  -2.022  -1.619  -1.637  -1.483  -1.276  -1.076  -0.922  -0.818  -0.540  -0.502
   9000.  1.50  -3.319  -2.993  -2.360  -2.172  -1.798  -1.439  -1.423  -1.266  -1.113  -0.971  -0.884  -0.645  -0.578
   9000.  2.00  -3.386  -3.066  -2.443  -2.245  -1.877  -1.406  -1.364  -1.223  -1.085  -0.958  -0.879  -0.654  -0.585
   9000.  2.50  -3.384  -3.061  -2.442  -2.250  -1.880  -1.415  -1.348  -1.212  -1.077  -0.954  -0.877  -0.653  -0.588
   9000.  3.00  -3.346  -3.020  -2.404  -2.224  -1.851  -1.444  -1.353  -1.213  -1.074  -0.951  -0.872  -0.645  -0.586
   9000.  3.50  -3.289  -2.960  -2.347  -2.183  -1.807  -1.484  -1.370  -1.221  -1.074  -0.949  -0.867  -0.635  -0.582
   9000.  4.00  -3.219  -2.888  -2.281  -2.131  -1.753  -1.531  -1.396  -1.236  -1.078  -0.950  -0.864  -0.623  -0.577
   9000.  4.50  -3.140  -2.809  -2.206  -2.070  -1.692  -1.581  -1.431  -1.257  -1.087  -0.953  -0.862  -0.613  -0.572
   9000.  5.00  -3.055  -2.721  -2.121  -1.998  -1.622  -1.632  -1.478  -1.286  -1.101  -0.960  -0.863  -0.602  -0.565
   9250.  2.00  -3.256  -2.939  -2.334  -2.162  -1.814  -1.432  -1.406  -1.268  -1.133  -1.007  -0.929  -0.709  -0.643
   9250.  2.50  -3.266  -2.948  -2.351  -2.182  -1.836  -1.434  -1.384  -1.253  -1.122  -1.003  -0.928  -0.711  -0.648
   9250.  3.00  -3.241  -2.920  -2.327  -2.168  -1.820  -1.458  -1.384  -1.251  -1.119  -1.000  -0.925  -0.707  -0.649
   9250.  3.50  -3.195  -2.871  -2.281  -2.135  -1.785  -1.495  -1.397  -1.256  -1.118  -0.998  -0.921  -0.698  -0.646
   9250.  4.00  -3.134  -2.808  -2.223  -2.090  -1.738  -1.538  -1.418  -1.267  -1.119  -0.997  -0.916  -0.687  -0.641
   9250.  4.50  -3.063  -2.736  -2.156  -2.035  -1.684  -1.586  -1.447  -1.284  -1.124  -0.998  -0.912  -0.675  -0.635
   9250.  5.00  -2.985  -2.658  -2.082  -1.973  -1.622  -1.635  -1.486  -1.307  -1.133  -1.002  -0.911  -0.664  -0.629
   9500.  2.00  -3.144  -2.828  -2.236  -2.085  -1.753  -1.461  -1.451  -1.315  -1.182  -1.057  -0.980  -0.763  -0.701
   9500.  2.50  -3.162  -2.848  -2.268  -2.119  -1.794  -1.459  -1.425  -1.296  -1.169  -1.052  -0.979  -0.768  -0.707
   9500.  3.00  -3.147  -2.831  -2.257  -2.117  -1.791  -1.479  -1.421  -1.292  -1.165  -1.051  -0.978  -0.767  -0.711
   9500.  3.50  -3.110  -2.792  -2.223  -2.093  -1.766  -1.512  -1.430  -1.296  -1.164  -1.049  -0.975  -0.760  -0.710
   9500.  4.00  -3.059  -2.738  -2.173  -2.055  -1.727  -1.553  -1.448  -1.305  -1.164  -1.048  -0.970  -0.751  -0.706
   9500.  4.50  -2.996  -2.673  -2.113  -2.007  -1.679  -1.599  -1.473  -1.318  -1.166  -1.047  -0.965  -0.739  -0.701
   9500.  5.00  -2.924  -2.602  -2.046  -1.950  -1.623  -1.647  -1.506  -1.336  -1.172  -1.048  -0.962  -0.728  -0.694
   9750.  2.00  -3.048  -2.732  -2.149  -2.016  -1.695  -1.491  -1.497  -1.363  -1.231  -1.107  -1.031  -0.817  -0.758
   9750.  2.50  -3.070  -2.759  -2.191  -2.061  -1.751  -1.487  -1.467  -1.342  -1.218  -1.102  -1.030  -0.824  -0.766
   9750.  3.00  -3.062  -2.751  -2.193  -2.069  -1.763  -1.504  -1.461  -1.336  -1.213  -1.101  -1.031  -0.826  -0.771
   9750.  3.50  -3.034  -2.721  -2.169  -2.054  -1.748  -1.534  -1.467  -1.339  -1.212  -1.101  -1.029  -0.822  -0.773
   9750.  4.00  -2.992  -2.676  -2.129  -2.024  -1.718  -1.573  -1.482  -1.346  -1.212  -1.100  -1.025  -0.814  -0.771
   9750.  4.50  -2.937  -2.619  -2.077  -1.983  -1.676  -1.617  -1.504  -1.357  -1.213  -1.098  -1.021  -0.803  -0.766
   9750.  5.00  -2.872  -2.554  -2.016  -1.932  -1.626  -1.663  -1.533  -1.372  -1.216  -1.098  -1.016  -0.792  -0.759
  10000.  2.00  -2.964  -2.649  -2.073  -1.955  -1.643  -1.523  -1.542  -1.410  -1.280  -1.157  -1.082  -0.870  -0.815
  10000.  2.50  -2.989  -2.680  -2.123  -2.007  -1.710  -1.517  -1.511  -1.388  -1.266  -1.152  -1.081  -0.879  -0.823
  10000.  3.00  -2.986  -2.678  -2.133  -2.023  -1.734  -1.532  -1.503  -1.381  -1.262  -1.152  -1.083  -0.883  -0.830
  10000.  3.50  -2.966  -2.657  -2.119  -2.018  -1.730  -1.560  -1.507  -1.383  -1.261  -1.152  -1.083  -0.882  -0.834
  10000.  4.00  -2.931  -2.620  -2.088  -1.996  -1.709  -1.597  -1.520  -1.389  -1.261  -1.152  -1.081  -0.876  -0.834
  10000.  4.50  -2.884  -2.571  -2.045  -1.961  -1.674  -1.640  -1.540  -1.399  -1.261  -1.151  -1.077  -0.867  -0.830
  10000.  5.00  -2.826  -2.513  -1.990  -1.916  -1.630  -1.685  -1.566  -1.412  -1.263  -1.150  -1.072  -0.856  -0.824
  10250.  2.00  -2.891  -2.576  -2.006  -1.901  -1.599  -1.555  -1.588  -1.458  -1.330  -1.208  -1.133  -0.924  -0.871
  10250.  2.50  -2.918  -2.611  -2.062  -1.959  -1.673  -1.548  -1.555  -1.434  -1.314  -1.202  -1.132  -0.933  -0.880
  10250.  3.00  -2.919  -2.615  -2.079  -1.982  -1.706  -1.562  -1.546  -1.427  -1.310  -1.202  -1.134  -0.939  -0.888
  10250.  3.50  -2.904  -2.599  -2.073  -1.984  -1.712  -1.588  -1.549  -1.429  -1.310  -1.204  -1.136  -0.940  -0.893
  10250.  4.00  -2.875  -2.569  -2.050  -1.969  -1.699  -1.623  -1.560  -1.434  -1.310  -1.204  -1.135  -0.937  -0.895
  10250.  4.50  -2.835  -2.528  -2.015  -1.942  -1.673  -1.664  -1.578  -1.443  -1.311  -1.204  -1.133  -0.930  -0.894
  10250.  5.00  -2.784  -2.476  -1.968  -1.903  -1.635  -1.708  -1.601  -1.454  -1.312  -1.203  -1.128  -0.920  -0.889
  10500.  2.00  -2.826  -2.511  -1.946  -1.853  -1.562  -1.588  -1.634  -1.506  -1.379  -1.258  -1.184  -0.978  -0.928
  10500.  2.50  -2.856  -2.550  -2.007  -1.916  -1.639  -1.580  -1.600  -1.481  -1.363  -1.251  -1.183  -0.987  -0.936
  10500.  3.00  -2.860  -2.558  -2.031  -1.945  -1.680  -1.593  -1.590  -1.474  -1.359  -1.252  -1.186  -0.994  -0.945
  10500.  3.50  -2.849  -2.547  -2.032  -1.952  -1.695  -1.618  -1.592  -1.474  -1.359  -1.255  -1.188  -0.997  -0.952
  10500.  4.00  -2.825  -2.523  -2.016  -1.944  -1.690  -1.651  -1.602  -1.480  -1.360  -1.256  -1.189  -0.996  -0.956
  10500.  4.50  -2.791  -2.488  -1.987  -1.923  -1.671  -1.691  -1.618  -1.488  -1.361  -1.257  -1.188  -0.991  -0.956
  10500.  5.00  -2.746  -2.442  -1.947  -1.891  -1.640  -1.734  -1.639  -1.498  -1.361  -1.256  -1.184  -0.982  -0.952
  10750.  2.00  -2.768  -2.452  -1.893  -1.812  -1.531  -1.622  -1.681  -1.554  -1.428  -1.309  -1.236  -1.031  -0.984
  10750.  2.50  -2.800  -2.496  -1.959  -1.877  -1.611  -1.613  -1.645  -1.527  -1.411  -1.301  -1.233  -1.040  -0.992
  10750.  3.00  -2.807  -2.508  -1.987  -1.911  -1.656  -1.625  -1.634  -1.520  -1.407  -1.302  -1.236  -1.048  -1.001
  10750.  3.50  -2.800  -2.501  -1.994  -1.924  -1.678  -1.649  -1.635  -1.521  -1.408  -1.305  -1.240  -1.053  -1.009
  10750.  4.00  -2.781  -2.482  -1.984  -1.922  -1.681  -1.681  -1.645  -1.526  -1.409  -1.308  -1.243  -1.054  -1.015
  10750.  4.50  -2.751  -2.452  -1.962  -1.906  -1.669  -1.719  -1.659  -1.534  -1.411  -1.309  -1.242  -1.051  -1.016
  10750.  5.00  -2.711  -2.411  -1.928  -1.880  -1.644  -1.762  -1.679  -1.543  -1.411  -1.309  -1.239  -1.044  -1.014
  11000.  2.00  -2.715  -2.398  -1.846  -1.776  -1.508  -1.656  -1.727  -1.601  -1.478  -1.359  -1.287  -1.085  -1.040
  11000.  2.50  -2.751  -2.447  -1.915  -1.844  -1.587  -1.646  -1.690  -1.574  -1.460  -1.351  -1.284  -1.093  -1.047
  11000.  3.00  -2.761  -2.463  -1.948  -1.881  -1.635  -1.658  -1.678  -1.566  -1.455  -1.351  -1.287  -1.102  -1.057
  11000.  3.50  -2.756  -2.460  -1.959  -1.898  -1.663  -1.682  -1.679  -1.567  -1.456  -1.355  -1.292  -1.108  -1.066
  11000.  4.00  -2.740  -2.445  -1.955  -1.901  -1.672  -1.713  -1.688  -1.572  -1.458  -1.359  -1.295  -1.110  -1.072
  11000.  4.50  -2.715  -2.419  -1.939  -1.891  -1.667  -1.749  -1.702  -1.580  -1.460  -1.361  -1.296  -1.109  -1.076
  11000.  5.00  -2.680  -2.384  -1.911  -1.870  -1.648  -1.790  -1.720  -1.589  -1.461  -1.362  -1.294  -1.104  -1.075
  11250.  2.00  -2.668  -2.349  -1.805  -1.746  -1.492  -1.691  -1.773  -1.649  -1.527  -1.410  -1.339  -1.139  -1.097
  11250.  2.50  -2.707  -2.403  -1.877  -1.815  -1.569  -1.680  -1.735  -1.621  -1.508  -1.400  -1.334  -1.146  -1.102
  11250.  3.00  -2.719  -2.422  -1.914  -1.854  -1.618  -1.691  -1.723  -1.612  -1.504  -1.401  -1.337  -1.155  -1.112
  11250.  3.50  -2.717  -2.423  -1.929  -1.875  -1.649  -1.714  -1.723  -1.613  -1.504  -1.405  -1.342  -1.161  -1.121
  11250.  4.00  -2.704  -2.412  -1.929  -1.882  -1.664  -1.744  -1.731  -1.618  -1.507  -1.409  -1.347  -1.166  -1.129
  11250.  4.50  -2.683  -2.390  -1.918  -1.877  -1.665  -1.780  -1.744  -1.626  -1.510  -1.412  -1.349  -1.166  -1.133
  11250.  5.00  -2.652  -2.360  -1.895  -1.861  -1.652  -1.820  -1.762  -1.635  -1.511  -1.414  -1.348  -1.162  -1.134
  11500.  2.00  -2.625  -2.305  -1.770  -1.720  -1.480  -1.727  -1.819  -1.697  -1.577  -1.460  -1.390  -1.193  -1.152
  11500.  2.50  -2.667  -2.363  -1.844  -1.790  -1.555  -1.715  -1.779  -1.667  -1.556  -1.450  -1.385  -1.199  -1.157
  11500.  3.00  -2.682  -2.386  -1.883  -1.832  -1.605  -1.725  -1.767  -1.659  -1.551  -1.450  -1.387  -1.207  -1.166
  11500.  3.50  -2.682  -2.390  -1.902  -1.855  -1.638  -1.748  -1.767  -1.659  -1.552  -1.454  -1.392  -1.215  -1.176
  11500.  4.00  -2.672  -2.382  -1.906  -1.865  -1.657  -1.777  -1.775  -1.664  -1.555  -1.459  -1.397  -1.220  -1.184
  11500.  4.50  -2.654  -2.364  -1.899  -1.864  -1.662  -1.811  -1.788  -1.672  -1.558  -1.463  -1.401  -1.222  -1.190
  11500.  5.00  -2.627  -2.338  -1.881  -1.852  -1.655  -1.850  -1.804  -1.681  -1.561  -1.465  -1.401  -1.220  -1.192
  11750.  2.00  -2.586  -2.265  -1.739  -1.699  -1.473  -1.763  -1.865  -1.744  -1.626  -1.511  -1.441  -1.247  -1.208
  11750.  2.50  -2.631  -2.327  -1.815  -1.770  -1.547  -1.750  -1.824  -1.714  -1.605  -1.499  -1.435  -1.252  -1.212
  11750.  3.00  -2.649  -2.354  -1.856  -1.812  -1.596  -1.760  -1.811  -1.705  -1.599  -1.499  -1.437  -1.260  -1.220
  11750.  3.50  -2.652  -2.361  -1.878  -1.838  -1.629  -1.781  -1.811  -1.705  -1.600  -1.503  -1.442  -1.267  -1.230
  11750.  4.00  -2.644  -2.356  -1.885  -1.850  -1.651  -1.810  -1.819  -1.710  -1.603  -1.508  -1.448  -1.273  -1.239
  11750.  4.50  -2.628  -2.341  -1.881  -1.853  -1.661  -1.844  -1.831  -1.718  -1.607  -1.513  -1.452  -1.276  -1.245
  11750.  5.00  -2.604  -2.318  -1.868  -1.845  -1.659  -1.881  -1.847  -1.727  -1.609  -1.516  -1.453  -1.276  -1.249
  12000.  2.50  -2.599  -2.294  -1.790  -1.753  -1.542  -1.785  -1.869  -1.760  -1.653  -1.548  -1.485  -1.305  -1.266
  12000.  3.00  -2.620  -2.325  -1.833  -1.797  -1.590  -1.794  -1.856  -1.751  -1.647  -1.548  -1.487  -1.312  -1.274
  12000.  3.50  -2.625  -2.335  -1.857  -1.823  -1.624  -1.815  -1.856  -1.751  -1.648  -1.552  -1.492  -1.319  -1.284
  12000.  4.00  -2.619  -2.332  -1.867  -1.838  -1.647  -1.844  -1.863  -1.756  -1.651  -1.557  -1.497  -1.325  -1.293
  12000.  4.50  -2.605  -2.320  -1.866  -1.843  -1.660  -1.876  -1.875  -1.763  -1.655  -1.562  -1.502  -1.329  -1.300
  12000.  5.00  -2.584  -2.300  -1.856  -1.839  -1.662  -1.912  -1.890  -1.772  -1.658  -1.566  -1.505  -1.330  -1.304
  12250.  2.50  -2.570  -2.265  -1.769  -1.740  -1.541  -1.821  -1.913  -1.806  -1.700  -1.597  -1.535  -1.357  -1.320
  12250.  3.00  -2.593  -2.299  -1.814  -1.784  -1.588  -1.829  -1.900  -1.796  -1.694  -1.596  -1.536  -1.364  -1.328
  12250.  3.50  -2.601  -2.312  -1.839  -1.812  -1.621  -1.850  -1.899  -1.796  -1.695  -1.600  -1.541  -1.371  -1.337
  12250.  4.00  -2.597  -2.312  -1.851  -1.828  -1.645  -1.877  -1.906  -1.801  -1.698  -1.605  -1.547  -1.377  -1.346
  12250.  4.50  -2.585  -2.302  -1.854  -1.835  -1.660  -1.909  -1.918  -1.809  -1.702  -1.611  -1.552  -1.382  -1.353
  12250.  5.00  -2.566  -2.285  -1.847  -1.834  -1.666  -1.945  -1.933  -1.818  -1.706  -1.615  -1.555  -1.384  -1.359
  12500.  2.50  -2.544  -2.239  -1.752  -1.729  -1.543  -1.856  -1.957  -1.852  -1.747  -1.646  -1.584  -1.409  -1.373
  12500.  3.00  -2.570  -2.276  -1.798  -1.774  -1.589  -1.865  -1.944  -1.842  -1.741  -1.645  -1.586  -1.415  -1.381
  12500.  3.50  -2.579  -2.292  -1.825  -1.803  -1.622  -1.885  -1.943  -1.842  -1.742  -1.648  -1.590  -1.422  -1.389
  12500.  4.00  -2.577  -2.294  -1.839  -1.821  -1.646  -1.911  -1.950  -1.847  -1.745  -1.653  -1.596  -1.429  -1.398
  12500.  4.50  -2.567  -2.287  -1.843  -1.829  -1.662  -1.943  -1.961  -1.854  -1.749  -1.659  -1.601  -1.434  -1.406
  12500.  5.00  -2.550  -2.272  -1.839  -1.830  -1.671  -1.977  -1.976  -1.863  -1.753  -1.664  -1.605  -1.436  -1.412
  12750.  2.50  -2.521  -2.217  -1.737  -1.722  -1.548  -1.892  -2.001  -1.897  -1.794  -1.694  -1.633  -1.460  -1.426
  12750.  3.00  -2.549  -2.256  -1.785  -1.768  -1.593  -1.900  -1.987  -1.887  -1.788  -1.693  -1.635  -1.467  -1.433
  12750.  3.50  -2.561  -2.274  -1.813  -1.797  -1.625  -1.919  -1.987  -1.887  -1.788  -1.696  -1.639  -1.474  -1.442
  12750.  4.00  -2.561  -2.279  -1.828  -1.815  -1.649  -1.946  -1.993  -1.891  -1.792  -1.701  -1.644  -1.480  -1.450
  12750.  4.50  -2.552  -2.274  -1.834  -1.825  -1.666  -1.976  -2.004  -1.899  -1.796  -1.707  -1.649  -1.485  -1.458
  12750.  5.00  -2.537  -2.261  -1.832  -1.828  -1.676  -2.010  -2.018  -1.907  -1.800  -1.712  -1.654  -1.488  -1.465
  13000.  2.50  -2.500  -2.197  -1.725  -1.716  -1.554  -1.928  -2.044  -1.941  -1.840  -1.741  -1.682  -1.511  -1.478
  13000.  3.00  -2.531  -2.238  -1.774  -1.763  -1.599  -1.936  -2.031  -1.932  -1.834  -1.740  -1.683  -1.518  -1.485
  13000.  3.50  -2.544  -2.259  -1.804  -1.793  -1.631  -1.955  -2.030  -1.932  -1.835  -1.743  -1.687  -1.524  -1.494
  13000.  4.00  -2.546  -2.265  -1.820  -1.812  -1.654  -1.980  -2.036  -1.936  -1.838  -1.748  -1.692  -1.530  -1.502
  13000.  4.50  -2.539  -2.262  -1.828  -1.823  -1.672  -2.010  -2.047  -1.943  -1.842  -1.754  -1.698  -1.536  -1.510
  13000.  5.00  -2.526  -2.251  -1.828  -1.827  -1.683  -2.043  -2.061  -1.952  -1.846  -1.759  -1.702  -1.539  -1.516
  14000.  2.00  -2.372  -2.052  -1.604  -1.621  -1.506  -2.080  -2.258  -2.148  -2.041  -1.936  -1.874  -1.701  -1.674
  14000.  2.50  -2.439  -2.139  -1.699  -1.711  -1.592  -2.067  -2.212  -2.114  -2.019  -1.924  -1.869  -1.708  -1.679
  14000.  3.00  -2.478  -2.189  -1.754  -1.763  -1.641  -2.076  -2.199  -2.106  -2.015  -1.925  -1.872  -1.716  -1.687
  14000.  3.50  -2.498  -2.216  -1.787  -1.796  -1.672  -2.094  -2.199  -2.106  -2.016  -1.929  -1.876  -1.722  -1.696
  14000.  4.00  -2.506  -2.230  -1.808  -1.817  -1.694  -2.118  -2.205  -2.111  -2.019  -1.934  -1.881  -1.728  -1.703
  14000.  4.50  -2.506  -2.234  -1.819  -1.830  -1.710  -2.146  -2.215  -2.118  -2.023  -1.939  -1.886  -1.733  -1.711
  14000.  5.00  -2.497  -2.229  -1.824  -1.838  -1.723  -2.176  -2.228  -2.126  -2.027  -1.944  -1.890  -1.737  -1.717
  15000.  2.50  -2.403  -2.106  -1.694  -1.721  -1.641  -2.199  -2.369  -2.276  -2.186  -2.096  -2.044  -1.892  -1.867
  15000.  3.00  -2.451  -2.165  -1.758  -1.782  -1.698  -2.212  -2.359  -2.271  -2.185  -2.100  -2.050  -1.903  -1.879
  15000.  3.50  -2.475  -2.198  -1.796  -1.819  -1.731  -2.231  -2.360  -2.273  -2.188  -2.106  -2.056  -1.911  -1.888
  15000.  4.00  -2.489  -2.218  -1.819  -1.843  -1.753  -2.255  -2.367  -2.279  -2.192  -2.111  -2.062  -1.917  -1.896
  15000.  4.50  -2.494  -2.227  -1.834  -1.858  -1.769  -2.281  -2.378  -2.286  -2.197  -2.117  -2.067  -1.922  -1.903
  15000.  5.00  -2.490  -2.227  -1.840  -1.866  -1.780  -2.308  -2.390  -2.293  -2.200  -2.121  -2.071  -1.925  -1.908
  16000.  2.50  -2.381  -2.087  -1.699  -1.739  -1.691  -2.322  -2.516  -2.427  -2.341  -2.255  -2.206  -2.064  -2.042
  16000.  3.00  -2.439  -2.158  -1.775  -1.811  -1.759  -2.340  -2.510  -2.426  -2.345  -2.265  -2.218  -2.079  -2.058
  16000.  3.50  -2.469  -2.197  -1.818  -1.853  -1.798  -2.362  -2.513  -2.431  -2.351  -2.273  -2.227  -2.090  -2.069
  16000.  4.00  -2.487  -2.220  -1.845  -1.880  -1.822  -2.386  -2.521  -2.438  -2.356  -2.280  -2.233  -2.097  -2.078
  16000.  4.50  -2.497  -2.235  -1.863  -1.898  -1.839  -2.412  -2.533  -2.446  -2.362  -2.286  -2.239  -2.102  -2.085
  16000.  5.00  -2.496  -2.239  -1.872  -1.908  -1.849  -2.438  -2.545  -2.454  -2.366  -2.291  -2.243  -2.106  -2.091
  17000.  2.50  -2.369  -2.078  -1.710  -1.759  -1.739  -2.436  -2.653  -2.567  -2.485  -2.403  -2.356  -2.221  -2.203
  17000.  3.00  -2.437  -2.159  -1.798  -1.844  -1.821  -2.460  -2.650  -2.571  -2.495  -2.418  -2.374  -2.244  -2.225
  17000.  3.50  -2.474  -2.206  -1.849  -1.894  -1.867  -2.486  -2.657  -2.579  -2.504  -2.430  -2.387  -2.258  -2.240
  17000.  4.00  -2.494  -2.233  -1.879  -1.924  -1.894  -2.511  -2.666  -2.587  -2.511  -2.438  -2.395  -2.266  -2.250
  17000.  4.50  -2.509  -2.252  -1.901  -1.946  -1.914  -2.538  -2.680  -2.598  -2.519  -2.446  -2.403  -2.273  -2.258
  17000.  5.00  -2.513  -2.261  -1.913  -1.958  -1.925  -2.565  -2.693  -2.607  -2.524  -2.452  -2.408  -2.277  -2.264
  18000.  2.50  -2.364  -2.075  -1.725  -1.781  -1.782  -2.541  -2.782  -2.698  -2.618  -2.538  -2.494  -2.366  -2.350
  18000.  3.00  -2.440  -2.166  -1.824  -1.878  -1.880  -2.572  -2.781  -2.705  -2.633  -2.560  -2.519  -2.397  -2.380
  18000.  3.50  -2.486  -2.222  -1.883  -1.936  -1.935  -2.602  -2.792  -2.718  -2.647  -2.576  -2.536  -2.415  -2.399
  18000.  4.00  -2.508  -2.252  -1.917  -1.970  -1.966  -2.628  -2.802  -2.728  -2.656  -2.587  -2.547  -2.426  -2.411
  18000.  4.50  -2.527  -2.275  -1.943  -1.995  -1.989  -2.658  -2.818  -2.740  -2.666  -2.597  -2.556  -2.434  -2.421
  18000.  5.00  -2.536  -2.288  -1.959  -2.012  -2.003  -2.685  -2.834  -2.751  -2.673  -2.605  -2.563  -2.440  -2.428
  19000.  2.50  -2.365  -2.078  -1.742  -1.804  -1.822  -2.640  -2.904  -2.820  -2.742  -2.664  -2.620  -2.497  -2.483
  19000.  3.00  -2.447  -2.176  -1.850  -1.912  -1.934  -2.675  -2.903  -2.830  -2.761  -2.691  -2.653  -2.538  -2.524
  19000.  3.50  -2.501  -2.241  -1.919  -1.979  -2.000  -2.711  -2.918  -2.848  -2.781  -2.714  -2.676  -2.562  -2.549
  19000.  4.00  -2.528  -2.275  -1.958  -2.017  -2.036  -2.740  -2.931  -2.860  -2.793  -2.727  -2.690  -2.576  -2.563
  19000.  4.50  -2.549  -2.301  -1.986  -2.046  -2.062  -2.770  -2.948  -2.874  -2.804  -2.739  -2.701  -2.586  -2.575
  19000.  5.00  -2.563  -2.320  -2.007  -2.066  -2.080  -2.799  -2.966  -2.888  -2.814  -2.749  -2.710  -2.593  -2.583
  20000.  3.00  -2.456  -2.189  -1.878  -1.944  -1.985  -2.771  -3.017  -2.946  -2.880  -2.812  -2.776  -2.667  -2.656
  20000.  3.50  -2.519  -2.262  -1.955  -2.021  -2.061  -2.813  -3.037  -2.969  -2.906  -2.841  -2.807  -2.699  -2.688
  20000.  4.00  -2.551  -2.302  -1.999  -2.065  -2.103  -2.845  -3.052  -2.985  -2.921  -2.859  -2.824  -2.716  -2.706
  20000.  4.50  -2.573  -2.329  -2.030  -2.095  -2.131  -2.875  -3.070  -3.000  -2.934  -2.872  -2.836  -2.728  -2.718
  20000.  5.00  -2.591  -2.352  -2.055  -2.120  -2.153  -2.907  -3.090  -3.016  -2.946  -2.884  -2.848  -2.737  -2.729
  21000.  3.00  -2.468  -2.203  -1.906  -1.977  -2.033  -2.860  -3.125  -3.056  -2.991  -2.926  -2.891  -2.787  -2.777
  21000.  3.50  -2.537  -2.283  -1.991  -2.062  -2.118  -2.908  -3.148  -3.083  -3.022  -2.960  -2.928  -2.826  -2.817
  21000.  4.00  -2.576  -2.330  -2.041  -2.112  -2.167  -2.944  -3.167  -3.102  -3.042  -2.982  -2.950  -2.848  -2.840
  21000.  4.50  -2.599  -2.359  -2.073  -2.143  -2.198  -2.974  -3.185  -3.118  -3.056  -2.997  -2.964  -2.862  -2.854
  21000.  5.00  -2.620  -2.384  -2.101  -2.171  -2.223  -3.007  -3.206  -3.136  -3.070  -3.011  -2.977  -2.873  -2.866
  22000.  3.00  -2.481  -2.222  -1.938  -2.012  -2.081  -2.946  -3.227  -3.159  -3.097  -3.033  -3.000  -2.899  -2.891
  22000.  3.50  -2.556  -2.306  -2.027  -2.101  -2.173  -2.997  -3.252  -3.189  -3.131  -3.072  -3.041  -2.945  -2.937
  22000.  4.00  -2.602  -2.359  -2.083  -2.157  -2.229  -3.037  -3.275  -3.213  -3.155  -3.098  -3.067  -2.972  -2.965
  22000.  4.50  -2.627  -2.390  -2.116  -2.190  -2.261  -3.068  -3.293  -3.229  -3.171  -3.114  -3.083  -2.987  -2.981
  22000.  5.00  -2.648  -2.417  -2.146  -2.220  -2.289  -3.102  -3.316  -3.248  -3.187  -3.130  -3.098  -3.000  -2.995
  23000.  3.00  -2.497  -2.244  -1.972  -2.051  -2.133  -3.028  -3.325  -3.259  -3.199  -3.136  -3.105  -3.007  -3.000
  23000.  3.50  -2.575  -2.329  -2.063  -2.140  -2.225  -3.081  -3.351  -3.290  -3.234  -3.176  -3.147  -3.055  -3.049
  23000.  4.00  -2.628  -2.388  -2.124  -2.202  -2.287  -3.125  -3.378  -3.317  -3.262  -3.207  -3.178  -3.088  -3.082
  23000.  4.50  -2.657  -2.422  -2.161  -2.238  -2.323  -3.158  -3.397  -3.336  -3.280  -3.225  -3.197  -3.106  -3.101
  23000.  5.00  -2.677  -2.449  -2.189  -2.267  -2.351  -3.190  -3.419  -3.354  -3.296  -3.242  -3.212  -3.120  -3.116
  24000.  3.00  -2.513  -2.268  -2.008  -2.089  -2.184  -3.106  -3.416  -3.352  -3.294  -3.234  -3.204  -3.111  -3.105
  24000.  3.50  -2.595  -2.354  -2.100  -2.181  -2.279  -3.161  -3.445  -3.386  -3.332  -3.276  -3.249  -3.161  -3.156
  24000.  4.00  -2.653  -2.418  -2.165  -2.246  -2.344  -3.208  -3.474  -3.416  -3.363  -3.310  -3.283  -3.196  -3.192
  24000.  4.50  -2.686  -2.456  -2.205  -2.286  -2.383  -3.244  -3.496  -3.437  -3.383  -3.331  -3.304  -3.218  -3.214
  24000.  5.00  -2.707  -2.481  -2.233  -2.314  -2.411  -3.275  -3.517  -3.455  -3.399  -3.347  -3.320  -3.232  -3.229
  25000.  3.00  -2.533  -2.294  -2.041  -2.126  -2.229  -3.177  -3.500  -3.438  -3.382  -3.323  -3.294  -3.205  -3.200
  25000.  3.50  -2.614  -2.380  -2.137  -2.222  -2.332  -3.238  -3.534  -3.477  -3.426  -3.372  -3.346  -3.263  -3.258
  25000.  4.00  -2.677  -2.446  -2.205  -2.289  -2.399  -3.287  -3.566  -3.510  -3.459  -3.408  -3.382  -3.300  -3.296
  25000.  4.50  -2.715  -2.489  -2.249  -2.332  -2.441  -3.325  -3.590  -3.533  -3.482  -3.431  -3.406  -3.324  -3.321
  25000.  5.00  -2.737  -2.514  -2.276  -2.360  -2.469  -3.356  -3.611  -3.551  -3.498  -3.448  -3.422  -3.339  -3.337
  26000.  3.00  -2.561  -2.327  -2.078  -2.165  -2.271  -3.245  -3.580  -3.519  -3.465  -3.405  -3.377  -3.288  -3.285
  26000.  3.50  -2.632  -2.405  -2.173  -2.261  -2.383  -3.309  -3.616  -3.562  -3.513  -3.462  -3.438  -3.359  -3.356
  26000.  4.00  -2.700  -2.475  -2.245  -2.332  -2.454  -3.363  -3.653  -3.598  -3.550  -3.501  -3.477  -3.399  -3.396
  26000.  4.50  -2.743  -2.521  -2.291  -2.378  -2.499  -3.403  -3.680  -3.625  -3.576  -3.527  -3.503  -3.425  -3.423
  26000.  5.00  -2.767  -2.548  -2.320  -2.406  -2.527  -3.433  -3.701  -3.643  -3.593  -3.544  -3.520  -3.441  -3.440
  27000.  3.50  -2.650  -2.429  -2.205  -2.296  -2.429  -3.374  -3.692  -3.640  -3.594  -3.545  -3.523  -3.448  -3.446
  27000.  4.00  -2.721  -2.502  -2.282  -2.372  -2.506  -3.433  -3.734  -3.682  -3.636  -3.589  -3.567  -3.493  -3.492
  27000.  4.50  -2.768  -2.551  -2.332  -2.421  -2.554  -3.476  -3.764  -3.711  -3.664  -3.618  -3.596  -3.521  -3.521
  27000.  5.00  -2.796  -2.582  -2.363  -2.452  -2.584  -3.508  -3.786  -3.731  -3.683  -3.637  -3.614  -3.539  -3.539
  28000.  3.50  -2.672  -2.455  -2.237  -2.329  -2.469  -3.434  -3.762  -3.711  -3.668  -3.621  -3.600  -3.529  -3.528
  28000.  4.00  -2.740  -2.527  -2.316  -2.409  -2.553  -3.498  -3.808  -3.759  -3.716  -3.671  -3.651  -3.582  -3.581
  28000.  4.50  -2.791  -2.580  -2.370  -2.462  -2.605  -3.545  -3.842  -3.792  -3.748  -3.703  -3.683  -3.613  -3.613
  28000.  5.00  -2.823  -2.613  -2.404  -2.495  -2.638  -3.579  -3.867  -3.814  -3.768  -3.724  -3.703  -3.632  -3.633
  29000.  3.50  -2.702  -2.489  -2.273  -2.367  -2.510  -3.493  -3.830  -3.781  -3.740  -3.693  -3.673  -3.604  -3.604
  29000.  4.00  -2.759  -2.551  -2.348  -2.442  -2.596  -3.557  -3.876  -3.830  -3.790  -3.747  -3.729  -3.663  -3.664
  29000.  4.50  -2.812  -2.606  -2.405  -2.499  -2.653  -3.608  -3.915  -3.867  -3.826  -3.783  -3.764  -3.699  -3.700
  29000.  5.00  -2.847  -2.641  -2.442  -2.535  -2.688  -3.644  -3.942  -3.892  -3.849  -3.806  -3.787  -3.720  -3.722
  30000.  3.50  -2.746  -2.534  -2.319  -2.413  -2.557  -3.556  -3.901  -3.853  -3.814  -3.766  -3.747  -3.677  -3.678
  30000.  4.00  -2.783  -2.579  -2.379  -2.476  -2.636  -3.613  -3.941  -3.896  -3.859  -3.818  -3.801  -3.739  -3.740
  30000.  4.50  -2.833  -2.631  -2.437  -2.533  -2.696  -3.666  -3.981  -3.936  -3.898  -3.857  -3.840  -3.778  -3.780
  30000.  5.00  -2.869  -2.668  -2.476  -2.572  -2.734  -3.705  -4.011  -3.964  -3.923  -3.883  -3.865  -3.802  -3.805
  31000.  3.50  -2.802  -2.591  -2.376  -2.471  -2.615  -3.626  -3.978  -3.931  -3.892  -3.844  -3.825  -3.754  -3.754
  31000.  4.00  -2.815  -2.612  -2.415  -2.513  -2.677  -3.669  -4.005  -3.962  -3.927  -3.886  -3.871  -3.810  -3.812
  31000.  4.50  -2.857  -2.658  -2.469  -2.567  -2.737  -3.720  -4.045  -4.001  -3.966  -3.927  -3.911  -3.853  -3.855
  31000.  5.00  -2.892  -2.695  -2.508  -2.606  -2.777  -3.761  -4.076  -4.031  -3.993  -3.954  -3.938  -3.879  -3.882
  32000.  4.00  -2.855  -2.654  -2.457  -2.556  -2.723  -3.727  -4.070  -4.028  -3.995  -3.955  -3.941  -3.881  -3.883
  32000.  4.50  -2.886  -2.689  -2.503  -2.602  -2.778  -3.774  -4.106  -4.065  -4.031  -3.994  -3.980  -3.923  -3.926
  32000.  5.00  -2.918  -2.723  -2.541  -2.641  -2.818  -3.814  -4.138  -4.095  -4.060  -4.023  -4.008  -3.952  -3.955
  33000.  4.00  -2.905  -2.704  -2.508  -2.607  -2.775  -3.790  -4.139  -4.099  -4.067  -4.027  -4.013  -3.953  -3.956
  33000.  4.50  -2.923  -2.727  -2.541  -2.642  -2.820  -3.829  -4.167  -4.128  -4.097  -4.060  -4.047  -3.992  -3.996
  33000.  5.00  -2.948  -2.756  -2.576  -2.677  -2.859  -3.866  -4.198  -4.157  -4.124  -4.088  -4.075  -4.021  -4.025
  34000.  4.00  -2.963  -2.762  -2.566  -2.666  -2.834  -3.858  -4.212  -4.172  -4.142  -4.102  -4.088  -4.027  -4.030
  34000.  4.50  -2.968  -2.772  -2.587  -2.688  -2.869  -3.887  -4.232  -4.193  -4.164  -4.128  -4.116  -4.061  -4.066
  34000.  5.00  -2.986  -2.794  -2.615  -2.717  -2.903  -3.920  -4.258  -4.219  -4.188  -4.153  -4.141  -4.089  -4.093
  35000.  4.00  -3.026  -2.826  -2.630  -2.730  -2.899  -3.930  -4.288  -4.249  -4.220  -4.179  -4.166  -4.104  -4.107
  35000.  4.50  -3.020  -2.824  -2.639  -2.741  -2.922  -3.949  -4.299  -4.262  -4.234  -4.198  -4.187  -4.132  -4.136
  35000.  5.00  -3.030  -2.838  -2.660  -2.763  -2.951  -3.977  -4.321  -4.283  -4.254  -4.220  -4.209  -4.157  -4.162
  36000.  4.00  -3.093  -2.893  -2.698  -2.798  -2.969  -4.005  -4.366  -4.328  -4.301  -4.260  -4.247  -4.184  -4.187
  36000.  4.50  -3.077  -2.881  -2.696  -2.798  -2.981  -4.015  -4.369  -4.333  -4.307  -4.270  -4.260  -4.204  -4.208
  36000.  5.00  -3.081  -2.888  -2.710  -2.813  -3.003  -4.037  -4.385  -4.349  -4.322  -4.288  -4.278  -4.226  -4.231
  37000.  4.00  -3.163  -2.963  -2.769  -2.869  -3.042  -4.083  -4.446  -4.409  -4.382  -4.342  -4.330  -4.266  -4.269
  37000.  4.50  -3.139  -2.943  -2.758  -2.861  -3.044  -4.084  -4.441  -4.406  -4.382  -4.345  -4.335  -4.278  -4.283
  37000.  5.00  -3.136  -2.943  -2.765  -2.868  -3.059  -4.100  -4.452  -4.417  -4.392  -4.358  -4.348  -4.295  -4.301
  38000.  4.00  -3.233  -3.033  -2.840  -2.941  -3.115  -4.160  -4.526  -4.489  -4.464  -4.424  -4.412  -4.348  -4.352
  38000.  4.50  -3.203  -3.007  -2.823  -2.926  -3.112  -4.156  -4.516  -4.482  -4.459  -4.422  -4.413  -4.355  -4.360
  38000.  5.00  -3.196  -3.003  -2.824  -2.928  -3.120  -4.166  -4.522  -4.487  -4.464  -4.430  -4.421  -4.367  -4.373
  39000.  4.00  -3.302  -3.104  -2.912  -3.013  -3.189  -4.237  -4.605  -4.569  -4.544  -4.504  -4.493  -4.430  -4.433
  39000.  4.50  -3.269  -3.073  -2.890  -2.994  -3.181  -4.230  -4.592  -4.558  -4.536  -4.500  -4.492  -4.433  -4.438
  39000.  5.00  -3.259  -3.065  -2.886  -2.991  -3.184  -4.235  -4.593  -4.560  -4.538  -4.504  -4.496  -4.441  -4.447
  40000.  4.50  -3.335  -3.140  -2.958  -3.062  -3.251  -4.303  -4.667  -4.634  -4.614  -4.578  -4.570  -4.512  -4.517
  40000.  5.00  -3.323  -3.129  -2.951  -3.056  -3.251  -4.306  -4.666  -4.633  -4.613  -4.579  -4.572  -4.516  -4.522
  41000.  4.50  -3.401  -3.206  -3.025  -3.129  -3.320  -4.376  -4.742  -4.710  -4.691  -4.655  -4.648  -4.590  -4.595
  41000.  5.00  -3.387  -3.194  -3.017  -3.122  -3.318  -4.377  -4.739  -4.707  -4.688  -4.655  -4.648  -4.592  -4.599
  42000.  4.50  -3.465  -3.271  -3.092  -3.196  -3.389  -4.448  -4.815  -4.784  -4.766  -4.731  -4.724  -4.666  -4.672
  42000.  5.00  -3.452  -3.258  -3.082  -3.188  -3.386  -4.448  -4.812  -4.781  -4.763  -4.730  -4.724  -4.668  -4.675
  43000.  4.50  -3.529  -3.336  -3.157  -3.262  -3.457  -4.518  -4.887  -4.857  -4.839  -4.805  -4.798  -4.741  -4.747
  43000.  5.00  -3.516  -3.323  -3.148  -3.254  -3.454  -4.518  -4.884  -4.854  -4.837  -4.804  -4.799  -4.743  -4.750
  44000.  4.50  -3.592  -3.399  -3.222  -3.327  -3.523  -4.587  -4.957  -4.928  -4.910  -4.877  -4.870  -4.814  -4.820
  44000.  5.00  -3.578  -3.386  -3.212  -3.319  -3.520  -4.587  -4.954  -4.925  -4.909  -4.877  -4.872  -4.817  -4.823
  45000.  4.50  -3.653  -3.462  -3.286  -3.391  -3.588  -4.654  -5.026  -4.997  -4.981  -4.947  -4.941  -4.885  -4.891
  45000.  5.00  -3.640  -3.449  -3.276  -3.383  -3.586  -4.655  -5.024  -4.995  -4.980  -4.948  -4.943  -4.889  -4.896
  46000.  4.50  -3.714  -3.523  -3.348  -3.454  -3.652  -4.720  -5.094  -5.065  -5.049  -5.016  -5.010  -4.955  -4.961
  46000.  5.00  -3.701  -3.510  -3.339  -3.445  -3.650  -4.721  -5.091  -5.064  -5.049  -5.018  -5.013  -4.959  -4.966
  47000.  4.50  -3.773  -3.583  -3.410  -3.516  -3.715  -4.785  -5.160  -5.132  -5.116  -5.084  -5.078  -5.024  -5.030
  47000.  5.00  -3.760  -3.570  -3.400  -3.507  -3.713  -4.787  -5.158  -5.131  -5.117  -5.086  -5.082  -5.029  -5.036
  48000.  4.50  -3.831  -3.643  -3.470  -3.577  -3.777  -4.848  -5.225  -5.198  -5.182  -5.150  -5.144  -5.091  -5.097
  48000.  5.00  -3.819  -3.630  -3.461  -3.568  -3.776  -4.851  -5.223  -5.197  -5.183  -5.153  -5.149  -5.096  -5.103
  49000.  4.50  -3.889  -3.701  -3.530  -3.637  -3.839  -4.911  -5.289  -5.263  -5.247  -5.215  -5.209  -5.157  -5.163
  49000.  5.00  -3.877  -3.688  -3.521  -3.628  -3.837  -4.913  -5.288  -5.262  -5.249  -5.218  -5.215  -5.163  -5.170
  50000.  5.00  -3.933  -3.746  -3.579  -3.687  -3.897  -4.975  -5.351  -5.325  -5.313  -5.283  -5.279  -5.228  -5.235
